   1.0000000000000000E-03   0.0000000000000000E+00   1.0000000000000000E+30
   1.0999999999999999E-02   2.5473586445268863E-02   3.3315689659914699E+02
   2.1000000000000001E-02   9.1263162138386214E-02   9.2991529183342621E+01
   3.1000000000000007E-02   1.5477021967545423E-01   5.4834198873349656E+01
   4.1000000000000002E-02   2.0224599629421758E-01   4.1962269517611780E+01
   5.1000000000000004E-02   2.8289164650209225E-01   2.9999828946144238E+01
   6.0999999999999999E-02   3.4310542191577609E-01   2.4734966174446367E+01
   7.0999999999999994E-02   4.5260680082377475E-01   1.8750714726136472E+01
   8.0999999999999989E-02   5.8270957834139092E-01   1.4564203714502501E+01
   9.0999999999999998E-02   7.0005723882855442E-01   1.2122867295190247E+01
   1.0100000000000001E-01   9.0510008670695397E-01   9.3765331922939339E+00
   2.0099999999999998E-01   2.6429565425829988E+00   3.2110633938239856E+00
   3.0099999999999999E-01   2.7245009797520319E+00   3.1149561216631603E+00
   4.0099999999999997E-01   2.5896359932395723E+00   3.2771791199655098E+00
   5.0100000000000000E-01   2.4440510590782152E+00   3.4723910426636784E+00
   6.0099999999999998E-01   2.3132017149773669E+00   3.6688114790883715E+00
   7.0099999999999996E-01   2.2002590395991555E+00   3.8571372064000169E+00
   8.0099999999999993E-01   2.1033607078328602E+00   4.0348291064635839E+00
   9.0100000000000002E-01   2.0193748700424146E+00   4.2026377228204383E+00
   1.0009999999999999E+00   1.9462652442762973E+00   4.3605058613229160E+00
   1.1010000000000000E+00   1.8814858294079242E+00   4.5106377484790894E+00
   1.2010000000000001E+00   1.8247009824363325E+00   4.6510091719381146E+00
   1.3009999999999999E+00   1.7512168103600230E+00   4.8461737890759151E+00
   1.4010000000000000E+00   1.6798453547348247E+00   5.0520727883880454E+00
   1.5009999999999999E+00   1.6167752871543488E+00   5.2491530967752045E+00
   1.6009999999999998E+00   1.5605660744676457E+00   5.4382195949318781E+00
   1.7009999999999998E+00   1.5100984521620644E+00   5.6199653692811511E+00
   1.8009999999999997E+00   1.4644887482749480E+00   5.7949922902122220E+00
   1.9009999999999998E+00   1.4230293879834697E+00   5.9638269434351665E+00
   2.0009999999999999E+00   1.3851466651819835E+00   6.1269331390556179E+00
   2.1010000000000000E+00   1.3503701818884311E+00   6.2847218630728410E+00
   2.2009999999999996E+00   1.3183103459743768E+00   6.4375592828130790E+00
   2.3009999999999997E+00   1.2886415425129147E+00   6.5857732545284735E+00
   2.4009999999999998E+00   1.2610893702055062E+00   6.7296586632657798E+00
   2.5009999999999999E+00   1.2354208366828117E+00   6.8694818424329291E+00
   2.6010000000000000E+00   1.2114367390967133E+00   7.0054842580420926E+00
   2.7009999999999996E+00   1.1889656786854275E+00   7.1378856072104107E+00
   2.8009999999999997E+00   1.1678593140301121E+00   7.2668864334947187E+00
   2.9009999999999998E+00   1.1479885609617018E+00   7.3926703574871224E+00
   3.0009999999999999E+00   1.1292405264765539E+00   7.5154059798367303E+00
   3.1010000000000000E+00   1.1115160141250966E+00   7.6352485231946705E+00
   3.2009999999999996E+00   1.0947274810489527E+00   7.7523412468133444E+00
   3.3009999999999997E+00   1.0801525860142380E+00   7.8569464307554817E+00
   3.4009999999999998E+00   1.0649503788239449E+00   7.9691046400941019E+00
   3.5009999999999999E+00   1.0504805409403968E+00   8.0788750239566767E+00
   3.6010000000000000E+00   1.0366874280189411E+00   8.1863643524389431E+00
   3.7009999999999996E+00   1.0235210483004777E+00   8.2916721834375089E+00
   3.8009999999999997E+00   1.0109363521755972E+00   8.3948915152689576E+00
   3.9009999999999998E+00   9.9889262792289590E-01   8.4961093596247412E+00
   4.0009999999999994E+00   9.8735298397711690E-01   8.5954072586795967E+00
   4.1010000000000000E+00   9.7628390451471059E-01   8.6928617445295533E+00
   4.2009999999999996E+00   9.6565486651897359E-01   8.7885447478238561E+00
   4.3010000000000002E+00   9.5543800776514431E-01   8.8825239695111460E+00
   4.4009999999999998E+00   9.4560783890147815E-01   8.9748632109638109E+00
   4.5009999999999994E+00   9.3614099207458334E-01   9.0656226756489762E+00
   4.6010000000000000E+00   9.2701600171784815E-01   9.1548592361180532E+00
   4.7009999999999996E+00   9.1821311119938742E-01   9.2426266863804418E+00
   4.8010000000000002E+00   9.0971410411456599E-01   9.3289759573597717E+00
   4.9009999999999998E+00   9.0150215415707735E-01   9.4139553258096278E+00
   5.0009999999999994E+00   8.9356169340704295E-01   9.4976105936201272E+00
   5.1010000000000000E+00   8.8587829440556243E-01   9.5799852631569156E+00
   5.2009999999999996E+00   8.7843856652752583E-01   9.6611206847439117E+00
   5.3010000000000002E+00   8.7123006245931534E-01   9.7410562043733222E+00
   5.4009999999999998E+00   8.6424119546867351E-01   9.8198292905414863E+00
   5.5009999999999994E+00   8.5746116525307159E-01   9.8974756516828393E+00
   5.6010000000000000E+00   8.5087989070178494E-01   9.9740293525520354E+00
   5.7009999999999996E+00   8.4448795067711546E-01   1.0049522907403455E+01
   5.8010000000000002E+00   8.3827652933347285E-01   1.0123987381710165E+01
   5.9009999999999998E+00   8.3223736792767866E-01   1.0197452472589966E+01
   6.0009999999999994E+00   8.2636272062833127E-01   1.0269946590648404E+01
   6.1010000000000000E+00   8.2064531458745471E-01   1.0341496934789918E+01
   6.2009999999999996E+00   8.1507831355274130E-01   1.0412129563801383E+01
   6.3010000000000002E+00   8.0965528553974864E-01   1.0481869453490068E+01
   6.4009999999999989E+00   8.0437017232884045E-01   1.0550740563619955E+01
   6.5009999999999994E+00   7.9921726258230197E-01   1.0618765888433154E+01
   6.6009999999999991E+00   7.9419116694125436E-01   1.0685967508353848E+01
   6.7009999999999987E+00   7.8928679489025322E-01   1.0752366643275602E+01
   6.8009999999999993E+00   7.8449933435552521E-01   1.0817983691889030E+01
   6.9009999999999989E+00   7.7982423243142163E-01   1.0882838276126792E+01
   7.0009999999999994E+00   7.7525717787256343E-01   1.0946949280295360E+01
   7.1009999999999991E+00   7.7079408479092726E-01   1.1010334890748197E+01
   7.2009999999999987E+00   7.6643107833017410E-01   1.1073012623451902E+01
   7.3009999999999993E+00   7.6216448046737983E-01   1.1134999364115732E+01
   7.4009999999999989E+00   7.5799079762292554E-01   1.1196311395824774E+01
   7.5009999999999994E+00   7.5390670927516767E-01   1.1256964424040321E+01
   7.6009999999999991E+00   7.4990905669857388E-01   1.1316973611064284E+01
   7.7009999999999987E+00   7.4599483344767725E-01   1.1376353595016035E+01
   7.8009999999999993E+00   7.4216117604376286E-01   1.1435118515085781E+01
   7.9009999999999989E+00   7.3840535520396078E-01   1.1493282037495099E+01
   8.0009999999999994E+00   7.3472476812004639E-01   1.1550857373531787E+01
   8.1009999999999991E+00   7.3111693118511234E-01   1.1607857298010122E+01
   8.2009999999999987E+00   7.2757947272936874E-01   1.1664294174655190E+01
   8.3009999999999984E+00   7.2411012705188949E-01   1.1720179967525461E+01
   8.4009999999999998E+00   7.2070672825427906E-01   1.1775526261441534E+01
   8.5009999999999994E+00   7.1736720483262506E-01   1.1830344275824505E+01
   8.6009999999999991E+00   7.1408957422838393E-01   1.1884644884398787E+01
   8.7009999999999987E+00   7.1087193852747210E-01   1.1938438620795125E+01
   8.8009999999999984E+00   7.0771247928798731E-01   1.1991735703027505E+01
   8.9009999999999998E+00   7.0460945361745120E-01   1.2044546041477750E+01
   9.0009999999999994E+00   7.0156119041875498E-01   1.2096879247682219E+01
   9.1009999999999991E+00   6.9856608638945905E-01   1.2148744650945497E+01
   9.2009999999999987E+00   6.9562260254422115E-01   1.2200151309511780E+01
   9.3009999999999984E+00   6.9272926122396639E-01   1.2251108016371255E+01
   9.4009999999999998E+00   6.8988464259265736E-01   1.2301623316996849E+01
   9.5009999999999994E+00   6.8708738226283561E-01   1.2351705510012412E+01
   9.6009999999999991E+00   6.8433616812964282E-01   1.2401362664420979E+01
   9.7009999999999987E+00   6.8162973803122695E-01   1.2450602624627678E+01
   9.8009999999999984E+00   6.7896687759427898E-01   1.2499433014208321E+01
   9.9009999999999998E+00   6.7634641720209721E-01   1.2547861257938745E+01
   1.0000999999999999E+01   6.7376723102615332E-01   1.2595894567966079E+01
   1.1000999999999999E+01   6.5002482062967026E-01   1.3055964535530995E+01
   1.2000999999999999E+01   6.2942626765038256E-01   1.3483232971887732E+01
   1.3000999999999999E+01   6.1132401929207769E-01   1.3882492324092871E+01
   1.4000999999999999E+01   5.9524241160301983E-01   1.4257554300441612E+01
   1.5000999999999999E+01   5.8082334610552733E-01   1.4611501177182292E+01
   1.6000999999999998E+01   5.6779151885388934E-01   1.4946861169195744E+01
   1.7000999999999998E+01   5.5593140966331445E-01   1.5265733969763685E+01
   1.8000999999999998E+01   5.4507161377660185E-01   1.5569882545441367E+01
   1.9000999999999998E+01   5.3507390432897972E-01   1.5860801539179507E+01
   2.0000999999999998E+01   5.2582542723286640E-01   1.6139769143566845E+01
   2.1000999999999998E+01   5.1723302425981355E-01   1.6407886981889384E+01
   2.2000999999999998E+01   5.0921903221750653E-01   1.6666111178913837E+01
   2.3000999999999998E+01   5.0171812439665375E-01   1.6915276910838411E+01
   2.4000999999999998E+01   4.9467490320157864E-01   1.7156117988661258E+01
   2.5000999999999998E+01   4.8804204375742616E-01   1.7389282570855833E+01
   2.6000999999999998E+01   4.8177884190167164E-01   1.7615346020296922E+01
   2.7000999999999998E+01   4.7585006960774823E-01   1.7834821401521726E+01
   2.8000999999999998E+01   4.7022506405217468E-01   1.8048168109588929E+01
   2.9000999999999998E+01   4.6487699236161312E-01   1.8255799157197984E+01
   3.0000999999999998E+01   4.5978225876010864E-01   1.8458087156824828E+01
   3.1000999999999998E+01   4.5492001823625283E-01   1.8655369438916374E+01
   3.2000999999999998E+01   4.5027177670389723E-01   1.8847952379961850E+01
   3.3000999999999998E+01   4.4582106172437563E-01   1.9036115011099877E+01
   3.4000999999999998E+01   4.4155314458323669E-01   1.9220112254813877E+01
   3.5000999999999998E+01   4.3745481057375873E-01   1.9400177573141438E+01
   3.6000999999999998E+01   4.3351416439485740E-01   1.9576525295782343E+01
   3.7000999999999998E+01   4.2972046397852703E-01   1.9749352699619045E+01
   3.8000999999999998E+01   4.2606398122867456E-01   1.9918841721569837E+01
   3.9000999999999998E+01   4.2253588150641896E-01   2.0085160519620736E+01
   4.0000999999999998E+01   4.1912811962331137E-01   2.0248464867934025E+01
   4.1000999999999998E+01   4.1583335252421694E-01   2.0408899271401346E+01
   4.2000999999999998E+01   4.1264486117991656E-01   2.0566598069557926E+01
   4.3000999999999998E+01   4.0955648320360494E-01   2.0721686393465863E+01
   4.4000999999999998E+01   4.0656255624452597E-01   2.0874280907097521E+01
   4.5000999999999998E+01   4.0365786544631510E-01   2.1024490618985769E+01
   4.6000999999999998E+01   4.0083759908599897E-01   2.1172417519482906E+01
   4.7000999999999998E+01   3.9809730897120987E-01   2.1318157179428770E+01
   4.8000999999999998E+01   3.9543287634611646E-01   2.1461799240808670E+01
   4.9000999999999998E+01   3.9284047978257425E-01   2.1603427961530368E+01
   5.0000999999999998E+01   3.9031656966516498E-01   2.1743122544441885E+01
   5.1000999999999998E+01   3.8785784170657450E-01   2.1880957641630722E+01
   5.2000999999999998E+01   3.8546121706800912E-01   2.2017003603915136E+01
   5.3000999999999998E+01   3.8312382190509020E-01   2.2151326856042505E+01
   5.4000999999999998E+01   3.8084296994481126E-01   2.2283990187834362E+01
   5.5000999999999998E+01   3.7861614765472623E-01   2.2415052970997955E+01
   5.6000999999999998E+01   3.7644099965705335E-01   2.2544571428424256E+01
   5.7000999999999998E+01   3.7431531563630543E-01   2.2672598878112087E+01
   5.8000999999999998E+01   3.7223701951830429E-01   2.2799185895959891E+01
   5.9000999999999998E+01   3.7020415945151597E-01   2.2924380476787530E+01
   6.0000999999999998E+01   3.6821489686536246E-01   2.3048228297126794E+01
   6.1000999999999998E+01   3.6626749943459291E-01   2.3170772777974541E+01
   6.2000999999999998E+01   3.6436033354743647E-01   2.3292055210095967E+01
   6.3000999999999998E+01   3.6249185466863970E-01   2.3412115047698705E+01
   6.4001000000000005E+01   3.6066060479583378E-01   2.3530989779602081E+01
   6.5001000000000005E+01   3.5886520244447440E-01   2.3648715304652534E+01
   6.6001000000000005E+01   3.5710434065999858E-01   2.3765325813936592E+01
   6.7001000000000005E+01   3.5537678010661999E-01   2.3880854013055369E+01
   6.8001000000000005E+01   3.5368134501959453E-01   2.3995331178368183E+01
   6.9001000000000005E+01   3.5201691936380242E-01   2.4108787215949228E+01
   7.0001000000000005E+01   3.5038244201771906E-01   2.4221250803790827E+01
   7.1001000000000005E+01   3.4877690441827380E-01   2.4332749381759864E+01
   7.2001000000000005E+01   3.4719934659653945E-01   2.4443309264685286E+01
   7.3001000000000005E+01   3.4564885411979579E-01   2.4552955706934096E+01
   7.4001000000000005E+01   3.4412455595083341E-01   2.4661712913531236E+01
   7.5001000000000005E+01   3.4262562051092538E-01   2.4769604189845616E+01
   7.6001000000000005E+01   3.4115125509319033E-01   2.4876651862346534E+01
   7.7001000000000005E+01   3.3970070187332763E-01   2.4982877452283013E+01
   7.8001000000000005E+01   3.3827323785244895E-01   2.5088301573113732E+01
   7.9001000000000005E+01   3.3686817009816566E-01   2.5192944180160413E+01
   8.0001000000000005E+01   3.3548483630749099E-01   2.5296824437028580E+01
   8.1001000000000005E+01   3.3412260383264691E-01   2.5399960697081816E+01
   8.2001000000000005E+01   3.3278086397798917E-01   2.5502370851219375E+01
   8.3001000000000005E+01   3.3145903536397942E-01   2.5604071996518407E+01
   8.4001000000000005E+01   3.3015655994457549E-01   2.5705080664702109E+01
   8.5001000000000005E+01   3.2887290218651893E-01   2.5805412817328055E+01
   8.6001000000000005E+01   3.2760754817960103E-01   2.5905083849604377E+01
   8.7001000000000005E+01   3.2636000423566974E-01   2.6004108638347390E+01
   8.8001000000000005E+01   3.2512979536368480E-01   2.6102501605129074E+01
   8.9001000000000005E+01   3.2391646598198165E-01   2.6200276604116681E+01
   9.0001000000000005E+01   3.2271957753098723E-01   2.6297447060028411E+01
   9.1001000000000005E+01   3.2153870742012486E-01   2.6394026005295483E+01
   9.2001000000000005E+01   3.2037344980918181E-01   2.6490025969413661E+01
   9.3001000000000005E+01   3.1922341253224196E-01   2.6585459186827983E+01
   9.4001000000000005E+01   3.1808821890900435E-01   2.6680337405968704E+01
   9.5001000000000005E+01   3.1696750500045362E-01   2.6774672076696710E+01
   9.6001000000000005E+01   3.1586092091198592E-01   2.6868474203305052E+01
   9.7001000000000005E+01   3.1476812790100789E-01   2.6961754552306111E+01
   9.8001000000000005E+01   3.1368879934213517E-01   2.7054523537831415E+01
   9.9001000000000005E+01   3.1262262018485248E-01   2.7146791234548921E+01
   1.0000100000000000E+02   3.1156928552787611E-01   2.7238567469759676E+01
   1.1000100000000000E+02   3.0168223814723039E-01   2.8131258430978942E+01
   1.2000100000000000E+02   2.9280911761149842E-01   2.8983732045585061E+01
   1.3000100000000000E+02   2.8476711957234790E-01   2.9802250407634371E+01
   1.4000100000000000E+02   2.7741841120427901E-01   3.0591700704055391E+01
   1.5000100000000000E+02   2.7065660689462145E-01   3.1355972066331699E+01
   1.6000100000000000E+02   2.6439793734308742E-01   3.2098211849298124E+01
   1.7000100000000000E+02   2.5857530066521994E-01   3.2821004107982020E+01
   1.8000100000000000E+02   2.5313413854244798E-01   3.3526497272246587E+01
   1.9000100000000000E+02   2.4802950497999993E-01   3.4216497775295743E+01
   2.0000100000000000E+02   2.4322394158020796E-01   3.4892539567521197E+01
   2.1000100000000003E+02   2.3868590733212103E-01   3.5555936670978220E+01
   2.2000100000000003E+02   2.3438859697825362E-01   3.6207823737019339E+01
   2.3000100000000003E+02   2.3030903933755936E-01   3.6849187638341377E+01
   2.4000100000000003E+02   2.2642740042247986E-01   3.7480892283888558E+01
   2.5000100000000003E+02   2.2272643769959388E-01   3.8103698388973719E+01
   2.6000100000000003E+02   2.1919106732981061E-01   3.8718279484383231E+01
   2.7000100000000003E+02   2.1580801752307477E-01   3.9325235006379913E+01
   2.8000100000000003E+02   2.1256555046118764E-01   3.9925100689847945E+01
   2.9000100000000003E+02   2.0945323307867483E-01   4.0518357633410680E+01
   3.0000100000000003E+02   2.0646175322742971E-01   4.1105439010814138E+01
   3.1000100000000003E+02   2.0358275856030267E-01   4.1686737449537262E+01
   3.2000100000000003E+02   2.0080873538830687E-01   4.2262608690528374E+01
   3.3000100000000003E+02   1.9813289653833668E-01   4.2833376756866727E+01
   3.4000100000000003E+02   1.9554908911588917E-01   4.3399337955117545E+01
   3.5000100000000003E+02   1.9305172142015833E-01   4.3960763172297177E+01
   3.6000100000000003E+02   1.9063569421408544E-01   4.4517901226961392E+01
   3.7000100000000003E+02   1.8829634170607892E-01   4.5070981881332472E+01
   3.8000100000000003E+02   1.8602939110270325E-01   4.5620216004849070E+01
   3.9000100000000003E+02   1.8383091139977839E-01   4.6165799542274925E+01
   4.0000100000000003E+02   1.8169728286495235E-01   4.6707913687755386E+01
   4.1000100000000003E+02   1.7962516384746136E-01   4.7246726592064924E+01
   4.2000100000000003E+02   1.7761146241102857E-01   4.7782394729209209E+01
   4.3000100000000003E+02   1.7565331196276823E-01   4.8315063977585154E+01
   4.4000100000000003E+02   1.7374804964599383E-01   4.8844870619539364E+01
   4.5000100000000003E+02   1.7189319791826374E-01   4.9371942043869289E+01
   4.6000100000000003E+02   1.7008644883467719E-01   4.9896397176267016E+01
   4.7000100000000003E+02   1.6832564736589584E-01   5.0418347638420229E+01
   4.8000100000000003E+02   1.6660877536398006E-01   5.0937899200180127E+01
   4.9000100000000003E+02   1.6493394743061132E-01   5.1455150001343881E+01
   5.0000100000000003E+02   1.6329939397138304E-01   5.1970192901285962E+01
   5.1000100000000003E+02   1.6170345224721971E-01   5.2483115774059108E+01
   5.2000099999999998E+02   1.6014456000512980E-01   5.2994001201689414E+01
   5.3000099999999998E+02   1.5862124644630077E-01   5.3502927227525831E+01
   5.4000099999999998E+02   1.5713212305595189E-01   5.4009968428504656E+01
   5.5000099999999998E+02   1.5567588403725591E-01   5.4515193909705737E+01
   5.6000099999999998E+02   1.5425129264886728E-01   5.5018670246574381E+01
   5.7000099999999998E+02   1.5285717857683642E-01   5.5520460892779575E+01
   5.8000099999999998E+02   1.5149243850093524E-01   5.6020624457130758E+01
   5.9000099999999998E+02   1.5015602006592516E-01   5.6519219153716463E+01
   6.0000099999999998E+02   1.4884693191131118E-01   5.7016297859687015E+01
   6.1000099999999998E+02   1.4756422918552689E-01   5.7511912285231844E+01
   6.2000099999999998E+02   1.4630701376074312E-01   5.8006111854857707E+01
   6.3000099999999998E+02   1.4507443313936563E-01   5.8498943071541269E+01
   6.4000099999999998E+02   1.4386567543452286E-01   5.8990450499906750E+01
   6.5000099999999998E+02   1.4267996833629565E-01   5.9480676259702960E+01
   6.6000099999999998E+02   1.4151657275214999E-01   5.9969661788088601E+01
   6.7000099999999998E+02   1.4037478607204174E-01   6.0457445691140080E+01
   6.8000099999999998E+02   1.3925393758004506E-01   6.0944064870536238E+01
   6.9000099999999998E+02   1.3815338398294619E-01   6.1429555763928875E+01
   7.0000099999999998E+02   1.3707251472986187E-01   6.1913951327742033E+01
   7.1000099999999998E+02   1.3601074087245696E-01   6.2397285324062835E+01
   7.2000099999999998E+02   1.3496750269686922E-01   6.2879588314059646E+01
   7.3000099999999998E+02   1.3394226008569321E-01   6.3360891476120173E+01
   7.4000099999999998E+02   1.3293449990658004E-01   6.3841222642127626E+01
   7.5000099999999998E+02   1.3194372655221767E-01   6.4320610211029617E+01
   7.6000099999999998E+02   1.3096946567202894E-01   6.4799080929352598E+01
   7.7000099999999998E+02   1.3001126212914940E-01   6.5276660393662127E+01
   7.8000099999999998E+02   1.2906867936957703E-01   6.5753372908193583E+01
   7.9000099999999998E+02   1.2814129550358791E-01   6.6229243055516363E+01
   8.0000099999999998E+02   1.2722870822839560E-01   6.6704292793108479E+01
   8.1000099999999998E+02   1.2633052837029204E-01   6.7178544369577807E+01
   8.2000099999999998E+02   1.2544637882886092E-01   6.7652020605025001E+01
   8.3000099999999998E+02   1.2457590324249961E-01   6.8124739893201081E+01
   8.4000099999999998E+02   1.2371875348060311E-01   6.8596722538805992E+01
   8.5000099999999998E+02   1.2287459288106692E-01   6.9067988803595384E+01
   8.6000099999999998E+02   1.2204310104584354E-01   6.9538555908768473E+01
   8.7000099999999998E+02   1.2122396618202638E-01   7.0008441999105088E+01
   8.8000099999999998E+02   1.2041688858617393E-01   7.0477663930691364E+01
   8.9000099999999998E+02   1.1962157577469197E-01   7.0946239843392704E+01
   9.0000099999999998E+02   1.1883775105413096E-01   7.1414183877395601E+01
   9.1000099999999998E+02   1.1806514164478760E-01   7.1881512926898239E+01
   9.2000099999999998E+02   1.1730348734467078E-01   7.2348241279643688E+01
   9.3000099999999998E+02   1.1655253577178057E-01   7.2814383223489259E+01
   9.4000099999999998E+02   1.1581204114249748E-01   7.3279953635508960E+01
   9.5000099999999998E+02   1.1508176740828641E-01   7.3744965831527452E+01
   9.6000099999999998E+02   1.1436148494826344E-01   7.4209433439896415E+01
   9.7000099999999998E+02   1.1365097306054471E-01   7.4673368619860327E+01
   9.8000099999999998E+02   1.1295001667415766E-01   7.5136783997461606E+01
   9.9000099999999998E+02   1.1225840816493780E-01   7.5599691320106942E+01
   1.0000010000000000E+03   1.1157594406984564E-01   7.6062103494667852E+01
   1.1000010000000000E+03   1.0521407761152458E-01   8.0661268891134426E+01
   1.2000010000000000E+03   9.9584116724858521E-02   8.5221431734980612E+01
   1.3000010000000000E+03   9.4559385346387442E-02   8.9749959501826410E+01
   1.4000010000000000E+03   9.0042154732400015E-02   9.4252531279130835E+01
   1.5000010000000000E+03   8.5955557579169672E-02   9.8733592618943391E+01
   1.6000010000000000E+03   8.2238121316656518E-02   1.0319667897905850E+02
   1.7000010000000002E+03   7.8839989445009598E-02   1.0764462381460986E+02
   1.8000010000000002E+03   7.5720216207322416E-02   1.1207972494583522E+02
   1.9000010000000002E+03   7.2844803981158890E-02   1.1650386220478997E+02
   2.0000010000000002E+03   7.0185251679230384E-02   1.2091858050381977E+02
   2.1000010000000002E+03   6.7717455023729209E-02   1.2532516176784854E+02
   2.2000010000000002E+03   6.5420873591206061E-02   1.2972466644799837E+02
   2.3000010000000002E+03   6.3277877043772413E-02   1.3411797932925600E+02
   2.4000010000000002E+03   6.1273232250850587E-02   1.3850584820809840E+02
   2.5000010000000002E+03   5.9393705853112648E-02   1.4288889510185544E+02
   2.6000010000000002E+03   5.7627737092878731E-02   1.4726764286575818E+02
   2.7000010000000002E+03   5.5965175205328350E-02   1.5164253438355834E+02
   2.8000010000000002E+03   5.4397068863993051E-02   1.5601393940130950E+02
   2.9000010000000002E+03   5.2915486796292842E-02   1.6038217767941677E+02
   3.0000010000000002E+03   5.1513382248355673E-02   1.6474750123064905E+02
   3.1000010000000002E+03   5.0184461490042763E-02   1.6911013396128084E+02
   3.2000010000000002E+03   4.8923088312340830E-02   1.7347026318481826E+02
   3.3000010000000002E+03   4.7724199138088258E-02   1.7782804444344694E+02
   3.4000010000000002E+03   4.6583232083609101E-02   1.8218360181886186E+02
   3.5000010000000002E+03   4.5496066318557689E-02   1.8653702818905410E+02
   3.6000010000000002E+03   4.4458958596929235E-02   1.9088843448397924E+02
   3.7000010000000002E+03   4.3468519967907640E-02   1.9523786435842570E+02
   3.8000010000000002E+03   4.2521656803408754E-02   1.9958537938896902E+02
   3.9000010000000002E+03   4.1615547501400993E-02   2.0393101893157032E+02
   4.0000010000000002E+03   4.0747608195944453E-02   2.0827482596145458E+02
   4.1000010000000002E+03   3.9915476759939054E-02   2.1261680165808517E+02
   4.2000010000000002E+03   3.9116975135962066E-02   2.1695698544833670E+02
   4.3000010000000002E+03   3.8350107063919808E-02   2.2129536669117283E+02
   4.4000010000000002E+03   3.7613031118336651E-02   2.2563193534324162E+02
   4.5000010000000002E+03   3.6904040953905620E-02   2.2996671329180575E+02
   4.6000010000000002E+03   3.6221564879741715E-02   2.3429967847972190E+02
   4.7000010000000002E+03   3.5564145690526003E-02   2.3863081315676476E+02
   4.8000010000000002E+03   3.4930430086939870E-02   2.4296010625214035E+02
   4.9000010000000002E+03   3.4319159368432786E-02   2.4728755486831798E+02
   5.0000010000000002E+03   3.3729167449778545E-02   2.5161311846763627E+02
   5.1000010000000002E+03   3.3159364367520414E-02   2.5593678187838219E+02
   5.2000010000000002E+03   3.2608731965522705E-02   2.6025854100456530E+02
   5.3000010000000002E+03   3.2076326606882095E-02   2.6457833246825146E+02
   5.4000010000000002E+03   3.1561258661317308E-02   2.6889615196993071E+02
   5.5000010000000002E+03   3.1062696443253917E-02   2.7321198663031652E+02
   5.6000010000000002E+03   3.0579864485677878E-02   2.7752578855706275E+02
   5.7000010000000002E+03   3.0112032873588029E-02   2.8183753122824714E+02
   5.8000010000000002E+03   2.9658514270818427E-02   2.8614720642652338E+02
   5.9000010000000002E+03   2.9218666574099977E-02   2.9045476746288813E+02
   6.0000010000000002E+03   2.8791882272646403E-02   2.9476020098271317E+02
   6.1000010000000002E+03   2.8377592783389159E-02   2.9906345721909037E+02
   6.2000010000000002E+03   2.7975256235100894E-02   3.0336454951599353E+02
   6.3000010000000002E+03   2.7584369698584785E-02   3.0766340134251033E+02
   6.4000010000000002E+03   2.7204452141664334E-02   3.1196000423615459E+02
   6.5000010000000002E+03   2.6835048633224473E-02   3.1625435531532764E+02
   6.6000010000000011E+03   2.6475732647130937E-02   3.2054640823227754E+02
   6.7000010000000011E+03   2.6126099005373628E-02   3.2483613430425726E+02
   6.8000010000000011E+03   2.5785936224356366E-02   3.2912130595202791E+02
   6.9000010000000011E+03   2.5457802145388123E-02   3.3336345992826807E+02
   7.0000010000000011E+03   2.5138067624971724E-02   3.3760355537134956E+02
   7.1000010000000011E+03   2.4826417214516727E-02   3.4184155256979449E+02
   7.2000010000000011E+03   2.4522552106402432E-02   3.4607739718657319E+02
   7.3000010000000011E+03   2.4226186989769700E-02   3.5031105014336998E+02
   7.4000010000000011E+03   2.3937049102943093E-02   3.5454249054919723E+02
   7.5000010000000011E+03   2.3654878421788188E-02   3.5877170256512011E+02
   7.6000010000000011E+03   2.3379430054416891E-02   3.6299862681008960E+02
   7.7000010000000011E+03   2.3110467074296738E-02   3.6722325767248151E+02
   7.8000010000000011E+03   2.2847766228992109E-02   3.7144554615526840E+02
   7.9000010000000011E+03   2.2591111934423397E-02   3.7566548428385187E+02
   8.0000010000000011E+03   2.2340301017419809E-02   3.7988301942477779E+02
   8.1000010000000011E+03   2.2095137859712132E-02   3.8409812417737231E+02
   8.2000010000000002E+03   2.1855431708908590E-02   3.8831083816553343E+02
   8.3000010000000002E+03   2.1621007994911266E-02   3.9252106133781115E+02
   8.4000010000000002E+03   2.1391693902474390E-02   3.9672879782438400E+02
   8.5000010000000002E+03   2.1167326527792751E-02   4.0093400525629971E+02
   8.6000010000000002E+03   2.0947744934931897E-02   4.0513673580222360E+02
   8.7000010000000002E+03   2.0732802695168629E-02   4.0933689140511279E+02
   8.8000010000000002E+03   2.0522354605057816E-02   4.1353446856747570E+02
   8.9000010000000002E+03   2.0316261730391968E-02   4.1772945820343762E+02
   9.0000010000000002E+03   2.0114390009486324E-02   4.2192186794396366E+02
   9.1000010000000002E+03   1.9916612114587159E-02   4.2611167785610041E+02
   9.2000010000000002E+03   1.9722808257227949E-02   4.3029881417853835E+02
   9.3000010000000002E+03   1.9532860519493076E-02   4.3448326459334800E+02
   9.4000010000000002E+03   1.9346650430212352E-02   4.3866513410004899E+02
   9.5000010000000002E+03   1.9164077137425323E-02   4.4284423113609171E+02
   9.6000010000000002E+03   1.8985031203540295E-02   4.4702065086799996E+02
   9.7000010000000002E+03   1.8809412802921869E-02   4.5119436179515083E+02
   9.8000010000000002E+03   1.8637123942885102E-02   4.5536537887305025E+02
   9.9000010000000002E+03   1.8468074788716277E-02   4.5953360609851552E+02
   1.0000001000000000E+04   1.8302170460772996E-02   4.6369915653148354E+02
   1.1000001000000000E+04   1.6798671303870485E-02   5.0520072997681063E+02
   1.2000001000000000E+04   1.5531532513523955E-02   5.4641748957909635E+02
   1.3000001000000000E+04   1.4449286586267049E-02   5.8734394633862655E+02
   1.4000001000000000E+04   1.3514345394861363E-02   6.2797721660886498E+02
   1.5000001000000000E+04   1.2698629697197920E-02   6.6831628354581801E+02
   1.6000001000000000E+04   1.1980747369809978E-02   7.0836156905714597E+02
   1.7000001000000000E+04   1.1344123280822401E-02   7.4811431392877284E+02
   1.8000001000000000E+04   1.0775712290974335E-02   7.8757680014009611E+02
   1.9000001000000000E+04   1.0265118180389584E-02   8.2675141739418166E+02
   2.0000001000000000E+04   9.8039464471479307E-03   8.6564130588705325E+02
   2.1000001000000000E+04   9.3853518723980723E-03   9.0424963504191078E+02
   2.2000001000000000E+04   9.0036973656242060E-03   9.4257954934800352E+02
   2.3000001000000000E+04   8.6542952944279605E-03   9.8063455389834064E+02
   2.4000001000000000E+04   8.3332148149098065E-03   1.0184186048068084E+03
   2.5000001000000000E+04   8.0371491005095004E-03   1.0559342497226874E+03
   2.6000001000000000E+04   7.7632718901443128E-03   1.0931861108883704E+03
   2.7000001000000000E+04   7.5091829513626255E-03   1.1301763534494605E+03
   2.8000001000000000E+04   7.2728012427080869E-03   1.1669095197486490E+03
   2.9000001000000000E+04   7.0523396886033596E-03   1.2033880073970984E+03
   3.0000001000000000E+04   6.8462353199073454E-03   1.2396157316822594E+03
   3.1000001000000000E+04   6.6531276604417169E-03   1.2755956955126906E+03
   3.2000001000000000E+04   6.4718246942530745E-03   1.3113304834866724E+03
   3.3000001000000004E+04   6.3012697568578845E-03   1.3468239470496414E+03
   3.4000001000000004E+04   6.1405327545428360E-03   1.3820789408015637E+03
   3.5000001000000004E+04   5.9887922771870127E-03   1.4170972397363141E+03
   3.6000001000000004E+04   5.8453029479085539E-03   1.4518838597394526E+03
   3.7000001000000004E+04   5.7094169032691393E-03   1.4864391844456995E+03
   3.8000001000000004E+04   5.5805378195470890E-03   1.5207675818680577E+03
   3.9000001000000004E+04   5.4581377990999009E-03   1.5548711516142757E+03
   4.0000001000000004E+04   5.3417402428996268E-03   1.5887520956558312E+03
   4.1000001000000004E+04   5.2309096527749024E-03   1.6224139908158863E+03
   4.2000001000000004E+04   5.1252602812738015E-03   1.6558575642224043E+03
   4.3000001000000004E+04   5.0244309333387915E-03   1.6890870066585553E+03
   4.4000001000000004E+04   4.9281010694628190E-03   1.7221036836975732E+03
   4.5000001000000004E+04   4.8359739566321809E-03   1.7549104030465235E+03
   4.6000001000000004E+04   4.7477818862349253E-03   1.7875086111181856E+03
   4.7000001000000004E+04   4.6632749213263575E-03   1.8199014959516971E+03
   4.8000001000000004E+04   4.5822293407479873E-03   1.8520899706801954E+03
   4.9000001000000004E+04   4.5044345697757447E-03   1.8840768744429524E+03
   5.0000001000000004E+04   4.4296961091700258E-03   1.9158652865119429E+03
   5.1000001000000004E+04   4.3578399891049191E-03   1.9474558557848748E+03
   5.2000001000000004E+04   4.2887027390802832E-03   1.9788503707710581E+03
   5.3000001000000004E+04   4.2221312612922227E-03   2.0100514361456485E+03
   5.4000001000000004E+04   4.1579841050098610E-03   2.0410614353071810E+03
   5.5000001000000004E+04   4.0961341465020739E-03   2.0718806322793789E+03
   5.6000001000000004E+04   4.0364577552690741E-03   2.1025120340421199E+03
   5.7000001000000004E+04   3.9788426085508536E-03   2.1329572039661148E+03
   5.8000001000000004E+04   3.9231807231723806E-03   2.1632194905600259E+03
   5.9000001000000004E+04   3.8693790158138958E-03   2.1932979350617466E+03
   6.0000001000000004E+04   3.8173449685068809E-03   2.2231946746681806E+03
   6.1000001000000004E+04   3.7669897802966299E-03   2.2529132013433787E+03
   6.2000001000000004E+04   3.7182354196119097E-03   2.2824539190263722E+03
   6.3000001000000004E+04   3.6710053749791703E-03   2.3118192806797579E+03
   6.4000001000000004E+04   3.6252330882998308E-03   2.3410083706744444E+03
   6.5000001000000004E+04   3.5808463738119696E-03   2.3700265578054950E+03
   6.6000001000000004E+04   3.5377873727915668E-03   2.3988725468990688E+03
   6.7000001000000004E+04   3.4959957430903523E-03   2.4275490100722745E+03
   6.8000001000000004E+04   3.4554172780223462E-03   2.4560567718794014E+03
   6.9000001000000004E+04   3.4159998253293126E-03   2.4843973768463898E+03
   7.0000001000000004E+04   3.3776917478734601E-03   2.5125741597642709E+03
   7.1000001000000004E+04   3.3404481399520692E-03   2.5405875648402202E+03
   7.2000001000000004E+04   3.3042280880141283E-03   2.5684367965216520E+03
   7.3000001000000004E+04   3.2689867120402030E-03   2.5961258802606899E+03
   7.4000001000000004E+04   3.2346879417730150E-03   2.6236537057432793E+03
   7.5000001000000004E+04   3.2012900836371205E-03   2.6510253003107337E+03
   7.6000001000000004E+04   3.1687612888603766E-03   2.6782392965953122E+03
   7.7000001000000004E+04   3.1370690242267900E-03   2.7052962302758492E+03
   7.8000001000000004E+04   3.1061759731789871E-03   2.7322022572566084E+03
   7.9000001000000004E+04   3.0760596237335309E-03   2.7589520501736042E+03
   8.0000001000000004E+04   3.0466872118340717E-03   2.7855504734425863E+03
   8.1000001000000004E+04   3.0180340324981194E-03   2.8119964566241711E+03
   8.2000001000000004E+04   2.9900688195901048E-03   2.8382962123658663E+03
   8.3000001000000004E+04   2.9627708792909044E-03   2.8644472863818069E+03
   8.4000001000000004E+04   2.9361167777395567E-03   2.8904507714742776E+03
   8.5000001000000004E+04   2.9100828979113894E-03   2.9163090204223749E+03
   8.6000001000000004E+04   2.8846480406768218E-03   2.9420230425631562E+03
   8.7000001000000004E+04   2.8597933798606766E-03   2.9675923670294410E+03
   8.8000001000000004E+04   2.8354970286171579E-03   2.9930205955795855E+03
   8.9000001000000004E+04   2.8117433973411606E-03   3.0183056581127071E+03
   9.0000001000000004E+04   2.7885096616082376E-03   3.0434540436418192E+03
   9.1000001000000004E+04   2.7657846301893762E-03   3.0684605419818163E+03
   9.2000001000000004E+04   2.7435497738062917E-03   3.0933286089363564E+03
   9.3000001000000004E+04   2.7217859089385880E-03   3.1180633926734599E+03
   9.4000001000000004E+04   2.7004840870242866E-03   3.1426591425345237E+03
   9.5000001000000004E+04   2.6796251048989178E-03   3.1671225164447064E+03
   9.6000001000000004E+04   2.6591999579679373E-03   3.1914489844686577E+03
   9.7000001000000004E+04   2.6391906338800782E-03   3.2156453180795488E+03
   9.8000001000000004E+04   2.6195837792663233E-03   3.2397135272126220E+03
   9.9000001000000004E+04   2.6003734903455446E-03   3.2636469479728989E+03
   1.0000000100000000E+05   2.5815461037862288E-03   3.2874489411244049E+03
   1.1000000100000000E+05   2.4119676460258332E-03   3.5185799524878762E+03
   1.2000000100000000E+05   2.2705280967023202E-03   3.7377652439896356E+03
   1.3000000100000000E+05   2.1507923530572899E-03   3.9458486047210777E+03
   1.4000000099999999E+05   2.0481585550835742E-03   4.1435761817812854E+03
   1.5000000099999999E+05   1.9592340084247954E-03   4.3316423504607774E+03
   1.6000000099999999E+05   1.8814714397604130E-03   4.5106722462056450E+03
   1.7000000099999999E+05   1.8129178550012090E-03   4.6812385800845959E+03
   1.8000000099999999E+05   1.7520494228497841E-03   4.8438707805125068E+03
   1.9000000099999999E+05   1.6976629735235844E-03   4.9990493623957045E+03
   2.0000000099999999E+05   1.6487883941301493E-03   5.1472348031860065E+03
   2.1000000099999999E+05   1.6046486270274991E-03   5.2888220277088940E+03
   2.2000000099999999E+05   1.5645968493966100E-03   5.4242094432369486E+03
   2.3000000099999999E+05   1.5281027471706441E-03   5.5537502442616551E+03
   2.4000000099999999E+05   1.4947266064840835E-03   5.6777613836140954E+03
   2.5000000099999999E+05   1.4640969995644423E-03   5.7965428573930549E+03
   2.6000000099999999E+05   1.4358902882054369E-03   5.9104104784791562E+03
   2.7000000099999999E+05   1.4098421230754989E-03   6.0196108957523302E+03
   2.8000000099999999E+05   1.3857257132967895E-03   6.1243729000056601E+03
   2.9000000099999999E+05   1.3633324273887304E-03   6.2249681991434336E+03
   3.0000000099999999E+05   1.3425001999669750E-03   6.3215640530739884E+03
   3.1000000099999999E+05   1.3230663980966417E-03   6.4144180651589422E+03
   3.2000000099999999E+05   1.3049093255453510E-03   6.5036710514802144E+03
   3.3000000099999999E+05   1.2879034286570597E-03   6.5895476450476099E+03
   3.4000000099999999E+05   1.2719572310251630E-03   6.6721590933649713E+03
   3.5000000099999999E+05   1.2569723722277611E-03   6.7517005089894665E+03
   3.6000000099999999E+05   1.2428700861041783E-03   6.8283090085125023E+03
   3.7000000099999999E+05   1.2295765618513270E-03   6.9021330339753431E+03
   3.8000000099999999E+05   1.2170284869184420E-03   6.9732969249096959E+03
   3.9000000099999999E+05   1.2051674301043172E-03   7.0419269500348819E+03
   4.0000000099999999E+05   1.1939485459341618E-03   7.1080961020106261E+03
   4.1000000099999999E+05   1.1833132157831963E-03   7.1719819335735228E+03
   4.2000000099999999E+05   1.1732245747734765E-03   7.2336543129387346E+03
   4.3000000099999999E+05   1.1636479000285431E-03   7.2931863711932974E+03
   4.4000000099999999E+05   1.1545370643945990E-03   7.3507393284130003E+03
   4.5000000099999999E+05   1.1458722879942749E-03   7.4063236315897984E+03
   4.6000000099999999E+05   1.1376163269328004E-03   7.4600731410364015E+03
   4.7000000099999999E+05   1.1297449833340195E-03   7.5120501799534886E+03
   4.8000000099999999E+05   1.1222366639839275E-03   7.5623095178767180E+03
   4.9000000099999999E+05   1.1150638538164157E-03   7.6109551720372801E+03
   5.0000000099999999E+05   1.1082063603354501E-03   7.6580511618675218E+03
   5.1000000099999999E+05   1.1016486621687883E-03   7.7036366464134890E+03
   5.2000000099999999E+05   1.0953713075002854E-03   7.7477846527887623E+03
   5.3000000099999993E+05   1.0893591369847127E-03   7.7905446580698836E+03
   5.4000000099999993E+05   1.0835954428190459E-03   7.8319829246209738E+03
   5.5000000099999993E+05   1.0780646557699326E-03   7.8721632881052356E+03
   5.6000000099999993E+05   1.0727552678194408E-03   7.9111249880940204E+03
   5.7000000099999993E+05   1.0676599274249056E-03   7.9488803385409319E+03
   5.8000000099999993E+05   1.0627600514624505E-03   7.9855288065047516E+03
   5.9000000099999993E+05   1.0580532303610740E-03   8.0210529695747700E+03
   6.0000000099999993E+05   1.0535223603038333E-03   8.0555490088585557E+03
   6.1000000099999993E+05   1.0491603374951513E-03   8.0890410188567494E+03
   6.2000000099999993E+05   1.0449640699732774E-03   8.1215242219504253E+03
   6.3000000099999993E+05   1.0409148951644037E-03   8.1531170749703479E+03
   6.4000000099999993E+05   1.0370141664953864E-03   8.1837850239181153E+03
   6.5000000099999993E+05   1.0332507189295709E-03   8.2135931288273769E+03
   6.6000000099999993E+05   1.0296204802044326E-03   8.2425526381048912E+03
   6.7000000099999993E+05   1.0261165008952368E-03   8.2706992802002860E+03
   6.8000000099999993E+05   1.0227287351250898E-03   8.2980957842334064E+03
   6.9000000099999993E+05   1.0194578794996683E-03   8.3247196142335888E+03
   7.0000000099999993E+05   1.0162981566841480E-03   8.3506015921993112E+03
   7.1000000099999993E+05   1.0132440934136888E-03   8.3757715051302130E+03
   7.2000000099999993E+05   1.0102941273956115E-03   8.4002279882922103E+03
   7.3000000099999993E+05   1.0074287798770142E-03   8.4241200716857802E+03
   7.4000000099999993E+05   1.0046652520582157E-03   8.4472922577639874E+03
   7.5000000099999993E+05   1.0019844634007278E-03   8.4698928130602653E+03
   7.6000000099999993E+05   9.9938962106187667E-04   8.4918842726608837E+03
   7.7000000099999993E+05   9.9687679953689465E-04   8.5132897157386160E+03
   7.8000000099999993E+05   9.9444226033365644E-04   8.5341314864358264E+03
   7.9000000099999993E+05   9.9207854350498123E-04   8.5544648263156996E+03
   8.0000000099999993E+05   9.8978606883638330E-04   8.5742780915607782E+03
   8.1000000099999993E+05   9.8756159034975571E-04   8.5935916182708297E+03
   8.2000000099999993E+05   9.8540601747856968E-04   8.6123900755867235E+03
   8.3000000099999993E+05   9.8331649970402417E-04   8.6306911436046757E+03
   8.4000000099999993E+05   9.8128213678593283E-04   8.6485840180001651E+03
   8.5000000099999993E+05   9.7930834827078539E-04   8.6660151731998103E+03
   8.6000000099999993E+05   9.7739264359876683E-04   8.6830006967392092E+03
   8.7000000099999993E+05   9.7552843441653901E-04   8.6995936827118167E+03
   8.8000000099999993E+05   9.7372180667497116E-04   8.7157347685741370E+03
   8.9000000099999993E+05   9.7195784217310292E-04   8.7315525809034152E+03
   9.0000000099999993E+05   9.7025148972437292E-04   8.7469085028323498E+03
   9.1000000099999993E+05   9.6858788867866758E-04   8.7619317818781474E+03
   9.2000000099999993E+05   9.6697378261197510E-04   8.7765575013127254E+03
   9.3000000099999993E+05   9.6539411545249940E-04   8.7909185166080970E+03
   9.4000000099999993E+05   9.6386924440942977E-04   8.8048260223882753E+03
   9.5000000099999993E+05   9.6237070721576874E-04   8.8185362893148686E+03
   9.6000000099999993E+05   9.6092381832779173E-04   8.8318145970452733E+03
   9.7000000099999993E+05   9.5950895906362211E-04   8.8448376903515127E+03
   9.8000000099999993E+05   9.5813373539983273E-04   8.8575328180197503E+03
   9.9000000099999993E+05   9.5678743661955926E-04   8.8699962818704716E+03
   1.0000000009999999E+06   9.5548734983830859E-04   8.8820652694062610E+03
   1.1000000009999999E+06   9.4408762208225922E-04   8.9893149818422444E+03
   1.2000000009999999E+06   9.3516933864219655E-04   9.0750419786837683E+03
   1.3000000009999999E+06   9.2808148290300240E-04   9.1443490272102008E+03
   1.4000000009999999E+06   9.2239551426777475E-04   9.2007179936178127E+03
   1.5000000009999999E+06   9.1780710334926705E-04   9.2467153221915069E+03
   1.6000000009999999E+06   9.1407177752098089E-04   9.2845017361462887E+03
   1.7000000009999997E+06   9.1102498953430679E-04   9.3155523754557616E+03
   1.8000000009999997E+06   9.0851177943674115E-04   9.3413219260816331E+03
   1.9000000009999997E+06   9.0646268330557111E-04   9.3624383680171632E+03
   2.0000000009999997E+06   9.0475857111386310E-04   9.3800725147126868E+03
   2.1000000009999997E+06   9.0338689651723680E-04   9.3943149253924821E+03
   2.2000000009999997E+06   9.0224858574566315E-04   9.4061671466539774E+03
   2.3000000009999997E+06   9.0133901045494271E-04   9.4156592657320871E+03
   2.4000000009999997E+06   9.0059882973235938E-04   9.4233977717669859E+03
   2.5000000009999997E+06   9.0001617017447804E-04   9.4294983652467381E+03
   2.6000000009999997E+06   8.9954435521087293E-04   9.4344441785379240E+03
   2.7000000009999997E+06   8.9919675862827131E-04   9.4380911896328143E+03
   2.8000000009999997E+06   8.9894859956440355E-04   9.4406966198826103E+03
   2.9000000009999997E+06   8.9877766647513617E-04   9.4424920888826382E+03
   3.0000000009999997E+06   8.9867663151642872E-04   9.4435536740678290E+03
   3.1000000009999997E+06   8.9864153996738986E-04   9.4439224406027770E+03
   3.2000000009999997E+06   8.9863068580984401E-04   9.4440365095118850E+03
   3.3000000009999997E+06   8.9868438501394723E-04   9.4434721987788416E+03
   3.4000000009999997E+06   8.9877837815942893E-04   9.4424846119856975E+03
   3.5000000009999997E+06   8.9890244566699108E-04   9.4411813498390111E+03
   3.6000000009999997E+06   8.9907757626788147E-04   9.4393423096865736E+03
   3.7000000009999997E+06   8.9926600939026289E-04   9.4373643802129045E+03
   3.8000000009999997E+06   8.9945934279186013E-04   9.4353358752311506E+03
   3.9000000009999997E+06   8.9968259900478800E-04   9.4329944968855689E+03
   4.0000000009999997E+06   8.9993066541273811E-04   9.4303942865016015E+03
   4.1000000009999997E+06   9.0019875920076687E-04   9.4275857621606920E+03
   4.2000000010000002E+06   9.0044692130706325E-04   9.4249875306773392E+03
   4.3000000010000002E+06   9.0074096121936314E-04   9.4219108164761819E+03
   4.4000000010000002E+06   9.0106076889534439E-04   9.4185667585551892E+03
   4.5000000010000002E+06   9.0132782105033791E-04   9.4157761550798732E+03
   4.6000000010000002E+06   9.0163160851381081E-04   9.4126036900423005E+03
   4.7000000010000002E+06   9.0199083338094127E-04   9.4088550473900996E+03
   4.8000000010000002E+06   9.0228449355707590E-04   9.4057928136376941E+03
   4.9000000010000002E+06   9.0260866622293972E-04   9.4024147151936377E+03
   5.0000000010000002E+06   9.0294153889120367E-04   9.3989484809585683E+03
   5.1000000010000002E+06   9.0328119104098070E-04   9.3954142846431096E+03
   5.2000000010000002E+06   9.0362577646658203E-04   9.3918314709227707E+03
   5.3000000010000002E+06   9.0392893013966085E-04   9.3886817009437236E+03
   5.4000000010000002E+06   9.0427724593944903E-04   9.3850653032180198E+03
   5.5000000010000002E+06   9.0457910587114548E-04   9.3819334873790194E+03
   5.6000000010000002E+06   9.0497150203026238E-04   9.3778654756711603E+03
   5.7000000010000002E+06   9.0526633968666872E-04   9.3748111835167674E+03
   5.8000000010000002E+06   9.0560321199606789E-04   9.3713238788653052E+03
   5.9000000010000002E+06   9.0595830954540418E-04   9.3676507140978320E+03
   6.0000000010000002E+06   9.0630622118318955E-04   9.3640546726871398E+03
   6.1000000010000002E+06   9.0664547755138253E-04   9.3605507505274054E+03
   6.2000000010000002E+06   9.0697463786551123E-04   9.3571536083176597E+03
   6.3000000010000002E+06   9.0729229104577068E-04   9.3538775641682787E+03
   6.4000000010000002E+06   9.0762387146172156E-04   9.3504603307624566E+03
   6.5000000010000002E+06   9.0794199869082416E-04   9.3471840906059842E+03
   6.6000000010000002E+06   9.0830060911855216E-04   9.3434936849725036E+03
   6.7000000010000002E+06   9.0861663120607320E-04   9.3402439641577475E+03
   6.8000000009999992E+06   9.0897295201045308E-04   9.3365825535128515E+03
   6.9000000009999992E+06   9.0931292001599114E-04   9.3330918526997557E+03
   7.0000000009999992E+06   9.0960585713276739E-04   9.3300861453414545E+03
   7.1000000009999992E+06   9.0996823301016079E-04   9.3263706330516561E+03
   7.2000000009999992E+06   9.1025161785334222E-04   9.3234670929453150E+03
   7.3000000009999992E+06   9.1057458032476127E-04   9.3201602468729616E+03
   7.4000000009999992E+06   9.1090731940823009E-04   9.3167557494973753E+03
   7.5000000009999992E+06   9.1121838263802607E-04   9.3135752823449584E+03
   7.6000000009999992E+06   9.1150650133747877E-04   9.3106313481067882E+03
   7.7000000009999992E+06   9.1180264715520147E-04   9.3076073334883804E+03
   7.8000000009999992E+06   9.1217208760270628E-04   9.3038376428069660E+03
   7.9000000009999992E+06   9.1248503646403837E-04   9.3006467681295926E+03
   8.0000000009999992E+06   9.1277244377119282E-04   9.2977182465022524E+03
   8.1000000009999992E+06   9.1303309377489047E-04   9.2950639612284176E+03
   8.2000000009999992E+06   9.1336865369355384E-04   9.2916490740476638E+03
   8.3000000009999992E+06   9.1364270089465405E-04   9.2888620431658383E+03
   8.4000000009999983E+06   9.1399334834624366E-04   9.2852984332013930E+03
   8.5000000009999983E+06   9.1424519535430505E-04   9.2827406132191372E+03
   8.6000000009999983E+06   9.1453850053736698E-04   9.2797635095397654E+03
   8.7000000009999983E+06   9.1483809374798720E-04   9.2767245519770895E+03
   8.8000000009999983E+06   9.1514398843589541E-04   9.2736237276286865E+03
   8.9000000009999983E+06   9.1545620643889456E-04   9.2704609414020579E+03
   9.0000000009999983E+06   9.1566173734732048E-04   9.2683800788071730E+03
   9.1000000009999983E+06   9.1598529347709052E-04   9.2651061821530529E+03
   9.2000000009999983E+06   9.1623823556406412E-04   9.2625484027428738E+03
   9.3000000009999983E+06   9.1657366908626042E-04   9.2591586378608608E+03
   9.4000000009999983E+06   9.1683679518006684E-04   9.2565013205966297E+03
   9.5000000009999983E+06   9.1710463503109896E-04   9.2537979650141970E+03
   9.6000000009999983E+06   9.1733705120798626E-04   9.2514534261755180E+03
   9.7000000009999983E+06   9.1761392794497364E-04   9.2486619338506716E+03
   9.8000000009999983E+06   9.1789555389176335E-04   9.2458242872768151E+03
   9.9000000009999983E+06   9.1818195346884967E-04   9.2429403271252504E+03
   1.0000000000999998E+07   9.1838951780777911E-04   9.2408513389981399E+03
   1.1000000000999998E+07   9.2096183090115678E-04   9.2150409719495910E+03
   1.2000000000999998E+07   9.2332112906593530E-04   9.1914944196515044E+03
   1.3000000000999998E+07   9.2555170956884795E-04   9.1693429093326959E+03
   1.4000000000999998E+07   9.2768638014820983E-04   9.1482436165549952E+03
   1.5000000000999998E+07   9.2953894590941074E-04   9.1300112197589951E+03
   1.6000000000999998E+07   9.3148946859484508E-04   9.1108931356551857E+03
   1.7000000000999998E+07   9.3311063250534000E-04   9.0950640896349469E+03
   1.8000000000999998E+07   9.3492542639633542E-04   9.0774095620308563E+03
   1.9000000000999998E+07   9.3632032386380495E-04   9.0638863528399997E+03
   2.0000000000999998E+07   9.3788266924817415E-04   9.0487875334757846E+03
   2.1000000000999998E+07   9.3936876513192223E-04   9.0344722119475864E+03
   2.2000000000999998E+07   9.4066737979206321E-04   9.0219998988716670E+03
   2.3000000000999998E+07   9.4193797436593852E-04   9.0098299848975275E+03
   2.4000000000999998E+07   9.4327234397831566E-04   8.9970845212768872E+03
   2.5000000000999998E+07   9.4446620744081987E-04   8.9857116522484430E+03
   2.6000000000999998E+07   9.4560645850401436E-04   8.9748763124800953E+03
   2.7000000000999998E+07   9.4668383544942766E-04   8.9646624221981183E+03
   2.8000000000999998E+07   9.4780520800085777E-04   8.9540561011015143E+03
   2.9000000000999998E+07   9.4897347540511033E-04   8.9430328932354569E+03
   3.0000000000999998E+07   9.4994055936991218E-04   8.9339284670453799E+03
   3.1000000000999998E+07   9.5081313825496813E-04   8.9257296348802611E+03
   3.2000000000999998E+07   9.5184711349968417E-04   8.9160337673899849E+03
   3.3000000000999998E+07   9.5264456441117090E-04   8.9085702290250265E+03
   3.4000000001000002E+07   9.5374839291955510E-04   8.8982598223593450E+03
   3.5000000001000002E+07   9.5460187206823535E-04   8.8903041714852588E+03
   3.6000000001000002E+07   9.5548159610043702E-04   8.8821187556016284E+03
   3.7000000001000002E+07   9.5638899481405467E-04   8.8736916164597787E+03
   3.8000000001000002E+07   9.5700712255022502E-04   8.8679601283850188E+03
   3.9000000001000002E+07   9.5796446815602269E-04   8.8590978971191344E+03
   4.0000000001000002E+07   9.5845128136570312E-04   8.8545982152197848E+03
   4.1000000001000002E+07   9.5911628452394822E-04   8.8484588806332231E+03
   4.2000000001000002E+07   9.6014661885073036E-04   8.8389635902839746E+03
   4.3000000001000002E+07   9.6085188478080286E-04   8.8324757850601745E+03
   4.4000000001000002E+07   9.6157460722001091E-04   8.8258372690306405E+03
   4.5000000001000002E+07   9.6194005306811901E-04   8.8224842892105789E+03
   4.6000000001000002E+07   9.6269065228583059E-04   8.8156054961216159E+03
   4.7000000001000002E+07   9.6346082318247419E-04   8.8085584812082561E+03
   4.8000000001000002E+07   9.6425154693727786E-04   8.8013351208114891E+03
   4.9000000001000002E+07   9.6465283813401844E-04   8.7976738053994304E+03
   5.0000000001000002E+07   9.6547653791080059E-04   8.7901680383868115E+03
   5.1000000001000002E+07   9.6589520394813012E-04   8.7863579513245186E+03
   5.2000000001000002E+07   9.6675456675939539E-04   8.7785476243506910E+03
   5.3000000001000002E+07   9.6719200787980094E-04   8.7745772671961186E+03
   5.4000000001000002E+07   9.6763611394560189E-04   8.7705500890730218E+03
   5.5000000001000002E+07   9.6808706546238569E-04   8.7664646167980591E+03
   5.6000000001000002E+07   9.6877813068444482E-04   8.7602111738009498E+03
   5.7000000001000002E+07   9.6924698183275507E-04   8.7559736212005701E+03
   5.8000000001000002E+07   9.6972339604932726E-04   8.7516719096712150E+03
   5.9000000001000002E+07   9.7020760188475834E-04   8.7473041737348958E+03
   6.0000000001000002E+07   9.7069984022935972E-04   8.7428684477279912E+03
   6.1000000001000002E+07   9.7120036500767889E-04   8.7383626604060937E+03
   6.2000000001000002E+07   9.7170944394544666E-04   8.7337846289701465E+03
   6.3000000001000002E+07   9.7222735941458608E-04   8.7291320524717867E+03
   6.4000000001000002E+07   9.7275440936281301E-04   8.7244025045488579E+03
   6.5000000001000002E+07   9.7329090833543240E-04   8.7195934254335370E+03
   6.6000000001000002E+07   9.7383718859806324E-04   8.7147021131667116E+03
   6.7000000001000002E+07   9.7439360137031947E-04   8.7097257139422545E+03
   6.8000000001000002E+07   9.7439198367472925E-04   8.7097401739184406E+03
   6.9000000001000002E+07   9.7495896890058655E-04   8.7046750438389299E+03
   7.0000000001000002E+07   9.7553684765267574E-04   8.6995186555756063E+03
   7.1000000001000002E+07   9.7612603697302199E-04   8.6942676292840497E+03
   7.2000000001000002E+07   9.7612467175137239E-04   8.6942797892086364E+03
   7.3000000001000002E+07   9.7672566844391883E-04   8.6889300440691313E+03
   7.4000000001000002E+07   9.7733888458469598E-04   8.6834783095345210E+03
   7.5000000001000002E+07   9.7733767521156352E-04   8.6834890546082352E+03
   7.6000000001000002E+07   9.7796365630561130E-04   8.6779308726210966E+03
   7.7000000001000002E+07   9.7860288462879629E-04   8.6722624045554967E+03
   7.8000000001000002E+07   9.7860180809986128E-04   8.6722719446374122E+03
   7.9000000001000002E+07   9.7925488907474388E-04   8.6664882657615235E+03
   8.0000000001000002E+07   9.7992238441743217E-04   8.6605848996920795E+03
   8.1000000001000002E+07   9.7992142182231853E-04   8.6605934071463707E+03
   8.2000000001000002E+07   9.8060401008363829E-04   8.6545648580735633E+03
   8.3000000001000002E+07   9.8060311478272480E-04   8.6545727597819168E+03
   8.4000000001000002E+07   9.8130148027236654E-04   8.6484135364804824E+03
   8.5000000001000002E+07   9.8130064609600401E-04   8.6484208882560815E+03
   8.6000000001000002E+07   9.8201552263317365E-04   8.6421251087759338E+03
   8.7000000001000002E+07   9.8201474410324692E-04   8.6421319601527266E+03
   8.8000000001000002E+07   9.8274691962026324E-04   8.6356933162763416E+03
   8.9000000001000002E+07   9.8274619185913475E-04   8.6356997113374127E+03
   9.0000000001000002E+07   9.8349651360064329E-04   8.6291114284538926E+03
   9.1000000001000002E+07   9.8349583225379998E-04   8.6291174065349787E+03
   9.2000000001000002E+07   9.8387775587025004E-04   8.6257677386448249E+03
   9.3000000001000002E+07   9.8387711729181057E-04   8.6257733371379745E+03
   9.4000000001000002E+07   9.8387649887625244E-04   8.6257787588676711E+03
   9.5000000001000002E+07   9.8465581146648566E-04   8.6189518271529832E+03
   9.6000000001000002E+07   9.8465523043970581E-04   8.6189569130365198E+03
   9.7000000001000002E+07   9.8545510428026985E-04   8.6119610812246592E+03
   9.8000000001000002E+07   9.8545455765933557E-04   8.6119658581858839E+03
   9.9000000001000002E+07   9.8545402743488225E-04   8.6119704918621010E+03
   1.0000000000100000E+08   9.8627558474737617E-04   8.6047968099399386E+03
   1.1000000000100000E+08   9.8920386823730575E-04   8.5793245233448160E+03
   1.2000000000100000E+08   9.9184691712939262E-04   8.5564625536349049E+03
   1.3000000000100000E+08   9.9427874679787779E-04   8.5355349620895522E+03
   1.4000000000099999E+08   9.9653060554904063E-04   8.5162472262255360E+03
   1.5000000000099999E+08   9.9862728709418022E-04   8.4983668231724296E+03
   1.6000000000099999E+08   1.0005887932087048E-03   8.4817070338561116E+03
   1.7000000000099999E+08   1.0024314935514124E-03   8.4661156996267182E+03
   1.8000000000099999E+08   1.0041689546846093E-03   8.4514672214910133E+03
   1.9000000000099999E+08   1.0058125453820516E-03   8.4376567426212114E+03
   2.0000000000099999E+08   1.0073718869451473E-03   8.4245958372848490E+03
   2.1000000000099999E+08   1.0088551938233041E-03   8.4122092618599072E+03
   2.2000000000100002E+08   1.0102695351100143E-03   8.4004324691743805E+03
   2.3000000000100002E+08   1.0116210379886629E-03   8.3892096809585928E+03
   2.4000000000100002E+08   1.0129150479328620E-03   8.3784923747311004E+03
   2.5000000000100002E+08   1.0141562562411752E-03   8.3682380827690322E+03
   2.6000000000100002E+08   1.0153488025850274E-03   8.3584094291037254E+03
   2.7000000000100005E+08   1.0164963582222446E-03   8.3489733501832743E+03
   2.8000000000100005E+08   1.0176021940912490E-03   8.3399004587787513E+03
   2.9000000000100005E+08   1.0186692369665131E-03   8.3311645207116981E+03
   3.0000000000100005E+08   1.0197001161018188E-03   8.3227420212517263E+03
   3.1000000000100005E+08   1.0206972022313303E-03   8.3146118033861821E+03
   3.2000000000100005E+08   1.0216626403832542E-03   8.3067547641482433E+03
   3.3000000000100005E+08   1.0225983776477189E-03   8.2991535981876023E+03
   3.4000000000100005E+08   1.0235061868021033E-03   8.2917925800450375E+03
   3.5000000000100005E+08   1.0243876865139014E-03   8.2846573783378863E+03
   3.6000000000100005E+08   1.0252443586992721E-03   8.2777348964133307E+03
   3.7000000000100005E+08   1.0260775635046405E-03   8.2710131350781539E+03
   3.8000000000100005E+08   1.0268885522914824E-03   8.2644810738399592E+03
   3.9000000000100005E+08   1.0276784789353629E-03   8.2581285677479409E+03
   4.0000000000100005E+08   1.0284484096951935E-03   8.2519462574414574E+03
   4.1000000000100005E+08   1.0291993318644497E-03   8.2459254904312438E+03
   4.2000000000100005E+08   1.0299321613803827E-03   8.2400582519740310E+03
   4.3000000000100005E+08   1.0306477495382895E-03   8.2343371041733226E+03
   4.4000000000100005E+08   1.0313468889342416E-03   8.2287551321609517E+03
   4.5000000000100005E+08   1.0320303187402625E-03   8.2233058963956391E+03
   4.6000000000100005E+08   1.0326987293999630E-03   8.2179833902642295E+03
   4.7000000000100005E+08   1.0333527668193929E-03   8.2127820022948254E+03
   4.8000000000100005E+08   1.0339930361168465E-03   8.2076964823937469E+03
   4.9000000000100005E+08   1.0346201049861829E-03   8.2027219116036886E+03
   5.0000000000100005E+08   1.0352345067204834E-03   8.1978536749522264E+03
   5.1000000000100005E+08   1.0358367429364032E-03   8.1930874370199144E+03
   5.2000000000100005E+08   1.0364272860340653E-03   8.1884191199081670E+03
   5.3000000000100005E+08   1.0370065814227390E-03   8.1838448833298589E+03
   5.4000000000100005E+08   1.0375750495385332E-03   8.1793611065824825E+03
   5.5000000000100005E+08   1.0381330876770235E-03   8.1749643721944367E+03
   5.6000000000100005E+08   1.0386810716607972E-03   8.1706514510619481E+03
   5.7000000000100005E+08   1.0392193573594613E-03   8.1664192889166507E+03
   5.8000000000100005E+08   1.0397482820774890E-03   8.1622649939837884E+03
   5.9000000000100005E+08   1.0402681658234715E-03   8.1581858257075837E+03
   6.0000000000100005E+08   1.0407793124727182E-03   8.1541791844352520E+03
   6.1000000000100005E+08   1.0412820108337958E-03   8.1502426019635477E+03
   6.2000000000100005E+08   1.0417765356283619E-03   8.1463737328629686E+03
   6.3000000000100005E+08   1.0422631483926299E-03   8.1425703465041388E+03
   6.4000000000100005E+08   1.0427420983078540E-03   8.1388303197194791E+03
   6.5000000000100005E+08   1.0432136229664500E-03   8.1351516300404028E+03
   6.6000000000100005E+08   1.0436779490796363E-03   8.1315323494568775E+03
   6.7000000000100005E+08   1.0441352931318778E-03   8.1279706386516837E+03
   6.8000000000100005E+08   1.0445858619868556E-03   8.1244647416668386E+03
   6.9000000000100005E+08   1.0450298534492150E-03   8.1210129809638938E+03
   7.0000000000100005E+08   1.0454674567858975E-03   8.1176137528438358E+03
   7.1000000000100005E+08   1.0458988532105092E-03   8.1142655231956205E+03
   7.2000000000100005E+08   1.0463242163338160E-03   8.1109668235455420E+03
   7.3000000000100005E+08   1.0467437125831782E-03   8.1077162473822700E+03
   7.4000000000100005E+08   1.0471575015934501E-03   8.1045124467348360E+03
   7.5000000000100005E+08   1.0475657365716486E-03   8.1013541289830264E+03
   7.6000000000100005E+08   1.0479685646374770E-03   8.0982400538814536E+03
   7.7000000000100005E+08   1.0483661271415889E-03   8.0951690307804884E+03
   7.8000000000100005E+08   1.0487585599633273E-03   8.0921399160285582E+03
   7.9000000000100005E+08   1.0491459937894917E-03   8.0891516105419205E+03
   8.0000000000100005E+08   1.0495285543755861E-03   8.0862030575290146E+03
   8.1000000000100005E+08   1.0499063627908312E-03   8.0832932403578952E+03
   8.2000000000100005E+08   1.0502795356481540E-03   8.0804211805560071E+03
   8.3000000000100005E+08   1.0506481853202324E-03   8.0775859359326514E+03
   8.4000000000100005E+08   1.0510124201426126E-03   8.0747865988151743E+03
   8.5000000000100005E+08   1.0513723446047990E-03   8.0720222943908066E+03
   8.6000000000100005E+08   1.0517280595301788E-03   8.0692921791465715E+03
   8.7000000000100005E+08   1.0520796622455429E-03   8.0665954394004575E+03
   8.8000000000100005E+08   1.0524272467409190E-03   8.0639312899175457E+03
   8.9000000000100005E+08   1.0527709038203783E-03   8.0612989726052074E+03
   9.0000000000100005E+08   1.0531107212444185E-03   8.0586977552820645E+03
   9.1000000000100005E+08   1.0534467838644759E-03   8.0561269305158085E+03
   9.2000000000100005E+08   1.0537791737500921E-03   8.0535858145252414E+03
   9.3000000000100005E+08   1.0541079703092070E-03   8.0510737461423632E+03
   9.4000000000100005E+08   1.0544332504020153E-03   8.0485900858306713E+03
   9.5000000000100005E+08   1.0547550884488070E-03   8.0461342147559380E+03
   9.6000000000100005E+08   1.0550735565321514E-03   8.0437055339063027E+03
   9.7000000000100005E+08   1.0553887244937981E-03   8.0413034632584249E+03
   9.8000000000100005E+08   1.0557006600265990E-03   8.0389274409869586E+03
   9.9000000000100005E+08   1.0560094287617740E-03   8.0365769227145729E+03
   1.0000000000010000E+09   1.0563150943517850E-03   8.0342513808001513E+03
   1.1000000000009999E+09   1.0592138127464494E-03   8.0122642881238426E+03
   1.2000000000009999E+09   1.0618601423932469E-03   7.9922964113035941E+03
   1.3000000000009999E+09   1.0642945347107658E-03   7.9740153957120792E+03
   1.4000000000009999E+09   1.0665484336184470E-03   7.9571641923126681E+03
   1.5000000000009999E+09   1.0686467660358191E-03   7.9415399691308394E+03
   1.6000000000009999E+09   1.0706096270073743E-03   7.9269799105752063E+03
   1.7000000000009999E+09   1.0724534530843737E-03   7.9133513729179922E+03
   1.8000000000010002E+09   1.0741918598209570E-03   7.9005448866186789E+03
   1.9000000000010002E+09   1.0758362525411312E-03   7.8884690726030431E+03
   2.0000000000010002E+09   1.0773962802651277E-03   7.8770468775587824E+03
   2.1000000000010002E+09   1.0788801787737611E-03   7.8662127382873286E+03
   2.2000000000010004E+09   1.0802950337939670E-03   7.8559104132422099E+03
   2.3000000000010004E+09   1.0816469856345572E-03   7.8460913015692249E+03
   2.4000000000010004E+09   1.0829413902389753E-03   7.8367131239513255E+03
   2.5000000000010004E+09   1.0841829473401054E-03   7.8277388757836779E+03
   2.6000000000010004E+09   1.0853758034655946E-03   7.8191359879757001E+03
   2.7000000000010004E+09   1.0865236354931742E-03   7.8108756479133090E+03
   2.8000000000010004E+09   1.0876297190032381E-03   7.8029322452990118E+03
   2.9000000000010004E+09   1.0886969846317786E-03   7.7952829163261267E+03
   3.0000000000010004E+09   1.0897280648660954E-03   7.7879071659943957E+03
   3.1000000000010004E+09   1.0907253331646509E-03   7.7807865530475929E+03
   3.2000000000010004E+09   1.0916909368640934E-03   7.7739044254907067E+03
   3.3000000000010004E+09   1.0926268250211102E-03   7.7672456972598147E+03
   3.4000000000010004E+09   1.0935347720968161E-03   7.7607966586036473E+03
   3.5000000000010004E+09   1.0944163982070929E-03   7.7545448142581281E+03
   3.6000000000010004E+09   1.0952731865195788E-03   7.7484787446717664E+03
   3.7000000000010004E+09   1.0961064982665620E-03   7.7425879864567605E+03
   3.8000000000010004E+09   1.0969175857554097E-03   7.7368629289604924E+03
   3.9000000000010004E+09   1.0977076036887288E-03   7.7312947244213501E+03
   4.0000000000010004E+09   1.0984776190511218E-03   7.7258752096258322E+03
   4.1000000000010004E+09   1.0992286197749586E-03   7.7205968373470159E+03
   4.2000000000010004E+09   1.0999615223617699E-03   7.7154526161367412E+03
   4.3000000000010004E+09   1.1006771786067392E-03   7.7104360572811356E+03
   4.4000000000010004E+09   1.1013763815500611E-03   7.7055411279219661E+03
   4.5000000000010004E+09   1.1020598707594299E-03   7.7007622095047172E+03
   4.6000000000010004E+09   1.1027283370318810E-03   7.6960940608443907E+03
   4.7000000000010004E+09   1.1033824265899545E-03   7.6915317852073686E+03
   4.8000000000010004E+09   1.1040227448360347E-03   7.6870708008975698E+03
   4.9000000000010004E+09   1.1046498597195773E-03   7.6827068149090028E+03
   5.0000000000010004E+09   1.1052643047641331E-03   7.6784357992697142E+03
   5.1000000000010004E+09   1.1058665817946036E-03   7.6742539697543143E+03
   5.2000000000010004E+09   1.1064571633996676E-03   7.6701577666864969E+03
   5.3000000000010004E+09   1.1070364951596468E-03   7.6661438375904618E+03
   5.4000000000010004E+09   1.1076049976661215E-03   7.6622090214819691E+03
   5.5000000000010004E+09   1.1081630683562240E-03   7.6583503346168027E+03
   5.6000000000010004E+09   1.1087110831816624E-03   7.6545649575375664E+03
   5.7000000000010004E+09   1.1092493981300110E-03   7.6508502232797036E+03
   5.8000000000010004E+09   1.1097783506136981E-03   7.6472036066145965E+03
   5.9000000000010004E+09   1.1102982607402562E-03   7.6436227142224216E+03
   6.0000000000010004E+09   1.1108094324758198E-03   7.6401052757000334E+03
   6.1000000000010004E+09   1.1113121547124411E-03   7.6366491353204510E+03
   6.2000000000010004E+09   1.1118067022486354E-03   7.6332522444697170E+03
   6.3000000000010004E+09   1.1122933366914582E-03   7.6299126546957077E+03
   6.4000000000010004E+09   1.1127723072875525E-03   7.6266285113103686E+03
   6.5000000000010004E+09   1.1132438516897674E-03   7.6233980474934597E+03
   6.6000000000010004E+09   1.1137081966652359E-03   7.6202195788515392E+03
   6.7000000000010004E+09   1.1141655587502285E-03   7.6170914983905041E+03
   6.8000000000010004E+09   1.1146161448564731E-03   7.6140122718648463E+03
   6.9000000000010014E+09   1.1150601528332289E-03   7.6109804334700875E+03
   7.0000000000010014E+09   1.1154977719889071E-03   7.6079945818486722E+03
   7.1000000000010014E+09   1.1159291835757044E-03   7.6050533763822259E+03
   7.2000000000010014E+09   1.1163545612403343E-03   7.6021555337460686E+03
   7.3000000000010014E+09   1.1167740714436720E-03   7.5992998247040023E+03
   7.4000000000010014E+09   1.1171878738518543E-03   7.5964850711235495E+03
   7.5000000000010014E+09   1.1175961217011240E-03   7.5937101431937936E+03
   7.6000000000010014E+09   1.1179989621385087E-03   7.5909739568295363E+03
   7.7000000000010014E+09   1.1183965365402398E-03   7.5882754712469732E+03
   7.8000000000010014E+09   1.1187889808096144E-03   7.5856136866976012E+03
   7.9000000000010014E+09   1.1191764256558952E-03   7.5829876423480100E+03
   8.0000000000010014E+09   1.1195589968556589E-03   7.5803964142945779E+03
   8.1000000000010014E+09   1.1199368154979166E-03   7.5778391137028029E+03
   8.2000000000010014E+09   1.1203099982141926E-03   7.5753148850621028E+03
   8.3000000000010014E+09   1.1206786573946569E-03   7.5728229045475646E+03
   8.4000000000010014E+09   1.1210429013913188E-03   7.5703623784808615E+03
   8.5000000000010014E+09   1.1214028347091905E-03   7.5679325418833087E+03
   8.6000000000010014E+09   1.1217585581862748E-03   7.5655326571144396E+03
   8.7000000000010014E+09   1.1221101691631489E-03   7.5631620125901827E+03
   8.8000000000010014E+09   1.1224577616428541E-03   7.5608199215750856E+03
   8.9000000000010014E+09   1.1228014264417529E-03   7.5585057210435707E+03
   9.0000000000010014E+09   1.1231412513319566E-03   7.5562187706054929E+03
   9.1000000000010014E+09   1.1234773211758855E-03   7.5539584514917315E+03
   9.2000000000010014E+09   1.1238097180534810E-03   7.5517241655957969E+03
   9.3000000000010014E+09   1.1241385213825209E-03   7.5495153345679391E+03
   9.4000000000010014E+09   1.1244638080325294E-03   7.5473313989580711E+03
   9.5000000000010014E+09   1.1247856524326339E-03   7.5451718174047028E+03
   9.6000000000010014E+09   1.1251041266737893E-03   7.5430360658667196E+03
   9.7000000000010014E+09   1.1254193006057036E-03   7.5409236368954280E+03
   9.8000000000010014E+09   1.1257312419287861E-03   7.5388340389443874E+03
   9.9000000000010014E+09   1.1260400162814350E-03   7.5367667957146205E+03
   1.0000000000001001E+10   1.1263456873229342E-03   7.5347214455331341E+03
