   1.0000000000000000E+00   0.0000000000000000E+00   1.0000000000000000E+30   0.0000000000000000E+00
   2.0000000000000000E+00   0.0000000000000000E+00   1.0000000000000000E+30   0.0000000000000000E+00
   3.0000000000000000E+00   0.0000000000000000E+00   1.0000000000000000E+30   0.0000000000000000E+00
   4.0000000000000000E+00   0.0000000000000000E+00   1.0000000000000000E+30   0.0000000000000000E+00
   5.0000000000000000E+00   0.0000000000000000E+00   1.0000000000000000E+30   0.0000000000000000E+00
   5.9889999999999999E+00   0.0000000000000000E+00   1.0000000000000000E+30   0.0000000000000000E+00
   5.9910000000000005E+00   0.0000000000000000E+00   1.0000000000000000E+30   0.0000000000000000E+00
   6.0000000000000000E+00   0.0000000000000000E+00   1.0000000000000000E+30   0.0000000000000000E+00
   7.0000000000000000E+00   0.0000000000000000E+00   1.0000000000000000E+30   0.0000000000000000E+00
   8.0000000000000000E+00   0.0000000000000000E+00   1.0000000000000000E+30   0.0000000000000000E+00
   9.0000000000000000E+00   0.0000000000000000E+00   1.0000000000000000E+30   0.0000000000000000E+00
   9.0690000000000008E+00   0.0000000000000000E+00   1.0000000000000000E+30   0.0000000000000000E+00
   9.0709999999999997E+00   0.0000000000000000E+00   1.0000000000000000E+30   0.0000000000000000E+00
   1.0000000000000000E+01   1.0785591277059456E-02   7.8685542473751650E+02   1.1347110389018093E-02
   1.1000000000000000E+01   2.0454951346736014E-02   4.1489714942343721E+02   2.1845178332439836E-02
   1.2000000000000000E+01   3.6906219591801959E-02   2.2995313795946294E+02   4.0550172474526039E-02
   1.3000000000000000E+01   5.4021610625084641E-02   1.5709825951422332E+02   6.1012085676752835E-02
   1.3619000000000000E+01   6.3170745142561338E-02   1.3434543135755968E+02   7.2329190222668455E-02
   1.3620999999999999E+01   6.3181684883514555E-02   1.3432216980288590E+02   7.2341920100635670E-02
   1.4000000000000000E+01   7.1285428280810109E-02   1.1905239556006811E+02   8.2694620050496312E-02
   1.5000000000000000E+01   8.8473124560593433E-02   9.5924056570913834E+01   1.0534940734050793E-01
   1.6000000000000000E+01   9.8846098607644595E-02   8.5857723520708817E+01   1.1935177181942251E-01
   1.7000000000000000E+01   1.1561364504566328E-01   7.3405703989385728E+01   1.4317808741840030E-01
   1.8000000000000000E+01   1.3213602014483131E-01   6.4227006353406054E+01   1.6774595066880069E-01
   1.9000000000000000E+01   1.4841896962384477E-01   5.7180702890369680E+01   1.9304944501949636E-01
   2.0000000000000000E+01   1.6448397817951199E-01   5.1595912862064807E+01   2.1910479399837890E-01
   2.1000000000000000E+01   1.7365733939447942E-01   4.8870384833419045E+01   2.3436064750778460E-01
   2.2000000000000000E+01   1.8939980754782407E-01   4.4808392971639911E+01   2.6162198507452233E-01
   2.3000000000000000E+01   2.0500900269543446E-01   4.1396723528107138E+01   2.8973595482480757E-01
   2.4000000000000000E+01   2.2051742624962306E-01   3.8485398409053751E+01   3.1875074141613208E-01
   2.5000000000000000E+01   2.3595969795210650E-01   3.5966739570409366E+01   3.4872214150690189E-01
   2.6000000000000000E+01   2.4458984788551921E-01   3.4697682993482580E+01   3.6598730076702618E-01
   2.7000000000000000E+01   2.5999916911100218E-01   3.2641262025466780E+01   3.9760626236721147E-01
   2.8000000000000000E+01   2.7543439697906053E-01   3.0812059417550010E+01   4.3035822819206715E-01
   2.8478999999999996E+01   2.8313522221964693E-01   2.9974020677555153E+01   4.4709545458290662E-01
   2.8480999999999998E+01   2.8313874586086119E-01   2.9973647653035687E+01   4.4710369383171139E-01
   2.9000000000000000E+01   2.9092974305708880E-01   2.9170963807885862E+01   4.6431844904435682E-01
   3.0000000000000000E+01   2.9955184742567637E-01   2.8331325873266589E+01   4.8386047233123153E-01
   3.1000000000000000E+01   3.1523332028089945E-01   2.6921966871374845E+01   5.1994402709833787E-01
   3.2000000000000000E+01   3.3106638965127461E-01   2.5634438501278403E+01   5.5746729614939206E-01
   3.3000000000000000E+01   3.4708520767923146E-01   2.4451347443187768E+01   5.9652778184726729E-01
   3.4000000000000000E+01   3.6332470202705075E-01   2.3358447575975738E+01   6.3723023829913350E-01
   3.5000000000000000E+01   3.7247782681495961E-01   2.2784446198919415E+01   6.6096055324175529E-01
   3.6000000000000000E+01   3.8917942600401451E-01   2.1806653790759043E+01   7.0458617485359420E-01
   3.7000000000000000E+01   4.0619725349464725E-01   2.0893053639191347E+01   7.5017243065174621E-01
   3.8000000000000000E+01   4.2356938821846640E-01   2.0036152851014446E+01   7.9785587097583466E-01
   3.9000000000000000E+01   4.4133394409621968E-01   1.9229658445455080E+01   8.4777990590218588E-01
   4.0000000000000000E+01   4.5157434116872447E-01   1.8793585533206663E+01   8.7745078239267360E-01
   4.1000000000000000E+01   4.7010003950617490E-01   1.8052968075201356E+01   9.3138941469445347E-01
   4.2000000000000000E+01   4.8912567349328934E-01   1.7350757617658164E+01   9.8800219836667214E-01
   4.3000000000000000E+01   5.0869138741709818E-01   1.6683398255369429E+01   1.0474655150163148E+00
   4.4000000000000000E+01   5.2883948052255325E-01   1.6047782584178567E+01   1.1099684763550786E+00
   4.5000000000000000E+01   5.4075764712311070E-01   1.5694093371598237E+01   1.1478790370654635E+00
   4.6000000000000000E+01   5.6198758777467717E-01   1.5101224991393442E+01   1.2158049678057872E+00
   4.7000000000000000E+01   5.8390791561580035E-01   1.4534314021767686E+01   1.2872968249579158E+00
   4.8000000000000000E+01   6.0655567630517149E-01   1.3991627375499204E+01   1.3625551287705358E+00
   4.9000000000000000E+01   6.2017140653217473E-01   1.3684444197147258E+01   1.4087415393992384E+00
   5.0000000000000000E+01   6.4412021783414497E-01   1.3175647604871671E+01   1.4906063690490361E+00
   5.1000000000000000E+01   6.6887301167221602E-01   1.2688060150818005E+01   1.5767270421893962E+00
   5.2000000000000000E+01   6.9444579814176688E-01   1.2220825625362000E+01   1.6672534673220458E+00
   5.3000000000000000E+01   7.2084434544832132E-01   1.1773278182653510E+01   1.7623028985938014E+00
   5.4000000000000000E+01   7.3693551601110452E-01   1.1516205720810976E+01   1.8211224200704599E+00
   5.5000000000000000E+01   7.6469373658326145E-01   1.1098169893839350E+01   1.9236921337430626E+00
   5.6000000000000000E+01   7.9322359783928431E-01   1.0699002183587796E+01   2.0308433123880176E+00
   5.7000000000000000E+01   8.2247503251887644E-01   1.0318490738089480E+01   2.1424811822506773E+00
   5.8000000000000000E+01   8.5238023640705840E-01   9.9564732297511931E+00   2.2584343311608652E+00
   5.9000000000000000E+01   8.7054272615686235E-01   9.7487472473885894E+00   2.3296319729039729E+00
   6.0000000000000000E+01   9.0132310728263987E-01   9.4158253979996793E+00   2.4519296097393921E+00
   6.1000000000000000E+01   9.3248554110056237E-01   9.1011609631388772E+00   2.5776657632917770E+00
   6.2000000000000000E+01   9.6390413494880900E-01   8.8045073131744402E+00   2.7063823014781603E+00
   6.3000000000000000E+01   9.9544245555282718E-01   8.5255566085361636E+00   2.8375572376000129E+00
   6.4000000000000000E+01   1.0141454550521862E+00   8.3683272089595473E+00   2.9160160165735571E+00
   6.5000000000000000E+01   1.0455387958099476E+00   8.1170598732125274E+00   3.0497121137853940E+00
   6.6000000000000000E+01   1.0766757456370715E+00   7.8823183672018828E+00   3.1843093558296811E+00
   6.7000000000000000E+01   1.1074252747352269E+00   7.6634525136560088E+00   3.3192226865669245E+00
   6.8000000000000000E+01   1.1250894994643514E+00   7.5431341323479959E+00   3.3973926812054289E+00
   6.9000000000000000E+01   1.1548892815447451E+00   7.3484975061889184E+00   3.5312538785536152E+00
   7.0000000000000000E+01   1.1840034244367270E+00   7.1678010639144052E+00   3.6639958285689613E+00
   7.1000000000000000E+01   1.2123460891626450E+00   7.0002296219040465E+00   3.7951618700801442E+00
   7.2000000000000000E+01   1.2398457284527260E+00   6.8449653135046953E+00   3.9243456086618127E+00
   7.3000000000000000E+01   1.2548562691484753E+00   6.7630861111406855E+00   3.9957060327952019E+00
   7.4000000000000000E+01   1.2807955574681547E+00   6.6261168348617430E+00   4.1205384736187192E+00
   7.5000000000000000E+01   1.3057698716894117E+00   6.4993849141087425E+00   4.2425788367604493E+00
   7.6000000000000000E+01   1.3298652283597538E+00   6.3816248627113197E+00   4.3621572655631784E+00
   7.6998999999999995E+01   1.3536968134978484E+00   6.2692775226580384E+00   4.4822792982992583E+00
   7.7001000000000005E+01   1.3536998678560728E+00   6.2692633772630231E+00   4.4822967418698871E+00
   7.8000000000000000E+01   1.3661540399986887E+00   6.2121113409466018E+00   4.5464444573076479E+00
   7.9000000000000000E+01   1.3894681293456397E+00   6.1078774144698258E+00   4.6670437414270669E+00
   8.0000000000000000E+01   1.4012627415770067E+00   6.0564666093988793E+00   4.7297798544099114E+00
   8.1000000000000000E+01   1.4239638451294263E+00   5.9599132621127060E+00   4.8504467677530902E+00
   8.2000000000000000E+01   1.4350735828366254E+00   5.9137741136455935E+00   4.9116221550087928E+00
   8.3000000000000000E+01   1.4570794274639627E+00   5.8244601120523116E+00   5.0319868608300622E+00
   8.4000000000000000E+01   1.4674873546326861E+00   5.7831510292503356E+00   5.0914827551457220E+00
   8.5000000000000000E+01   1.4775595729382320E+00   5.7437284836370175E+00   5.1499686672521330E+00
   8.6000000000000000E+01   1.4984224493428708E+00   5.6637572462143044E+00   5.2689263023782571E+00
   8.7000000000000000E+01   1.5077881708734246E+00   5.6285764600737869E+00   5.3256352134981748E+00
   8.8000000000000000E+01   1.5168308495771374E+00   5.5950213616249931E+00   5.3813516649168323E+00
   8.9000000000000000E+01   1.5364708779099163E+00   5.5235026757555294E+00   5.4984319214142978E+00
   9.0000000000000000E+01   1.5448112503820237E+00   5.4936815117427154E+00   5.5523059844824685E+00
   9.1000000000000000E+01   1.5528432268543384E+00   5.4652658160139884E+00   5.6052132767881764E+00
   9.2000000000000000E+01   1.5605731065045545E+00   5.4381950899851050E+00   5.6571705245662516E+00
   9.3000000000000000E+01   1.5680075829992322E+00   5.4124106907205096E+00   5.7081957892630113E+00
   9.4000000000000000E+01   1.5751532639329773E+00   5.3878572959722986E+00   5.7583068851553145E+00
   9.5000000000000000E+01   1.5820159363298065E+00   5.3644851549628312E+00   5.8075192943765979E+00
   9.6000000000000000E+01   1.5886017842685762E+00   5.3422456712544335E+00   5.8558490440282247E+00
   9.7000000000000000E+01   1.5949170167572562E+00   5.3210925184125317E+00   5.9033135587915213E+00
   9.8000000000000000E+01   1.6009675313598277E+00   5.3009825865409326E+00   5.9499279243417202E+00
   9.9000000000000000E+01   1.6067585139573550E+00   5.2818771032702410E+00   5.9957054535158685E+00
   1.0000000000000000E+02   1.6122960578981154E+00   5.2637361257458117E+00   6.0406630361517406E+00
   1.1000000000000000E+02   1.6462353224254664E+00   5.1552174162148718E+00   6.3879366110572677E+00
   1.2000000000000000E+02   1.6474675326101391E+00   5.1513616125169399E+00   6.5580663143047166E+00
   1.2099900000000000E+02   1.6492975298033903E+00   5.1456458595239356E+00   6.5898925927765566E+00
   1.2100100000000000E+02   1.6492859466464826E+00   5.1456819980865083E+00   6.5898418853650593E+00
   1.3000000000000000E+02   1.6392719968225196E+00   5.1771158305675051E+00   6.6893671273988504E+00
   1.4000000000000000E+02   1.6183486089384305E+00   5.2440499892806125E+00   6.7395490057304270E+00
   1.5000000000000000E+02   1.5887236010635162E+00   5.3418360498168100E+00   6.7234731865133925E+00
   1.6000000000000000E+02   1.5579778090388019E+00   5.4472540983056499E+00   6.6991609640821626E+00
   1.7000000000000000E+02   1.5225639113726133E+00   5.5739538694996309E+00   6.6255779867626261E+00
   1.8000000000000000E+02   1.4879433191324116E+00   5.7036453581473037E+00   6.5524278542961767E+00
   1.9000000000000000E+02   1.4508572246833551E+00   5.8494391184549981E+00   6.4411103582620806E+00
   2.0000000000000000E+02   1.4185289071242595E+00   5.9827480164367621E+00   6.3725588167357161E+00
   2.1000000000000000E+02   1.3844179999707804E+00   6.1301579476249159E+00   6.2699567474756854E+00
   2.2000000000000000E+02   1.3518493278429224E+00   6.2778453416089421E+00   6.1723579219652933E+00
   2.3000000000000000E+02   1.3207408921285799E+00   6.4257123073385181E+00   6.0794835820287627E+00
   2.4000000000000000E+02   1.2909500093743325E+00   6.5739966255308424E+00   5.9901984139035225E+00
   2.5000000000000000E+02   1.2603997458960825E+00   6.7333407777881149E+00   5.8740497286646480E+00
   2.6000000000000000E+02   1.2331333181082222E+00   6.8822250447141515E+00   5.7915764959641169E+00
   2.7000000000000000E+02   1.2053119375093162E+00   7.0410826784749032E+00   5.6850365955438038E+00
   2.8000000000000000E+02   1.1787943175314461E+00   7.1994756669069835E+00   5.5835692016855694E+00
   2.9000000000000000E+02   1.1541725100086426E+00   7.3530611167409639E+00   5.6191002530006378E+00
   3.0000000000000000E+02   1.1300331094866618E+00   7.5101348218116462E+00   5.5151724863398099E+00
   3.1000000000000000E+02   1.1068805542829991E+00   7.6672238684808018E+00   5.4149197455286666E+00
   3.2000000000000000E+02   1.0846655167494426E+00   7.8242563023383154E+00   5.3182114796408806E+00
   3.3000000000000000E+02   1.0633399726578188E+00   7.9811736825272899E+00   5.2249110130583958E+00
   3.4000000000000000E+02   1.0428576562109877E+00   8.1379284649360315E+00   5.1348793554399590E+00
   3.5000000000000000E+02   1.0231743295417470E+00   8.2944819473303664E+00   5.0479778910384656E+00
   3.6000000000000000E+02   1.0042479234575825E+00   8.4508026425750753E+00   4.9640702528044605E+00
   3.7000000000000000E+02   9.8603858941894196E-01   8.6068649811737679E+00   4.8830236020461770E+00
   3.8000000000000000E+02   9.6850869104198634E-01   8.7626482692946315E+00   4.8047094743010685E+00
   3.9000000000000000E+02   9.5162275516193373E-01   8.9181358467113618E+00   4.7290043088459379E+00
   4.0000000000000000E+02   9.3534739667641231E-01   9.0733144022336791E+00   4.6557897481800570E+00
   4.1000000000000000E+02   9.1965122721784842E-01   9.2281734142083938E+00   4.5849527710480409E+00
   4.2000000000000000E+02   9.0450475475255943E-01   9.3827046908974321E+00   4.5163857060537804E+00
   4.3000000000000000E+02   8.8988027906866574E-01   9.5369019911733695E+00   4.4499861606690274E+00
   4.4000000000000000E+02   8.7575178659472663E-01   9.6907607101271935E+00   4.3856568914559757E+00
   4.5000000000000000E+02   8.6209484689103799E-01   9.8442776174354325E+00   4.3233056346211622E+00
   4.6000000000000000E+02   8.4888651236543788E-01   9.9974506388463187E+00   4.2628449110275790E+00
   4.7000000000000000E+02   8.3610522220594230E-01   1.0150278673017903E+01   4.2041918160999181E+00
   4.8000000000000000E+02   8.2373071110982965E-01   1.0302761437559566E+01   4.1472678022281935E+00
   4.9000000000000000E+02   8.1174392311463495E-01   1.0454899339181592E+01   4.0919984592467378E+00
   5.0000000000000000E+02   8.0012693062448159E-01   1.0606693363929377E+01   4.0383132969457449E+00
   5.1000000000000000E+02   7.8886285859322458E-01   1.0758144984148657E+01   3.9861455324315824E+00
   5.2000000000000000E+02   7.7793581372827814E-01   1.0909256079474128E+01   3.9354318842543345E+00
   5.3000000000000000E+02   7.6733081852086182E-01   1.1060028869575682E+01   3.8861123745801334E+00
   5.3799900000000002E+02   7.5907020083232657E-01   1.1180390161608420E+01   3.8476269934175336E+00
   5.3800099999999998E+02   7.5906815947669481E-01   1.1180420228937862E+01   3.8476174755207926E+00
   5.4000000000000000E+02   7.5703374986803385E-01   1.1210465856819823E+01   3.8381301401822125E+00
   5.5000000000000000E+02   7.4703128203206082E-01   1.1360569777306383E+01   3.7914312526689584E+00
   5.6000000000000000E+02   7.3731083367274408E-01   1.1510343559013402E+01   3.7459645480958965E+00
   5.7000000000000000E+02   7.2786051869064972E-01   1.1659790285950143E+01   3.7016814659307360E+00
   5.8000000000000000E+02   7.1866910062009848E-01   1.1808913167455206E+01   3.6585358971808675E+00
   5.9000000000000000E+02   7.0972595032345565E-01   1.1957715511864938E+01   3.6164840414160824E+00
   6.0000000000000000E+02   7.0102100674675460E-01   1.2106200703942259E+01   3.5754842723389082E+00
   6.1000000000000000E+02   6.9254474051304471E-01   1.2254372185497836E+01   3.5354970115329727E+00
   6.2000000000000000E+02   6.8428812014006724E-01   1.2402233438772434E+01   3.4964846099779905E+00
   6.3000000000000000E+02   6.7624258068415799E-01   1.2549787972194583E+01   3.4584112369187370E+00
   6.4000000000000000E+02   6.6839999462736477E-01   1.2697039308157438E+01   3.4212427756817601E+00
   6.5000000000000000E+02   6.6075264483343876E-01   1.2843990972590328E+01   3.3849467260161412E+00
   6.6000000000000000E+02   6.5329319941769270E-01   1.2990646486019477E+01   3.3494921125807022E+00
   6.7000000000000000E+02   6.4601468838185450E-01   1.3137009355953596E+01   3.3148493991840020E+00
   6.8000000000000000E+02   6.3891048187937205E-01   1.3283083070404505E+01   3.2809904084156014E+00
   6.9000000000000000E+02   6.3197426998571304E-01   1.3428871092406546E+01   3.2478882463176286E+00
   7.0000000000000000E+02   6.2520004386051953E-01   1.3574376855368921E+01   3.2155172317768703E+00
   7.1000000000000000E+02   6.1858207819382138E-01   1.3719603759190576E+01   3.1838528303166447E+00
   7.2000000000000000E+02   6.1211491484127500E-01   1.3864555166992659E+01   3.1528715920089714E+00
   7.3000000000000000E+02   6.0579334755613534E-01   1.4009234402445228E+01   3.1225510932191538E+00
   7.4000000000000000E+02   5.9961240773864233E-01   1.4153644747550045E+01   3.0928698819422706E+00
   7.5000000000000000E+02   5.9356735112536807E-01   1.4297789440853839E+01   3.0638074264836250E+00
   7.6000000000000000E+02   5.8765364534895892E-01   1.4441671676036862E+01   3.0353440672603189E+00
   7.7000000000000000E+02   5.8186695830540436E-01   1.4585294600800237E+01   3.0074609715217346E+00
   7.8000000000000000E+02   5.7620314726813271E-01   1.4728661316052539E+01   2.9801400907862794E+00
   7.9000000000000000E+02   5.7065824869630544E-01   1.4871774875320074E+01   2.9533641208220649E+00
   8.0000000000000000E+02   5.6522846868671106E-01   1.5014638284363896E+01   2.9271164640003766E+00
   8.1000000000000000E+02   5.5991017402303933E-01   1.5157254500981185E+01   2.9013811938641432E+00
   8.2000000000000000E+02   5.5469988378008783E-01   1.5299626434968651E+01   2.8761430217661190E+00
   8.3000000000000000E+02   5.4959426144478529E-01   1.5441756948200020E+01   2.8513872654464718E+00
   8.4000000000000000E+02   5.4459010751653258E-01   1.5583648854837548E+01   2.8270998194162886E+00
   8.5000000000000000E+02   5.3968435255504188E-01   1.5725304921621422E+01   2.8032671270378917E+00
   8.6000000000000000E+02   5.3487405064328153E-01   1.5866727868269358E+01   2.7798761541841985E+00
   8.7000000000000000E+02   5.3015637323889764E-01   1.6007920367924381E+01   2.7569143643849068E+00
   8.8000000000000000E+02   5.2552860338672558E-01   1.6148885047672056E+01   2.7343696953596761E+00
   8.9000000000000000E+02   5.2098813026870627E-01   1.6289624489100635E+01   2.7122305368529807E+00
   9.0000000000000000E+02   5.1653244406785948E-01   1.6430141228923329E+01   2.6904857096849595E+00
   9.1000000000000000E+02   5.1215913112696299E-01   1.6570437759611160E+01   2.6691244459494605E+00
   9.2000000000000000E+02   5.0786586938146039E-01   1.6710516530067256E+01   2.6481363702817764E+00
   9.3000000000000000E+02   5.0365042404928362E-01   1.6850379946320512E+01   2.6275114821331851E+00
   9.4000000000000000E+02   4.9951064356113867E-01   1.6990030372229942E+01   2.6072401389916084E+00
   9.5000000000000000E+02   4.9544445571514867E-01   1.7129470130220255E+01   2.5873130404862210E+00
   9.6000000000000000E+02   4.9144986404270169E-01   1.7268701502008081E+01   2.5677212133293628E+00
   9.7000000000000000E+02   4.8752494437147914E-01   1.7407726729340975E+01   2.5484559970408167E+00
   9.8000000000000000E+02   4.8366784157362785E-01   1.7546548014737002E+01   2.5295090304101309E+00
   9.9000000000000000E+02   4.7987676648735450E-01   1.7685167522232000E+01   2.5108722386511984E+00
   1.0000000000000000E+03   4.7614999300156885E-01   1.7823587378122483E+01   2.4925378212108931E+00
   1.1000000000000000E+03   4.4207905688769789E-01   1.9197247354587446E+01   2.3242826457762993E+00
   1.2000000000000000E+03   4.1291730352879086E-01   2.0553028252457654E+01   2.1793393986609302E+00
   1.3000000000000000E+03   3.8765263005398504E-01   2.1892540763038294E+01   2.0530515911634835E+00
   1.4000000000000000E+03   3.6553577444332730E-01   2.3217155744277637E+01   1.9419391326415643E+00
   1.5000000000000000E+03   3.4599983131552020E-01   2.4528049545829909E+01   1.8433470541630435E+00
   1.5639990000000000E+03   3.3464535368499210E-01   2.5360283392264158E+01   1.7858478637761381E+00
   1.5640010000000000E+03   3.3464501153568926E-01   2.5360309321242578E+01   1.7858461289213929E+00
   1.6000000000000000E+03   3.2860769058704187E-01   2.5826239763880103E+01   1.7552132512173413E+00
   1.7000000000000000E+03   3.1301670856963915E-01   2.7112613394143374E+01   1.6759107059684211E+00
   1.8000000000000000E+03   2.9895435482845839E-01   2.8387949090842262E+01   1.6041377129224643E+00
   1.9000000000000000E+03   2.8620104681380232E-01   2.9652934885584745E+01   1.5388398661337170E+00
   2.0000000000000000E+03   2.7457780902238310E-01   3.0908182404005014E+01   1.4791535592862253E+00
   2.1000000000000000E+03   2.6393724237929295E-01   3.2154238366861449E+01   1.4243643659278313E+00
   2.2000000000000000E+03   2.5415681002942153E-01   3.3391593970562660E+01   1.3738759083591399E+00
   2.3000000000000000E+03   2.4513377313531434E-01   3.4620692599021005E+01   1.3271862470812765E+00
   2.4000000000000000E+03   2.3678132105498934E-01   3.5841936211619270E+01   1.2838697469278990E+00
   2.5000000000000000E+03   2.2902557883206745E-01   3.7055690672781694E+01   1.2435629882814656E+00
   2.6000000000000000E+03   2.2180326777882156E-01   3.8262290228377807E+01   1.2059537049357938E+00
   2.7000000000000000E+03   2.1505985823352214E-01   3.9462041289642301E+01   1.1707720136657187E+00
   2.8000000000000000E+03   2.0874809743354239E-01   4.0655225650895908E+01   1.1377833981508856E+00
   2.9000000000000000E+03   2.0282682628244139E-01   4.1842103241007820E+01   1.1067830495788782E+00
   3.0000000000000000E+03   1.9726002076308463E-01   4.3022914488834310E+01   1.0775912662918998E+00
   3.1000000000000000E+03   1.9201600961218096E-01   4.4197882366666462E+01   1.0500496873974527E+00
   3.2000000000000000E+03   1.8706683144990713E-01   4.5367214163930740E+01   1.0240181884609740E+00
   3.3000000000000000E+03   1.8238770310834740E-01   4.6531103033379104E+01   9.9937230683938283E-01
   3.4000000000000000E+03   1.7795657727433078E-01   4.7689729344890189E+01   9.7600109372821908E-01
   3.5000000000000000E+03   1.7375377236478379E-01   4.8843261874848054E+01   9.5380531231324850E-01
   3.6000000000000000E+03   1.6976166119074015E-01   4.9991858855695433E+01   9.3269591839567034E-01
   3.7000000000000000E+03   1.6596440776328780E-01   5.1135668904746773E+01   9.1259277294190178E-01
   3.8000000000000000E+03   1.6234774374497729E-01   5.2274831849139460E+01   8.9342354610988606E-01
   3.9000000000000000E+03   1.5889877772626940E-01   5.3409479461042046E+01   8.7512278019414802E-01
   4.0000000000000000E+03   1.5560583182079632E-01   5.4539736114322451E+01   8.5763108513467301E-01
   4.1000000000000000E+03   1.5245830110372016E-01   5.5665719373208901E+01   8.4089444511935796E-01
   4.2000000000000000E+03   1.4944653224010404E-01   5.6787540521321382E+01   8.2486361871157687E-01
   4.3000000000000000E+03   1.4656171830465090E-01   5.7905305038215829E+01   8.0949361804904851E-01
   4.4000000000000000E+03   1.4379580731890626E-01   5.9019113029730455E+01   7.9474325516475242E-01
   4.5000000000000000E+03   1.4114142245575484E-01   6.0129059617606522E+01   7.8057474550629624E-01
   4.6000000000000000E+03   1.3859179220510615E-01   6.1235235292982914E+01   7.6695336037861084E-01
   4.7000000000000000E+03   1.3614068907387891E-01   6.2337726238115543E+01   7.5384712137703769E-01
   4.8000000000000000E+03   1.3378237562570566E-01   6.3436614618803276E+01   7.4122653099104296E-01
   4.9000000000000000E+03   1.3151155684848270E-01   6.4531978852121583E+01   7.2906433444860463E-01
   5.0000000000000000E+03   1.2932333800008758E-01   6.5623893850854074E+01   7.1733530864521877E-01
   5.1000000000000000E+03   1.2721318720708666E-01   6.6712431247718172E+01   7.0601607461077298E-01
   5.2000000000000000E+03   1.2517690220141311E-01   6.7797659600974413E+01   6.9508493049770526E-01
   5.3000000000000000E+03   1.2321058066816273E-01   6.8879644583550046E+01   6.8452170250462563E-01
   5.4000000000000000E+03   1.2131059375340963E-01   6.9958449157432611E+01   6.7430761151740803E-01
   5.5000000000000000E+03   1.1947356234503692E-01   7.1034133734511670E+01   6.6442515356080134E-01
   5.6000000000000000E+03   1.1769633579379087E-01   7.2106756324385003E+01   6.5485799241742360E-01
   5.7000000000000000E+03   1.1597597278227254E-01   7.3176372672367037E+01   6.4559086297626278E-01
   5.8000000000000000E+03   1.1430972409544345E-01   7.4243036386561997E+01   6.3660948408579321E-01
   5.9000000000000000E+03   1.1269501707380940E-01   7.5306799055698448E+01   6.2790047983038333E-01
   6.0000000000000000E+03   1.1112944155942250E-01   7.6367710358896304E+01   6.1945130828940342E-01
   6.1000000000000000E+03   1.0961073716991857E-01   7.7425818167793054E+01   6.1125019695990501E-01
   6.2000000000000000E+03   1.0813678175672883E-01   7.8481168641101931E+01   6.0328608412652351E-01
   6.3000000000000000E+03   1.0670558091857346E-01   7.9533806313580115E+01   5.9554856554033031E-01
   6.4000000000000000E+03   1.0531525846097436E-01   8.0583774178370405E+01   5.8802784585841417E-01
   6.5000000000000000E+03   1.0396404770186937E-01   8.1631113764371761E+01   5.8071469434859591E-01
   6.6000000000000000E+03   1.0265028353752045E-01   8.2675865208436903E+01   5.7360040442919480E-01
   6.7000000000000000E+03   1.0137239519236572E-01   8.3718067322483449E+01   5.6667675666153172E-01
   6.8000000000000000E+03   1.0012889958263971E-01   8.4757757657683186E+01   5.5993598484782903E-01
   6.9000000000000000E+03   9.8918395236373316E-02   8.5794972563760552E+01   5.5337074494195149E-01
   7.0000000000000000E+03   9.7739556715915610E-02   8.6829747243716753E+01   5.4697408650322732E-01
   7.1000000000000000E+03   9.6591129490967459E-02   8.7862115807947859E+01   5.4073942643963824E-01
   7.2000000000000000E+03   9.5471925225591683E-02   8.8892111322805619E+01   5.3466052484620152E-01
   7.3000000000000000E+03   9.4380817437500167E-02   8.9919765856826160E+01   5.2873146273502647E-01
   7.4000000000000000E+03   9.3316737495751464E-02   9.0945110524703608E+01   5.2294662148617443E-01
   7.5000000000000000E+03   9.2278670926140741E-02   9.1968175529408867E+01   5.1730066386476725E-01
   7.6000000000000000E+03   9.1265653999475116E-02   9.2988990200022883E+01   5.1178851647455015E-01
   7.7000000000000000E+03   9.0276770574370654E-02   9.4007583028952794E+01   5.0640535351121008E-01
   7.8000000000000000E+03   8.9311149173870300E-02   9.5023981707300877E+01   5.0114658170818427E-01
   7.9000000000000000E+03   8.8367960277261126E-02   9.6038213156988206E+01   4.9600782637821200E-01
   8.0000000000000000E+03   8.7446413806008774E-02   9.7050303562851397E+01   4.9098491844926967E-01
   8.1000000000000000E+03   8.6545756790778361E-02   9.8060278401310924E+01   4.8607388242296190E-01
   8.2000000000000000E+03   8.5665271201751714E-02   9.9068162468880757E+01   4.8127092517041214E-01
   8.3000000000000000E+03   8.4804271930747133E-02   1.0007397990853904E+02   4.7657242550398465E-01
   8.4000000000000000E+03   8.3962104911600374E-02   1.0107775423556980E+02   4.7197492445843814E-01
   8.5000000000000000E+03   8.3138145369920785E-02   1.0207950836038667E+02   4.6747511623246507E-01
   8.6000000000000000E+03   8.2331796188604839E-02   1.0307926461260026E+02   4.6306983972772092E-01
   8.7000000000000000E+03   8.1542486384463389E-02   1.0407704476096127E+02   4.5875607065360924E-01
   8.8000000000000000E+03   8.0769669681441697E-02   1.0507287003683072E+02   4.5453091413488572E-01
   8.9000000000000000E+03   8.0012823181634704E-02   1.0606676115015297E+02   4.5039159781236204E-01
   9.0000000000000000E+03   7.9271446116702587E-02   1.0705873831116742E+02   4.4633546536677798E-01
   9.1000000000000000E+03   7.8545058681977517E-02   1.0804882124689505E+02   4.4235997046184061E-01
   9.2000000000000000E+03   7.7833200942526187E-02   1.0903702921870892E+02   4.3846267106051806E-01
   9.3000000000000000E+03   7.7135431808910054E-02   1.1002338103687852E+02   4.3464122409741185E-01
   9.4000000000000000E+03   7.6451328072870917E-02   1.1100789507890070E+02   4.3089338046607756E-01
   9.5000000000000000E+03   7.5780483504947246E-02   1.1199058930261148E+02   4.2721698031971522E-01
   9.6000000000000000E+03   7.5122508006000580E-02   1.1297148125935807E+02   4.2360994865123025E-01
   9.7000000000000000E+03   7.4477026807703087E-02   1.1395058810911206E+02   4.2007029112937422E-01
   9.8000000000000000E+03   7.3843679720576719E-02   1.1492792663460716E+02   4.1659609017995142E-01
   9.9000000000000000E+03   7.3222120429386903E-02   1.1590351324966308E+02   4.1318550130545706E-01
   1.0000000000000000E+04   7.2612015824493600E-02   1.1687736401463633E+02   4.0983674960014527E-01
   1.1000000000000000E+04   6.7075978184821167E-02   1.2652370095851026E+02   3.7940350838750031E-01
   1.2000000000000000E+04   6.2396767690375575E-02   1.3601186919598891E+02   3.5361230225616008E-01
   1.3000000000000000E+04   5.8386632767001498E-02   1.4535349279728149E+02   3.3145687585170647E-01
   1.4000000000000000E+04   5.4909379560091946E-02   1.5455831177382291E+02   3.1220493080105466E-01
   1.5000000000000000E+04   5.1863728487002124E-02   1.6363461040952296E+02   2.9531032036768406E-01
   1.6000000000000000E+04   4.9172746551384511E-02   1.7258952571395301E+02   2.8035710155874161E-01
   1.7000000000000000E+04   4.6776910763300955E-02   1.8142927497499798E+02   2.6702269517742938E-01
   1.8000000000000000E+04   4.4629422765631692E-02   1.9015932717577797E+02   2.5505293082549629E-01
   1.9000000000000000E+04   4.2692964153678778E-02   1.9878453449160631E+02   2.4424472021922172E-01
   2.0000000000000000E+04   4.0937399694180379E-02   2.0730923480130889E+02   2.3443376300346958E-01
   2.1000000000000000E+04   3.9338119640034280E-02   2.1573733271986345E+02   2.2548565394306999E-01
   2.2000000000000000E+04   3.7874822376576363E-02   2.2407236451106002E+02   2.1728933898506458E-01
   2.3000000000000000E+04   3.6530606416824957E-02   2.3231755061824373E+02   2.0975222494455029E-01
   2.4000000000000000E+04   3.5291283528166233E-02   2.4047583870341731E+02   2.0279647360609784E-01
   2.5000000000000000E+04   3.4144852476024300E-02   2.4854993915451914E+02   1.9635615766291628E-01
   2.6000000000000000E+04   3.3081091097918382E-02   2.5654235467130326E+02   1.9037505270493818E-01
   2.7000000000000000E+04   3.2091236712531231E-02   2.6445540511194815E+02   1.8480490479405789E-01
   2.8000000000000000E+04   3.1167733266594999E-02   2.7229124854105964E+02   1.7960405790571021E-01
   2.9000000000000000E+04   3.0304029481237123E-02   2.8005189905885123E+02   1.7473635673879376E-01
   3.0000000000000000E+04   2.9494416341684065E-02   2.8773924213450971E+02   1.7017026228793466E-01
   3.1000000000000000E+04   2.8733895247444918E-02   2.9535504783711934E+02   1.6587813342595206E-01
   3.2000000000000000E+04   2.8018070272778955E-02   3.0290098221365201E+02   1.6183563917147570E-01
   3.3000000000000000E+04   2.7343059519916436E-02   3.1037861725657422E+02   1.5802127459926638E-01
   3.4000000000000000E+04   2.6705421725444843E-02   3.1778943963538944E+02   1.5441595963176213E-01
   3.5000000000000000E+04   2.6102095148125001E-02   3.2513485822480033E+02   1.5100270460910842E-01
   3.6000000000000000E+04   2.5530346370271569E-02   3.3241621097777517E+02   1.4776632988620866E-01
   3.7000000000000000E+04   2.4987727219300749E-02   3.3963477073659845E+02   1.4469322963690123E-01
   3.8000000000000000E+04   2.4472038302499600E-02   3.4679175066872261E+02   1.4177117178897225E-01
   3.9000000000000000E+04   2.3981298034685794E-02   3.5388830884303985E+02   1.3898912790702170E-01
   4.0000000000000000E+04   2.3513716176490167E-02   3.6092555262877460E+02   1.3633712777942658E-01
   4.1000000000000000E+04   2.3067671176647556E-02   3.6790454226464527E+02   1.3380613475404068E-01
   4.2000000000000000E+04   2.2641690647108602E-02   3.7482629445074775E+02   1.3138793828546882E-01
   4.3000000000000000E+04   2.2234434515667451E-02   3.8169178529706852E+02   1.2907506110737621E-01
   4.4000000000000000E+04   2.1844680409497930E-02   3.8850195316503260E+02   1.2686067866416242E-01
   4.5000000000000000E+04   2.1471310944133397E-02   3.9525770119195687E+02   1.2473854898982069E-01
   4.6000000000000000E+04   2.1113302633220518E-02   4.0195989953758135E+02   1.2270295148133765E-01
   4.7000000000000000E+04   2.0769716174934758E-02   4.0860938752729629E+02   1.2074863324936305E-01
   4.8000000000000000E+04   2.0439687929769308E-02   4.1520697549376212E+02   1.1887076200574261E-01
   4.9000000000000000E+04   2.0122422412202589E-02   4.2175344655370054E+02   1.1706488454152253E-01
   5.0000000000000000E+04   1.9817185662596635E-02   4.2824955822934260E+02   1.1532689004970141E-01
   5.1000000000000000E+04   1.9523299382344615E-02   4.3469604389873757E+02   1.1365297764851823E-01
   5.2000000000000000E+04   1.9240135729315735E-02   4.4109361413832892E+02   1.1203962754603508E-01
   5.3000000000000000E+04   1.8967112688103065E-02   4.4744295797214670E+02   1.1048357537658780E-01
   5.4000000000000000E+04   1.8703689941653858E-02   4.5374474404944300E+02   1.0898178930652284E-01
   5.5000000000000000E+04   1.8449365185396326E-02   4.5999962167118662E+02   1.0753144957724840E-01
   5.6000000000000000E+04   1.8203670825540960E-02   4.6620822177516339E+02   1.0612993017469607E-01
   5.7000000000000000E+04   1.7966171011554715E-02   4.7237115798896480E+02   1.0477478235791819E-01
   5.8000000000000000E+04   1.7736458984389757E-02   4.7848902719675897E+02   1.0346371989727612E-01
   5.9000000000000000E+04   1.7514154668103337E-02   4.8456241058620969E+02   1.0219460570688176E-01
   6.0000000000000000E+04   1.7298902506830811E-02   4.9059187436918211E+02   1.0096543981057511E-01
   6.1000000000000000E+04   1.7090369512824440E-02   4.9657797035854230E+02   9.9774348470000981E-02
   6.2000000000000000E+04   1.6888243496607142E-02   5.0252123656677827E+02   9.8619574328274118E-02
   6.3000000000000000E+04   1.6692231455097656E-02   5.0842219796587528E+02   9.7499467444876850E-02
   6.4000000000000000E+04   1.6502058110093455E-02   5.1428136713232118E+02   9.6412477157296242E-02
   6.5000000000000000E+04   1.6317464591315937E-02   5.2009924445446291E+02   9.5357144715621026E-02
   6.6000000000000000E+04   1.6138207219036804E-02   5.2587631886055260E+02   9.4332096511455979E-02
   6.7000000000000000E+04   1.5964056402627526E-02   5.3161306821485823E+02   9.3336037927882726E-02
   6.8000000000000000E+04   1.5794795630097072E-02   5.3730995981894273E+02   9.2367747704458408E-02
   6.9000000000000000E+04   1.5630220543777593E-02   5.4296745088055945E+02   9.1426072780075723E-02
   7.0000000000000000E+04   1.5470138102735370E-02   5.4858598863156135E+02   9.0509923596704164E-02
   7.1000000000000000E+04   1.5314365796471423E-02   5.5416601106075757E+02   8.9618269730590158E-02
   7.2000000000000000E+04   1.5162730944040664E-02   5.5970794685184057E+02   8.8750135948242173E-02
   7.3000000000000000E+04   1.5015070026505789E-02   5.6521221615180445E+02   8.7904598502411335E-02
   7.4000000000000000E+04   1.4871228090892724E-02   5.7067923062475279E+02   8.7080781781693414E-02
   7.5000000000000000E+04   1.4731058193752342E-02   5.7610939375388557E+02   8.6277855198056030E-02
   7.6000000000000000E+04   1.4594420884183798E-02   5.8150310126748786E+02   8.5495030302184985E-02
   7.7000000000000000E+04   1.4461183736520927E-02   5.8686074113858137E+02   8.4731558151564912E-02
   7.8000000000000000E+04   1.4331220901083677E-02   5.9218269426815800E+02   8.3986726819519991E-02
   7.9000000000000000E+04   1.4204412714033351E-02   5.9746933408738357E+02   8.3259859173245784E-02
   8.0000000000000000E+04   1.4080645305316955E-02   6.0272102743410710E+02   8.2550310713705402E-02
   8.1000000000000000E+04   1.3959810254613588E-02   6.0793813458539626E+02   8.1857467635919653E-02
   8.2000000000000000E+04   1.3841804274232757E-02   6.1312100917033695E+02   8.1180745035196414E-02
   8.3000000000000000E+04   1.3726528904871594E-02   6.1826999849495166E+02   8.0519585208226413E-02
   8.4000000000000000E+04   1.3613890229348653E-02   6.2338544401220076E+02   7.9873456061629114E-02
   8.5000000000000000E+04   1.3503798613404091E-02   6.2846768145163492E+02   7.9241849653993363E-02
   8.6000000000000000E+04   1.3396168471752875E-02   6.3351704058148459E+02   7.8624280861927826E-02
   8.7000000000000000E+04   1.3290918038069399E-02   6.3853384552122520E+02   7.8020286096755306E-02
   8.8000000000000000E+04   1.3187969143049901E-02   6.4351841540578584E+02   7.7429422082577443E-02
   8.9000000000000000E+04   1.3087247033803776E-02   6.4847106373365614E+02   7.6851264802471578E-02
   9.0000000000000000E+04   1.2988680172449829E-02   6.5339209932637618E+02   7.6285408405950703E-02
   9.1000000000000000E+04   1.2892200075596555E-02   6.5828182587859578E+02   7.5731464278438021E-02
   9.2000000000000000E+04   1.2797741150427113E-02   6.6314054219424770E+02   7.5189060125007284E-02
   9.3000000000000000E+04   1.2705240537967346E-02   6.6796854258641372E+02   7.4657839101337040E-02
   9.4000000000000000E+04   1.2614637979812977E-02   6.7276611654944168E+02   7.4137459043732257E-02
   9.5000000000000000E+04   1.2525875678590004E-02   6.7753354920022571E+02   7.3627591698822645E-02
   9.6000000000000000E+04   1.2438898169252442E-02   6.8227112159612670E+02   7.3127922007783008E-02
   9.7000000000000000E+04   1.2353652208503148E-02   6.8697911047830746E+02   7.2638147467727926E-02
   9.8000000000000000E+04   1.2270086668541654E-02   6.9165778813235943E+02   7.2157977523660516E-02
   9.9000000000000000E+04   1.2188152417113997E-02   6.9630742338266691E+02   7.1687132930536579E-02
   1.0000000000000000E+05   1.2107802238599585E-02   7.0092828063381558E+02   7.1225345264529671E-02
   1.1000000000000000E+05   1.1382230412711497E-02   7.4560966503349425E+02   6.7053303279620433E-02
   1.2000000000000000E+05   1.0774321024556046E-02   7.8767849834932542E+02   6.3555072068187016E-02
   1.3000000000000000E+05   1.0257730374139476E-02   8.2734685898466330E+02   6.0580493888670026E-02
   1.4000000000000000E+05   9.8134591467473921E-03   8.6480219446052661E+02   5.8021114075053344E-02
   1.5000000000000000E+05   9.4274528587859324E-03   9.0021144973922355E+02   5.5796599024115733E-02
   1.6000000000000000E+05   9.0890871207314813E-03   9.3372424453918848E+02   5.3846148982214570E-02
   1.7000000000000000E+05   8.7901786235041555E-03   9.6547537528568387E+02   5.2122883211299133E-02
   1.8000000000000000E+05   8.5243203439989042E-03   9.9558682251195353E+02   5.0590060867415472E-02
   1.9000000000000000E+05   8.2864231973494087E-03   1.0241693916949023E+03   4.9218472393799131E-02
   2.0000000000000000E+05   8.0723929140170732E-03   1.0513240740077683E+03   4.7984598540972957E-02
   2.1000000000000000E+05   7.8788977004324353E-03   1.0771431903336015E+03   4.6869285335584689E-02
   2.2000000000000000E+05   7.7031982825148428E-03   1.1017113534023222E+03   4.5856773780134856E-02
   2.3000000000000000E+05   7.5430215208911692E-03   1.1251062961773455E+03   4.4933977783090773E-02
   2.4000000000000000E+05   7.3964650831987132E-03   1.1473995901952760E+03   4.4089939148991578E-02
   2.5000000000000000E+05   7.2619246781501778E-03   1.1686572611928659E+03   4.3315411115988224E-02
   2.6000000000000000E+05   7.1380378162760189E-03   1.1889403255898499E+03   4.2602536241207432E-02
   2.7000000000000000E+05   7.0236398107025059E-03   1.2083052710681400E+03   4.1944594364435789E-02
   2.8000000000000000E+05   6.9177291153177849E-03   1.2268044706410872E+03   4.1335803789516519E-02
   2.9000000000000000E+05   6.8194396564672626E-03   1.2444865609020310E+03   4.0771162643872379E-02
   3.0000000000000000E+05   6.7280187248978393E-03   1.2613967577036933E+03   4.0246321769565323E-02
   3.1000000000000000E+05   6.6428089048120344E-03   1.2775771705863954E+03   3.9757481200894666E-02
   3.2000000000000000E+05   6.5632335849804806E-03   1.2930670370740904E+03   3.9301306519250921E-02
   3.3000000000000000E+05   6.4887847503006576E-03   1.3079029944648173E+03   3.8874859117557094E-02
   3.4000000000000000E+05   6.4190132184445683E-03   1.3221192598528933E+03   3.8475539621372484E-02
   3.5000000000000000E+05   6.3535202569956623E-03   1.3357478471893482E+03   3.8101039959834791E-02
   3.6000000000000000E+05   6.2919508078806419E-03   1.3488187152903854E+03   3.7749304048546810E-02
   3.7000000000000000E+05   6.2339875502323188E-03   1.3613599541179067E+03   3.7418493936951222E-02
   3.8000000000000000E+05   6.1793461287251951E-03   1.3733979014227330E+03   3.7106962006838655E-02
   3.9000000000000000E+05   6.1277708816935518E-03   1.3849572983724834E+03   3.6813226640732770E-02
   4.0000000000000000E+05   6.0790314004688650E-03   1.3960613864737245E+03   3.6535952136963319E-02
   4.1000000000000000E+05   6.0329194996930624E-03   1.4067320152022003E+03   3.6273931235005517E-02
   4.2000000000000000E+05   5.9892465476313094E-03   1.4169897562010169E+03   3.6026069877319343E-02
   4.3000000000000000E+05   5.9478412426579594E-03   1.4268539893918471E+03   3.5791374322957890E-02
   4.4000000000000000E+05   5.9085477076179132E-03   1.4363429772114616E+03   3.5568940052593201E-02
   4.5000000000000000E+05   5.8712237203190944E-03   1.4454739607324361E+03   3.5357941752920313E-02
   4.6000000000000000E+05   5.8357394224925049E-03   1.4542631860233253E+03   3.5157625412464664E-02
   4.7000000000000000E+05   5.8019757785582457E-03   1.4627260314872879E+03   3.4967300052414906E-02
   4.8000000000000000E+05   5.7698236823238514E-03   1.4708770098738564E+03   3.4786331982133323E-02
   4.9000000000000000E+05   5.7391828115864428E-03   1.4787298617187541E+03   3.4614138562540989E-02
   5.0000000000000000E+05   5.7099608067638641E-03   1.4862975933745038E+03   3.4450183326711105E-02
   5.1000000000000000E+05   5.6820725519279606E-03   1.4935925100914601E+03   3.4293971689094933E-02
   5.2000000000000000E+05   5.6554394624456980E-03   1.5006262663955370E+03   3.4145046894825080E-02
   5.3000000000000000E+05   5.6299887374043544E-03   1.5074099436420138E+03   3.4002986043094860E-02
   5.4000000000000000E+05   5.6056530570443150E-03   1.5139540244452162E+03   3.3867397740602725E-02
   5.5000000000000000E+05   5.5823699126444082E-03   1.5202684770374990E+03   3.3737918690505818E-02
   5.6000000000000000E+05   5.5600813446098829E-03   1.5263627417219616E+03   3.3614211751728483E-02
   5.7000000000000000E+05   5.5387333409916920E-03   1.5322458191923636E+03   3.3495962992638365E-02
   5.8000000000000000E+05   5.5182757071315204E-03   1.5379262392395722E+03   3.3382880393479836E-02
   5.9000000000000000E+05   5.4986615269426000E-03   1.5434121492607492E+03   3.3274691292009995E-02
   6.0000000000000000E+05   5.4798471484114111E-03   1.5487112642943218E+03   3.3171141631106453E-02
   6.1000000000000000E+05   5.4617916810673073E-03   1.5538309589459579E+03   3.3071993668728698E-02
   6.2000000000000000E+05   5.4444569857464249E-03   1.5587782266576874E+03   3.2977025368497538E-02
   6.3000000000000000E+05   5.4278072307170503E-03   1.5635597663321437E+03   3.2886028417378234E-02
   6.4000000000000000E+05   5.4118088854740931E-03   1.5681819489478157E+03   3.2798807731764447E-02
   6.5000000000000000E+05   5.3964305519695532E-03   1.5726508334770381E+03   3.2715180471720694E-02
   6.6000000000000000E+05   5.3816426791949475E-03   1.5769722204272052E+03   3.2634974709969691E-02
   6.7000000000000000E+05   5.3674174851649154E-03   1.5811516485930879E+03   3.2558028817963831E-02
   6.8000000000000000E+05   5.3537289130681683E-03   1.5851943837948693E+03   3.2484190995485010E-02
   6.9000000000000000E+05   5.3405522391078526E-03   1.5891055129485237E+03   3.2413317682082658E-02
   7.0000000000000000E+05   5.3278643548196258E-03   1.5928898410633781E+03   3.2345274213168358E-02
   7.1000000000000000E+05   5.3156434177146668E-03   1.5965519765817032E+03   3.2279933420297578E-02
   7.2000000000000000E+05   5.3038688528050017E-03   1.6000963147623074E+03   3.2217175406649479E-02
   7.3000000000000000E+05   5.2925211468119373E-03   1.6035270847180302E+03   3.2156886658950924E-02
   7.4000000000000000E+05   5.2815817767956630E-03   1.6068483579373362E+03   3.2098959618624710E-02
   7.5000000000000000E+05   5.2710334860360253E-03   1.6100639519439146E+03   3.2043293410940345E-02
   7.6000000000000000E+05   5.2608596371617354E-03   1.6131776155758635E+03   3.1989791551715593E-02
   7.7000000000000000E+05   5.2510447398803504E-03   1.6161928579472067E+03   3.1938363531840860E-02
   7.8000000000000000E+05   5.2415738438870516E-03   1.6191131248209783E+03   3.1888922679143498E-02
   7.9000000000000000E+05   5.2324330377800186E-03   1.6219416367259523E+03   3.1841387670220982E-02
   8.0000000000000000E+05   5.2236088285016859E-03   1.6246815724503924E+03   3.1795680368190568E-02
   8.1000000000000000E+05   5.2150887414531321E-03   1.6273358759742096E+03   3.1751727685990862E-02
   8.2000000000000000E+05   5.2068606721590799E-03   1.6299074509010763E+03   3.1709459349628467E-02
   8.3000000000000000E+05   5.1989131671711366E-03   1.6323990673561693E+03   3.1668808726566834E-02
   8.4000000000000000E+05   5.1912353456247829E-03   1.6348133806933902E+03   3.1629712478447869E-02
   8.5000000000000000E+05   5.1838168260747016E-03   1.6371529492839322E+03   3.1592110237422623E-02
   8.6000000000000000E+05   5.1766478208427761E-03   1.6394201999189133E+03   3.1555944839433664E-02
   8.7000000000000000E+05   5.1697188704395497E-03   1.6416175072657866E+03   3.1521161378409789E-02
   8.8000000000000000E+05   5.1630211401542149E-03   1.6437470959304226E+03   3.1487708115188945E-02
   8.9000000000000000E+05   5.1565458270080309E-03   1.6458112252015196E+03   3.1455534463503333E-02
   9.0000000000000000E+05   5.1502850114705069E-03   1.6478119145745588E+03   3.1424593734219047E-02
   9.1000000000000000E+05   5.1442308698978652E-03   1.6497511911871809E+03   3.1394840489220234E-02
   9.2000000000000000E+05   5.1383758654096568E-03   1.6516310265440788E+03   3.1366231118463941E-02
   9.3000000000000000E+05   5.1327128971240194E-03   1.6534532859048420E+03   3.1338724283283714E-02
   9.4000000000000000E+05   5.1272352626770077E-03   1.6552197374545351E+03   3.1312280748321306E-02
   9.5000000000000000E+05   5.1219364207043053E-03   1.6569321265000951E+03   3.1286862558028906E-02
   9.6000000000000000E+05   5.1168101261757724E-03   1.6585921298781327E+03   3.1262433442682168E-02
   9.7000000000000000E+05   5.1118504405537812E-03   1.6602013505771663E+03   3.1238958814911778E-02
   9.8000000000000000E+05   5.1070517179701491E-03   1.6617613202337020E+03   3.1216405689571746E-02
   9.9000000000000000E+05   5.1024083998581216E-03   1.6632735642234859E+03   3.1194741975405702E-02
   1.0000000000000000E+06   5.0979153388242358E-03   1.6647394947349619E+03   3.1173937510166481E-02
   1.1000000000000000E+06   5.0602354317167818E-03   1.6771356036445511E+03   3.1007266310529882E-02
   1.2000000000000000E+06   5.0331377717037686E-03   1.6861650505710350E+03   3.0900704046191142E-02
   1.3000000000000000E+06   5.0138324397842318E-03   1.6926574845251694E+03   3.0838055690326893E-02
   1.4000000000000000E+06   5.0003692338900039E-03   1.6972148672216549E+03   3.0808020088973608E-02
   1.5000000000000000E+06   4.9913515150803367E-03   1.7002811722867161E+03   3.0802521489804360E-02
   1.6000000000000000E+06   4.9857577812812805E-03   1.7021887900809513E+03   3.0815670259576926E-02
   1.7000000000000000E+06   4.9828284625610571E-03   1.7031894774466921E+03   3.0843099709890600E-02
   1.8000000000000000E+06   4.9819893462683170E-03   1.7034763455912857E+03   3.0881521932543947E-02
   1.9000000000000000E+06   4.9828008412424818E-03   1.7031989187911588E+03   3.0928430632998986E-02
   2.0000000000000000E+06   4.9849231936252309E-03   1.7024737745626146E+03   3.0981896538826485E-02
   2.1000000000000000E+06   4.9880884083220271E-03   1.7013934619115466E+03   3.1040411433536922E-02
   2.2000000000000000E+06   4.9920869235389898E-03   1.7000306956473185E+03   3.1102798714083588E-02
   2.3000000000000000E+06   4.9967513111929636E-03   1.6984437441073467E+03   3.1168126563804178E-02
   2.4000000000000000E+06   5.0019474876959753E-03   1.6966793486400757E+03   3.1235654541435533E-02
   2.5000000000000000E+06   5.0075655126082834E-03   1.6947758314869086E+03   3.1304785015308069E-02
   2.6000000000000000E+06   5.0135187699581222E-03   1.6927633853112629E+03   3.1375046662118850E-02
   2.7000000000000000E+06   5.0197347344665818E-03   1.6906672273107083E+03   3.1446053554211643E-02
   2.8000000000000000E+06   5.0261549595300012E-03   1.6885076313185273E+03   3.1517497018994235E-02
   2.9000000000000000E+06   5.0327308196192553E-03   1.6863013957098387E+03   3.1589125344003877E-02
   3.0000000000000000E+06   5.0394226189208781E-03   1.6840621728155791E+03   3.1660735930780420E-02
   3.1000000000000000E+06   5.0461978774416771E-03   1.6818010730999042E+03   3.1732165787955929E-02
   3.2000000000000000E+06   5.0530283027272237E-03   1.6795277004040177E+03   3.1803278503124761E-02
   3.3000000000000000E+06   5.0598922372252489E-03   1.6772493577866830E+03   3.1873969855302074E-02
   3.4000000000000000E+06   5.0667696076323330E-03   1.6749727464560299E+03   3.1944149240362887E-02
   3.5000000000000000E+06   5.0736464746727102E-03   1.6727024730084943E+03   3.2013753068716434E-02
   3.6000000000000000E+06   5.0805080376659902E-03   1.6704433774018203E+03   3.2082720474049545E-02
   3.7000000000000000E+06   5.0873448450867295E-03   1.6681984932773294E+03   3.2151012716685676E-02
   3.8000000000000000E+06   5.0941467731685508E-03   1.6659710415208858E+03   3.2218592528195346E-02
   3.9000000000000000E+06   5.1009067967807045E-03   1.6637631980870572E+03   3.2285435831685756E-02
   4.0000000000000000E+06   5.1076200634677113E-03   1.6615764093451392E+03   3.2351528130720640E-02
   4.1000000000000000E+06   5.1142803272732559E-03   1.6594125590062567E+03   3.2416852310792554E-02
   4.2000000000000000E+06   5.1208845656818078E-03   1.6572724685556213E+03   3.2481403449484039E-02
   4.3000000000000000E+06   5.1274278157630799E-03   1.6551575780872995E+03   3.2545171508930278E-02
   4.4000000000000000E+06   5.1339077743552067E-03   1.6530684574718055E+03   3.2608156212063442E-02
   4.5000000000000000E+06   5.1403255671735324E-03   1.6510045705183575E+03   3.2670369357334375E-02
   4.6000000000000000E+06   5.1466765007236702E-03   1.6489672518104767E+03   3.2731804208215254E-02
   4.7000000000000000E+06   5.1529593357539424E-03   1.6469567198931061E+03   3.2792465859576909E-02
   4.8000000000000000E+06   5.1591742771139515E-03   1.6449727319743388E+03   3.2852364500034668E-02
   4.9000000000000000E+06   5.1653209901157283E-03   1.6430152204666235E+03   3.2911508782560842E-02
   5.0000000000000000E+06   5.1714004466169054E-03   1.6410837050740893E+03   3.2969911814567113E-02
   5.1000000000000000E+06   5.1774110226155776E-03   1.6391785331094829E+03   3.3027578246848488E-02
   5.2000000000000000E+06   5.1833524492083732E-03   1.6372996219178576E+03   3.3084517216725388E-02
   5.3000000000000000E+06   5.1892253561887144E-03   1.6354466076973431E+03   3.3140740798714013E-02
   5.4000000000000000E+06   5.1950307746546649E-03   1.6336190050616240E+03   3.3196262328878706E-02
   5.5000000000000000E+06   5.2007688182861330E-03   1.6318166220956130E+03   3.3251092033726753E-02
   5.6000000000000000E+06   5.2064420012969074E-03   1.6300385182898151E+03   3.3305247922396572E-02
   5.7000000000000000E+06   5.2120456983685845E-03   1.6282859929666929E+03   3.3358724373802461E-02
   5.8000000000000000E+06   5.2175899709985783E-03   1.6265557570695089E+03   3.3411563941157178E-02
   5.9000000000000000E+06   5.2230628834703816E-03   1.6248513936552524E+03   3.3463736628049315E-02
   6.0000000000000000E+06   5.2284778684209554E-03   1.6231685815510446E+03   3.3515295737912523E-02
   6.1000000000000000E+06   5.2338284988572986E-03   1.6215091891545112E+03   3.3566229041212974E-02
   6.2000000000000000E+06   5.2391202258504242E-03   1.6198713981560315E+03   3.3616563205058070E-02
   6.3000000000000000E+06   5.2443460540206668E-03   1.6182572465540097E+03   3.3666283748415834E-02
   6.4000000000000000E+06   5.2495172519945949E-03   1.6166631326206773E+03   3.3715436094769603E-02
   6.5000000000000000E+06   5.2546272486903309E-03   1.6150909671986926E+03   3.3764006769860529E-02
   6.6000000000000000E+06   5.2596814928064974E-03   1.6135389599090490E+03   3.3812021656425127E-02
   6.7000000000000000E+06   5.2646755226374402E-03   1.6120083695308720E+03   3.3859473832673265E-02
   6.8000000000000000E+06   5.2696174770972323E-03   1.6104965952919165E+03   3.3906397647982173E-02
   6.9000000000000000E+06   5.2744981460856981E-03   1.6090063490976875E+03   3.3952770174147183E-02
   7.0000000000000000E+06   5.2793342028544521E-03   1.6075324423991278E+03   3.3998653466940365E-02
   7.1000000000000000E+06   5.2841051784689591E-03   1.6060810144234954E+03   3.4043987179905068E-02
   7.2000000000000000E+06   5.2888367500183000E-03   1.6046441602355196E+03   3.4088862632767197E-02
   7.3000000000000000E+06   5.2935105442903215E-03   1.6032273732806264E+03   3.4133226018613981E-02
   7.4000000000000000E+06   5.2981349663535557E-03   1.6018280129237339E+03   3.4177111473526957E-02
   7.5000000000000000E+06   5.3027123898137770E-03   1.6004452780917106E+03   3.4220533118101262E-02
   7.6000000000000000E+06   5.3072343294272928E-03   1.5990816456509613E+03   3.4263469176702151E-02
   7.7000000000000000E+06   5.3117109209255145E-03   1.5977339753039769E+03   3.4305958986735434E-02
   7.8000000000000000E+06   5.3161457693883425E-03   1.5964011096581200E+03   3.4348020239823598E-02
   7.9000000000000000E+06   5.3205267278472936E-03   1.5950866219573759E+03   3.4389618642373984E-02
   8.0000000000000000E+06   5.3248718261239159E-03   1.5937850304151857E+03   3.4430819051322475E-02
   8.1000000000000000E+06   5.3291707060136445E-03   1.5924993725157174E+03   3.4471592767124019E-02
   8.2000000000000000E+06   5.3334156875239755E-03   1.5912318676393663E+03   3.4511919763121096E-02
   8.3000000000000000E+06   5.3376269302461473E-03   1.5899764289004929E+03   3.4551871484523440E-02
   8.4000000000000000E+06   5.3417994523042734E-03   1.5887344856600696E+03   3.4591436514942120E-02
   8.5000000000000000E+06   5.3459191187569003E-03   1.5875101767961849E+03   3.4630573191013307E-02
   8.6000000000000000E+06   5.3500043338635993E-03   1.5862979683283829E+03   3.4669346797059054E-02
   8.7000000000000000E+06   5.3540508805431531E-03   1.5850990576493962E+03   3.4707748059635203E-02
   8.8000000000000000E+06   5.3580579035386244E-03   1.5839136414989086E+03   3.4745778650269732E-02
   8.9000000000000000E+06   5.3620246245951377E-03   1.5827418931327015E+03   3.4783440380026523E-02
   9.0000000000000000E+06   5.3659562064843694E-03   1.5815822341412902E+03   3.4820754498809579E-02
   9.1000000000000000E+06   5.3698469829335299E-03   1.5804362828826108E+03   3.4857706515717415E-02
   9.2000000000000000E+06   5.3737075180618861E-03   1.5793008787379513E+03   3.4894335242944656E-02
   9.3000000000000000E+06   5.3775195513541133E-03   1.5781813388700436E+03   3.4930584542599827E-02
   9.4000000000000000E+06   5.3813106569424911E-03   1.5770695182607753E+03   3.4966549000583866E-02
   9.5000000000000000E+06   5.3850577023878956E-03   1.5759721574743041E+03   3.5002156254808701E-02
   9.6000000000000000E+06   5.3887691620849651E-03   1.5748867227543826E+03   3.5037437855247662E-02
   9.7000000000000000E+06   5.3924554257736134E-03   1.5738101356931199E+03   3.5072431565044866E-02
   9.8000000000000000E+06   5.3961052608073583E-03   1.5727456369311262E+03   3.5107103910850361E-02
   9.9000000000000000E+06   5.3997140225250503E-03   1.5716945323314110E+03   3.5141443013320173E-02
   1.0000000000000000E+07   5.4033095103518296E-03   1.5706486902326774E+03   3.5175543670660857E-02
   1.1000000000000000E+07   5.4375011267963338E-03   1.5607722752521183E+03   3.5500713130690233E-02
   1.2000000000000000E+07   5.4689864825727538E-03   1.5517867949389235E+03   3.5800632840517280E-02
   1.3000000000000000E+07   5.4981774540029888E-03   1.5435480350269645E+03   3.6078946647367695E-02
   1.4000000000000000E+07   5.5253504688914492E-03   1.5359570498083820E+03   3.6338412896059324E-02
   1.5000000000000000E+07   5.5507529439363518E-03   1.5289278933998949E+03   3.6581358021631531E-02
   1.6000000000000000E+07   5.5746249296347332E-03   1.5223806287380030E+03   3.6809823285303155E-02
   1.7000000000000000E+07   5.5971026636491925E-03   1.5162668107686131E+03   3.7025303306072260E-02
   1.8000000000000000E+07   5.6183203420032144E-03   1.5105406044415640E+03   3.7229122880882391E-02
   1.9000000000000000E+07   5.6384650755515716E-03   1.5051438452912075E+03   3.7422649702302316E-02
   2.0000000000000000E+07   5.6576276347250756E-03   1.5000458766969152E+03   3.7606827766281450E-02
   2.1000000000000000E+07   5.6758626551215120E-03   1.4952266326772460E+03   3.7782394596832948E-02
   2.2000000000000000E+07   5.6932875726243160E-03   1.4906503311308993E+03   3.7950221849890366E-02
   2.3000000000000000E+07   5.7099718555199035E-03   1.4862947173989428E+03   3.8110962799188852E-02
   2.4000000000000000E+07   5.7259669034310937E-03   1.4821428674815602E+03   3.8265160336511395E-02
   2.5000000000000000E+07   5.7412829866827341E-03   1.4781889387862095E+03   3.8413178879694906E-02
   2.6000000000000000E+07   5.7560091514463089E-03   1.4744071425291988E+03   3.8555605290537080E-02
   2.7000000000000000E+07   5.7702177916137956E-03   1.4707765481036267E+03   3.8692940099639160E-02
   2.8000000000000000E+07   5.7839412548982040E-03   1.4672868605241797E+03   3.8825524867762543E-02
   2.9000000000000000E+07   5.7971660719943795E-03   1.4639396042756835E+03   3.8953526817788311E-02
   3.0000000000000000E+07   5.8099497741298895E-03   1.4607184804152387E+03   3.9077326269679497E-02
   3.1000000000000000E+07   5.8223206459311018E-03   1.4576148449135580E+03   3.9197189338191808E-02
   3.2000000000000000E+07   5.8343043524498430E-03   1.4546208926848799E+03   3.9313357729699197E-02
   3.3000000000000000E+07   5.8459242523384233E-03   1.4517295536221004E+03   3.9426051632019253E-02
   3.4000000000000000E+07   5.8572016618296703E-03   1.4489344050866773E+03   3.9535472177169746E-02
   3.5000000000000000E+07   5.8681560880476328E-03   1.4462295954672609E+03   3.9641803582030559E-02
   3.6000000000000000E+07   5.8788054250112692E-03   1.4436097798456397E+03   3.9745214980813522E-02
   3.7000000000000000E+07   5.8891661270882188E-03   1.4410700636071124E+03   3.9845862027096259E-02
   3.8000000000000000E+07   5.8992533575786613E-03   1.4386059541676004E+03   3.9943888281768897E-02
   3.9000000000000000E+07   5.9090811210713388E-03   1.4362133183606047E+03   4.0039426435134695E-02
   4.0000000000000000E+07   5.9186623772728092E-03   1.4338883457762561E+03   4.0132599372035817E-02
   4.1000000000000000E+07   5.9280091419195539E-03   1.4316275164528145E+03   4.0223521112165900E-02
   4.2000000000000000E+07   5.9371325768581120E-03   1.4294275722316736E+03   4.0312297643911761E-02
   4.3000000000000000E+07   5.9460430671324539E-03   1.4272854921396790E+03   4.0399027654269337E-02
   4.4000000000000000E+07   5.9547502936968628E-03   1.4251984695880685E+03   4.0483803191351697E-02
   4.5000000000000000E+07   5.9632632928152598E-03   1.4231638934307887E+03   4.0566710236990343E-02
   4.6000000000000000E+07   5.9715905142270747E-03   1.4211793298848349E+03   4.0647829235070466E-02
   4.7000000000000000E+07   5.9797398688069747E-03   1.4192425074586167E+03   4.0727235550116418E-02
   4.8000000000000000E+07   5.9877187739556439E-03   1.4173513028484024E+03   4.0804999887545636E-02
   4.9000000000000000E+07   5.9955341946755910E-03   1.4155037282403612E+03   4.0881188672566057E-02
   5.0000000000000000E+07   6.0031926778399388E-03   1.4136979205554244E+03   4.0955864382716520E-02
   5.1000000000000000E+07   6.0107003865006534E-03   1.4119321309736270E+03   4.1029085859347475E-02
   5.2000000000000000E+07   6.0180631271881998E-03   1.4102047163671220E+03   4.1100908577252702E-02
   5.3000000000000000E+07   6.0252863796446399E-03   1.4085141303866787E+03   4.1171384905612625E-02
   5.4000000000000000E+07   6.0323753185667359E-03   1.4068589166252791E+03   4.1240564327775599E-02
   5.5000000000000000E+07   6.0393348365308285E-03   1.4052377016788957E+03   4.1308493651652990E-02
   5.6000000000000000E+07   6.0461695653735601E-03   1.4036491887292154E+03   4.1375217203158954E-02
   5.7000000000000000E+07   6.0528838906822157E-03   1.4020921528695212E+03   4.1440776986333812E-02
   5.8000000000000000E+07   6.0594819735672436E-03   1.4005654348633557E+03   4.1505212857871725E-02
   5.9000000000000000E+07   6.0659677625575009E-03   1.3990679373109219E+03   4.1568562660545282E-02
   6.0000000000000000E+07   6.0723450085452485E-03   1.3975986202057104E+03   4.1630862358913889E-02
   6.1000000000000000E+07   6.0786172782414955E-03   1.3961564969280346E+03   4.1692146163129322E-02
   6.2000000000000000E+07   6.0847879657604806E-03   1.3947406307518224E+03   4.1752446640252891E-02
   6.3000000000000000E+07   6.0908603028683329E-03   1.3933501317308624E+03   4.1811794815440582E-02
   6.4000000000000000E+07   6.0968373712477833E-03   1.3919841531903903E+03   4.1870220274555350E-02
   6.5000000000000000E+07   6.1027221080077205E-03   1.3906418898248698E+03   4.1927751239819955E-02
   6.6000000000000000E+07   6.1085173183884883E-03   1.3893225742044358E+03   4.1984414664840930E-02
   6.7000000000000000E+07   6.1142256821845598E-03   1.3880254747684824E+03   4.2040236305033313E-02
   6.8000000000000000E+07   6.1198497589999134E-03   1.3867498941252998E+03   4.2095240780621268E-02
   6.9000000000000000E+07   6.1253919981664141E-03   1.3854951663332397E+03   4.2149451651706388E-02
   7.0000000000000000E+07   6.1308547448331334E-03   1.3842606550918795E+03   4.2202891477738744E-02
   7.1000000000000000E+07   6.1362402425727330E-03   1.3830457527519593E+03   4.2255581862779799E-02
   7.2000000000000000E+07   6.1415506444338769E-03   1.3818498774486893E+03   4.2307543526036363E-02
   7.3000000000000000E+07   6.1467880108449866E-03   1.3806724732303271E+03   4.2358796326811402E-02
   7.4000000000000000E+07   6.1519543236649510E-03   1.3795130065757744E+03   4.2409359340458308E-02
   7.5000000000000000E+07   6.1570514809132339E-03   1.3783709672827190E+03   4.2459250868797239E-02
   7.6000000000000000E+07   6.1620813075611309E-03   1.3772458657665447E+03   4.2508488501573245E-02
   7.7000000000000000E+07   6.1670455576669789E-03   1.3761372323259484E+03   4.2557089147762572E-02
   7.8000000000000000E+07   6.1719459166357073E-03   1.3750446163957838E+03   4.2605069065746348E-02
   7.9000000000000000E+07   6.1767840068093285E-03   1.3739675850734093E+03   4.2652443903019283E-02
   8.0000000000000000E+07   6.1815613877294218E-03   1.3729057228489582E+03   4.2699228717045984E-02
   8.1000000000000000E+07   6.1862795645384301E-03   1.3718586295394944E+03   4.2745438021676053E-02
   8.2000000000000000E+07   6.1909399841394586E-03   1.3708259209583541E+03   4.2791085792142657E-02
   8.3000000000000000E+07   6.1955440409709054E-03   1.3698072274579324E+03   4.2836185500647016E-02
   8.4000000000000000E+07   6.2000930827061590E-03   1.3688021925070316E+03   4.2880750150717427E-02
   8.5000000000000000E+07   6.2045884063678869E-03   1.3678104733983334E+03   4.2924792279116580E-02
   8.6000000000000000E+07   6.2090312648529827E-03   1.3668317396621803E+03   4.2968323991158887E-02
   8.7000000000000000E+07   6.2134228660121827E-03   1.3658656731346362E+03   4.3011356970739406E-02
   8.8000000000000000E+07   6.2177643806893453E-03   1.3649119660618235E+03   4.3053902519108678E-02
   8.9000000000000000E+07   6.2220569357369663E-03   1.3639703225169333E+03   4.3095971543524902E-02
   9.0000000000000000E+07   6.2263016213149128E-03   1.3630404566818258E+03   4.3137574592264229E-02
   9.1000000000000000E+07   6.2304994946762587E-03   1.3621220919137313E+03   4.3178721877472417E-02
   9.2000000000000000E+07   6.2346515750066464E-03   1.3612149617754419E+03   4.3219423268017032E-02
   9.3000000000000000E+07   6.2387588498630199E-03   1.3603188085306756E+03   4.3259688319983267E-02
   9.4000000000000000E+07   6.2428222738967398E-03   1.3594333833339313E+03   4.3299526281290149E-02
   9.5000000000000000E+07   6.2468427750354332E-03   1.3585584447989781E+03   4.3338946120388334E-02
   9.6000000000000000E+07   6.2508212487039144E-03   1.3576937601784018E+03   4.3377956515169222E-02
   9.7000000000000000E+07   6.2547585640379657E-03   1.3568391039344933E+03   4.3416565880930125E-02
   9.8000000000000000E+07   6.2586555639525809E-03   1.3559942576543060E+03   4.3454782377738019E-02
   9.9000000000000000E+07   6.2625130626998140E-03   1.3551590105102621E+03   4.3492613909172598E-02
   1.0000000000000000E+08   6.2663318559709252E-03   1.3543331570078353E+03   4.3530068162012832E-02
   1.1000000000000000E+08   6.3025494003615245E-03   1.3465504934985609E+03   4.3885396788627080E-02
   1.2000000000000000E+08   6.3356174268366233E-03   1.3395223280698128E+03   4.4209991878265006E-02
   1.3000000000000000E+08   6.3660399105888469E-03   1.3331209236121276E+03   4.4508747932001297E-02
   1.4000000000000000E+08   6.3942088183275977E-03   1.3272480218397941E+03   4.4785476236406899E-02
   1.5000000000000000E+08   6.4204350034951464E-03   1.3218264807191247E+03   4.5043202571167479E-02
   1.6000000000000000E+08   6.4449691571293799E-03   1.3167946654900500E+03   4.5284369269240864E-02
   1.7000000000000000E+08   6.4680163762958565E-03   1.3121025847210497E+03   4.5510976129420913E-02
   1.8000000000000000E+08   6.4897466092293781E-03   1.3077091474244201E+03   4.5724681319571747E-02
   1.9000000000000000E+08   6.5103022270765259E-03   1.3035801886522945E+03   4.5926874922849602E-02
   2.0000000000000000E+08   6.5298037135693284E-03   1.2996870009614518E+03   4.6118733874782755E-02
   2.1000000000000000E+08   6.5483539080597201E-03   1.2960052441439416E+03   4.6301263343655606E-02
   2.2000000000000000E+08   6.5660413031687565E-03   1.2925141060657368E+03   4.6475328649049914E-02
   2.3000000000000000E+08   6.5829425949034473E-03   1.2891956572621984E+03   4.6641680056933227E-02
   2.4000000000000000E+08   6.5991246828275415E-03   1.2860343474703914E+03   4.6800972287908860E-02
   2.5000000000000000E+08   6.6146462838754016E-03   1.2830166030259243E+03   4.6953780125540509E-02
   2.6000000000000000E+08   6.6295591966720052E-03   1.2801305114850077E+03   4.7100610862454671E-02
   2.7000000000000000E+08   6.6439093589186100E-03   1.2773655609800796E+03   4.7241914507424293E-02
   2.8000000000000000E+08   6.6577376998195230E-03   1.2747124305581951E+03   4.7378092098803934E-02
   2.9000000000000000E+08   6.6710808391040695E-03   1.2721628188957220E+03   4.7509502549838725E-02
   3.0000000000000000E+08   6.6839716722323231E-03   1.2697093018231583E+03   4.7636468351465046E-02
   3.1000000000000000E+08   6.6964398582395725E-03   1.2673452140264483E+03   4.7759280337387244E-02
   3.2000000000000000E+08   6.7085122275609803E-03   1.2650645504512090E+03   4.7878201685746871E-02
   3.3000000000000000E+08   6.7202131432747819E-03   1.2628618801843945E+03   4.7993471359488192E-02
   3.4000000000000000E+08   6.7315647817662635E-03   1.2607322785251552E+03   4.8105306946430511E-02
   3.5000000000000000E+08   6.7425873859789324E-03   1.2586712666125447E+03   4.8213907132122806E-02
   3.6000000000000000E+08   6.7532994955181455E-03   1.2566747574260705E+03   4.8319453866220087E-02
   3.7000000000000000E+08   6.7637181265471280E-03   1.2547390128583500E+03   4.8422114171096299E-02
   3.8000000000000000E+08   6.7738589255715775E-03   1.2528606070194712E+03   4.8522041702726192E-02
   3.9000000000000000E+08   6.7837363330934672E-03   1.2510363888930558E+03   4.8619378207376905E-02
   4.0000000000000000E+08   6.7933636804416659E-03   1.2492634583644303E+03   4.8714254642471040E-02
   4.1000000000000000E+08   6.8027533121698628E-03   1.2475391383329293E+03   4.8806792282766749E-02
   4.2000000000000000E+08   6.8119166920845723E-03   1.2458609505922750E+03   4.8897103688114542E-02
   4.3000000000000000E+08   6.8208644648088644E-03   1.2442266004758808E+03   4.8985293452260298E-02
   4.4000000000000000E+08   6.8296065423371919E-03   1.2426339574243755E+03   4.9071458971228957E-02
   4.5000000000000000E+08   6.8381521631095061E-03   1.2410810410361973E+03   4.9155691067071711E-02
   4.6000000000000000E+08   6.8465099800047889E-03   1.2395660022611892E+03   4.9238074659684009E-02
   4.7000000000000000E+08   6.8546880529717783E-03   1.2380871222398735E+03   4.9318689083810499E-02
   4.8000000000000000E+08   6.8626939567156681E-03   1.2366427905547193E+03   4.9397608748797311E-02
   4.9000000000000000E+08   6.8705347936019153E-03   1.2352315009391973E+03   4.9474903455034164E-02
   5.0000000000000000E+08   6.8782172255933034E-03   1.2338518437274017E+03   4.9550638745405939E-02
   5.1000000000000000E+08   6.8857475363275434E-03   1.2325024930963680E+03   4.9624876331575536E-02
   5.2000000000000000E+08   6.8931316279351772E-03   1.2311822062069116E+03   4.9697674284012533E-02
   5.3000000000000000E+08   6.9003750698786014E-03   1.2298898131497044E+03   4.9769087374140271E-02
   5.4000000000000000E+08   6.9074831156688016E-03   1.2286242127910239E+03   4.9839167293859843E-02
   5.5000000000000000E+08   6.9144607462323137E-03   1.2273843639911138E+03   4.9907962947692092E-02
   5.6000000000000000E+08   6.9213126489849168E-03   1.2261692883647634E+03   4.9975520519930330E-02
   5.7000000000000000E+08   6.9280432850751259E-03   1.2249780574608294E+03   5.0041883819899470E-02
   5.8000000000000000E+08   6.9346568582368652E-03   1.2238097974920727E+03   5.0107094292687844E-02
   5.9000000000000000E+08   6.9411573844395729E-03   1.2226636762884875E+03   5.0171191351907965E-02
   6.0000000000000000E+08   6.9475486662385197E-03   1.2215389071827353E+03   5.0234212390165338E-02
   6.1000000000000000E+08   6.9538342988390020E-03   1.2204347473123989E+03   5.0296192886064774E-02
   6.2000000000000000E+08   6.9600177242762403E-03   1.2193504875360627E+03   5.0357166662477214E-02
   6.3000000000000000E+08   6.9661022164273952E-03   1.2182854545749581E+03   5.0417165910809678E-02
   6.4000000000000000E+08   6.9720908946559320E-03   1.2172390081518986E+03   5.0476221303717830E-02
   6.5000000000000000E+08   6.9779867195345858E-03   1.2162105413009317E+03   5.0534362043586509E-02
   6.6000000000000000E+08   6.9837925414721501E-03   1.2151994714847178E+03   5.0591616080333364E-02
   6.7000000000000000E+08   6.9895110497890959E-03   1.2142052491085126E+03   5.0648009997291008E-02
   6.8000000000000000E+08   6.9951448420394477E-03   1.2132273451083477E+03   5.0703569288813505E-02
   6.9000000000000000E+08   7.0006963871720573E-03   1.2122652570545324E+03   5.0758318284947014E-02
   7.0000000000000000E+08   7.0061680552651216E-03   1.2113185036973432E+03   5.0812280291866678E-02
   7.1000000000000000E+08   7.0115621124274075E-03   1.2103866255871717E+03   5.0865477614676101E-02
   7.2000000000000000E+08   7.0168807269175466E-03   1.2094691837642229E+03   5.0917931614360139E-02
   7.3000000000000000E+08   7.0221259874867006E-03   1.2085657563648126E+03   5.0969662802415452E-02
   7.4000000000000000E+08   7.0272998785393713E-03   1.2076759426865153E+03   5.1020690791069634E-02
   7.5000000000000000E+08   7.0324043221139916E-03   1.2067993557578479E+03   5.1071034461225261E-02
   7.6000000000000000E+08   7.0374411613528393E-03   1.2059356250055573E+03   5.1120711935904374E-02
   7.7000000000000000E+08   7.0424121543650863E-03   1.2050843971260008E+03   5.1169740586076332E-02
   7.8000000000000000E+08   7.0473190065004163E-03   1.2042453303912841E+03   5.1218137161194714E-02
   7.9000000000000000E+08   7.0521633513833957E-03   1.2034180977516733E+03   5.1265917749587477E-02
   8.0000000000000000E+08   7.0569467645750696E-03   1.2026023843566422E+03   5.1313097844773205E-02
   8.1000000000000000E+08   7.0616707566584606E-03   1.2017978886021763E+03   5.1359692342744769E-02
   8.2000000000000000E+08   7.0663367779165015E-03   1.2010043212033493E+03   5.1405715576171095E-02
   8.3000000000000000E+08   7.0709462470892239E-03   1.2002214001908792E+03   5.1451181426698585E-02
   8.4000000000000000E+08   7.0755005130291992E-03   1.1994488573250774E+03   5.1496103215387570E-02
   8.5000000000000000E+08   7.0800008789195677E-03   1.1986864338710322E+03   5.1540493798034305E-02
   8.6000000000000000E+08   7.0844486109686317E-03   1.1979338790341671E+03   5.1584365608503692E-02
   8.7000000000000000E+08   7.0888449301354274E-03   1.1971909512758573E+03   5.1627730645368568E-02
   8.8000000000000000E+08   7.0931909976360823E-03   1.1964574206706400E+03   5.1670600437291013E-02
   8.9000000000000000E+08   7.0974879615950219E-03   1.1957330609474750E+03   5.1712986208882310E-02
   9.0000000000000000E+08   7.1017369200197062E-03   1.1950176556712440E+03   5.1754898770504223E-02
   9.1000000000000000E+08   7.1059389194337626E-03   1.1943109983883924E+03   5.1796348524793909E-02
   9.2000000000000000E+08   7.1100949984607012E-03   1.1936128852277216E+03   5.1837345620473207E-02
   9.3000000000000000E+08   7.1142061508688882E-03   1.1929231210595933E+03   5.1877899840602128E-02
   9.4000000000000000E+08   7.1182733255401474E-03   1.1922415194294165E+03   5.1918020611786554E-02
   9.5000000000000000E+08   7.1222974728607806E-03   1.1915678947269605E+03   5.1957717165659945E-02
   9.6000000000000000E+08   7.1262794679720432E-03   1.1909020749885028E+03   5.1996998294702425E-02
   9.7000000000000000E+08   7.1302202108674334E-03   1.1902438850936153E+03   5.2035872689542934E-02
   9.8000000000000000E+08   7.1341205293496126E-03   1.1895931629472439E+03   5.2074348627164674E-02
   9.9000000000000000E+08   7.1379812544763929E-03   1.1889497468256400E+03   5.2112434226304585E-02
   1.0000000000000000E+09   7.1418031831377684E-03   1.1883134815859232E+03   5.2150137331097836E-02
   1.1000000000000000E+09   7.1780475822136886E-03   1.1823132834038133E+03   5.2507699006344707E-02
   1.2000000000000000E+09   7.2111361842452128E-03   1.1768881891174783E+03   5.2834146052425875E-02
   1.3000000000000000E+09   7.2415747841620050E-03   1.1719413605887316E+03   5.3134462717585158E-02
   1.4000000000000000E+09   7.2697565504443286E-03   1.1673982404317464E+03   5.3412523926344817E-02
   1.5000000000000000E+09   7.2959931468826941E-03   1.1632002435448999E+03   5.3671401800369820E-02
   1.6000000000000000E+09   7.3205358719438838E-03   1.1593005148545669E+03   5.3913573367011275E-02
   1.7000000000000000E+09   7.3435902271068451E-03   1.1556610244985548E+03   5.4141064716924127E-02
   1.8000000000000000E+09   7.3653264722119000E-03   1.1522504857557533E+03   5.4355554428707084E-02
   1.9000000000000000E+09   7.3858871669177295E-03   1.1490428723808316E+03   5.4558448489582308E-02
   2.0000000000000000E+09   7.4053930406366188E-03   1.1460162828340974E+03   5.4750936855662631E-02
   2.1000000000000000E+09   7.4239469897708077E-03   1.1431521557265150E+03   5.4934034758049907E-02
   2.2000000000000000E+09   7.4416376790103793E-03   1.1404345886515223E+03   5.5108616153950123E-02
   2.3000000000000000E+09   7.4585418499155060E-03   1.1378498875691114E+03   5.5275438120707406E-02
   2.4000000000000000E+09   7.4747264670509336E-03   1.1353861633286228E+03   5.5435161139272215E-02
   2.5000000000000000E+09   7.4902503030861546E-03   1.1330330312004601E+03   5.5588364831911950E-02
   2.6000000000000000E+09   7.5051652066565003E-03   1.1307813714518668E+03   5.5735560592003096E-02
   2.7000000000000000E+09   7.5195171083135602E-03   1.1286231393732710E+03   5.5877201755525047E-02
   2.8000000000000000E+09   7.5333470650598301E-03   1.1265511773269761E+03   5.6013692651564730E-02
   2.9000000000000000E+09   7.5466916392788654E-03   1.1245591327972729E+03   5.6145394477481826E-02
   3.0000000000000000E+09   7.5595837818285419E-03   1.1226413054321722E+03   5.6272632048402167E-02
   3.1000000000000000E+09   7.5720531229970965E-03   1.1207925865682182E+03   5.6395697967962184E-02
   3.2000000000000000E+09   7.5841265488868917E-03   1.1190083591895559E+03   5.6514857228111483E-02
   3.3000000000000000E+09   7.5958284358942085E-03   1.1172844511932140E+03   5.6630350267922784E-02
   3.4000000000000000E+09   7.6071809884285142E-03   1.1156170752694352E+03   5.6742396030657734E-02
   3.5000000000000000E+09   7.6182043881715235E-03   1.1140027981571125E+03   5.6851194118670616E-02
   3.6000000000000000E+09   7.6289172236490314E-03   1.1124384701734314E+03   5.6956927636297762E-02
   3.7000000000000000E+09   7.6393365587573460E-03   1.1109212089402122E+03   5.7059764648937451E-02
   3.8000000000000000E+09   7.6494780386180796E-03   1.1094483783744597E+03   5.7159859600405316E-02
   3.9000000000000000E+09   7.6593560221126632E-03   1.1080175645125585E+03   5.7257354679269970E-02
   4.0000000000000000E+09   7.6689838960667814E-03   1.1066265258046080E+03   5.7352381665150123E-02
   4.1000000000000000E+09   7.6783740484764424E-03   1.1052731934881210E+03   5.7445062552747679E-02
   4.2000000000000000E+09   7.6875378910419142E-03   1.1039556650829911E+03   5.7535510252340570E-02
   4.3000000000000000E+09   7.6964861116376624E-03   1.1026721652265887E+03   5.7623829973197600E-02
   4.4000000000000000E+09   7.7052286080545726E-03   1.1014210527750463E+03   5.7710119494667367E-02
   4.5000000000000000E+09   7.7137746025573153E-03   1.1002008021523354E+03   5.7794469977309394E-02
   4.6000000000000000E+09   7.7221327713563066E-03   1.0990099829461074E+03   5.7876966775362478E-02
   4.7000000000000000E+09   7.7303112222348817E-03   1.0978472614330672E+03   5.7957689708027782E-02
   4.8000000000000000E+09   7.7383174250746272E-03   1.0967114088466105E+03   5.8036713139471542E-02
   4.9000000000000000E+09   7.7461585616324206E-03   1.0956012503270251E+03   5.8114107406524014E-02
   5.0000000000000000E+09   7.7538412792749886E-03   1.0945156986950096E+03   5.8189938257175451E-02
   5.1000000000000000E+09   7.7613718879252320E-03   1.0934537254372608E+03   5.8264267722802861E-02
   5.2000000000000000E+09   7.7687561989011091E-03   1.0924143824408229E+03   5.8337153790299329E-02
   5.3000000000000000E+09   7.7759998708410247E-03   1.0913967523559102E+03   5.8408651723490440E-02
   5.4000000000000000E+09   7.7831081709380263E-03   1.0903999814682065E+03   5.8478813443480750E-02
   5.5000000000000000E+09   7.7900859459029909E-03   1.0894232829124624E+03   5.8547687583912850E-02
   5.6000000000000000E+09   7.7969380648465862E-03   1.0884658740101017E+03   5.8615321085476645E-02
   5.7000000000000000E+09   7.8036688915545565E-03   1.0875270495574869E+03   5.8681757584516908E-02
   5.8000000000000000E+09   7.8102826698173092E-03   1.0866061273495986E+03   5.8747038795123170E-02
   5.9000000000000000E+09   7.8167833438976073E-03   1.0857024727417133E+03   5.8811204022825143E-02
   6.0000000000000000E+09   7.8231747809666217E-03   1.0848154672452895E+03   5.8874290992177260E-02
   6.1000000000000000E+09   7.8294605987357067E-03   1.0839445321081625E+03   5.8936335367336133E-02
   6.2000000000000000E+09   7.8356442373113018E-03   1.0830891179240127E+03   5.8997371069100135E-02
   6.3000000000000000E+09   7.8417288242592989E-03   1.0822487228965731E+03   5.9057429905079742E-02
   6.4000000000000000E+09   7.8477176513589170E-03   1.0814228266592015E+03   5.9116543206802569E-02
   6.5000000000000000E+09   7.8536135743823478E-03   1.0806109728951506E+03   5.9174739917685189E-02
   6.6000000000000000E+09   7.8594195472128214E-03   1.0798126953746223E+03   5.9232048408805395E-02
   6.7000000000000000E+09   7.8651381414949258E-03   1.0790275838362841E+03   5.9288494952112192E-02
   6.8000000000000000E+09   7.8707720607703938E-03   1.0782552130629470E+03   5.9344105462092546E-02
   6.9000000000000000E+09   7.8763237476674134E-03   1.0774951966479568E+03   5.9398904249422499E-02
   7.0000000000000000E+09   7.8817954909021319E-03   1.0767471720310398E+03   5.9452914415913417E-02
   7.1000000000000000E+09   7.8871896426913751E-03   1.0760107706069969E+03   5.9506158609823570E-02
   7.2000000000000000E+09   7.8925083575983775E-03   1.0752856532847943E+03   5.9558658203539762E-02
   7.3000000000000000E+09   7.8977537148903019E-03   1.0745714935824317E+03   5.9610433730727254E-02
   7.4000000000000000E+09   7.9029276478955347E-03   1.0738679870890364E+03   5.9661504686024554E-02
   7.5000000000000000E+09   7.9080321807075225E-03   1.0731748191490763E+03   5.9711890333927264E-02
   7.6000000000000000E+09   7.9130691060598172E-03   1.0724917085403395E+03   5.9761608676853033E-02
   7.7000000000000000E+09   7.9180402249141649E-03   1.0718183747857722E+03   5.9810677269705265E-02
   7.8000000000000000E+09   7.9229471741727488E-03   1.0711545614011977E+03   5.9859112677390469E-02
   7.9000000000000000E+09   7.9277915701435366E-03   1.0705000163371114E+03   5.9906930969896618E-02
   8.0000000000000000E+09   7.9325750533857341E-03   1.0698544858688260E+03   5.9954147891333499E-02
   8.1000000000000000E+09   7.9372990568608529E-03   1.0692177458048686E+03   6.0000778117159592E-02
   8.2000000000000000E+09   7.9419651823155173E-03   1.0685895506383388E+03   6.0046836511639945E-02
   8.3000000000000000E+09   7.9465746853419773E-03   1.0679697028469629E+03   6.0092336451145860E-02
   8.4000000000000000E+09   7.9511290870314874E-03   1.0673579704796789E+03   6.0137291853579494E-02
   8.5000000000000000E+09   7.9556294764738973E-03   1.0667541808542542E+03   6.0181714898896975E-02
   8.6000000000000000E+09   7.9600772530905323E-03   1.0661581207721163E+03   6.0225618486651665E-02
   8.7000000000000000E+09   7.9644735965604778E-03   1.0655696076412282E+03   6.0269014505615129E-02
   8.8000000000000000E+09   7.9688198139143684E-03   1.0649884428980599E+03   6.0311914989166854E-02
   8.9000000000000000E+09   7.9731167863588501E-03   1.0644144859229591E+03   6.0354330307349553E-02
   9.0000000000000000E+09   7.9773657506386313E-03   1.0638475495092430E+03   6.0396271749760970E-02
   9.1000000000000000E+09   7.9815678731619318E-03   1.0632874568281818E+03   6.0437750135230242E-02
   9.2000000000000000E+09   7.9857239861870037E-03   1.0627340764638764E+03   6.0478774954152097E-02
   9.3000000000000000E+09   7.9898351450813417E-03   1.0621872480786299E+03   6.0519356212174302E-02
   9.4000000000000000E+09   7.9939023109837828E-03   1.0616468246922373E+03   6.0559503395212301E-02
   9.5000000000000000E+09   7.9979266050839350E-03   1.0611126388633329E+03   6.0599226315193162E-02
   9.6000000000000000E+09   8.0019085150739837E-03   1.0605846079555440E+03   6.0638532507109211E-02
   9.7000000000000000E+09   8.0058493370266312E-03   1.0600625427842272E+03   6.0677431981628373E-02
   9.8000000000000000E+09   8.0097497206336396E-03   1.0595463405671182E+03   6.0715932445716971E-02
   9.9000000000000000E+09   8.0136105240252095E-03   1.0590358715228688E+03   6.0754042122598093E-02
   1.0000000000000000E+10   8.0174324059594775E-03   1.0585310328338508E+03   6.0791768416639039E-02
   1.1000000000000000E+10   8.0536771170577059E-03   1.0537672273179439E+03   6.1149541170401625E-02
   1.2000000000000000E+10   8.0867659596017237E-03   1.0494554989908281E+03   6.1476164002044822E-02
   1.3000000000000000E+10   8.1172048489291885E-03   1.0455201221730194E+03   6.1776629656151355E-02
   1.4000000000000000E+10   8.1453867284972791E-03   1.0419027712538775E+03   6.2054818100124573E-02
   1.5000000000000000E+10   8.1716233735283882E-03   1.0385575322582979E+03   6.2313806061741056E-02
   1.6000000000000000E+10   8.1961662492618242E-03   1.0354476406722733E+03   6.2556074295714637E-02
   1.7000000000000000E+10   8.2192207337832557E-03   1.0325432641653238E+03   6.2783650916615252E-02
   1.8000000000000000E+10   8.2409568888004246E-03   1.0298198522175762E+03   6.2998215740574487E-02
   1.9000000000000000E+10   8.2615176099119867E-03   1.0272569043699325E+03   6.3201177351567467E-02
   2.0000000000000000E+10   8.2810236098116753E-03   1.0248371946797133E+03   6.3393726843581744E-02
   2.1000000000000000E+10   8.2995777012003051E-03   1.0225461235369245E+03   6.3576880137714273E-02
   2.2000000000000000E+10   8.3172683995906688E-03   1.0203711840985607E+03   6.3751511490076851E-02
   2.3000000000000000E+10   8.3341725722191947E-03   1.0183015688498109E+03   6.3918379043890319E-02
   2.4000000000000000E+10   8.3503573340827555E-03   1.0163278846423275E+03   6.4078144318617372E-02
   2.5000000000000000E+10   8.3658811999825916E-03   1.0144419700071203E+03   6.4231386544522359E-02
   2.6000000000000000E+10   8.3807960585456677E-03   1.0126366213985383E+03   6.4378617632805626E-02
   2.7000000000000000E+10   8.3951481130613362E-03   1.0109054528951187E+03   6.4520292145844163E-02
   2.8000000000000000E+10   8.4089777452287136E-03   1.0092428904537484E+03   6.4656812472572420E-02
   2.9000000000000000E+10   8.4223224303387224E-03   1.0076438031848846E+03   6.4788543057293480E-02
   3.0000000000000000E+10   8.4352145852087980E-03   1.0061037475249717E+03   6.4915807168549999E-02
   3.1000000000000000E+10   8.4476840877101399E-03   1.0046186525491044E+03   6.5038898408020143E-02
   3.2000000000000000E+10   8.4597574616924309E-03   1.0031849073434371E+03   6.5158080736121227E-02
   3.3000000000000000E+10   8.4714592229785893E-03   1.0017991920843979E+03   6.5273595191750119E-02
   3.4000000000000000E+10   8.4828115934232080E-03   1.0004585050475102E+03   6.5385660899982476E-02
   3.5000000000000000E+10   8.4938353084877717E-03   9.9916006104747862E+02   6.5494479395601130E-02
   3.6000000000000000E+10   8.5045482271003670E-03   9.9790144975748092E+02   6.5600231480049107E-02
   3.7000000000000000E+10   8.5149674180860207E-03   9.9668038509811424E+02   6.5703085322397908E-02
   3.8000000000000000E+10   8.5251090872398190E-03   9.9549471080183162E+02   6.5803197289444865E-02
   3.9000000000000000E+10   8.5349872151459800E-03   9.9434255628357323E+02   6.5900708395153940E-02
   4.0000000000000000E+10   8.5446151013691476E-03   9.9322215274459847E+02   6.5995750195054270E-02
   4.1000000000000000E+10   8.5540046689745516E-03   9.9213191175090299E+02   6.6088443210899267E-02
   4.2000000000000000E+10   8.5631686248469844E-03   9.9107017240449602E+02   6.6178904666444688E-02
   4.3000000000000000E+10   8.5721170235305913E-03   9.9003559821450733E+02   6.6267237733690074E-02
   4.4000000000000000E+10   8.5808594621031905E-03   9.8902692006981761E+02   6.6353539244839124E-02
   4.5000000000000000E+10   8.5894054580591891E-03   9.8804289153599643E+02   6.6437901370784466E-02
   4.6000000000000000E+10   8.5977636280397448E-03   9.8708238240911078E+02   6.6520409304886258E-02
   4.7000000000000000E+10   8.6059420798509367E-03   9.8614433220806291E+02   6.6601142898926963E-02
   4.8000000000000000E+10   8.6139482168705664E-03   9.8522777148050636E+02   6.6680176327816865E-02
   4.9000000000000000E+10   8.6217892167161168E-03   9.8433176595197506E+02   6.6757579941965392E-02
   5.0000000000000000E+10   8.6294722423335760E-03   9.8345539182833068E+02   6.6833421210940436E-02
   5.1000000000000000E+10   8.6370029238664100E-03   9.8259790811286928E+02   6.6907759952259768E-02
   5.2000000000000000E+10   8.6443872742976505E-03   9.8175853719434485E+02   6.6980654837828807E-02
   5.3000000000000000E+10   8.6516305462029323E-03   9.8093659455679756E+02   6.7052159814967746E-02
   5.4000000000000000E+10   8.6587389547568058E-03   9.8013129275523158E+02   6.7122329942296360E-02
   5.5000000000000000E+10   8.6657170327692455E-03   9.7934204097174779E+02   6.7191212837517389E-02
   5.6000000000000000E+10   8.6725689612498890E-03   9.7856829311770252E+02   6.7258853192889073E-02
   5.7000000000000000E+10   8.6792996694491312E-03   9.7780942340645265E+02   6.7325296519793784E-02
   5.8000000000000000E+10   8.6859136464731441E-03   9.7706486050570368E+02   6.7390585353411719E-02
   5.9000000000000000E+10   8.6924144443760679E-03   9.7633414279351439E+02   6.7454757721127204E-02
   6.0000000000000000E+10   8.6988058014447513E-03   9.7561679143892911E+02   6.7517850935300897E-02
   6.1000000000000000E+10   8.7050920436029609E-03   9.7491226547023393E+02   6.7579903001587921E-02
   6.2000000000000000E+10   8.7112750892195112E-03   9.7422029707894785E+02   6.7640942843689864E-02
   6.3000000000000000E+10   8.7173598932043014E-03   9.7354028161344559E+02   6.7701008291849649E-02
   6.4000000000000000E+10   8.7233488998497612E-03   9.7287189848637536E+02   6.7760127898147726E-02
   6.5000000000000000E+10   8.7292445124286210E-03   9.7221483408702557E+02   6.7818329125298615E-02
   6.6000000000000000E+10   8.7350504394629134E-03   9.7156863193541983E+02   6.7875642835666022E-02
   6.7000000000000000E+10   8.7407694507877862E-03   9.7093294281900819E+02   6.7932095960862734E-02
   6.8000000000000000E+10   8.7464032811886867E-03   9.7030753471071125E+02   6.7987711234744008E-02
   6.9000000000000000E+10   8.7519549242011906E-03   9.6969203781982117E+02   6.8042514787444858E-02
   7.0000000000000000E+10   8.7574267676378548E-03   9.6908615173552778E+02   6.8096530052995721E-02
   7.1000000000000000E+10   8.7628205303517288E-03   9.6848965192891205E+02   6.8149777601674968E-02
   7.2000000000000000E+10   8.7681396932362959E-03   9.6790212089144450E+02   6.8202283175663556E-02
   7.3000000000000000E+10   8.7733850556618413E-03   9.6732343918714002E+02   6.8254063102478987E-02
   7.4000000000000000E+10   8.7785586348072316E-03   9.6675335421305533E+02   6.8305137157677220E-02
   7.5000000000000000E+10   8.7836632197972331E-03   9.6619153000173674E+02   6.8355527127729604E-02
   7.6000000000000000E+10   8.7886997773578938E-03   9.6563783271103944E+02   6.8405248301637037E-02
   7.7000000000000000E+10   8.7936710522651482E-03   9.6509193429174195E+02   6.8454321344201111E-02
   7.8000000000000000E+10   8.7985778914478861E-03   9.6455371652785436E+02   6.8502760224977116E-02
   7.9000000000000000E+10   8.8034229409555704E-03   9.6402286500104015E+02   6.8550584406081236E-02
   8.0000000000000000E+10   8.8082063182204108E-03   9.6349934353836807E+02   6.8597804623558578E-02
   8.1000000000000000E+10   8.8129304935683217E-03   9.6298285928267182E+02   6.8644438969571203E-02
   8.2000000000000000E+10   8.8175964540904306E-03   9.6247328277525571E+02   6.8690500289256287E-02
   8.3000000000000000E+10   8.8222053278758858E-03   9.6197046996175573E+02   6.8736001542575517E-02
   8.4000000000000000E+10   8.8267601328122780E-03   9.6147407176136073E+02   6.8780961575675328E-02
   8.5000000000000000E+10   8.8312605817706009E-03   9.6098410037566259E+02   6.8825388042841287E-02
   8.6000000000000000E+10   8.8357082404836081E-03   9.6050036673589454E+02   6.8869294393501479E-02
   8.7000000000000000E+10   8.8401042221073738E-03   9.6002273187371361E+02   6.8912692300355016E-02
   8.8000000000000000E+10   8.8444503741825307E-03   9.5955097787976160E+02   6.8955595577630480E-02
   8.9000000000000000E+10   8.8487480816994684E-03   9.5908493800469182E+02   6.8998016255413533E-02
   9.0000000000000000E+10   8.8529969869005319E-03   9.5862463501493835E+02   6.9039960378957238E-02
   9.1000000000000000E+10   8.8571986705854294E-03   9.5816988203505321E+02   6.9081440132722313E-02
   9.2000000000000000E+10   8.8613554825980271E-03   9.5772040993300584E+02   6.9122470002890471E-02
   9.3000000000000000E+10   8.8654667112553869E-03   9.5727628130184689E+02   6.9163054182376366E-02
   9.4000000000000000E+10   8.8695329712165233E-03   9.5683741555468339E+02   6.9203201019086280E-02
   9.5000000000000000E+10   8.8735575907526419E-03   9.5640344005881889E+02   6.9242927589054093E-02
   9.6000000000000000E+10   8.8775400991920762E-03   9.5597439274064516E+02   6.9282238275679198E-02
   9.7000000000000000E+10   8.8814800532749337E-03   9.5555030855769439E+02   6.9321137367858096E-02
   9.8000000000000000E+10   8.8853811129167935E-03   9.5513078139311813E+02   6.9359642479268194E-02
   9.9000000000000000E+10   8.8892409597151178E-03   9.5471604873987485E+02   6.9397751382323736E-02
   1.0000000000000000E+11   8.8930627664909057E-03   9.5430575811674157E+02   6.9435479755639198E-02
   1.1000000000000000E+11   8.9293082499645026E-03   9.5043207914673667E+02   6.9793275988255285E-02
