   1.0000000000000000E-03   0.0000000000000000E+00   1.0000000000000000E+30
   1.0999999999999999E-02   2.0167429122536579E-01   4.2081223907077984E+01
   2.1000000000000001E-02   3.5194610252768416E-01   2.4113638265644113E+01
   3.1000000000000007E-02   4.2847128359356546E-01   1.9806930663306929E+01
   4.1000000000000002E-02   4.7134313574884612E-01   1.8005356101924832E+01
   5.1000000000000004E-02   5.5251343271628772E-01   1.5360171360238656E+01
   6.0999999999999999E-02   6.0648199945604264E-01   1.3993327111056296E+01
   7.0999999999999994E-02   7.1389776657391923E-01   1.1887838010874532E+01
   8.0999999999999989E-02   8.4082374606778676E-01   1.0093317469975066E+01
   9.0999999999999998E-02   9.5328434409459761E-01   8.9025914019560428E+00
   1.0100000000000001E-01   1.1555175358307348E+00   7.3445021318993113E+00
   2.0099999999999998E-01   2.8500871344525867E+00   2.9776987877901857E+00
   3.0099999999999999E-01   2.8979523385758656E+00   2.9285164191231909E+00
   4.0099999999999997E-01   2.7413975109798088E+00   3.0957571717946957E+00
   5.0100000000000000E-01   2.5807192004352726E+00   3.2885022918899804E+00
   6.0099999999999998E-01   2.4386657370216289E+00   3.4800591473109299E+00
   7.0099999999999996E-01   2.3169179225132677E+00   3.6629269094478558E+00
   8.0099999999999993E-01   2.2129446270268276E+00   3.8350263724212867E+00
   9.0100000000000002E-01   2.1231299834602959E+00   3.9972592688480479E+00
   1.0009999999999999E+00   2.0451269181880400E+00   4.1497184990724172E+00
   1.1010000000000000E+00   1.9761567824574402E+00   4.2945484288965545E+00
   1.2010000000000001E+00   1.9157446266552067E+00   4.4299751059060632E+00
   1.3009999999999999E+00   1.8384500468491762E+00   4.6162260540615643E+00
   1.4010000000000000E+00   1.7635233700598736E+00   4.8123552822936153E+00
   1.5009999999999999E+00   1.6973115977583793E+00   5.0000842606414535E+00
   1.6009999999999998E+00   1.6383024396199419E+00   5.1801796787439569E+00
   1.7009999999999998E+00   1.5853208772895828E+00   5.3533017365327025E+00
   1.8009999999999997E+00   1.5374392205169938E+00   5.5200237460457480E+00
   1.9009999999999998E+00   1.4939146481058052E+00   5.6808473068501621E+00
   2.0009999999999999E+00   1.4541448759695679E+00   5.8362142215694046E+00
   2.1010000000000000E+00   1.4176360742255183E+00   5.9865159751894135E+00
   2.2009999999999996E+00   1.3839792440206662E+00   6.1321013606394397E+00
   2.3009999999999997E+00   1.3528325505952701E+00   6.2732826776097115E+00
   2.4009999999999998E+00   1.3239079239187259E+00   6.4103408190469180E+00
   2.5009999999999999E+00   1.2969607655896291E+00   6.5435294810152680E+00
   2.6010000000000000E+00   1.2717819498827765E+00   6.6730786721246620E+00
   2.7009999999999996E+00   1.2481915401622428E+00   6.7991976650096104E+00
   2.8009999999999997E+00   1.2260338056888034E+00   6.9220774875680693E+00
   2.9009999999999998E+00   1.2051732322330033E+00   7.0418930477167168E+00
   3.0009999999999999E+00   1.1854913032601628E+00   7.1588049461155903E+00
   3.1010000000000000E+00   1.1668838810551327E+00   7.2729610402038727E+00
   3.2009999999999996E+00   1.1492590619934537E+00   7.3844977916773749E+00
   3.3009999999999997E+00   1.1339581487650772E+00   7.4841395289572246E+00
   3.4009999999999998E+00   1.1179986751260254E+00   7.5909759055834432E+00
   3.5009999999999999E+00   1.1028080522530985E+00   7.6955377574701833E+00
   3.6010000000000000E+00   1.0883278639939229E+00   7.7979267885428873E+00
   3.7009999999999996E+00   1.0745056283535130E+00   7.8982378327419438E+00
   3.8009999999999997E+00   1.0612940516695197E+00   7.9965594756754328E+00
   3.9009999999999998E+00   1.0486503942505021E+00   8.0929746003877092E+00
   4.0009999999999994E+00   1.0365359268543270E+00   8.1875608799313486E+00
   4.1010000000000000E+00   1.0249154641361473E+00   8.2803912150051406E+00
   4.2009999999999996E+00   1.0137569626384333E+00   8.3715341231966853E+00
   4.3010000000000002E+00   1.0030311722374337E+00   8.4610540930894729E+00
   4.4009999999999998E+00   9.9271133388216626E-01   8.5490118987230517E+00
   4.5009999999999994E+00   9.8277291569804615E-01   8.6354648869499204E+00
   4.6010000000000000E+00   9.7319338285574264E-01   8.7204672317566132E+00
   4.7009999999999996E+00   9.6395199458769287E-01   8.8040701746624332E+00
   4.8010000000000002E+00   9.5502962707681394E-01   8.8863222299524303E+00
   4.9009999999999998E+00   9.4640861584921820E-01   8.9672693836802218E+00
   5.0009999999999994E+00   9.3807261750135906E-01   9.0469552644665860E+00
   5.1010000000000000E+00   9.3000648590036716E-01   9.1254213105187549E+00
   5.2009999999999996E+00   9.2219616339489208E-01   9.2027069101151682E+00
   5.3010000000000002E+00   9.1462858263418101E-01   9.2788495423067818E+00
   5.4009999999999998E+00   9.0729157971691987E-01   9.3538848977346074E+00
   5.5009999999999994E+00   9.0017381634589000E-01   9.4278469904915259E+00
   5.6010000000000000E+00   8.9326470924072665E-01   9.5007682689821600E+00
   5.7009999999999996E+00   8.8655436796927956E-01   9.5726797046810645E+00
   5.8010000000000002E+00   8.8003353754287916E-01   9.6436108890251919E+00
   5.9009999999999998E+00   8.7369354782616915E-01   9.7135901100237874E+00
   6.0009999999999994E+00   8.6752626714520797E-01   9.7826444302179869E+00
   6.1010000000000000E+00   8.6152406037016904E-01   9.8507997579422319E+00
   6.2009999999999996E+00   8.5567975071500180E-01   9.9180809155112364E+00
   6.3010000000000002E+00   8.4998658579928765E-01   9.9845116936467573E+00
   6.4009999999999989E+00   8.4443820562573280E-01   1.0050114915237859E+01
   6.5009999999999994E+00   8.3902861435816967E-01   1.0114912483465094E+01
   6.6009999999999991E+00   8.3375215417797477E-01   1.0178925431051155E+01
   6.7009999999999987E+00   8.2860348099622583E-01   1.0242173971019712E+01
   6.8009999999999993E+00   8.2357754303566577E-01   1.0304677534157031E+01
   6.9009999999999989E+00   8.1866956059708562E-01   1.0366454811348072E+01
   7.0009999999999994E+00   8.1387500767935228E-01   1.0427523790851474E+01
   7.1009999999999991E+00   8.0918959486439690E-01   1.0487901796090275E+01
   7.2009999999999987E+00   8.0460925427794150E-01   1.0547605511910074E+01
   7.3009999999999993E+00   8.0013012468397193E-01   1.0606651022804408E+01
   7.4009999999999989E+00   7.9574853847743965E-01   1.0665053839236775E+01
   7.5009999999999994E+00   7.9146100973179700E-01   1.0722828921454724E+01
   7.6009999999999991E+00   7.8726422237614413E-01   1.0779990712318996E+01
   7.7009999999999987E+00   7.8315502020516348E-01   1.0836553155379898E+01
   7.8009999999999993E+00   7.7913039710188192E-01   1.0892529718932426E+01
   7.9009999999999989E+00   7.7518748782985880E-01   1.0947933420745002E+01
   8.0009999999999994E+00   7.7132355992737156E-01   1.1002776845238573E+01
   8.1009999999999991E+00   7.6753600607178107E-01   1.1057072161070945E+01
   8.2009999999999987E+00   7.6382233645348196E-01   1.1110831145316636E+01
   8.3009999999999984E+00   7.6018017251035108E-01   1.1164065194347476E+01
   8.4009999999999998E+00   7.5660724045425309E-01   1.1216785343291999E+01
   8.5009999999999994E+00   7.5310136559360041E-01   1.1269002279217203E+01
   8.6009999999999991E+00   7.4966046661280383E-01   1.1320726359896490E+01
   8.7009999999999987E+00   7.4628255105712293E-01   1.1371967619146801E+01
   8.8009999999999984E+00   7.4296570990274025E-01   1.1422735790144129E+01
   8.9009999999999998E+00   7.3970811343860032E-01   1.1473040313029244E+01
   9.0009999999999994E+00   7.3650800732535471E-01   1.1522890343277483E+01
   9.1009999999999991E+00   7.3336370839537524E-01   1.1572294767524101E+01
   9.2009999999999987E+00   7.3027360100195360E-01   1.1621262214205615E+01
   9.3009999999999984E+00   7.2723613387949060E-01   1.1669801059090652E+01
   9.4009999999999998E+00   7.2424981646575892E-01   1.1717919442175109E+01
   9.5009999999999994E+00   7.2131321640916568E-01   1.1765625268318638E+01
   9.6009999999999991E+00   7.1842495624506841E-01   1.1812926223655426E+01
   9.7009999999999987E+00   7.1558371093963780E-01   1.1859829780378771E+01
   9.8009999999999984E+00   7.1278820562807488E-01   1.1906343200330868E+01
   9.9009999999999998E+00   7.1003721243164541E-01   1.1952473555986867E+01
   1.0000999999999999E+01   7.0732954944100634E-01   1.1998227717282282E+01
   1.1000999999999999E+01   6.8240446007028877E-01   1.2436467669747831E+01
   1.2000999999999999E+01   6.6077983285921749E-01   1.2843462501925366E+01
   1.3000999999999999E+01   6.4177585851091334E-01   1.3223777262434304E+01
   1.4000999999999999E+01   6.2489317885956830E-01   1.3581042796537039E+01
   1.5000999999999999E+01   6.0975585749389638E-01   1.3918195128516370E+01
   1.6000999999999998E+01   5.9607487677262372E-01   1.4237642511132327E+01
   1.7000999999999998E+01   5.8362398081956002E-01   1.4541385008611767E+01
   1.8000999999999998E+01   5.7222322670471426E-01   1.4831101935915097E+01
   1.9000999999999998E+01   5.6172750207848310E-01   1.5108217016175455E+01
   2.0000999999999998E+01   5.5201833126077193E-01   1.5373947792590199E+01
   2.1000999999999998E+01   5.4299791553902677E-01   1.5629343617150420E+01
   2.2000999999999998E+01   5.3458472308994354E-01   1.5875315247136212E+01
   2.3000999999999998E+01   5.2671017308957946E-01   1.6112658230188593E+01
   2.4000999999999998E+01   5.1931610842582565E-01   1.6342071558460109E+01
   2.5000999999999998E+01   5.1235284683325366E-01   1.6564172635734149E+01
   2.6000999999999998E+01   5.0577765655583151E-01   1.6779509524298341E+01
   2.7000999999999998E+01   4.9955355475584878E-01   1.6988570944117598E+01
   2.8000999999999998E+01   4.9364835120481321E-01   1.7191794492259461E+01
   2.9000999999999998E+01   4.8803387640540546E-01   1.7389573584244474E+01
   3.0000999999999998E+01   4.8268535920698719E-01   1.7582263152333500E+01
   3.1000999999999998E+01   4.7758091624710197E-01   1.7770184520867293E+01
   3.2000999999999998E+01   4.7270113219502408E-01   1.7953629528973671E+01
   3.3000999999999998E+01   4.6802871407169000E-01   1.8132863967948612E+01
   3.4000999999999998E+01   4.6354819948225867E-01   1.8308130664372651E+01
   3.5000999999999998E+01   4.5924571545677739E-01   1.8479652002664377E+01
   3.6000999999999998E+01   4.5510877415438783E-01   1.8647632142721342E+01
   3.7000999999999998E+01   4.5112609841322682E-01   1.8812259000768652E+01
   3.8000999999999998E+01   4.4728747555225312E-01   1.8973705880938390E+01
   3.9000999999999998E+01   4.4358363085335717E-01   1.9132132962231559E+01
   4.0000999999999998E+01   4.4000611837369907E-01   1.9287688627429674E+01
   4.1000999999999998E+01   4.3654722927906897E-01   1.9440510524763010E+01
   4.2000999999999998E+01   4.3319990984573037E-01   1.9590726619444879E+01
   4.3000999999999998E+01   4.2995769072034934E-01   1.9738456105151386E+01
   4.4000999999999998E+01   4.2681462749390042E-01   1.9883810110226726E+01
   4.5000999999999998E+01   4.2376524554275569E-01   2.0026892470821107E+01
   4.6000999999999998E+01   4.2080449345793280E-01   2.0167800337912205E+01
   4.7000999999999998E+01   4.1792770146957886E-01   2.0306624747566829E+01
   4.8000999999999998E+01   4.1513054565457597E-01   2.0443451088317481E+01
   4.9000999999999998E+01   4.1240901422825527E-01   2.0578359620090048E+01
   5.0000999999999998E+01   4.0975938075846224E-01   2.0711425787609880E+01
   5.1000999999999998E+01   4.0717817636165732E-01   2.0842720700772400E+01
   5.2000999999999998E+01   4.0466216883307227E-01   2.0972311372296161E+01
   5.3000999999999998E+01   4.0220834117372617E-01   2.1100261075118290E+01
   5.4000999999999998E+01   3.9981387329948909E-01   2.1226629619724893E+01
   5.5000999999999998E+01   3.9747612647150510E-01   2.1351473560675043E+01
   5.6000999999999998E+01   3.9519262798372878E-01   2.1474846453120815E+01
   5.7000999999999998E+01   3.9296105741838727E-01   2.1596799085157297E+01
   5.8000999999999998E+01   3.9077923528596947E-01   2.1717379632890072E+01
   5.9000999999999998E+01   3.8864511250750178E-01   2.1836633813816604E+01
   6.0000999999999998E+01   3.8655675892782293E-01   2.1954605137147503E+01
   6.1000999999999998E+01   3.8451235592948924E-01   2.2071334963582125E+01
   6.2000999999999998E+01   3.8251018852574498E-01   2.2186862624666194E+01
   6.3000999999999998E+01   3.8054863524351351E-01   2.2301225702531351E+01
   6.4001000000000005E+01   3.7862616545305933E-01   2.2414459907177285E+01
   6.5001000000000005E+01   3.7674132885404837E-01   2.2526599434073940E+01
   6.6001000000000005E+01   3.7489275338868439E-01   2.2637676851963473E+01
   6.7001000000000005E+01   3.7307913798623710E-01   2.2747723314587869E+01
   6.8001000000000005E+01   3.7129924831367794E-01   2.2856768614263952E+01
   6.9001000000000005E+01   3.6955191274291055E-01   2.2964841238042485E+01
   7.0001000000000005E+01   3.6783601729484028E-01   2.3071968503164076E+01
   7.1001000000000005E+01   3.6615050316691722E-01   2.3178176547492097E+01
   7.2001000000000005E+01   3.6449436257135120E-01   2.3283490437234310E+01
   7.3001000000000005E+01   3.6286663552485110E-01   2.3387934228454725E+01
   7.4001000000000005E+01   3.6126640760129380E-01   2.3491530977665906E+01
   7.5001000000000005E+01   3.5969280579858137E-01   2.3594302884412436E+01
   7.6001000000000005E+01   3.5814499792278187E-01   2.3696271215787444E+01
   7.7001000000000005E+01   3.5662218840014748E-01   2.3797456471870948E+01
   7.8001000000000005E+01   3.5512361821709826E-01   2.3897878288026689E+01
   7.9001000000000005E+01   3.5364855992425481E-01   2.3997555672709566E+01
   8.0001000000000005E+01   3.5219631822737946E-01   2.4096506880224737E+01
   8.1001000000000005E+01   3.5076622896465609E-01   2.4194749393080848E+01
   8.2001000000000005E+01   3.4935765311952827E-01   2.4292300253265825E+01
   8.3001000000000005E+01   3.4796998035224069E-01   2.4389175746611851E+01
   8.4001000000000005E+01   3.4660262481884402E-01   2.4485391620422803E+01
   8.5001000000000005E+01   3.4525502430960026E-01   2.4580963078890917E+01
   8.6001000000000005E+01   3.4392663931492862E-01   2.4675904786731923E+01
   8.7001000000000005E+01   3.4261695155462474E-01   2.4770230914867046E+01
   8.8001000000000005E+01   3.4132546237695405E-01   2.4863955200574232E+01
   8.9001000000000005E+01   3.4005169350639536E-01   2.4957090840649677E+01
   9.0001000000000005E+01   3.3879518453743934E-01   2.5049650622817598E+01
   9.1001000000000005E+01   3.3755549182903544E-01   2.5141646961128991E+01
   9.2001000000000005E+01   3.3633218932488157E-01   2.5233091790563360E+01
   9.3001000000000005E+01   3.3512486532412944E-01   2.5323996765049404E+01
   9.4001000000000005E+01   3.3393312438292927E-01   2.5414373075562168E+01
   9.5001000000000005E+01   3.3275658443339784E-01   2.5504231628674226E+01
   9.6001000000000005E+01   3.3159487815165661E-01   2.5593582906532212E+01
   9.7001000000000005E+01   3.3044764992135200E-01   2.5682437164784627E+01
   9.8001000000000005E+01   3.2931455684693295E-01   2.5770804323419362E+01
   9.9001000000000005E+01   3.2819526818429551E-01   2.5858693979068065E+01
   1.0000100000000000E+02   3.2708946384413046E-01   2.5946115492732837E+01
   1.1000100000000000E+02   3.1670991368642537E-01   2.6796448859376589E+01
   1.2000100000000000E+02   3.0739479703832684E-01   2.7608473165854285E+01
   1.3000100000000000E+02   2.9895220353170221E-01   2.8388153374008844E+01
   1.4000100000000000E+02   2.9123743448447070E-01   2.9140144776987441E+01
   1.5000100000000000E+02   2.8413880490512161E-01   2.9868151969561893E+01
   1.6000100000000000E+02   2.7756837269926260E-01   3.0575172966665651E+01
   1.7000100000000000E+02   2.7145569344111259E-01   3.1263669211627374E+01
   1.8000100000000000E+02   2.6574349110251838E-01   3.1935687192736836E+01
   1.9000100000000000E+02   2.6038458079711696E-01   3.2592947629139481E+01
   2.0000100000000000E+02   2.5533963821478306E-01   3.3236911686297390E+01
   2.1000100000000003E+02   2.5057555119446523E-01   3.3868831036790020E+01
   2.2000100000000003E+02   2.4606417923032295E-01   3.4489786493515098E+01
   2.3000100000000003E+02   2.4178140687952737E-01   3.5100718102713941E+01
   2.4000100000000003E+02   2.3770641216553057E-01   3.5702448781423804E+01
   2.5000100000000003E+02   2.3382109365383927E-01   3.6295703149520023E+01
   2.6000100000000003E+02   2.3010961613517555E-01   3.6881122779199480E+01
   2.7000100000000003E+02   2.2655804671276455E-01   3.7459278663871530E+01
   2.8000100000000003E+02   2.2315406287331765E-01   3.8030681118155066E+01
   2.9000100000000003E+02   2.1988671184982345E-01   3.8595788412862589E+01
   3.0000100000000003E+02   2.1674621762881413E-01   3.9155013167932914E+01
   3.1000100000000003E+02   2.1372381180827490E-01   3.9708729380931267E+01
   3.2000100000000003E+02   2.1081160642037219E-01   4.0257275913133697E+01
   3.3000100000000003E+02   2.0800247620303647E-01   4.0800961412939081E+01
   3.4000100000000003E+02   2.0528996176807551E-01   4.1340068127362429E+01
   3.5000100000000003E+02   2.0266819287569485E-01   4.1874854090010714E+01
   3.6000100000000003E+02   2.0013181628090848E-01   4.2405556313164070E+01
   3.7000100000000003E+02   1.9767593377538525E-01   4.2932393656979606E+01
   3.8000100000000003E+02   1.9529605972533892E-01   4.3455566985280832E+01
   3.9000100000000003E+02   1.9298806731176210E-01   4.3975262945382269E+01
   4.0000100000000003E+02   1.9074815649283652E-01   4.4491654133887188E+01
   4.1000100000000003E+02   1.8857281916039040E-01   4.5004900722927189E+01
   4.2000100000000003E+02   1.8645880935974840E-01   4.5515151761920066E+01
   4.3000100000000003E+02   1.8440311770464043E-01   4.6022546207429471E+01
   4.4000100000000003E+02   1.8240294869369211E-01   4.6527213875294990E+01
   4.5000100000000003E+02   1.8045570137081912E-01   4.7029276109800023E+01
   4.6000100000000003E+02   1.7855895282562809E-01   4.7528846193691372E+01
   4.7000100000000003E+02   1.7671044068045999E-01   4.8026030452281596E+01
   4.8000100000000003E+02   1.7490804625751744E-01   4.8520929636712566E+01
   4.9000100000000003E+02   1.7314979024127178E-01   4.9013637230113090E+01
   5.0000100000000003E+02   1.7143381488863799E-01   4.9504241685741889E+01
   5.1000100000000003E+02   1.6975837463463916E-01   4.9992826708086078E+01
   5.2000099999999998E+02   1.6812182940588832E-01   5.0479470960709349E+01
   5.3000099999999998E+02   1.6652263513877785E-01   5.0964248783855496E+01
   5.4000099999999998E+02   1.6495933415254060E-01   5.1447231215834556E+01
   5.5000099999999998E+02   1.6343055560478620E-01   5.1928484082736183E+01
   5.6000099999999998E+02   1.6193500114846185E-01   5.2408070801044872E+01
   5.7000099999999998E+02   1.6047144217285375E-01   5.2886051813595081E+01
   5.8000099999999998E+02   1.5903872039812297E-01   5.3362482948247070E+01
   5.9000099999999998E+02   1.5763573104813536E-01   5.3837419656869464E+01
   6.0000099999999998E+02   1.5626143337982723E-01   5.4310912307626843E+01
   6.1000099999999998E+02   1.5491483547580936E-01   5.4783010157094388E+01
   6.2000099999999998E+02   1.5359499446987582E-01   5.5253760284618814E+01
   6.3000099999999998E+02   1.5230101539903138E-01   5.5723206986641308E+01
   6.4000099999999998E+02   1.5103204593394232E-01   5.6191392713224211E+01
   6.5000099999999998E+02   1.4978727529367133E-01   5.6658357585562165E+01
   6.6000099999999998E+02   1.4856592756932124E-01   5.7124141074648179E+01
   6.7000099999999998E+02   1.4736726515178475E-01   5.7588779954725844E+01
   6.8000099999999998E+02   1.4619058391481185E-01   5.8052309376513875E+01
   6.9000099999999998E+02   1.4503520852087051E-01   5.8514764048721574E+01
   7.0000099999999998E+02   1.4390049800575033E-01   5.8976175364012562E+01
   7.1000099999999998E+02   1.4278583408387538E-01   5.9436575482485225E+01
   7.2000099999999998E+02   1.4169062916039718E-01   5.9895993515200807E+01
   7.3000099999999998E+02   1.4061431621308093E-01   6.0354459161153166E+01
   7.4000099999999998E+02   1.3955635654895324E-01   6.0811998931621055E+01
   7.5000099999999998E+02   1.3851622987305068E-01   6.1268639878040879E+01
   7.6000099999999998E+02   1.3749343820600513E-01   6.1724407477834156E+01
   7.7000099999999998E+02   1.3648750373925239E-01   6.2179326113026299E+01
   7.8000099999999998E+02   1.3549796817275747E-01   6.2633418934632878E+01
   7.9000099999999998E+02   1.3452438860123409E-01   6.3086709358796647E+01
   8.0000099999999998E+02   1.3356634268201614E-01   6.3539218301127818E+01
   8.1000099999999998E+02   1.3262342185551379E-01   6.3990966954552597E+01
   8.2000099999999998E+02   1.3169523023683494E-01   6.4441977056372963E+01
   8.3000099999999998E+02   1.3078139371296213E-01   6.4892266127568632E+01
   8.4000099999999998E+02   1.2988154681188568E-01   6.5341853509395051E+01
   8.5000099999999998E+02   1.2899533610137609E-01   6.5790758502200887E+01
   8.6000099999999998E+02   1.2812242522342096E-01   6.6238997510050964E+01
   8.7000099999999998E+02   1.2726248685379621E-01   6.6686587816767272E+01
   8.8000099999999998E+02   1.2641520635995443E-01   6.7133545478625834E+01
   8.9000099999999998E+02   1.2558027668883726E-01   6.7579887774767485E+01
   9.0000099999999998E+02   1.2475740736408433E-01   6.8025628174436207E+01
   9.1000099999999998E+02   1.2394631201803671E-01   6.8470782770211699E+01
   9.2000099999999998E+02   1.2314671748728025E-01   6.8915365171893100E+01
   9.3000099999999998E+02   1.2235835881792873E-01   6.9359388989388322E+01
   9.4000099999999998E+02   1.2158097798316092E-01   6.9802868393864102E+01
   9.5000099999999998E+02   1.2081432717617314E-01   7.0245816069318039E+01
   9.6000099999999998E+02   1.2005816533799296E-01   7.0688244997445551E+01
   9.7000099999999998E+02   1.1931226077292953E-01   7.1130166760543005E+01
   9.8000099999999998E+02   1.1857638769669542E-01   7.1571593385555502E+01
   9.9000099999999998E+02   1.1785032814275867E-01   7.2012536062483051E+01
   1.0000010000000000E+03   1.1713386851299007E-01   7.2453007085774686E+01
   1.1000010000000000E+03   1.1045509886027982E-01   7.6833945131778151E+01
   1.2000010000000000E+03   1.0454469313860203E-01   8.1177731270438301E+01
   1.3000010000000000E+03   9.9269665178896918E-02   8.5491383395539060E+01
   1.4000010000000000E+03   9.4527418082601414E-02   8.9780311125602623E+01
   1.5000010000000000E+03   9.0237255560540269E-02   9.4048749074179611E+01
   1.6000010000000000E+03   8.6334642913982171E-02   9.8300064943934828E+01
   1.7000010000000002E+03   8.2767240144850110E-02   1.0253695774443345E+02
   1.8000010000000002E+03   7.9492061868206190E-02   1.0676161626586553E+02
   1.9000010000000002E+03   7.6473416940503469E-02   1.1097583114350111E+02
   2.0000010000000002E+03   7.3681384551850734E-02   1.1518107398461883E+02
   2.1000010000000002E+03   7.1090659719790894E-02   1.1937856588765432E+02
   2.2000010000000002E+03   6.8679678842244879E-02   1.2356931698602673E+02
   2.3000010000000002E+03   6.6429933362576341E-02   1.2775417008226142E+02
   2.4000010000000002E+03   6.4325431343374387E-02   1.3193383749038807E+02
   2.5000010000000002E+03   6.2352280232938657E-02   1.3610891171342641E+02
   2.6000010000000002E+03   6.0498343398402009E-02   1.4027989079747326E+02
   2.7000010000000002E+03   5.8752964435629107E-02   1.4444719661173974E+02
   2.8000010000000002E+03   5.7106746126372641E-02   1.4861118135807428E+02
   2.9000010000000002E+03   5.5551362118144459E-02   1.5277214962446263E+02
   3.0000010000000002E+03   5.4079414637630843E-02   1.5693034146583477E+02
   3.1000010000000002E+03   5.2684296445568178E-02   1.6108597016426089E+02
   3.2000010000000002E+03   5.1360090576870708E-02   1.6523921414534533E+02
   3.3000010000000002E+03   5.0101481222773386E-02   1.6939022157090002E+02
   3.4000010000000002E+03   4.8903679258818195E-02   1.7353911063502588E+02
   3.5000010000000002E+03   4.7762358584035117E-02   1.7768596980871473E+02
   3.6000010000000002E+03   4.6673589490376463E-02   1.8183090475836934E+02
   3.7000010000000002E+03   4.5633814213463908E-02   1.8597395706738743E+02
   3.8000010000000002E+03   4.4639785022541026E-02   1.9011518539057658E+02
   3.9000010000000002E+03   4.3688539763317998E-02   1.9425462721648390E+02
   4.0000010000000002E+03   4.2777365859927495E-02   1.9839232348118819E+02
   4.1000010000000002E+03   4.1903783520802797E-02   2.0252827530818826E+02
   4.2000010000000002E+03   4.1065506193104097E-02   2.0666252025357952E+02
   4.3000010000000002E+03   4.0260438177177858E-02   2.1079504818123576E+02
   4.4000010000000002E+03   3.9486646320754229E-02   2.1492584952435556E+02
   4.5000010000000002E+03   3.8742339280470696E-02   2.1905494513166533E+02
   4.6000010000000002E+03   3.8025867074917723E-02   2.2318231399261876E+02
   4.7000010000000002E+03   3.7335699911113088E-02   2.2730793919922681E+02
   4.8000010000000002E+03   3.6670417077936959E-02   2.3143181020599735E+02
   4.9000010000000002E+03   3.6028697175279206E-02   2.3555392425288557E+02
   5.0000010000000002E+03   3.5409316031794438E-02   2.3967424272571554E+02
   5.1000010000000002E+03   3.4811129389755002E-02   2.4379275117266167E+02
   5.2000010000000002E+03   3.4233068375687174E-02   2.4790944569208554E+02
   5.3000010000000002E+03   3.3674142347370685E-02   2.5202426591329424E+02
   5.4000010000000002E+03   3.3133417359435348E-02   2.5613720774078644E+02
   5.5000010000000002E+03   3.2610020297613271E-02   2.6024825890638937E+02
   5.6000010000000002E+03   3.2103137066608049E-02   2.6435737379021685E+02
   5.7000010000000002E+03   3.1612001392215282E-02   2.6846452712879454E+02
   5.8000010000000002E+03   3.1135891700042252E-02   2.7256971109468350E+02
   5.9000010000000002E+03   3.0674133901776084E-02   2.7667288121424275E+02
   6.0000010000000002E+03   3.0226090224739603E-02   2.8077402476651224E+02
   6.1000010000000002E+03   2.9791163763076917E-02   2.8487309434599075E+02
   6.2000010000000002E+03   2.9368785653368364E-02   2.8897010266348940E+02
   6.3000010000000002E+03   2.8958427914041383E-02   2.9306497681943682E+02
   6.4000010000000002E+03   2.8559585551298391E-02   2.9715770875288644E+02
   6.5000010000000002E+03   2.8171780972573564E-02   3.0124829571896919E+02
   6.6000010000000011E+03   2.7794566405217099E-02   3.0533669356910349E+02
   6.7000010000000011E+03   2.7427516488115963E-02   3.0942287498151950E+02
   6.8000010000000011E+03   2.7070409203056856E-02   3.1350471807413726E+02
   6.9000010000000011E+03   2.6725929804913135E-02   3.1754558465523343E+02
   7.0000010000000011E+03   2.6390268371924736E-02   3.2158449037920514E+02
   7.1000010000000011E+03   2.6063093742083345E-02   3.2562139741885795E+02
   7.2000010000000011E+03   2.5744092223285851E-02   3.2965625401541809E+02
   7.3000010000000011E+03   2.5432964292503888E-02   3.3368902294481029E+02
   7.4000010000000011E+03   2.5129423601004380E-02   3.3771968430731027E+02
   7.5000010000000011E+03   2.4833197172089469E-02   3.4174822301553041E+02
   7.6000010000000011E+03   2.4544027915089146E-02   3.4577458250601268E+02
   7.7000010000000011E+03   2.4261667101466686E-02   3.4979875743340102E+02
   7.8000010000000011E+03   2.3985880357929014E-02   3.5382070112554453E+02
   7.9000010000000011E+03   2.3716441361522348E-02   3.5784040598623409E+02
   8.0000010000000011E+03   2.3453136818425407E-02   3.6185782187943806E+02
   8.1000010000000011E+03   2.3195761366050258E-02   3.6587292270462666E+02
   8.2000010000000002E+03   2.2944114750070015E-02   3.6988574620556989E+02
   8.3000010000000002E+03   2.2698013704539093E-02   3.7389619707819281E+02
   8.4000010000000002E+03   2.2457276805778345E-02   3.7790427925670002E+02
   8.5000010000000002E+03   2.2221733035267095E-02   3.8190995238251742E+02
   8.6000010000000002E+03   2.1991213440380807E-02   3.8591326614894211E+02
   8.7000010000000002E+03   2.1765564298352868E-02   3.8991412715167286E+02
   8.8000010000000002E+03   2.1544633172729415E-02   3.9391253205917178E+02
   8.9000010000000002E+03   2.1328274208583332E-02   3.9790847221668270E+02
   9.0000010000000002E+03   2.1116346666224826E-02   4.0190195489308667E+02
   9.1000010000000002E+03   2.0908716875331967E-02   4.0589296110123581E+02
   9.2000010000000002E+03   2.0705259080424011E-02   4.0988142057974557E+02
   9.3000010000000002E+03   2.0505849489748731E-02   4.1386732159516419E+02
   9.4000010000000002E+03   2.0310363730740078E-02   4.1785076416485373E+02
   9.5000010000000002E+03   2.0118695927706185E-02   4.2183156581578072E+02
   9.6000010000000002E+03   1.9930731191648513E-02   4.2580981719888013E+02
   9.7000010000000002E+03   1.9746364724324488E-02   4.2978548830821290E+02
   9.8000010000000002E+03   1.9565493651746636E-02   4.3375859338965637E+02
   9.9000010000000002E+03   1.9388023664271128E-02   4.3772904099531485E+02
   1.0000001000000000E+04   1.9213855156022801E-02   4.4169693882050620E+02
   1.1000001000000000E+04   1.7635462304210887E-02   4.8122929010652979E+02
   1.2000001000000000E+04   1.6305203620822582E-02   5.2049034177763463E+02
   1.3000001000000000E+04   1.5169047855358712E-02   5.5947486528350601E+02
   1.4000001000000000E+04   1.4187534505913627E-02   5.9818011380472467E+02
   1.5000001000000000E+04   1.3331185621119254E-02   6.3660511874587098E+02
   1.6000001000000000E+04   1.2577543473207694E-02   6.7475028199536632E+02
   1.7000001000000000E+04   1.1909207274456889E-02   7.1261678546466476E+02
   1.8000001000000000E+04   1.1312482069026198E-02   7.5020680285475339E+02
   1.9000001000000000E+04   1.0776453770889621E-02   7.8752261047887123E+02
   2.0000001000000000E+04   1.0292309723409098E-02   8.2456719953282163E+02
   2.1000001000000000E+04   9.8528637273410970E-03   8.6134358905277372E+02
   2.2000001000000000E+04   9.4521978921871027E-03   8.9785477432404571E+02
   2.3000001000000000E+04   9.0853910808546545E-03   9.3410409412530589E+02
   2.4000001000000000E+04   8.7483166426009749E-03   9.7009531685545812E+02
   2.5000001000000000E+04   8.4375030281532131E-03   1.0058308692795131E+03
   2.6000001000000000E+04   8.1499831920894619E-03   1.0413151543175247E+03
   2.7000001000000000E+04   7.8832373393523513E-03   1.0765502343803716E+03
   2.8000001000000000E+04   7.6350807657177668E-03   1.1115404362795950E+03
   2.9000001000000000E+04   7.4036373761417196E-03   1.1462880438612960E+03
   3.0000001000000000E+04   7.1872663454141733E-03   1.1807967866351303E+03
   3.1000001000000000E+04   6.9845394280551882E-03   1.2150695250236352E+03
   3.2000001000000000E+04   6.7942052303067782E-03   1.2491087209876159E+03
   3.3000001000000004E+04   6.6151544521338094E-03   1.2829180432239748E+03
   3.4000001000000004E+04   6.4464106691320090E-03   1.3165002108838005E+03
   3.5000001000000004E+04   6.2871115543374351E-03   1.3498569147386852E+03
   3.6000001000000004E+04   6.1364746014634462E-03   1.3829929326737431E+03
   3.7000001000000004E+04   5.9938196750970642E-03   1.4159086301204811E+03
   3.8000001000000004E+04   5.8585207468861301E-03   1.4486081678325793E+03
   3.9000001000000004E+04   5.7300236230610046E-03   1.4810935457927897E+03
   4.0000001000000004E+04   5.6078279638007815E-03   1.5133668614905037E+03
   4.1000001000000004E+04   5.4914765774951484E-03   1.5454315220309923E+03
   4.2000001000000004E+04   5.3805645014822108E-03   1.5772882200404804E+03
   4.3000001000000004E+04   5.2747125485211252E-03   1.6089409474522538E+03
   4.4000001000000004E+04   5.1735842120935261E-03   1.6403910050439999E+03
   4.5000001000000004E+04   5.0768679780455288E-03   1.6716410672989462E+03
   4.6000001000000004E+04   4.9842828024154323E-03   1.7026925119985431E+03
   4.7000001000000004E+04   4.8955662981675658E-03   1.7335483759115846E+03
   4.8000001000000004E+04   4.8104835999375345E-03   1.7642095288436433E+03
   4.9000001000000004E+04   4.7288136436577418E-03   1.7946786752187172E+03
   5.0000001000000004E+04   4.6503522415120109E-03   1.8249587481993651E+03
   5.1000001000000004E+04   4.5749167577280618E-03   1.8550503658935274E+03
   5.2000001000000004E+04   4.5023355788615313E-03   1.8849552319469340E+03
   5.3000001000000004E+04   4.4324479808586781E-03   1.9146758274446304E+03
   5.4000001000000004E+04   4.3651054669135870E-03   1.9442144226944690E+03
   5.5000001000000004E+04   4.3001745808898947E-03   1.9735712691924243E+03
   5.6000001000000004E+04   4.2375255338906580E-03   2.0027492312391705E+03
   5.7000001000000004E+04   4.1770404080303369E-03   2.0317497980245139E+03
   5.8000001000000004E+04   4.1186058411758026E-03   2.0605761591726000E+03
   5.9000001000000004E+04   4.0621241132546108E-03   2.0892274014139484E+03
   6.0000001000000004E+04   4.0074980977073604E-03   2.1177055605368864E+03
   6.1000001000000004E+04   3.9546345701438005E-03   2.1460139628140842E+03
   6.2000001000000004E+04   3.9034516120116788E-03   2.1741529930179340E+03
   6.3000001000000004E+04   3.8538689005769380E-03   2.2021249877195824E+03
   6.4000001000000004E+04   3.8058165622872403E-03   2.2299290747359319E+03
   6.5000001000000004E+04   3.7592188155965195E-03   2.2575703681162772E+03
   6.6000001000000004E+04   3.7140149196683136E-03   2.2850476341419194E+03
   6.7000001000000004E+04   3.6701415265352802E-03   2.3123634181397802E+03
   6.8000001000000004E+04   3.6275417293177062E-03   2.3395185055395928E+03
   6.9000001000000004E+04   3.5861607779006837E-03   2.3665143675805671E+03
   7.0000001000000004E+04   3.5459444629494037E-03   2.3933541808201089E+03
   7.1000001000000004E+04   3.5068456418766224E-03   2.4200383683880573E+03
   7.2000001000000004E+04   3.4688213631075661E-03   2.4465661724802699E+03
   7.3000001000000004E+04   3.4318245110176340E-03   2.4729414275438348E+03
   7.4000001000000004E+04   3.3958172185844272E-03   2.4991630759483628E+03
   7.5000001000000004E+04   3.3607557153534401E-03   2.5252359064911539E+03
   7.6000001000000004E+04   3.3266065660719425E-03   2.5511586166851607E+03
   7.7000001000000004E+04   3.2933356169492032E-03   2.5769317167916111E+03
   7.8000001000000004E+04   3.2609036925808710E-03   2.6025610706211924E+03
   7.9000001000000004E+04   3.2292871595957051E-03   2.6280416035898070E+03
   8.0000001000000004E+04   3.1984516218637824E-03   2.6533779492999029E+03
   8.1000001000000004E+04   3.1683711437751044E-03   2.6785690881037358E+03
   8.2000001000000004E+04   3.1390129017363497E-03   2.7036209378628037E+03
   8.3000001000000004E+04   3.1103551711086763E-03   2.7285311607454828E+03
   8.4000001000000004E+04   3.0823733507218992E-03   2.7533007977013117E+03
   8.5000001000000004E+04   3.0550426471182032E-03   2.7779320898715791E+03
   8.6000001000000004E+04   3.0283408051772968E-03   2.8024259987009650E+03
   8.7000001000000004E+04   3.0022480609370960E-03   2.8267820756646288E+03
   8.8000001000000004E+04   2.9767414373039393E-03   2.8510037516198754E+03
   8.9000001000000004E+04   2.9518045681088466E-03   2.8750890546907399E+03
   9.0000001000000004E+04   2.9274134919759645E-03   2.8990441659908670E+03
   9.1000001000000004E+04   2.9035564602083990E-03   2.9228641225549818E+03
   9.2000001000000004E+04   2.8802140205302627E-03   2.9465522162111497E+03
   9.3000001000000004E+04   2.8573660338338451E-03   2.9701133508502294E+03
   9.4000001000000004E+04   2.8350031058030955E-03   2.9935420486785570E+03
   9.5000001000000004E+04   2.8131050767076990E-03   3.0168446517071561E+03
   9.6000001000000004E+04   2.7916624934078951E-03   3.0400168449431048E+03
   9.7000001000000004E+04   2.7706564463044624E-03   3.0630650785576622E+03
   9.8000001000000004E+04   2.7500729168579790E-03   3.0859912671159714E+03
   9.9000001000000004E+04   2.7299057072026926E-03   3.1087890629204585E+03
   1.0000000100000000E+05   2.7101404733965457E-03   3.1314616672691204E+03
   1.1000000100000000E+05   2.5321148161678918E-03   3.3516256653004630E+03
   1.2000000100000000E+05   2.3836297487896943E-03   3.5604107599618010E+03
   1.3000000100000000E+05   2.2579296171946401E-03   3.7586207031112667E+03
   1.4000000099999999E+05   2.1501833292554011E-03   3.9469662376625238E+03
   1.5000000099999999E+05   2.0568291905766704E-03   4.1261087912586781E+03
   1.6000000099999999E+05   1.9751930406959740E-03   4.2966438370831438E+03
   1.7000000099999999E+05   1.9032246011705862E-03   4.4591169114439199E+03
   1.8000000099999999E+05   1.8393241342047526E-03   4.6140323217284204E+03
   1.9000000099999999E+05   1.7822285366064425E-03   4.7618477827290744E+03
   2.0000000099999999E+05   1.7309193713197515E-03   4.9030019225477427E+03
   2.1000000099999999E+05   1.6845808731865046E-03   5.0378709270886302E+03
   2.2000000099999999E+05   1.6425339992493116E-03   5.1668342994632403E+03
   2.3000000099999999E+05   1.6042220189450265E-03   5.2902284753184731E+03
   2.4000000099999999E+05   1.5691833149731082E-03   5.4083553682836036E+03
   2.5000000099999999E+05   1.5370279576562668E-03   5.5215007398413209E+03
   2.6000000099999999E+05   1.5074161874216239E-03   5.6299654177603325E+03
   2.7000000099999999E+05   1.4800704869234519E-03   5.7339843475946536E+03
   2.8000000099999999E+05   1.4547527681662937E-03   5.8337754641658476E+03
   2.9000000099999999E+05   1.4312440071246985E-03   5.9295975830181824E+03
   3.0000000099999999E+05   1.4093740654630346E-03   6.0216100276881834E+03
   3.1000000099999999E+05   1.3889722090237816E-03   6.1100581784286542E+03
   3.2000000099999999E+05   1.3699106795289262E-03   6.1950761696917416E+03
   3.3000000099999999E+05   1.3520576691272248E-03   6.2768779757997854E+03
   3.4000000099999999E+05   1.3353171447044385E-03   6.3555695656362841E+03
   3.5000000099999999E+05   1.3195858462180740E-03   6.4313367937968651E+03
   3.6000000099999999E+05   1.3047810839343847E-03   6.5043102707815260E+03
   3.7000000099999999E+05   1.2908253703180789E-03   6.5746313951550383E+03
   3.8000000099999999E+05   1.2776522390348731E-03   6.6424186066207249E+03
   3.9000000099999999E+05   1.2652003482543559E-03   6.7077921825308458E+03
   4.0000000099999999E+05   1.2534226186173402E-03   6.7708216520917849E+03
   4.1000000099999999E+05   1.2422575115337234E-03   6.8316761432804442E+03
   4.2000000099999999E+05   1.2316663257780599E-03   6.8904222091114734E+03
   4.3000000099999999E+05   1.2216126088257526E-03   6.9471295106502876E+03
   4.4000000099999999E+05   1.2120479357944241E-03   7.0019516181869094E+03
   4.5000000099999999E+05   1.2029515415131022E-03   7.0548984830104537E+03
   4.6000000099999999E+05   1.1942843268595766E-03   7.1060976138504857E+03
   4.7000000099999999E+05   1.1860208885906339E-03   7.1556083767131140E+03
   4.8000000099999999E+05   1.1781385578710603E-03   7.2034829423558222E+03
   4.9000000099999999E+05   1.1706084490287450E-03   7.2498203924611125E+03
   5.0000000099999999E+05   1.1634093637203093E-03   7.2946817087816789E+03
   5.1000000099999999E+05   1.1565250074085148E-03   7.3381041922927889E+03
   5.2000000099999999E+05   1.1499349593253050E-03   7.3801574050198687E+03
   5.3000000099999993E+05   1.1436233049940817E-03   7.4208884763849665E+03
   5.4000000099999993E+05   1.1375725043472355E-03   7.4603605246469360E+03
   5.5000000099999993E+05   1.1317662126023172E-03   7.4986343565090574E+03
   5.6000000099999993E+05   1.1261923484933293E-03   7.5357473496510256E+03
   5.7000000099999993E+05   1.1208431942757429E-03   7.5717112337375047E+03
   5.8000000099999993E+05   1.1156992411458736E-03   7.6066207561812498E+03
   5.9000000099999993E+05   1.1107579595049345E-03   7.6404593212533891E+03
   6.0000000099999993E+05   1.1060013935447839E-03   7.6733185463316777E+03
   6.1000000099999993E+05   1.1014220856089894E-03   7.7052213826486623E+03
   6.2000000099999993E+05   1.0970167897161325E-03   7.7361632792802711E+03
   6.3000000099999993E+05   1.0927659136549647E-03   7.7662570723591443E+03
   6.4000000099999993E+05   1.0886708782704957E-03   7.7954698474512043E+03
   6.5000000099999993E+05   1.0847199623629071E-03   7.8238635775346183E+03
   6.6000000099999993E+05   1.0809088908183555E-03   7.8514489772866928E+03
   6.7000000099999993E+05   1.0772303680409128E-03   7.8782600798658041E+03
   6.8000000099999993E+05   1.0736738477391461E-03   7.9043566379366193E+03
   6.9000000099999993E+05   1.0702400612187001E-03   7.9297171848453545E+03
   7.0000000099999993E+05   1.0669229433587877E-03   7.9543710801070856E+03
   7.1000000099999993E+05   1.0637167482552233E-03   7.9783466973480527E+03
   7.2000000099999993E+05   1.0606198357929549E-03   8.0016427365898999E+03
   7.3000000099999993E+05   1.0576117569253696E-03   8.0244011564583388E+03
   7.4000000099999993E+05   1.0547105696949348E-03   8.0464738376619944E+03
   7.5000000099999993E+05   1.0518962431056767E-03   8.0680020115855386E+03
   7.6000000099999993E+05   1.0491721440728185E-03   8.0889499910005670E+03
   7.7000000099999993E+05   1.0465341515507065E-03   8.1093397599884020E+03
   7.8000000099999993E+05   1.0439783408219771E-03   8.1291926024766572E+03
   7.9000000099999993E+05   1.0414968803376394E-03   8.1485611388529505E+03
   8.0000000099999993E+05   1.0390902107939536E-03   8.1674342777912489E+03
   8.1000000099999993E+05   1.0367549245211389E-03   8.1858313904568604E+03
   8.2000000099999993E+05   1.0344919762542114E-03   8.2037378734297581E+03
   8.3000000099999993E+05   1.0322983734816823E-03   8.2211705678973103E+03
   8.4000000099999993E+05   1.0301626729904885E-03   8.2382144372592975E+03
   8.5000000099999993E+05   1.0280905642905966E-03   8.2548184956953355E+03
   8.6000000099999993E+05   1.0260794327601166E-03   8.2709980673981063E+03
   8.7000000099999993E+05   1.0241223618605410E-03   8.2868037271815174E+03
   8.8000000099999993E+05   1.0222257407017702E-03   8.3021789292154281E+03
   8.9000000099999993E+05   1.0203739079635763E-03   8.3172461968312273E+03
   9.0000000099999993E+05   1.0185825571035626E-03   8.3318734904401081E+03
   9.1000000099999993E+05   1.0168360872191246E-03   8.3461839248502365E+03
   9.2000000099999993E+05   1.0151415778035138E-03   8.3601156635892585E+03
   9.3000000099999993E+05   1.0134832227979181E-03   8.3737952582250728E+03
   9.4000000099999993E+05   1.0118823934637171E-03   8.3870428620716757E+03
   9.5000000099999993E+05   1.0103092097450631E-03   8.4001025859175988E+03
   9.6000000099999993E+05   1.0087902470854143E-03   8.4127508467449552E+03
   9.7000000099999993E+05   1.0073049095389096E-03   8.4251560029034608E+03
   9.8000000099999993E+05   1.0058611819580843E-03   8.4372487551761642E+03
   9.9000000099999993E+05   1.0044478200939083E-03   8.4491208359259799E+03
   1.0000000009999999E+06   1.0030829721837246E-03   8.4606171580006121E+03
   1.1000000009999999E+06   9.9111539061233250E-04   8.5627779426496472E+03
   1.2000000009999999E+06   9.8175286136341160E-04   8.6444372502973347E+03
   1.3000000009999999E+06   9.7431193877821614E-04   8.7104557252969353E+03
   1.4000000009999999E+06   9.6834273539804299E-04   8.7641500216009390E+03
   1.5000000009999999E+06   9.6352576229785951E-04   8.8079648074135621E+03
   1.6000000009999999E+06   9.5960436895388044E-04   8.8439582810650481E+03
   1.7000000009999997E+06   9.5640581153728671E-04   8.8735355881147370E+03
   1.8000000009999997E+06   9.5376741108665290E-04   8.8980823906393944E+03
   1.9000000009999997E+06   9.5161624347790132E-04   8.9181968713977203E+03
   2.0000000009999997E+06   9.4982724446867099E-04   8.9349942895176609E+03
   2.1000000009999997E+06   9.4838724274443498E-04   8.9485609072483167E+03
   2.2000000009999997E+06   9.4719222938061359E-04   8.9598507484647344E+03
   2.3000000009999997E+06   9.4623734548163261E-04   8.9688924727824597E+03
   2.4000000009999997E+06   9.4546029419017631E-04   8.9762637918338623E+03
   2.5000000009999997E+06   9.4484861065382197E-04   8.9820749161955082E+03
   2.6000000009999997E+06   9.4435329320551281E-04   8.9867860539233297E+03
   2.7000000009999997E+06   9.4398838181944801E-04   8.9902600167584260E+03
   2.8000000009999997E+06   9.4372786122605553E-04   8.9927418210693377E+03
   2.9000000009999997E+06   9.4354841345915840E-04   8.9944520962550669E+03
   3.0000000009999997E+06   9.4344234565335041E-04   8.9954633099266721E+03
   3.1000000009999997E+06   9.4340550609151367E-04   8.9958145787338999E+03
   3.2000000009999997E+06   9.4339411125660209E-04   8.9959232351488554E+03
   3.3000000009999997E+06   9.4345048537528052E-04   8.9953857005861591E+03
   3.4000000009999997E+06   9.4354916059452944E-04   8.9944449741319331E+03
   3.5000000009999997E+06   9.4367940826788467E-04   8.9932035509105117E+03
   3.6000000009999997E+06   9.4386326263674804E-04   8.9914517719946834E+03
   3.7000000009999997E+06   9.4406108216464461E-04   8.9895676939638815E+03
   3.8000000009999997E+06   9.4426404606901199E-04   8.9876354401993358E+03
   3.9000000009999997E+06   9.4449842332754912E-04   8.9854051587047579E+03
   4.0000000009999997E+06   9.4475884664956130E-04   8.9829283265805043E+03
   4.1000000009999997E+06   9.4504029497408961E-04   8.9802530648585216E+03
   4.2000000010000002E+06   9.4530081876146286E-04   8.9777781177373599E+03
   4.3000000010000002E+06   9.4560950566267648E-04   8.9748473915862869E+03
   4.4000000010000002E+06   9.4594524389532268E-04   8.9716620069977344E+03
   4.5000000010000002E+06   9.4622559870002443E-04   8.9690038158081497E+03
   4.6000000010000002E+06   9.4654451870647362E-04   8.9659818821344015E+03
   4.7000000010000002E+06   9.4692163761596468E-04   8.9624111100920400E+03
   4.8000000010000002E+06   9.4722992586524272E-04   8.9594941773020237E+03
   4.9000000010000002E+06   9.4757024652069731E-04   8.9562763673906684E+03
   5.0000000010000002E+06   9.4791970055114311E-04   8.9529746036731813E+03
   5.1000000010000002E+06   9.4827627176892492E-04   8.9496081026309839E+03
   5.2000000010000002E+06   9.4863802200344314E-04   8.9461952910475557E+03
   5.3000000010000002E+06   9.4895627664854331E-04   8.9431949755668411E+03
   5.4000000010000002E+06   9.4932194307810849E-04   8.9397501735168462E+03
   5.5000000010000002E+06   9.4963883953677988E-04   8.9367669602641363E+03
   5.6000000010000002E+06   9.5005078209742938E-04   8.9328919730161797E+03
   5.7000000010000002E+06   9.5036030648071909E-04   8.9299826050006122E+03
   5.8000000010000002E+06   9.5071395938613505E-04   8.9266607706440282E+03
   5.9000000010000002E+06   9.5108674538404872E-04   8.9231618951107776E+03
   6.0000000010000002E+06   9.5145198751911831E-04   8.9197364834821365E+03
   6.1000000010000002E+06   9.5180814324027658E-04   8.9163988201070351E+03
   6.2000000010000002E+06   9.5215369999335881E-04   8.9131628700440524E+03
   6.3000000010000002E+06   9.5248717640854328E-04   8.9100422720187180E+03
   6.4000000010000002E+06   9.5283527381580474E-04   8.9067871840736025E+03
   6.5000000010000002E+06   9.5316924789359348E-04   8.9036663993415768E+03
   6.6000000010000002E+06   9.5354572175665648E-04   8.9001511010099894E+03
   6.7000000010000002E+06   9.5387748582959780E-04   8.8970555772944917E+03
   6.8000000009999992E+06   9.5425155601647010E-04   8.8935678981584952E+03
   6.9000000009999992E+06   9.5460845882371320E-04   8.8902428287858947E+03
   7.0000000009999992E+06   9.5491598799592951E-04   8.8873797402500368E+03
   7.1000000009999992E+06   9.5529641487672999E-04   8.8838405265563379E+03
   7.2000000009999992E+06   9.5559391594863684E-04   8.8810747575040350E+03
   7.3000000009999992E+06   9.5593296612631810E-04   8.8779248190865601E+03
   7.4000000009999992E+06   9.5628227991771892E-04   8.8746818628554847E+03
   7.5000000009999992E+06   9.5660883811771332E-04   8.8716523067619401E+03
   7.6000000009999992E+06   9.5691130885313205E-04   8.8688480602525942E+03
   7.7000000009999992E+06   9.5722220656108321E-04   8.8659675331239905E+03
   7.8000000009999992E+06   9.5761004991891602E-04   8.8623767117674543E+03
   7.9000000009999992E+06   9.5793858767927414E-04   8.8593372419791158E+03
   8.0000000009999992E+06   9.5824031158586124E-04   8.8565476767624350E+03
   8.1000000009999992E+06   9.5851394532936733E-04   8.8540193355660012E+03
   8.2000000009999992E+06   9.5886622047002240E-04   8.8507664825191277E+03
   8.3000000009999992E+06   9.5915391876455740E-04   8.8481116944058413E+03
   8.4000000009999983E+06   9.5952203299232695E-04   8.8447171753728107E+03
   8.5000000009999983E+06   9.5978642523721048E-04   8.8422807222537958E+03
   8.6000000009999983E+06   9.6009434081017195E-04   8.8394448801712551E+03
   8.7000000009999983E+06   9.6040885763575381E-04   8.8365501191311905E+03
   8.8000000009999983E+06   9.6072998983365700E-04   8.8335964268433818E+03
   8.9000000009999983E+06   9.6105776032948890E-04   8.8305837127274135E+03
   9.0000000009999983E+06   9.6127352933421135E-04   8.8286015856837894E+03
   9.1000000009999983E+06   9.6161320274210430E-04   8.8254830332564870E+03
   9.2000000009999983E+06   9.6187874461498685E-04   8.8230466187844286E+03
   9.3000000009999983E+06   9.6223088706299707E-04   8.8198176959998673E+03
   9.4000000009999983E+06   9.6250712023790940E-04   8.8172864666789737E+03
   9.5000000009999983E+06   9.6278830197609573E-04   8.8147113835275704E+03
   9.6000000009999983E+06   9.6303229548321532E-04   8.8124780915032006E+03
   9.7000000009999983E+06   9.6332296426110452E-04   8.8098190536394050E+03
   9.8000000009999983E+06   9.6361861882084045E-04   8.8071160515151369E+03
   9.9000000009999983E+06   9.6391928479937444E-04   8.8043689333617313E+03
   1.0000000000999998E+07   9.6413718852572726E-04   8.8023790663370000E+03
   1.1000000000999998E+07   9.6683763606543471E-04   8.7777933841018767E+03
   1.2000000000999998E+07   9.6931445777929004E-04   8.7553641001074047E+03
   1.3000000000999998E+07   9.7165615002768569E-04   8.7342636642747093E+03
   1.4000000000999998E+07   9.7389715479843627E-04   8.7141655189580360E+03
   1.5000000000999998E+07   9.7584200228409445E-04   8.6967982373084596E+03
   1.6000000000999998E+07   9.7788968621517780E-04   8.6785872936269334E+03
   1.7000000000999998E+07   9.7959160504645427E-04   8.6635093253513678E+03
   1.8000000000999998E+07   9.8149679913446465E-04   8.6466924933834616E+03
   1.9000000000999998E+07   9.8296118052873158E-04   8.6338109515076703E+03
   2.0000000000999998E+07   9.8460135091088877E-04   8.6194285611171763E+03
   2.1000000000999998E+07   9.8616147358155759E-04   8.6057924921095619E+03
   2.2000000000999998E+07   9.8752477603996909E-04   8.5939119820244177E+03
   2.3000000000999998E+07   9.8885866264958149E-04   8.5823195224040574E+03
   2.4000000000999998E+07   9.9025950111908249E-04   8.5701788225865384E+03
   2.5000000000999998E+07   9.9151283441601496E-04   8.5593455886573574E+03
   2.6000000000999998E+07   9.9270988472306330E-04   8.5490243785810690E+03
   2.7000000000999998E+07   9.9384092896844271E-04   8.5392951306248196E+03
   2.8000000000999998E+07   9.9501816036978372E-04   8.5291920724360589E+03
   2.9000000000999998E+07   9.9624462259386370E-04   8.5186919084788078E+03
   3.0000000000999998E+07   9.9725987984235448E-04   8.5100194812784794E+03
   3.1000000000999998E+07   9.9817592443638792E-04   8.5022096782667031E+03
   3.2000000000999998E+07   9.9926140501528800E-04   8.4929738732639526E+03
   3.3000000000999998E+07   1.0000985792914311E-03   8.4858644748487604E+03
   3.4000000001000002E+07   1.0012573927295773E-03   8.4760432901472577E+03
   3.5000000001000002E+07   1.0021533861734463E-03   8.4684651296354023E+03
   3.6000000001000002E+07   1.0030769318353241E-03   8.4606681063114502E+03
   3.7000000001000002E+07   1.0040295307355244E-03   8.4526408293377062E+03
   3.8000000001000002E+07   1.0046784492239711E-03   8.4471812965741701E+03
   3.9000000001000002E+07   1.0056834830172840E-03   8.4387395723093687E+03
   4.0000000001000002E+07   1.0061945458182170E-03   8.4344533973344660E+03
   4.1000000001000002E+07   1.0068926747307527E-03   8.4286053701058554E+03
   4.2000000001000002E+07   1.0079743330269368E-03   8.4195606249917037E+03
   4.3000000001000002E+07   1.0087147303178446E-03   8.4133806618266826E+03
   4.4000000001000002E+07   1.0094734536777168E-03   8.4070571389837896E+03
   4.5000000001000002E+07   1.0098571034534618E-03   8.4038632558343652E+03
   4.6000000001000002E+07   1.0106450922157913E-03   8.3973108569192991E+03
   4.7000000001000002E+07   1.0114536275796825E-03   8.3905982181939307E+03
   4.8000000001000002E+07   1.0122837395997722E-03   8.3837176014614924E+03
   4.9000000001000002E+07   1.0127050202859121E-03   8.3802300130395924E+03
   5.0000000001000002E+07   1.0135697509601814E-03   8.3730803896980888E+03
   5.1000000001000002E+07   1.0140092719785896E-03   8.3694510887421784E+03
   5.2000000001000002E+07   1.0149114421675034E-03   8.3620113566078071E+03
   5.3000000001000002E+07   1.0153706735108441E-03   8.3582293902693000E+03
   5.4000000001000002E+07   1.0158369018000244E-03   8.3543932990795656E+03
   5.5000000001000002E+07   1.0163103165321430E-03   8.3505016797568442E+03
   5.6000000001000002E+07   1.0170358057361949E-03   8.3445449584861562E+03
   5.7000000001000002E+07   1.0175280117328922E-03   8.3405084749486832E+03
   5.8000000001000002E+07   1.0180281575364245E-03   8.3364108767809030E+03
   5.9000000001000002E+07   1.0185364830821630E-03   8.3322503870205182E+03
   6.0000000001000002E+07   1.0190532412598710E-03   8.3280251332733442E+03
   6.1000000001000002E+07   1.0195786986428213E-03   8.3237331425741468E+03
   6.2000000001000002E+07   1.0201131362929468E-03   8.3193723356962419E+03
   6.3000000001000002E+07   1.0206568506479427E-03   8.3149405208697372E+03
   6.4000000001000002E+07   1.0212101544971733E-03   8.3104353868617563E+03
   6.5000000001000002E+07   1.0217733780543659E-03   8.3058544953637611E+03
   6.6000000001000002E+07   1.0223468701362631E-03   8.3011952726228083E+03
   6.7000000001000002E+07   1.0229309994577557E-03   8.2964550002439810E+03
   6.8000000001000002E+07   1.0229293011800122E-03   8.2964687741038761E+03
   6.9000000001000002E+07   1.0235245295999735E-03   8.2916439810902702E+03
   7.0000000001000002E+07   1.0241311941846019E-03   8.2867322600332045E+03
   7.1000000001000002E+07   1.0247497327500073E-03   8.2817303914596323E+03
   7.2000000001000002E+07   1.0247482995226699E-03   8.2817419744038561E+03
   7.3000000001000002E+07   1.0253792336200539E-03   8.2766460711262553E+03
   7.4000000001000002E+07   1.0260229958521606E-03   8.2714530177827692E+03
   7.5000000001000002E+07   1.0260217262366119E-03   8.2714632530098534E+03
   7.6000000001000002E+07   1.0266788892816846E-03   8.2661688030749192E+03
   7.7000000001000002E+07   1.0273499594391630E-03   8.2607693000628678E+03
   7.8000000001000002E+07   1.0273488292851698E-03   8.2607783874742181E+03
   7.9000000001000002E+07   1.0280344421354842E-03   8.2552691403284844E+03
   8.0000000001000002E+07   1.0287351873754663E-03   8.2496458850672207E+03
   8.1000000001000002E+07   1.0287341768306720E-03   8.2496539888484403E+03
   8.2000000001000002E+07   1.0294507668117514E-03   8.2439114904343696E+03
   8.3000000001000002E+07   1.0294498269132783E-03   8.2439190172118979E+03
   8.4000000001000002E+07   1.0301829800326147E-03   8.2380520449747582E+03
   8.5000000001000002E+07   1.0301821043034853E-03   8.2380590479134753E+03
   8.6000000001000002E+07   1.0309325909339674E-03   8.2320619989978150E+03
   8.7000000001000002E+07   1.0309317736231854E-03   8.2320685252813200E+03
   8.8000000001000002E+07   1.0317004209463479E-03   8.2259353907903551E+03
   8.9000000001000002E+07   1.0316996569333073E-03   8.2259414824100131E+03
   9.0000000001000002E+07   1.0324873543975318E-03   8.2196658091836471E+03
   9.1000000001000002E+07   1.0324866391108075E-03   8.2196715036087444E+03
   9.2000000001000002E+07   1.0328875874607783E-03   8.2164807752403503E+03
   9.3000000001000002E+07   1.0328869170728773E-03   8.2164861080887094E+03
   9.4000000001000002E+07   1.0328862678522298E-03   8.2164912725609247E+03
   9.5000000001000002E+07   1.0337044002842329E-03   8.2099882742322879E+03
   9.6000000001000002E+07   1.0337037903148079E-03   8.2099931187940219E+03
   9.7000000001000002E+07   1.0345435082132195E-03   8.2033292345658992E+03
   9.8000000001000002E+07   1.0345429343634959E-03   8.2033337848634837E+03
   9.9000000001000002E+07   1.0345423777270103E-03   8.2033381986748318E+03
   1.0000000000100000E+08   1.0354048592145727E-03   8.1965049032062961E+03
   1.1000000000100000E+08   1.0384790090784848E-03   8.1722412597311086E+03
   1.2000000000100000E+08   1.0412537159741333E-03   8.1504640753346384E+03
   1.3000000000100000E+08   1.0438066821982508E-03   8.1305294841406158E+03
   1.4000000000099999E+08   1.0461707126267401E-03   8.1121569385624862E+03
   1.5000000000099999E+08   1.0483718360182505E-03   8.0951249487859477E+03
   1.6000000000099999E+08   1.0504310504951841E-03   8.0792556554332159E+03
   1.7000000000099999E+08   1.0523655411369701E-03   8.0644041196815360E+03
   1.8000000000099999E+08   1.0541895502961028E-03   8.0504507021266809E+03
   1.9000000000099999E+08   1.0559150130582454E-03   8.0372955213278483E+03
   2.0000000000099999E+08   1.0575520299899966E-03   8.0248543472949950E+03
   2.1000000000099999E+08   1.0591092247265400E-03   8.0130555066661054E+03
   2.2000000000100002E+08   1.0605940184936111E-03   8.0018375149897129E+03
   2.3000000000100002E+08   1.0620128436875389E-03   7.9911472406380744E+03
   2.4000000000100002E+08   1.0633713120556259E-03   7.9809384634893404E+03
   2.5000000000100002E+08   1.0646743485837522E-03   7.9711707308859495E+03
   2.6000000000100002E+08   1.0659262991524966E-03   7.9618084403241855E+03
   2.7000000000100005E+08   1.0671310178957858E-03   7.9528200970957696E+03
   2.8000000000100005E+08   1.0682919386870615E-03   7.9441777083763145E+03
   2.9000000000100005E+08   1.0694121340920019E-03   7.9358562847817457E+03
   3.0000000000100005E+08   1.0704943643352171E-03   7.9278334273400487E+03
   3.1000000000100005E+08   1.0715411182440815E-03   7.9200889829248008E+03
   3.2000000000100005E+08   1.0725546476969361E-03   7.9126047549923023E+03
   3.3000000000100005E+08   1.0735369967741701E-03   7.9053642593196428E+03
   3.4000000000100005E+08   1.0744900265603934E-03   7.8983525166102254E+03
   3.5000000000100005E+08   1.0754154363536671E-03   7.8915558754959957E+03
   3.6000000000100005E+08   1.0763147818887331E-03   7.8849618607516313E+03
   3.7000000000100005E+08   1.0771894910648913E-03   7.8785590425376886E+03
   3.8000000000100005E+08   1.0780408775775967E-03   7.8723369232768291E+03
   3.9000000000100005E+08   1.0788701527803346E-03   7.8662858393894430E+03
   4.0000000000100005E+08   1.0796784360454946E-03   7.8603968756103459E+03
   4.1000000000100005E+08   1.0804667638465311E-03   7.8546617900051533E+03
   4.2000000000100005E+08   1.0812360977462113E-03   7.8490729481248572E+03
   4.3000000000100005E+08   1.0819873314453429E-03   7.8436232649962230E+03
   4.4000000000100005E+08   1.0827212970215287E-03   7.8383061538569909E+03
   4.5000000000100005E+08   1.0834387704671150E-03   7.8331154807178491E+03
   4.6000000000100005E+08   1.0841404766187299E-03   7.8280455239754601E+03
   4.7000000000100005E+08   1.0848270935568942E-03   7.8230909384185497E+03
   4.8000000000100005E+08   1.0854992565426172E-03   7.8182467230668981E+03
   4.9000000000100005E+08   1.0861575615482505E-03   7.8135081923644693E+03
   5.0000000000100005E+08   1.0868025684317654E-03   7.8088709503162218E+03
   5.1000000000100005E+08   1.0874348037968108E-03   7.8043308672154908E+03
   5.2000000000100005E+08   1.0880547635751436E-03   7.7998840586572733E+03
   5.3000000000100005E+08   1.0886629153631726E-03   7.7955268665735248E+03
   5.4000000000100005E+08   1.0892597005401601E-03   7.7912558420616733E+03
   5.5000000000100005E+08   1.0898455361921374E-03   7.7870677298068804E+03
   5.6000000000100005E+08   1.0904208168625157E-03   7.7829594539242044E+03
   5.7000000000100005E+08   1.0909859161478085E-03   7.7789281050682957E+03
   5.8000000000100005E+08   1.0915411881546129E-03   7.7749709286771867E+03
   5.9000000000100005E+08   1.0920869688320839E-03   7.7710853142326632E+03
   6.0000000000100005E+08   1.0926235771924510E-03   7.7672687854337337E+03
   6.1000000000100005E+08   1.0931513164306804E-03   7.7635189911917696E+03
   6.2000000000100005E+08   1.0936704749531204E-03   7.7598336973663372E+03
   6.3000000000100005E+08   1.0941813273238679E-03   7.7562107791699518E+03
   6.4000000000100005E+08   1.0946841351366263E-03   7.7526482141779234E+03
   6.5000000000100005E+08   1.0951791478189842E-03   7.7491440758864665E+03
   6.6000000000100005E+08   1.0956666033753095E-03   7.7456965277683448E+03
   6.7000000000100005E+08   1.0961467290737923E-03   7.7423038177807202E+03
   6.8000000000100005E+08   1.0966197420826003E-03   7.7389642732846496E+03
   6.9000000000100005E+08   1.0970858500596056E-03   7.7356762963397823E+03
   7.0000000000100005E+08   1.0975452516996916E-03   7.7324383593415496E+03
   7.1000000000100005E+08   1.0979981372432441E-03   7.7292490009714629E+03
   7.2000000000100005E+08   1.0984446889490893E-03   7.7261068224339260E+03
   7.3000000000100005E+08   1.0988850815348220E-03   7.7230104839556334E+03
   7.4000000000100005E+08   1.0993194825871758E-03   7.7199587015259485E+03
   7.5000000000100005E+08   1.0997480529448577E-03   7.7169502438586278E+03
   7.6000000000100005E+08   1.1001709470560340E-03   7.7139839295571082E+03
   7.7000000000100005E+08   1.1005883133124487E-03   7.7110586244672950E+03
   7.8000000000100005E+08   1.1010002943619920E-03   7.7081732392031245E+03
   7.9000000000100005E+08   1.1014070274013559E-03   7.7053267268316540E+03
   8.0000000000100005E+08   1.1018086444502938E-03   7.7025180807053785E+03
   8.1000000000100005E+08   1.1022052726088400E-03   7.6997463324308592E+03
   8.2000000000100005E+08   1.1025970342987514E-03   7.6970105499634228E+03
   8.3000000000100005E+08   1.1029840474903183E-03   7.6943098358186953E+03
   8.4000000000100005E+08   1.1033664259155983E-03   7.6916433253924824E+03
   8.5000000000100005E+08   1.1037442792690231E-03   7.6890101853813085E+03
   8.6000000000100005E+08   1.1041177133962886E-03   7.6864096122963247E+03
   8.7000000000100005E+08   1.1044868304723181E-03   7.6838408310641917E+03
   8.8000000000100005E+08   1.1048517291690572E-03   7.6813030937088679E+03
   8.9000000000100005E+08   1.1052125048137944E-03   7.6787956781087141E+03
   9.0000000000100005E+08   1.1055692495386339E-03   7.6763178868238820E+03
   9.1000000000100005E+08   1.1059220524217118E-03   7.6738690459892459E+03
   9.2000000000100005E+08   1.1062709996206926E-03   7.6714485042685828E+03
   9.3000000000100005E+08   1.1066161744990586E-03   7.6690556318658710E+03
   9.4000000000100005E+08   1.1069576577456359E-03   7.6666898195901913E+03
   9.5000000000100005E+08   1.1072955274878070E-03   7.6643504779705900E+03
   9.6000000000100005E+08   1.1076298593987847E-03   7.6620370364179271E+03
   9.7000000000100005E+08   1.1079607267993415E-03   7.6597489424305786E+03
   9.8000000000100005E+08   1.1082882007543075E-03   7.6574856608414411E+03
   9.9000000000100005E+08   1.1086123501641866E-03   7.6552466731035256E+03
   1.0000000000010000E+09   1.1089332418521554E-03   7.6530314766119445E+03
   1.1000000000009999E+09   1.1119763538968471E-03   7.6320876569135598E+03
   1.2000000000009999E+09   1.1147545049712039E-03   7.6130672426168821E+03
   1.3000000000009999E+09   1.1173101614974062E-03   7.5956536491014203E+03
   1.4000000000009999E+09   1.1196763337085829E-03   7.5796020241370006E+03
   1.5000000000009999E+09   1.1218791902071054E-03   7.5647191599918851E+03
   1.6000000000009999E+09   1.1239398270304647E-03   7.5508499665666150E+03
   1.7000000000009999E+09   1.1258754994826637E-03   7.5378680939903961E+03
   1.8000000000010002E+09   1.1277005013484564E-03   7.5256692669798713E+03
   1.9000000000010002E+09   1.1294268060844305E-03   7.5141664423373404E+03
   2.0000000000010002E+09   1.1310645433567665E-03   7.5032862228791046E+03
   2.1000000000010002E+09   1.1326223591946326E-03   7.4929661563369291E+03
   2.2000000000010004E+09   1.1341076922857692E-03   7.4831526697884492E+03
   2.3000000000010004E+09   1.1355269888057471E-03   7.4737994684577925E+03
   2.4000000000010004E+09   1.1368858714932339E-03   7.4648662791534916E+03
   2.5000000000010004E+09   1.1381892741885689E-03   7.4563178531146832E+03
   2.6000000000010004E+09   1.1394415499700805E-03   7.4481231666325621E+03
   2.7000000000010004E+09   1.1406465588715453E-03   7.4402547742324850E+03
   2.8000000000010004E+09   1.1418077396396068E-03   7.4326882808086075E+03
   2.9000000000010004E+09   1.1429281688938163E-03   7.4254019074267198E+03
   3.0000000000010004E+09   1.1440106102533732E-03   7.4183761315607499E+03
   3.1000000000010004E+09   1.1450575554056550E-03   7.4115933869798546E+03
   3.2000000000010004E+09   1.1460712586524350E-03   7.4050378118151575E+03
   3.3000000000010004E+09   1.1470537661386207E-03   7.3986950358264703E+03
   3.4000000000010004E+09   1.1480069407164301E-03   7.3925519997811371E+03
   3.5000000000010004E+09   1.1489324832044611E-03   7.3865968013070778E+03
   3.6000000000010004E+09   1.1498319506512734E-03   7.3808185627029579E+03
   3.7000000000010004E+09   1.1507067720961215E-03   7.3752073170617914E+03
   3.8000000000010004E+09   1.1515582622274685E-03   7.3697539097500612E+03
   3.9000000000010004E+09   1.1523876332670394E-03   7.3644499128265752E+03
   4.0000000000010004E+09   1.1531960053490634E-03   7.3592875504169069E+03
   4.1000000000010004E+09   1.1539844156177141E-03   7.3542596334050504E+03
   4.2000000000010004E+09   1.1547538262281466E-03   7.3493595020824287E+03
   4.3000000000010004E+09   1.1555051314059569E-03   7.3445809756203398E+03
   4.4000000000010004E+09   1.1562391636949930E-03   7.3399183074156772E+03
   4.5000000000010004E+09   1.1569566995029816E-03   7.3353661455106158E+03
   4.6000000000010004E+09   1.1576584640375811E-03   7.3309194974109105E+03
   4.7000000000010004E+09   1.1583451357115679E-03   7.3265736987297096E+03
   4.8000000000010004E+09   1.1590173500841917E-03   7.3223243851693787E+03
   4.9000000000010004E+09   1.1596757033961334E-03   7.3181674674242104E+03
   5.0000000000010004E+09   1.1603207557473142E-03   7.3140991086468503E+03
   5.1000000000010004E+09   1.1609530339600029E-03   7.3101157041709012E+03
   5.2000000000010004E+09   1.1615730341639039E-03   7.3062138632243377E+03
   5.3000000000010004E+09   1.1621812241349996E-03   7.3023903924041124E+03
   5.4000000000010004E+09   1.1627780454157681E-03   7.2986422807125909E+03
   5.5000000000010004E+09   1.1633639152408485E-03   7.2949666859822528E+03
   5.6000000000010004E+09   1.1639392282892052E-03   7.2913609225370756E+03
   5.7000000000010004E+09   1.1645043582811949E-03   7.2878224499582102E+03
   5.8000000000010004E+09   1.1650596594367469E-03   7.2843488628374635E+03
   5.9000000000010004E+09   1.1656054678088879E-03   7.2809378814164465E+03
   6.0000000000010004E+09   1.1661421025051947E-03   7.2775873430211450E+03
   6.1000000000010004E+09   1.1666698668082785E-03   7.2742951942123909E+03
   6.2000000000010004E+09   1.1671890492051735E-03   7.2710594835816028E+03
   6.3000000000010004E+09   1.1676999243343486E-03   7.2678783551294182E+03
   6.4000000000010004E+09   1.1682027538581518E-03   7.2647500421715004E+03
   6.5000000000010004E+09   1.1686977872676157E-03   7.2616728617220633E+03
   6.6000000000010004E+09   1.1691852626258088E-03   7.2586452093110174E+03
   6.7000000000010004E+09   1.1696654072553075E-03   7.2556655541950595E+03
   6.8000000000010004E+09   1.1701384383747179E-03   7.2527324349276205E+03
   6.9000000000010014E+09   1.1706045636887500E-03   7.2498444552556739E+03
   7.0000000000010014E+09   1.1710639819358223E-03   7.2470002803151419E+03
   7.1000000000010014E+09   1.1715168833968332E-03   7.2441986330991122E+03
   7.2000000000010014E+09   1.1719634503683473E-03   7.2414382911758103E+03
   7.3000000000010014E+09   1.1724038576031439E-03   7.2387180836354783E+03
   7.4000000000010014E+09   1.1728382727207974E-03   7.2360368882472430E+03
   7.5000000000010014E+09   1.1732668565906960E-03   7.2333936288089717E+03
   7.6000000000010014E+09   1.1736897636896923E-03   7.2307872726745873E+03
   7.7000000000010014E+09   1.1741071424363812E-03   7.2282168284447862E+03
   7.8000000000010014E+09   1.1745191355038011E-03   7.2256813438084719E+03
   7.9000000000010014E+09   1.1749258801122256E-03   7.2231799035231443E+03
   8.0000000000010014E+09   1.1753275083035311E-03   7.2207116275237904E+03
   8.1000000000010014E+09   1.1757241471985270E-03   7.2182756691505183E+03
   8.2000000000010014E+09   1.1761159192384949E-03   7.2158712134861617E+03
   8.3000000000010014E+09   1.1765029424120881E-03   7.2134974757957507E+03
   8.4000000000010014E+09   1.1768853304686478E-03   7.2111537000604640E+03
   8.5000000000010014E+09   1.1772631931188855E-03   7.2088391575993537E+03
   8.6000000000010014E+09   1.1776366362238409E-03   7.2065531457725037E+03
   8.7000000000010014E+09   1.1780057619729103E-03   7.2042949867600328E+03
   8.8000000000010014E+09   1.1783706690517014E-03   7.2020640264116364E+03
   8.9000000000010014E+09   1.1787314528004058E-03   7.1998596331618555E+03
   9.0000000000010014E+09   1.1790882053633208E-03   7.1976811970066337E+03
   9.1000000000010014E+09   1.1794410158301122E-03   7.1955281285370384E+03
   9.2000000000010014E+09   1.1797899703693631E-03   7.1933998580263351E+03
   9.3000000000010014E+09   1.1801351523548840E-03   7.1912958345670859E+03
   9.4000000000010014E+09   1.1804766424852947E-03   7.1892155252547409E+03
   9.5000000000010014E+09   1.1808145188972555E-03   7.1871584144150511E+03
   9.6000000000010014E+09   1.1811488572727835E-03   7.1851240028723050E+03
   9.7000000000010014E+09   1.1814797309410042E-03   7.1831118072559175E+03
   9.8000000000010014E+09   1.1818072109746826E-03   7.1811213593429993E+03
   9.9000000000010014E+09   1.1821313662818580E-03   7.1791522054346442E+03
   1.0000000000001001E+10   1.1824522636928701E-03   7.1772039057639331E+03
