   1.0000000000000000E-03   1.2336048141596788E-03   6.8795945897284282E+03
   1.0999999999999999E-02   1.3128469147266284E-02   6.4643492780139115E+02
   2.1000000000000001E-02   2.4620817811658584E-02   3.4469614576885425E+02
   3.1000000000000007E-02   3.5848581914700924E-02   2.3673742591964594E+02
   4.1000000000000002E-02   4.6866454479978191E-02   1.8108263361337632E+02
   5.1000000000000004E-02   5.7706547202402259E-02   1.4706651873641437E+02
   6.0999999999999999E-02   6.8390642201325708E-02   1.2409155305740590E+02
   7.0999999999999994E-02   7.8934753415654979E-02   1.0751539262644633E+02
   8.0999999999999989E-02   8.9351283017623448E-02   9.4981299862050903E+01
   9.0999999999999998E-02   9.9650194006582773E-02   8.5164922055196897E+01
   1.0100000000000001E-01   1.0983971099621265E-01   7.7264414922290698E+01
   2.0099999999999998E-01   2.0688013139008887E-01   4.1022310592763127E+01
   3.0099999999999999E-01   2.9721736117089981E-01   2.8553853556609784E+01
   4.0099999999999997E-01   3.8253450214993462E-01   2.2185452443266161E+01
   5.0100000000000000E-01   4.6377408691176775E-01   1.8299213442191419E+01
   6.0099999999999998E-01   5.4155437189463929E-01   1.5671004511818397E+01
   7.0099999999999996E-01   6.1631773908138732E-01   1.3770009310465696E+01
   8.0099999999999993E-01   6.8839895805328588E-01   1.2328172357139092E+01
   9.0100000000000002E-01   7.5806154027566941E-01   1.1195266550878811E+01
   1.0009999999999999E+00   8.2551908282118780E-01   1.0280441944906729E+01
   1.1010000000000000E+00   8.9094870958170014E-01   9.5254652867058649E+00
   1.2010000000000001E+00   9.5449999983689471E-01   8.8912530191787127E+00
   1.3009999999999999E+00   1.0163011702426765E+00   8.3505768308122512E+00
   1.4010000000000000E+00   1.0764635049093021E+00   7.8838724830442999E+00
   1.5009999999999999E+00   1.1350846190624926E+00   7.4767121876475979E+00
   1.6009999999999998E+00   1.1922509201151277E+00   7.1182171992254517E+00
   1.7009999999999998E+00   1.2480395019097095E+00   6.8000259546030373E+00
   1.8009999999999997E+00   1.3025196279071307E+00   6.5156031613835834E+00
   1.9009999999999998E+00   1.3557539101637255E+00   6.2597650958137283E+00
   2.0009999999999999E+00   1.4077992590195010E+00   6.0283459811355895E+00
   2.1010000000000000E+00   1.4587076574636375E+00   5.8179587677714144E+00
   2.2009999999999996E+00   1.5085267988728666E+00   5.6258205102467667E+00
   2.3009999999999997E+00   1.5573006175944040E+00   5.4496228341997721E+00
   2.4009999999999998E+00   1.6050697340058735E+00   5.2874344494522845E+00
   2.5009999999999999E+00   1.6518718310282439E+00   5.1376268097465774E+00
   2.6010000000000000E+00   1.6977419739670783E+00   4.9988167433506838E+00
   2.7009999999999996E+00   1.7427128858898056E+00   4.8698216866759871E+00
   2.8009999999999997E+00   1.7868151838971169E+00   4.7496244053881549E+00
   2.9009999999999998E+00   1.8300775849665427E+00   4.6373449273796901E+00
   3.0009999999999999E+00   1.8725270848225699E+00   4.5322180245846884E+00
   3.1010000000000000E+00   1.9141891145467218E+00   4.4335750009556989E+00
   3.2009999999999996E+00   1.9550876788286846E+00   4.3408288524637166E+00
   3.3009999999999997E+00   1.9952454777129529E+00   4.2534620928366875E+00
   3.4009999999999998E+00   2.0346840146445397E+00   4.1710167005162724E+00
   3.5009999999999999E+00   2.0734236928063439E+00   4.0930857666959843E+00
   3.6010000000000000E+00   2.1114839008857995E+00   4.0193065179400937E+00
   3.7009999999999996E+00   2.1488830901972271E+00   3.9493544549121808E+00
   3.8009999999999997E+00   2.1856388442688028E+00   3.8829384038491792E+00
   3.9009999999999998E+00   2.2217679405631645E+00   3.8197963209446155E+00
   4.0009999999999994E+00   2.2572864074406893E+00   3.7596917154071243E+00
   4.1010000000000000E+00   2.2922095751352636E+00   3.7024105899457584E+00
   4.2009999999999996E+00   2.3265521221948910E+00   3.6477588120181195E+00
   4.3010000000000002E+00   2.3603281180396398E+00   3.5955598463168177E+00
   4.4009999999999998E+00   2.3935510612801805E+00   3.5456527928912434E+00
   4.5009999999999994E+00   2.4262339152575025E+00   3.4978906823397335E+00
   4.6010000000000000E+00   2.4583891405265925E+00   3.4521389903056607E+00
   4.7009999999999996E+00   2.4900287245042887E+00   3.4082743391024106E+00
   4.8010000000000002E+00   2.5211642087527650E+00   3.3661833592165316E+00
   4.9009999999999998E+00   2.5518067145171592E+00   3.3257616876212679E+00
   5.0009999999999994E+00   2.5819669657839506E+00   3.2869130851870110E+00
   5.1010000000000000E+00   2.6116553111108329E+00   3.2495486556938342E+00
   5.2009999999999996E+00   2.6408817433231131E+00   3.2135861542504212E+00
   5.3010000000000002E+00   2.6696559182779511E+00   3.1789493721835793E+00
   5.4009999999999998E+00   2.6979871719921023E+00   3.1455675895929405E+00
   5.5009999999999994E+00   2.7258845367508830E+00   3.1133750864853544E+00
   5.6010000000000000E+00   2.7533567559860121E+00   3.0823107056160164E+00
   5.7009999999999996E+00   2.7804122982906083E+00   3.0523174604620609E+00
   5.8010000000000002E+00   2.8070593703830351E+00   3.0233421832463150E+00
   5.9009999999999998E+00   2.8333059293310017E+00   2.9953352080690223E+00
   6.0009999999999994E+00   2.8591596940473307E+00   2.9682500851648412E+00
   6.1010000000000000E+00   2.8846281558029254E+00   2.9420433230825309E+00
   6.2009999999999996E+00   2.9097185883444134E+00   2.9166741551404387E+00
   6.3010000000000002E+00   2.9344380576745532E+00   2.8921043274913445E+00
   6.4009999999999989E+00   2.9587934303169852E+00   2.8682979076530737E+00
   6.5009999999999994E+00   2.9827913821460097E+00   2.8452211093790942E+00
   6.6009999999999991E+00   3.0064384061604681E+00   2.8228421337240244E+00
   6.7009999999999987E+00   3.0297408197766740E+00   2.8011310241321028E+00
   6.8009999999999993E+00   3.0527047720894407E+00   2.7800595337449234E+00
   6.9009999999999989E+00   3.0753362503644097E+00   2.7596010043943151E+00
   7.0009999999999994E+00   3.0976410862941965E+00   2.7397302556794183E+00
   7.1009999999999991E+00   3.1196249620739036E+00   2.7204234831208605E+00
   7.2009999999999987E+00   3.1412934159248769E+00   2.7016581648604672E+00
   7.3009999999999993E+00   3.1626518474967740E+00   2.6834129757510499E+00
   7.4009999999999989E+00   3.1837055229539395E+00   2.6656677083255018E+00
   7.5009999999999994E+00   3.2044595796227870E+00   2.6484032001286417E+00
   7.6009999999999991E+00   3.2249190310222864E+00   2.6316012661767889E+00
   7.7009999999999987E+00   3.2450887706532701E+00   2.6152446374055311E+00
   7.8009999999999993E+00   3.2649735764912418E+00   2.5993169030409877E+00
   7.9009999999999989E+00   3.2845781148207309E+00   2.5838024576313257E+00
   8.0009999999999994E+00   3.3039069441277951E+00   2.5686864517899708E+00
   8.1009999999999991E+00   3.3229645185165073E+00   2.5539547467526509E+00
   8.2009999999999987E+00   3.3417551913121653E+00   2.5395938719327624E+00
   8.3009999999999984E+00   3.3602832181400024E+00   2.5255909857662129E+00
   8.4009999999999998E+00   3.3785527602851890E+00   2.5119338389848012E+00
   8.5009999999999994E+00   3.3965678874446854E+00   2.4986107407794540E+00
   8.6009999999999991E+00   3.4143325808044471E+00   2.4856105269499928E+00
   8.7009999999999987E+00   3.4318507356488750E+00   2.4729225304582640E+00
   8.8009999999999984E+00   3.4491261639874238E+00   2.4605365538570703E+00
   8.9009999999999998E+00   3.4661625971944372E+00   2.4484428434560837E+00
   9.0009999999999994E+00   3.4829636882390460E+00   2.4366320653910316E+00
   9.1009999999999991E+00   3.4995330141344954E+00   2.4250952830215837E+00
   9.2009999999999987E+00   3.5158740780912030E+00   2.4138239359139311E+00
   9.3009999999999984E+00   3.5319903116712972E+00   2.4028098200926435E+00
   9.4009999999999998E+00   3.5478850768896617E+00   2.3920450695082662E+00
   9.5009999999999994E+00   3.5635616680542777E+00   2.3815221387734962E+00
   9.6009999999999991E+00   3.5790233137769514E+00   2.3712337867952682E+00
   9.7009999999999987E+00   3.5942731787206079E+00   2.3611730615247049E+00
   9.8009999999999984E+00   3.6093143654345581E+00   2.3513332855211355E+00
   9.9009999999999998E+00   3.6241499159193080E+00   2.3417080425060508E+00
   1.0000999999999999E+01   3.6387828134143234E+00   2.3322911645261604E+00
   1.1000999999999999E+01   3.7745830704512366E+00   2.2483810389000976E+00
   1.2000999999999999E+01   3.8930164121052111E+00   2.1799807930340962E+00
   1.3000999999999999E+01   3.9962963695004978E+00   2.1236415472400600E+00
   1.4000999999999999E+01   4.0862900483452531E+00   2.0768719070229902E+00
   1.5000999999999999E+01   4.1645860777660904E+00   2.0378258119491646E+00
   1.6000999999999998E+01   4.2325460588439014E+00   2.0051054111089748E+00
   1.7000999999999998E+01   4.2913443288702728E+00   1.9776322650832485E+00
   1.8000999999999998E+01   4.3419992287396392E+00   1.9545606892747707E+00
   1.9000999999999998E+01   4.3853980488556052E+00   1.9352179461954486E+00
   2.0000999999999998E+01   4.4223171798688945E+00   1.9190620347153551E+00
   2.1000999999999998E+01   4.4534385641303018E+00   1.9056513036265972E+00
   2.2000999999999998E+01   4.4793632514530115E+00   1.8946221882324379E+00
   2.3000999999999998E+01   4.5006226596538177E+00   1.8856726384630209E+00
   2.4000999999999998E+01   4.5176879952159972E+00   1.8785496064232097E+00
   2.5000999999999998E+01   4.5309781848472568E+00   1.8730394760534397E+00
   2.6000999999999998E+01   4.5408665913793653E+00   1.8689606564234891E+00
   2.7000999999999998E+01   4.5476867294518897E+00   1.8661577875173325E+00
   2.8000999999999998E+01   4.5517371527169388E+00   1.8644971624273485E+00
   2.9000999999999998E+01   4.5532856504530770E+00   1.8638630775364153E+00
   3.0000999999999998E+01   4.5525728654142910E+00   1.8641548979542955E+00
   3.1000999999999998E+01   4.5498154239142075E+00   1.8652846796265770E+00
   3.2000999999999998E+01   4.5452086531726303E+00   1.8671752284533767E+00
   3.3000999999999998E+01   4.5389289476859025E+00   1.8697585054030592E+00
   3.4000999999999998E+01   4.5311358361143661E+00   1.8729743076150114E+00
   3.5000999999999998E+01   4.5219737915570288E+00   1.8767691712856409E+00
   3.6000999999999998E+01   4.5115738212167766E+00   1.8810954539733091E+00
   3.7000999999999998E+01   4.5000548658494584E+00   1.8859105629490740E+00
   3.8000999999999998E+01   4.4875250345853051E+00   1.8911763031847091E+00
   3.9000999999999998E+01   4.4740826970239151E+00   1.8968583238305097E+00
   4.0000999999999998E+01   4.4598174510509665E+00   1.9029256462853561E+00
   4.1000999999999998E+01   4.4448109823511723E+00   1.9093502601243710E+00
   4.2000999999999998E+01   4.4291378291751071E+00   1.9161067757822419E+00
   4.3000999999999998E+01   4.4128660640749562E+00   1.9231721249022069E+00
   4.4000999999999998E+01   4.3960579027583471E+00   1.9305253008680376E+00
   4.5000999999999998E+01   4.3787702487107616E+00   1.9381471333999778E+00
   4.6000999999999998E+01   4.3610551812218592E+00   1.9460200920865456E+00
   4.7000999999999998E+01   4.3429603933672292E+00   1.9541281146190406E+00
   4.8000999999999998E+01   4.3245295856910806E+00   1.9624564561742168E+00
   4.9000999999999998E+01   4.3058028205764760E+00   1.9709915569751153E+00
   5.0000999999999998E+01   4.2868168416910377E+00   1.9797209255173329E+00
   5.1000999999999998E+01   4.2676053623386689E+00   1.9886330353435302E+00
   5.2000999999999998E+01   4.2481993260950368E+00   1.9977172335641991E+00
   5.3000999999999998E+01   4.2286271426875661E+00   2.0069636595961553E+00
   5.4000999999999998E+01   4.2089149017279626E+00   2.0163631728148439E+00
   5.5000999999999998E+01   4.1890865666200892E+00   2.0259072879945892E+00
   5.6000999999999998E+01   4.1691641506706620E+00   2.0355881175824364E+00
   5.7000999999999998E+01   4.1491678772291536E+00   2.0453983199694865E+00
   5.8000999999999998E+01   4.1291163254477334E+00   2.0553310530518005E+00
   5.9000999999999998E+01   4.1090265630997136E+00   2.0653799324562616E+00
   6.0000999999999998E+01   4.0889142677246646E+00   2.0755389938949294E+00
   6.1000999999999998E+01   4.0687938372338035E+00   2.0858026591796088E+00
   6.2000999999999998E+01   4.0486784909889515E+00   2.0961657054874876E+00
   6.3000999999999998E+01   4.0285803622584151E+00   2.1066232375213789E+00
   6.4001000000000005E+01   4.0085105828612804E+00   2.1171706622508286E+00
   6.5001000000000005E+01   3.9884793607275277E+00   2.1278036659585058E+00
   6.6001000000000005E+01   3.9684960510222349E+00   2.1385181933518123E+00
   6.7001000000000005E+01   3.9485692214246244E+00   2.1493104285237554E+00
   6.8001000000000005E+01   3.9287067120860630E+00   2.1601767775761522E+00
   6.9001000000000005E+01   3.9089156907424174E+00   2.1711138527380207E+00
   7.0001000000000005E+01   3.8892027034109695E+00   2.1821184578301183E+00
   7.1001000000000005E+01   3.8695737210553744E+00   2.1931875749459131E+00
   7.2001000000000005E+01   3.8500341825723177E+00   2.2043183522297105E+00
   7.3001000000000005E+01   3.8305890344118985E+00   2.2155080926499897E+00
   7.4001000000000005E+01   3.8112427671244498E+00   2.2267542436712882E+00
   7.5001000000000005E+01   3.7919994490837170E+00   2.2380543877469607E+00
   7.6001000000000005E+01   3.7728627576331135E+00   2.2494062335519356E+00
   7.7001000000000005E+01   3.7538360078618194E+00   2.2608076078927821E+00
   7.8001000000000005E+01   3.7349221792113267E+00   2.2722564482315235E+00
   7.9001000000000005E+01   3.7161239400794193E+00   2.2837507957752607E+00
   8.0001000000000005E+01   3.6974436705957991E+00   2.2952887890752751E+00
   8.1001000000000005E+01   3.6788834837109103E+00   2.3068686580949520E+00
   8.2001000000000005E+01   3.6604452447261684E+00   2.3184887187107059E+00
   8.3001000000000005E+01   3.6421305894030502E+00   2.3301473676008007E+00
   8.4001000000000005E+01   3.6239409407451366E+00   2.3418430775008376E+00
   8.5001000000000005E+01   3.6058775245708308E+00   2.3535743927869408E+00
   8.6001000000000005E+01   3.5879413839615415E+00   2.3653399253656366E+00
   8.7001000000000005E+01   3.5701333926796996E+00   2.3771383508406827E+00
   8.8001000000000005E+01   3.5524542676220880E+00   2.3889684049435007E+00
   8.9001000000000005E+01   3.5349045803945152E+00   2.4008288801981492E+00
   9.0001000000000005E+01   3.5174847680677863E+00   2.4127186228066475E+00
   9.1001000000000005E+01   3.5001951431750582E+00   2.4246365297385983E+00
   9.2001000000000005E+01   3.4830359030149931E+00   2.4365815460040459E+00
   9.3001000000000005E+01   3.4660071382938007E+00   2.4485526621083622E+00
   9.4001000000000005E+01   3.4491088411765021E+00   2.4605489116606218E+00
   9.5001000000000005E+01   3.4323409127761018E+00   2.4725693691340722E+00
   9.6001000000000005E+01   3.4157031701291807E+00   2.4846131477621660E+00
   9.7001000000000005E+01   3.3991953526813417E+00   2.4966793975701993E+00
   9.8001000000000005E+01   3.3828171283385648E+00   2.5087673035178302E+00
   9.9001000000000005E+01   3.3665680990972606E+00   2.5208760837576891E+00
   1.0000100000000000E+02   3.3504478062917569E+00   2.5330049879955805E+00
   1.1000100000000000E+02   3.1961899657218655E+00   2.6552555062036602E+00
   1.2000100000000000E+02   3.0540030175962083E+00   2.7788777406106542E+00
   1.3000100000000000E+02   2.9229563247701700E+00   2.9034648699457302E+00
   1.4000100000000000E+02   2.8020660039127119E+00   3.0287298705688319E+00
   1.5000100000000000E+02   2.6903766500280106E+00   3.1544657530637998E+00
   1.6000100000000000E+02   2.5869982696230531E+00   3.2805205573610423E+00
   1.7000100000000000E+02   2.4911201466440902E+00   3.4067810887358130E+00
   1.8000100000000000E+02   2.4020129652922018E+00   3.5331620303404465E+00
   1.9000100000000000E+02   2.3190251799921660E+00   3.6595984720547712E+00
   2.0000100000000000E+02   2.2415768187153819E+00   3.7860406721280637E+00
   2.1000100000000003E+02   2.1691524040502186E+00   3.9124503144682654E+00
   2.2000100000000003E+02   2.1012938619622927E+00   4.0387977897725191E+00
   2.3000100000000003E+02   2.0375938440045380E+00   4.1650601911305003E+00
   2.4000100000000003E+02   1.9776896471362237E+00   4.2912198168428315E+00
   2.5000100000000003E+02   1.9212577857847317E+00   4.4172630389052685E+00
   2.6000100000000003E+02   1.8680092036241045E+00   4.5431794387794850E+00
   2.7000100000000003E+02   1.8176850800477835E+00   4.6689611410205174E+00
   2.8000100000000003E+02   1.7700531729485081E+00   4.7946022950366789E+00
   2.9000100000000003E+02   1.7249046363564129E+00   4.9200986689227530E+00
   3.0000100000000003E+02   1.6820512537677119E+00   5.0454473288766186E+00
   3.1000100000000003E+02   1.6413230327817223E+00   5.1706463845648765E+00
   3.2000100000000003E+02   1.6025661124359956E+00   5.2956947856931667E+00
   3.3000100000000003E+02   1.5656409405015150E+00   5.4205921586576311E+00
   3.4000100000000003E+02   1.5304206835919860E+00   5.5453386747473203E+00
   3.5000100000000003E+02   1.4967898379998990E+00   5.6699349433694142E+00
   3.6000100000000003E+02   1.4646430136761621E+00   5.7943819252274888E+00
   3.7000100000000003E+02   1.4338838677031052E+00   5.9186808614776165E+00
   3.8000100000000003E+02   1.4044241669937620E+00   6.0428332157812878E+00
   3.9000100000000003E+02   1.3761829628790472E+00   6.1668406267733804E+00
   4.0000100000000003E+02   1.3490858627257813E+00   6.2907048690057321E+00
   4.1000100000000003E+02   1.3230643858577589E+00   6.4144278208001486E+00
   4.2000100000000003E+02   1.2980553928557850E+00   6.5380114377744052E+00
   4.3000100000000003E+02   1.2740005788602664E+00   6.6614577310068075E+00
   4.4000100000000003E+02   1.2508460227995954E+00   6.7847687490433586E+00
   4.5000100000000003E+02   1.2285417855914798E+00   6.9079465630629411E+00
   4.6000100000000003E+02   1.2070415513066814E+00   7.0309932546800917E+00
   4.7000100000000003E+02   1.1863023061045173E+00   7.1539109059172343E+00
   4.8000100000000003E+02   1.1662840504359564E+00   7.2767015909919612E+00
   4.9000100000000003E+02   1.1469495406063419E+00   7.3993673696135964E+00
   5.0000100000000003E+02   1.1282640562963593E+00   7.5219102815473233E+00
   5.1000100000000003E+02   1.1101951910801253E+00   7.6443323422244633E+00
   5.2000099999999998E+02   1.0927126633506714E+00   7.7666355392390436E+00
   5.3000099999999998E+02   1.0757881453901872E+00   7.8888218295784931E+00
   5.4000099999999998E+02   1.0593951086004907E+00   8.0108931374689760E+00
   5.5000099999999998E+02   1.0435086831491751E+00   8.1328513527497446E+00
   5.6000099999999998E+02   1.0281055305022564E+00   8.2546983296645582E+00
   5.7000099999999998E+02   1.0131637274888190E+00   8.3764358860246784E+00
   5.8000099999999998E+02   9.9866266070740850E-01   8.4980658026648026E+00
   5.9000099999999998E+02   9.8458293021678744E-01   8.6195898231622330E+00
   6.0000099999999998E+02   9.7090626157914328E-01   8.7410096537564446E+00
   6.1000099999999998E+02   9.5761542542533007E-01   8.8623269634430315E+00
   6.2000099999999998E+02   9.4469416380548887E-01   8.9835433842092325E+00
   6.3000099999999998E+02   9.3212712266822706E-01   9.1046605113930887E+00
   6.4000099999999998E+02   9.1989978988477650E-01   9.2256799041326936E+00
   6.5000099999999998E+02   9.0799843829523730E-01   9.3466030858925375E+00
   6.6000099999999998E+02   8.9641007330963962E-01   9.4674315450540245E+00
   6.7000099999999998E+02   8.8512238464613691E-01   9.5881667355512317E+00
   6.8000099999999998E+02   8.7412370183022770E-01   9.7088100775514246E+00
   6.9000099999999998E+02   8.6340295311971471E-01   9.8293629581542010E+00
   7.0000099999999998E+02   8.5294962755085169E-01   9.9498267321183711E+00
   7.1000099999999998E+02   8.4275373983441382E-01   1.0070202722592910E+01
   7.2000099999999998E+02   8.3280579785345532E-01   1.0190492221872395E+01
   7.3000099999999998E+02   8.2309677254370150E-01   1.0310696492137295E+01
   7.4000099999999998E+02   8.1361806995301589E-01   1.0430816766208197E+01
   7.5000099999999998E+02   8.0436150530085138E-01   1.0550854248279363E+01
   7.6000099999999998E+02   7.9531927886988640E-01   1.0670810114668788E+01
   7.7000099999999998E+02   7.8648395358399448E-01   1.0790685514538616E+01
   7.8000099999999998E+02   7.7784843413452287E-01   1.0910481570614259E+01
   7.9000099999999998E+02   7.6940594753220459E-01   1.1030199379893212E+01
   8.0000099999999998E+02   7.6115002497327633E-01   1.1149840014330731E+01
   8.1000099999999998E+02   7.5307448491579532E-01   1.1269404521525924E+01
   8.2000099999999998E+02   7.4517341727490782E-01   1.1388893925378682E+01
   8.3000099999999998E+02   7.3744116864995413E-01   1.1508309226744984E+01
   8.4000099999999998E+02   7.2987232850775596E-01   1.1627651404057424E+01
   8.5000099999999998E+02   7.2246171624805811E-01   1.1746921413953444E+01
   8.6000099999999998E+02   7.1520436908850926E-01   1.1866120191871495E+01
   8.7000099999999998E+02   7.0809553070819076E-01   1.1985248652633111E+01
   8.8000099999999998E+02   7.0113064059490715E-01   1.2104307691010240E+01
   8.9000099999999998E+02   6.9430532404558098E-01   1.2223298182283161E+01
   9.0000099999999998E+02   6.8761538277439760E-01   1.2342220982773311E+01
   9.1000099999999998E+02   6.8105678608528719E-01   1.2461076930364955E+01
   9.2000099999999998E+02   6.7462566256999001E-01   1.2579866845008146E+01
   9.3000099999999998E+02   6.6831829229484807E-01   1.2698591529216614E+01
   9.4000099999999998E+02   6.6213109944424775E-01   1.2817251768538112E+01
   9.5000099999999998E+02   6.5606064538877407E-01   1.2935848332019290E+01
   9.6000099999999998E+02   6.5010362215029582E-01   1.3054381972653973E+01
   9.7000099999999998E+02   6.4425684623777268E-01   1.3172853427813985E+01
   9.8000099999999998E+02   6.3851725282887539E-01   1.3291263419675102E+01
   9.9000099999999998E+02   6.3288189027565478E-01   1.3409612655624336E+01
   1.0000010000000000E+03   6.2734791491306452E-01   1.3527901828655834E+01
   1.1000010000000000E+03   5.7702697678688308E-01   1.4707632999436553E+01
   1.2000010000000000E+03   5.3435881840440724E-01   1.5882026670200970E+01
   1.3000010000000000E+03   4.9770734841743891E-01   1.7051588714414308E+01
   1.4000010000000000E+03   4.6587369504878307E-01   1.8216742210498072E+01
   1.5000010000000000E+03   4.3795897102943659E-01   1.9377844882153248E+01
   1.6000010000000000E+03   4.1327574588317739E-01   2.0535202198279610E+01
   1.7000010000000002E+03   3.9128916694197441E-01   2.1689077343187460E+01
   1.8000010000000002E+03   3.7157674630370041E-01   2.2839698904138217E+01
   1.9000010000000002E+03   3.5380024953970701E-01   2.3987266872753885E+01
   2.0000010000000002E+03   3.3768563567814885E-01   2.5131957384899309E+01
   2.1000010000000002E+03   3.2300847776849390E-01   2.6273926504921167E+01
   2.2000010000000002E+03   3.0958319118528438E-01   2.7413313277323933E+01
   2.3000010000000002E+03   2.9725495646405592E-01   2.8550242210619228E+01
   2.4000010000000002E+03   2.8589358080719279E-01   2.9684825316449896E+01
   2.5000010000000002E+03   2.7538877559507502E-01   3.0817163796953398E+01
   2.6000010000000002E+03   2.6564648244977129E-01   3.1947349451391837E+01
   2.7000010000000002E+03   2.5658598557886247E-01   3.3075465856834398E+01
   2.8000010000000002E+03   2.4813762058426633E-01   3.4201589365502237E+01
   2.9000010000000002E+03   2.4024094059374188E-01   3.5325789952293185E+01
   3.0000010000000002E+03   2.3284323650819977E-01   3.6448131939005258E+01
   3.1000010000000002E+03   2.2589833397121978E-01   3.7568674616418846E+01
   3.2000010000000002E+03   2.1936560843197436E-01   3.8687472781256915E+01
   3.3000010000000002E+03   2.1320917346582818E-01   3.9804577201815690E+01
   3.4000010000000002E+03   2.0739720776117371E-01   4.0920035023464024E+01
   3.5000010000000002E+03   2.0190139386279821E-01   4.2033890123230137E+01
   3.6000010000000002E+03   1.9669644757530511E-01   4.3146183421064300E+01
   3.7000010000000002E+03   1.9175972136663674E-01   4.4256953154044517E+01
   3.8000010000000002E+03   1.8707086852445620E-01   4.5366235118785404E+01
   3.9000010000000002E+03   1.8261155746365962E-01   4.6474062886434538E+01
   4.0000010000000002E+03   1.7836522764840393E-01   4.7580467993935322E+01
   4.1000010000000002E+03   1.7431688021488750E-01   4.8685480114685227E+01
   4.2000010000000002E+03   1.7045289766476782E-01   4.9789127211241606E+01
   4.3000010000000002E+03   1.6676088802056649E-01   5.0891435672309520E+01
   4.4000010000000002E+03   1.6322954965164815E-01   5.1992430435956777E+01
   4.5000010000000002E+03   1.5984855363713496E-01   5.3092135100710095E+01
   4.6000010000000002E+03   1.5660844106410624E-01   5.4190572025947937E+01
   4.7000010000000002E+03   1.5350053309179737E-01   5.5287762422822340E+01
   4.8000010000000002E+03   1.5051685196560033E-01   5.6383726436794284E+01
   4.9000010000000002E+03   1.4765005145448978E-01   5.7478483222687728E+01
   5.0000010000000002E+03   1.4489335542407578E-01   5.8572051013083964E+01
   5.1000010000000002E+03   1.4224050345498823E-01   5.9664447180767127E+01
   5.2000010000000002E+03   1.3968570258033547E-01   6.0755688295837111E+01
   5.3000010000000002E+03   1.3722358435273574E-01   6.1845790178025467E+01
   5.4000010000000002E+03   1.3484916656577076E-01   6.2934767944721429E+01
   5.5000010000000002E+03   1.3255781905091324E-01   6.4022636055110951E+01
   5.6000010000000002E+03   1.3034523305189272E-01   6.5109408350799981E+01
   5.7000010000000002E+03   1.2820739374682216E-01   6.6195098093289403E+01
   5.8000010000000002E+03   1.2614055554658254E-01   6.7279717998560827E+01
   5.9000010000000002E+03   1.2414121984719205E-01   6.8363280269054258E+01
   6.0000010000000002E+03   1.2220611495600114E-01   6.9445796623281950E+01
   6.1000010000000002E+03   1.2033217794758526E-01   7.0527278323280584E+01
   6.2000010000000002E+03   1.1851653823608850E-01   7.1607736200074541E+01
   6.3000010000000002E+03   1.1675650267720646E-01   7.2687180677369412E+01
   6.4000010000000002E+03   1.1504954203607086E-01   7.3765621793566837E+01
   6.5000010000000002E+03   1.1339327867687385E-01   7.4843069222291604E+01
   6.6000010000000011E+03   1.1178547534734101E-01   7.5919532291524490E+01
   6.7000010000000011E+03   1.1022402494596810E-01   7.6995020001456652E+01
   6.8000010000000011E+03   1.0870694117285309E-01   7.8069541041186227E+01
   6.9000010000000011E+03   1.0723234997629794E-01   7.9143103804325150E+01
   7.0000010000000011E+03   1.0579848171713477E-01   8.0215716403625791E+01
   7.1000010000000011E+03   1.0440366398145433E-01   8.1287386684660817E+01
   7.2000010000000011E+03   1.0304631497982891E-01   8.2358122238695529E+01
   7.3000010000000011E+03   1.0172493747796391E-01   8.3427930414745134E+01
   7.4000010000000011E+03   1.0043811320943039E-01   8.4496818330902627E+01
   7.5000010000000011E+03   9.9184497726307164E-02   8.5564792885016587E+01
   7.6000010000000011E+03   9.7962815648209300E-02   8.6631860764722745E+01
   7.7000010000000011E+03   9.6771856274137147E-02   8.7698028456895415E+01
   7.8000010000000011E+03   9.5610469525174227E-02   8.8763302256572686E+01
   7.9000010000000011E+03   9.4477562189299091E-02   8.9827688275355499E+01
   8.0000010000000011E+03   9.3372094442317921E-02   9.0891192449352900E+01
   8.1000010000000011E+03   9.2293076621503239E-02   9.1953820546692711E+01
   8.2000010000000002E+03   9.1239566230772784E-02   9.3015578174609118E+01
   8.3000010000000002E+03   9.0210665158208456E-02   9.4076470786155696E+01
   8.4000010000000002E+03   8.9205517088541075E-02   9.5136503686564382E+01
   8.5000010000000002E+03   8.8223305094827648E-02   9.6195682039273649E+01
   8.6000010000000002E+03   8.7263249395014064E-02   9.7254010871623294E+01
   8.7000010000000002E+03   8.6324605260303805E-02   9.8311495080284644E+01
   8.8000010000000002E+03   8.5406661063509803E-02   9.9368139436396177E+01
   8.9000010000000002E+03   8.4508736456544054E-02   1.0042394859045005E+02
   9.0000010000000002E+03   8.3630180667188136E-02   1.0147892707692769E+02
   9.1000010000000002E+03   8.2770370906108753E-02   1.0253307931871939E+02
   9.2000010000000002E+03   8.1928710875893929E-02   1.0358640963131441E+02
   9.3000010000000002E+03   8.1104629374528933E-02   1.0463892222681355E+02
   9.4000010000000002E+03   8.0297578986446794E-02   1.0569062121771215E+02
   9.5000010000000002E+03   7.9507034854737327E-02   1.0674151062055613E+02
   9.6000010000000002E+03   7.8732493528775732E-02   1.0779159435937447E+02
   9.7000010000000002E+03   7.7973471881844350E-02   1.0884087626899613E+02
   9.8000010000000002E+03   7.7229506093880129E-02   1.0988936009819153E+02
   9.9000010000000002E+03   7.6500150694793156E-02   1.1093704951268158E+02
   1.0000001000000000E+04   7.5784977664191455E-02   1.1198394809801275E+02
   1.1000001000000000E+04   6.9330029188077430E-02   1.2241017499550279E+02
   1.2000001000000000E+04   6.3924769734894152E-02   1.3276075988308639E+02
   1.3000001000000000E+04   5.9331666912936162E-02   1.4303830394331135E+02
   1.4000001000000000E+04   5.5379953414567987E-02   1.5324500080065798E+02
   1.5000001000000000E+04   5.1943683098690581E-02   1.6338273489832315E+02
   1.6000001000000000E+04   4.8927914857583840E-02   1.7345315102959944E+02
   1.7000001000000000E+04   4.6259714288937166E-02   1.8345770473955201E+02
   1.8000001000000000E+04   4.3882119694197003E-02   1.9339769966668584E+02
   1.9000001000000000E+04   4.1749991750823195E-02   2.0327431574135667E+02
   2.0000001000000000E+04   3.9827094349833773E-02   2.1308863084035886E+02
   2.1000001000000000E+04   3.8084000343129490E-02   2.2284163766653543E+02
   2.2000001000000000E+04   3.6496562320809070E-02   2.3253425708308561E+02
   2.3000001000000000E+04   3.5044778118511900E-02   2.4216734877464933E+02
   2.4000001000000000E+04   3.3711937019904790E-02   2.5174171986453953E+02
   2.5000001000000000E+04   3.2483968793765888E-02   2.6125813194921506E+02
   2.6000001000000000E+04   3.1348941457610073E-02   2.7071730689317081E+02
   2.7000001000000000E+04   3.0296669557176990E-02   2.8011993164263339E+02
   2.8000001000000000E+04   2.9318405578205399E-02   2.8946666225480840E+02
   2.9000001000000000E+04   2.8406594599416246E-02   2.9875812729521169E+02
   3.0000001000000000E+04   2.7554677557528426E-02   3.0799493072047051E+02
   3.1000001000000000E+04   2.6756932240406768E-02   3.1717765434034879E+02
   3.2000001000000000E+04   2.6008343824331565E-02   3.2630685993224665E+02
   3.3000001000000004E+04   2.5304498740098325E-02   3.3538309106702718E+02
   3.4000001000000004E+04   2.4641497103956630E-02   3.4440687469403713E+02
   3.5000001000000004E+04   2.4015880030237378E-02   3.5337872252320653E+02
   3.6000001000000004E+04   2.3424568954873458E-02   3.6229913223612260E+02
   3.7000001000000004E+04   2.2864814715248864E-02   3.7116858855173547E+02
   3.8000001000000004E+04   2.2334154603050042E-02   3.7998756416761319E+02
   3.9000001000000004E+04   2.1830375969937664E-02   3.8875652059510105E+02
   4.0000001000000004E+04   2.1351485247957581E-02   3.9747590890276280E+02
   4.1000001000000004E+04   2.0895681467096298E-02   4.0614617038068775E+02
   4.2000001000000004E+04   2.0461333525990930E-02   4.1476773713578700E+02
   4.3000001000000004E+04   2.0046960609238607E-02   4.2334103262739944E+02
   4.4000001000000004E+04   1.9651215254316103E-02   4.3186647215071804E+02
   4.5000001000000004E+04   1.9272868658924198E-02   4.4034446327356409E+02
   4.6000001000000004E+04   1.8910797890143480E-02   4.4877540623387620E+02
   4.7000001000000004E+04   1.8563974714230703E-02   4.5715969430028196E+02
   4.8000001000000004E+04   1.8231455812245077E-02   4.6549771410222849E+02
   4.9000001000000004E+04   1.7912374184971585E-02   4.7378984593098664E+02
   5.0000001000000004E+04   1.7605931581686413E-02   4.8203646401668897E+02
   5.1000001000000004E+04   1.7311391813244641E-02   4.9023793678234733E+02
   5.2000001000000004E+04   1.7028074831195526E-02   4.9839462707834645E+02
   5.3000001000000004E+04   1.6755351472437799E-02   5.0650689239890420E+02
   5.4000001000000004E+04   1.6492638783701368E-02   5.1457508508236651E+02
   5.5000001000000004E+04   1.6239395852523097E-02   5.2259955249734867E+02
   5.6000001000000004E+04   1.5995120081832893E-02   5.3058063721540839E+02
   5.7000001000000004E+04   1.5759343854003516E-02   5.3851867717194978E+02
   5.8000001000000004E+04   1.5531631537649703E-02   5.4641400581668097E+02
   5.9000001000000004E+04   1.5311576796778692E-02   5.5426695225414915E+02
   6.0000001000000004E+04   1.5098800167237865E-02   5.6207784137515387E+02
   6.1000001000000004E+04   1.4892946869961465E-02   5.6984699398030091E+02
   6.2000001000000004E+04   1.4693684834444722E-02   5.7757472689637859E+02
   6.3000001000000004E+04   1.4500702909247161E-02   5.8526135308543326E+02
   6.4000001000000004E+04   1.4313709239168571E-02   5.9290718174800861E+02
   6.5000001000000004E+04   1.4132429791267900E-02   6.0051251842054842E+02
   6.6000001000000004E+04   1.3956607014025206E-02   6.0807766506769565E+02
   6.7000001000000004E+04   1.3785998615826718E-02   6.1560292016951882E+02
   6.8000001000000004E+04   1.3620376450551090E-02   6.2308857880447886E+02
   6.9000001000000004E+04   1.3459525499467533E-02   6.3053493272787443E+02
   7.0000001000000004E+04   1.3303242939840670E-02   6.3794227044744287E+02
   7.1000001000000004E+04   1.3151337291790119E-02   6.4531087729411342E+02
   7.2000001000000004E+04   1.3003627635793710E-02   6.5264103549039100E+02
   7.3000001000000004E+04   1.2859942894121273E-02   6.5993302421548367E+02
   7.4000001000000004E+04   1.2720121170183545E-02   6.6718711966746241E+02
   7.5000001000000004E+04   1.2584009140420275E-02   6.7440359512266195E+02
   7.6000001000000004E+04   1.2451461493908352E-02   6.8158272099285978E+02
   7.7000001000000004E+04   1.2322340415378096E-02   6.8872476488026541E+02
   7.8000001000000004E+04   1.2196515107770773E-02   6.9582999163004638E+02
   7.9000001000000004E+04   1.2073861350853612E-02   7.0289866338044953E+02
   8.0000001000000004E+04   1.1954261092726881E-02   7.0993103961225040E+02
   8.1000001000000004E+04   1.1837602071438932E-02   7.1692737719508955E+02
   8.2000001000000004E+04   1.1723777464119629E-02   7.2388793043276701E+02
   8.3000001000000004E+04   1.1612685561326738E-02   7.3081295110743304E+02
   8.4000001000000004E+04   1.1504229464545834E-02   7.3770268852081790E+02
   8.5000001000000004E+04   1.1398316804899090E-02   7.4455738953563878E+02
   8.6000001000000004E+04   1.1294859481383111E-02   7.5137729861484149E+02
   8.7000001000000004E+04   1.1193773417058694E-02   7.5816265785964606E+02
   8.8000001000000004E+04   1.1094978331765650E-02   7.6491370704689803E+02
   8.9000001000000004E+04   1.0998397530088463E-02   7.7163068366447828E+02
   9.0000001000000004E+04   1.0903957703374018E-02   7.7831382294612422E+02
   9.1000001000000004E+04   1.0811588744726432E-02   7.8496335790569435E+02
   9.2000001000000004E+04   1.0721223576019907E-02   7.9157951936922780E+02
   9.3000001000000004E+04   1.0632797985991132E-02   7.9816253600766470E+02
   9.4000001000000004E+04   1.0546250478630500E-02   8.0471263436727372E+02
   9.5000001000000004E+04   1.0461522131091829E-02   8.1123003889971676E+02
   9.6000001000000004E+04   1.0378556460421288E-02   8.1771497199248995E+02
   9.7000001000000004E+04   1.0297299298516499E-02   8.2416765399627889E+02
   9.8000001000000004E+04   1.0217698674676794E-02   8.3058830325355268E+02
   9.9000001000000004E+04   1.0139704705245792E-02   8.3697713612559767E+02
   1.0000000100000000E+05   1.0063269489829448E-02   8.4333436701988830E+02
   1.1000000100000000E+05   9.3753492037378962E-03   9.0521438945146440E+02
   1.2000000100000000E+05   8.8022029586849529E-03   9.6415647823505572E+02
   1.3000000100000000E+05   8.3174706532061268E-03   1.0203463720168955E+03
   1.4000000099999999E+05   7.9022886418900727E-03   1.0739548237162364E+03
   1.5000000099999999E+05   7.5428011676865166E-03   1.1251391647062151E+03
   1.6000000099999999E+05   7.2286016201511729E-03   1.1740446425623313E+03
   1.7000000099999999E+05   6.9517219933580461E-03   1.2208055807560208E+03
   1.8000000099999999E+05   6.7059580309363279E-03   1.2655463941474900E+03
   1.9000000099999999E+05   6.4864067676025285E-03   1.3083824850060523E+03
   2.0000000099999999E+05   6.2891423537064454E-03   1.3494210383637310E+03
   2.1000000099999999E+05   6.1109842052034869E-03   1.3887617313966332E+03
   2.2000000099999999E+05   5.9493281880426199E-03   1.4264973686294600E+03
   2.3000000099999999E+05   5.8020217071156517E-03   1.4627144526101488E+03
   2.4000000099999999E+05   5.6672699298997067E-03   1.4974936980822545E+03
   2.5000000099999999E+05   5.5435644508810659E-03   1.5309104964057985E+03
   2.6000000099999999E+05   5.4296283711654809E-03   1.5630353359771809E+03
   2.7000000099999999E+05   5.3243735486293072E-03   1.5939341835887276E+03
   2.8000000099999999E+05   5.2268669838619105E-03   1.6236688309763351E+03
   2.9000000099999999E+05   5.1363041421755538E-03   1.6522972102974434E+03
   3.0000000099999999E+05   5.0519875974103078E-03   1.6798736817379024E+03
   3.1000000099999999E+05   4.9733097986348670E-03   1.7064492961378357E+03
   3.2000000099999999E+05   4.8997390600827983E-03   1.7320720351202654E+03
   3.3000000099999999E+05   4.8308080921980068E-03   1.7567870309446391E+03
   3.4000000099999999E+05   4.7661045518536940E-03   1.7806367680404987E+03
   3.5000000099999999E+05   4.7052632087334770E-03   1.8036612680038047E+03
   3.6000000099999999E+05   4.6479594144294154E-03   1.8258982595693988E+03
   3.7000000099999999E+05   4.5939036282585171E-03   1.8473833349815086E+03
   3.8000000099999999E+05   4.5428368056124272E-03   1.8681500939833486E+03
   3.9000000099999999E+05   4.4945264942830437E-03   1.8882302765710247E+03
   4.0000000099999999E+05   4.4487635151688144E-03   1.9076538854940304E+03
   4.1000000099999999E+05   4.4053591278348106E-03   1.9264492993848153E+03
   4.2000000099999999E+05   4.3641426001630734E-03   1.9446433773815620E+03
   4.3000000099999999E+05   4.3249591165375198E-03   1.9622615559312294E+03
   4.4000000099999999E+05   4.2876679707828051E-03   1.9793279384472589E+03
   4.5000000099999999E+05   4.2521409996128107E-03   1.9958653784360981E+03
   4.6000000099999999E+05   4.2182612200989851E-03   2.0118955566143727E+03
   4.7000000099999999E+05   4.1859216408322956E-03   2.0274390525065926E+03
   4.8000000099999999E+05   4.1550242214177108E-03   2.0425154110076824E+03
   4.9000000099999999E+05   4.1254789592134362E-03   2.0571432042823817E+03
   5.0000000099999999E+05   4.0972030855822459E-03   2.0713400893453249E+03
   5.1000000099999999E+05   4.0701203564762044E-03   2.0851228617483484E+03
   5.2000000099999999E+05   4.0441604248723177E-03   2.0985075055779503E+03
   5.3000000099999993E+05   4.0192582841318443E-03   2.1115092401156771E+03
   5.4000000099999993E+05   3.9953537731459658E-03   2.1241425633939270E+03
   5.5000000099999993E+05   3.9723911354352754E-03   2.1364212928709849E+03
   5.6000000099999993E+05   3.9503186254455343E-03   2.1483586034528298E+03
   5.7000000099999993E+05   3.9290881562477446E-03   2.1599670630604078E+03
   5.8000000099999993E+05   3.9086549836482281E-03   2.1712586659246713E+03
   5.9000000099999993E+05   3.8889774224580972E-03   2.1822448637389361E+03
   6.0000000099999993E+05   3.8700165910255779E-03   2.1929365949066496E+03
   6.1000000099999993E+05   3.8517361810178350E-03   2.2033443118924174E+03
   6.2000000099999993E+05   3.8341022493706724E-03   2.2134780069438352E+03
   6.3000000099999993E+05   3.8170830300642915E-03   2.2233472362305229E+03
   6.4000000099999993E+05   3.8006487636332706E-03   2.2329611424663503E+03
   6.5000000099999993E+05   3.7847715422762202E-03   2.2423284762524499E+03
   6.6000000099999993E+05   3.7694251691680939E-03   2.2514576160770089E+03
   6.7000000099999993E+05   3.7545850303191655E-03   2.2603565871657574E+03
   6.8000000099999993E+05   3.7402279777604295E-03   2.2690330792182162E+03
   6.9000000099999993E+05   3.7263322228764648E-03   2.2774944631224371E+03
   7.0000000099999993E+05   3.7128772388869006E-03   2.2857478067064062E+03
   7.1000000099999993E+05   3.6998436716313555E-03   2.2937998895542173E+03
   7.2000000099999993E+05   3.6872132577371501E-03   2.3016572170181926E+03
   7.3000000099999993E+05   3.6749687495040099E-03   2.3093260334530123E+03
   7.4000000099999993E+05   3.6630938459462567E-03   2.3168123346737711E+03
   7.5000000099999993E+05   3.6515731293313980E-03   2.3241218797416732E+03
   7.6000000099999993E+05   3.6403920067307523E-03   2.3312602021059097E+03
   7.7000000099999993E+05   3.6295366561408882E-03   2.3382326201326682E+03
   7.8000000099999993E+05   3.6189939767374609E-03   2.3450442470773801E+03
   7.9000000099999993E+05   3.6087515429657777E-03   2.3517000004886045E+03
   8.0000000099999993E+05   3.5987975619890152E-03   2.3582046111716732E+03
   8.1000000099999993E+05   3.5891208344322398E-03   2.3645626315889635E+03
   8.2000000099999993E+05   3.5797107178453203E-03   2.3707784439252509E+03
   8.3000000099999993E+05   3.5705570929452316E-03   2.3768562676463125E+03
   8.4000000099999993E+05   3.5616503322208025E-03   2.3828001667036592E+03
   8.5000000099999993E+05   3.5529812707353718E-03   2.3886140563863296E+03
   8.6000000099999993E+05   3.5445411790369884E-03   2.3943017097805619E+03
   8.7000000099999993E+05   3.5363217378739579E-03   2.3998667639495070E+03
   8.8000000099999993E+05   3.5283150147510001E-03   2.4053127257274659E+03
   8.9000000099999993E+05   3.5205134418370889E-03   2.4106429773855107E+03
   9.0000000099999993E+05   3.5129097956815274E-03   2.4158607817908392E+03
   9.1000000099999993E+05   3.5054971780260234E-03   2.4209692874820134E+03
   9.2000000099999993E+05   3.4982689979042598E-03   2.4259715334755783E+03
   9.3000000099999993E+05   3.4912189550439818E-03   2.4308704537406929E+03
   9.4000000099999993E+05   3.4843410240998325E-03   2.4356688816211326E+03
   9.5000000099999993E+05   3.4776294401881831E-03   2.4403695538351071E+03
   9.6000000099999993E+05   3.4710786849926163E-03   2.4449751145223381E+03
   9.7000000099999993E+05   3.4646834740176659E-03   2.4494881189001217E+03
   9.8000000099999993E+05   3.4584387444800482E-03   2.4539110368519150E+03
   9.9000000099999993E+05   3.4523396439456906E-03   2.4582462563435370E+03
   1.0000000009999999E+06   3.4463815197056666E-03   2.4624960866435549E+03
   1.1000000009999999E+06   3.3936547672534225E-03   2.5007555533482828E+03
   1.2000000009999999E+06   3.3510693364783681E-03   2.5325351859996213E+03
   1.3000000009999999E+06   3.3161241951911780E-03   2.5592229077736956E+03
   1.4000000009999999E+06   3.2870573156191484E-03   2.5818536735059392E+03
   1.5000000009999999E+06   3.2625948943663498E-03   2.6012120045949282E+03
   1.6000000009999999E+06   3.2417955425188645E-03   2.6179013741137214E+03
   1.7000000009999997E+06   3.2239501257851026E-03   2.6323921506971737E+03
   1.8000000009999997E+06   3.2085154634924696E-03   2.6450553540789529E+03
   1.9000000009999997E+06   3.1950693082884547E-03   2.6561868261637355E+03
   2.0000000009999997E+06   3.1832790833067363E-03   2.6660248075201844E+03
   2.1000000009999997E+06   3.1728797390342478E-03   2.6747628978648368E+03
   2.2000000009999997E+06   3.1636577887670754E-03   2.6825597368618260E+03
   2.3000000009999997E+06   3.1554396153417623E-03   2.6895463199782025E+03
   2.4000000009999997E+06   3.1480827815137391E-03   2.6958315884168351E+03
   2.5000000009999997E+06   3.1414694890862477E-03   2.7015067422553193E+03
   2.6000000009999997E+06   3.1355015952390479E-03   2.7066486007349176E+03
   2.7000000009999997E+06   3.1300967747713206E-03   2.7113222420977368E+03
   2.8000000009999997E+06   3.1251855343131050E-03   2.7155830948837388E+03
   2.9000000009999997E+06   3.1207088683636126E-03   2.7194786067327045E+03
   3.0000000009999997E+06   3.1166164027179063E-03   2.7230495860686851E+03
   3.1000000009999997E+06   3.1128649127972071E-03   2.7263312874472790E+03
   3.2000000009999997E+06   3.1094171320380356E-03   2.7293542953477431E+03
   3.3000000009999997E+06   3.1062407867510225E-03   2.7321452482222244E+03
   3.4000000009999997E+06   3.1033078096931715E-03   2.7347274346578488E+03
   3.5000000009999997E+06   3.1005936954260189E-03   2.7371212867636973E+03
   3.6000000009999997E+06   3.0980769681031835E-03   2.7393447912147594E+03
   3.7000000009999997E+06   3.0957387404414206E-03   2.7414138326626862E+03
   3.8000000009999997E+06   3.0935623464938083E-03   2.7433424818396029E+03
   3.9000000009999997E+06   3.0915330333648027E-03   2.7451432392165016E+03
   4.0000000009999997E+06   3.0896377024148916E-03   2.7468272408517610E+03
   4.1000000009999997E+06   3.0878646906538267E-03   2.7484044333428646E+03
   4.2000000010000002E+06   3.0862035850723439E-03   2.7498837232920055E+03
   4.3000000010000002E+06   3.0846450642056881E-03   2.7512731055627110E+03
   4.4000000010000002E+06   3.0831807630516571E-03   2.7525797731547668E+03
   4.5000000010000002E+06   3.0818031580919399E-03   2.7538102111006683E+03
   4.6000000010000002E+06   3.0805054657403685E-03   2.7549702799557213E+03
   4.7000000010000002E+06   3.0792815570839047E-03   2.7560652860184764E+03
   4.8000000010000002E+06   3.0781258837473515E-03   2.7571000426480441E+03
   4.9000000010000002E+06   3.0770334118413291E-03   2.7580789252065160E+03
   5.0000000010000002E+06   3.0759995658661606E-03   2.7590059177937919E+03
   5.1000000010000002E+06   3.0750201798911804E-03   2.7598846540435388E+03
   5.2000000010000002E+06   3.0740914533370842E-03   2.7607184542747164E+03
   5.3000000010000002E+06   3.0732099132638213E-03   2.7615103572091484E+03
   5.4000000010000002E+06   3.0723723814218931E-03   2.7622631477465075E+03
   5.5000000010000002E+06   3.0715759439899678E-03   2.7629793826069863E+03
   5.6000000010000002E+06   3.0708179255768764E-03   2.7636614123781305E+03
   5.7000000010000002E+06   3.0700958666008489E-03   2.7643114007225395E+03
   5.8000000010000002E+06   3.0694075024917458E-03   2.7649313421128882E+03
   5.9000000010000002E+06   3.0687507446375767E-03   2.7655230781404375E+03
   6.0000000010000002E+06   3.0681236648719174E-03   2.7660883107559353E+03
   6.1000000010000002E+06   3.0675244810427242E-03   2.7666286146381594E+03
   6.2000000010000002E+06   3.0669515434190928E-03   2.7671454488957274E+03
   6.3000000010000002E+06   3.0664033224716463E-03   2.7676401676069295E+03
   6.4000000010000002E+06   3.0658784003888715E-03   2.7681140270532028E+03
   6.5000000010000002E+06   3.0653754594784236E-03   2.7685681958189521E+03
   6.6000000010000002E+06   3.0648932739090738E-03   2.7690037619259838E+03
   6.7000000010000002E+06   3.0644307036764703E-03   2.7694217379998754E+03
   6.8000000009999992E+06   3.0639866860581637E-03   2.7698230687399168E+03
   6.9000000009999992E+06   3.0635602288453315E-03   2.7702086368168270E+03
   7.0000000009999992E+06   3.0631504069315025E-03   2.7705792657623319E+03
   7.1000000009999992E+06   3.0627563555931277E-03   2.7709357258724399E+03
   7.2000000009999992E+06   3.0623772652083226E-03   2.7712787388325100E+03
   7.3000000009999992E+06   3.0620123776993304E-03   2.7716089808011911E+03
   7.4000000009999992E+06   3.0616609841889178E-03   2.7719270844104026E+03
   7.5000000009999992E+06   3.0613224179686198E-03   2.7722336450230328E+03
   7.6000000009999992E+06   3.0609960534424257E-03   2.7725292215949271E+03
   7.7000000009999992E+06   3.0606813046031921E-03   2.7728143379685025E+03
   7.8000000009999992E+06   3.0603776179750470E-03   2.7730894891889993E+03
   7.9000000009999992E+06   3.0600844752492794E-03   2.7733551390487446E+03
   8.0000000009999992E+06   3.0598013861574359E-03   2.7736117264832192E+03
   8.1000000009999992E+06   3.0595278903462219E-03   2.7738596638174458E+03
   8.2000000009999992E+06   3.0592635536765373E-03   2.7740993400705183E+03
   8.3000000009999992E+06   3.0590079646064094E-03   2.7743311241910487E+03
   8.4000000009999983E+06   3.0587607369022083E-03   2.7745553625586504E+03
   8.5000000009999983E+06   3.0585215046628755E-03   2.7747723834596072E+03
   8.6000000009999983E+06   3.0582899209629999E-03   2.7749824982856967E+03
   8.7000000009999983E+06   3.0580656591751689E-03   2.7751860003048237E+03
   8.8000000009999983E+06   3.0578484083903603E-03   2.7753831687893376E+03
   8.9000000009999983E+06   3.0576378757854938E-03   2.7755742668433800E+03
   9.0000000009999983E+06   3.0574337832752025E-03   2.7757595444192075E+03
   9.1000000009999983E+06   3.0572358665554647E-03   2.7759392391656370E+03
   9.2000000009999983E+06   3.0570438747816375E-03   2.7761135767022874E+03
   9.3000000009999983E+06   3.0568575711471362E-03   2.7762827700772127E+03
   9.4000000009999983E+06   3.0566767285908928E-03   2.7764470236498260E+03
   9.5000000009999983E+06   3.0565011324975022E-03   2.7766065306251958E+03
   9.6000000009999983E+06   3.0563305793865829E-03   2.7767614742313594E+03
   9.7000000009999983E+06   3.0561648743935499E-03   2.7769120299963952E+03
   9.8000000009999983E+06   3.0560038330129462E-03   2.7770583641541921E+03
   9.9000000009999983E+06   3.0558472780105330E-03   2.7772006364405161E+03
   1.0000000000999998E+07   3.0556950434096411E-03   2.7773389964615517E+03
   1.1000000000999998E+07   3.0543784019386342E-03   2.7785362154110658E+03
   1.2000000000999998E+07   3.0533559468958792E-03   2.7794666435741542E+03
   1.3000000000999998E+07   3.0525450237348251E-03   2.7802050221596051E+03
   1.4000000000999998E+07   3.0518902428660240E-03   2.7808015131586217E+03
   1.5000000000999998E+07   3.0513533295947496E-03   2.7812908203859138E+03
   1.6000000000999998E+07   3.0509071353825761E-03   2.7816975832965368E+03
   1.7000000000999998E+07   3.0505319494214455E-03   2.7820397052276194E+03
   1.8000000000999998E+07   3.0502131777297155E-03   2.7823304506449458E+03
   1.9000000000999998E+07   3.0499398252204421E-03   2.7825798185190338E+03
   2.0000000000999998E+07   3.0497034661009104E-03   2.7827954749339092E+03
   2.1000000000999998E+07   3.0494975651569611E-03   2.7829833682516978E+03
   2.2000000000999998E+07   3.0493169809760580E-03   2.7831481798390655E+03
   2.3000000000999998E+07   3.0491576198049593E-03   2.7832936382930334E+03
   2.4000000000999998E+07   3.0490161922036500E-03   2.7834227404421172E+03
   2.5000000000999998E+07   3.0488900388089871E-03   2.7835379096423894E+03
   2.6000000000999998E+07   3.0487769700954931E-03   2.7836411415460325E+03
   2.7000000000999998E+07   3.0486751785663217E-03   2.7837340839134104E+03
   2.8000000000999998E+07   3.0485831772765291E-03   2.7838180924876456E+03
   2.9000000000999998E+07   3.0484996950374812E-03   2.7838943265013277E+03
   3.0000000000999998E+07   3.0484236950082070E-03   2.7839637315681680E+03
   3.1000000000999998E+07   3.0483542763467281E-03   2.7840271293947762E+03
   3.2000000000999998E+07   3.0482906620643356E-03   2.7840852288044557E+03
   3.3000000000999998E+07   3.0482321980944346E-03   2.7841386265328574E+03
   3.4000000001000002E+07   3.0481783397554385E-03   2.7841878195475847E+03
   3.5000000001000002E+07   3.0481285776809801E-03   2.7842332726700661E+03
   3.6000000001000002E+07   3.0480825083163739E-03   2.7842753541614434E+03
   3.7000000001000002E+07   3.0480397567950921E-03   2.7843144061478197E+03
   3.8000000001000002E+07   3.0479999984613301E-03   2.7843507249475292E+03
   3.9000000001000002E+07   3.0479629326307278E-03   2.7843845850287007E+03
   4.0000000001000002E+07   3.0479283190205939E-03   2.7844162057206604E+03
   4.1000000001000002E+07   3.0478959586253992E-03   2.7844457686749165E+03
   4.2000000001000002E+07   3.0478656366345071E-03   2.7844734700073586E+03
   4.3000000001000002E+07   3.0478371545750596E-03   2.7844994909313377E+03
   4.4000000001000002E+07   3.0478104023329905E-03   2.7845239319544303E+03
   4.5000000001000002E+07   3.0477852167812665E-03   2.7845469420311010E+03
   4.6000000001000002E+07   3.0477614606979420E-03   2.7845686464623791E+03
   4.7000000001000002E+07   3.0477390264552267E-03   2.7845891435221106E+03
   4.8000000001000002E+07   3.0477178268022579E-03   2.7846085128754621E+03
   4.9000000001000002E+07   3.0476977646993440E-03   2.7846268431387871E+03
   5.0000000001000002E+07   3.0476787449705586E-03   2.7846442212326601E+03
   5.1000000001000002E+07   3.0476606898802387E-03   2.7846607181488325E+03
   5.2000000001000002E+07   3.0476435388052244E-03   2.7846763892482436E+03
   5.3000000001000002E+07   3.0476272464547869E-03   2.7846912758862468E+03
   5.4000000001000002E+07   3.0476117359633384E-03   2.7847054482723524E+03
   5.5000000001000002E+07   3.0475969576850516E-03   2.7847189517482498E+03
   5.6000000001000002E+07   3.0475828736762915E-03   2.7847318209655068E+03
   5.7000000001000002E+07   3.0475693940900175E-03   2.7847441380050800E+03
   5.8000000001000002E+07   3.0475565725198552E-03   2.7847558538802418E+03
   5.9000000001000002E+07   3.0475442809567051E-03   2.7847670855472093E+03
   6.0000000001000002E+07   3.0475325169320093E-03   2.7847778352499890E+03
   6.1000000001000002E+07   3.0475212581011434E-03   2.7847881233956623E+03
   6.2000000001000002E+07   3.0475104425954783E-03   2.7847980065092038E+03
   6.3000000001000002E+07   3.0475000822554692E-03   2.7848074737621741E+03
   6.4000000001000002E+07   3.0474901602072354E-03   2.7848165405655513E+03
   6.5000000001000002E+07   3.0474806113197899E-03   2.7848252664290085E+03
   6.6000000001000002E+07   3.0474714618965526E-03   2.7848336273096020E+03
   6.7000000001000002E+07   3.0474626146071594E-03   2.7848417121434877E+03
   6.8000000001000002E+07   3.0474541128608775E-03   2.7848494812572453E+03
   6.9000000001000002E+07   3.0474459156605055E-03   2.7848569721101867E+03
   7.0000000001000002E+07   3.0474380420293214E-03   2.7848641673136326E+03
   7.1000000001000002E+07   3.0474304776760466E-03   2.7848710799229721E+03
   7.2000000001000002E+07   3.0474231396933880E-03   2.7848777856985585E+03
   7.3000000001000002E+07   3.0474160726489171E-03   2.7848842439092818E+03
   7.4000000001000002E+07   3.0474092452791187E-03   2.7848904831220184E+03
   7.5000000001000002E+07   3.0474025933700790E-03   2.7848965620162940E+03
   7.6000000001000002E+07   3.0473962457988803E-03   2.7849023628140185E+03
   7.7000000001000002E+07   3.0473900607981197E-03   2.7849080150682062E+03
   7.8000000001000002E+07   3.0473841292758003E-03   2.7849134356989330E+03
   7.9000000001000002E+07   3.0473783292136879E-03   2.7849187362127391E+03
   8.0000000001000002E+07   3.0473727244642282E-03   2.7849238582549674E+03
   8.1000000001000002E+07   3.0473672830552429E-03   2.7849288310423931E+03
   8.2000000001000002E+07   3.0473620532836237E-03   2.7849336104356867E+03
   8.3000000001000002E+07   3.0473569567077150E-03   2.7849382681196239E+03
   8.4000000001000002E+07   3.0473519916585602E-03   2.7849428056182232E+03
   8.5000000001000002E+07   3.0473471949680740E-03   2.7849471892699066E+03
   8.6000000001000002E+07   3.0473425184504330E-03   2.7849514631100087E+03
   8.7000000001000002E+07   3.0473380119648485E-03   2.7849555815712924E+03
   8.8000000001000002E+07   3.0473335869624380E-03   2.7849596255772440E+03
   8.9000000001000002E+07   3.0473293464283726E-03   2.7849635010087513E+03
   9.0000000001000002E+07   3.0473251664436185E-03   2.7849673211146928E+03
   9.1000000001000002E+07   3.0473211412406207E-03   2.7849709997748309E+03
   9.2000000001000002E+07   3.0473172606045856E-03   2.7849745463234494E+03
   9.3000000001000002E+07   3.0473133849055513E-03   2.7849780883691128E+03
   9.4000000001000002E+07   3.0473096420265385E-03   2.7849815090375919E+03
   9.5000000001000002E+07   3.0473060445614479E-03   2.7849847968182116E+03
   9.6000000001000002E+07   3.0473024723707796E-03   2.7849880615078159E+03
   9.7000000001000002E+07   3.0472990491107062E-03   2.7849911900942402E+03
   9.8000000001000002E+07   3.0472956743422650E-03   2.7849942743700640E+03
   9.9000000001000002E+07   3.0472923927214266E-03   2.7849972735227770E+03
   1.0000000000100000E+08   3.0472891764179557E-03   2.7850002129866339E+03
   1.1000000000100000E+08   3.0472612021713824E-03   2.7850257796438700E+03
   1.2000000000100000E+08   3.0472387642224248E-03   2.7850462868213922E+03
   1.3000000000100000E+08   3.0472204551558139E-03   2.7850630206280630E+03
   1.4000000000099999E+08   3.0472053057478141E-03   2.7850768667761795E+03
   1.5000000000099999E+08   3.0471924895559051E-03   2.7850885805355592E+03
   1.6000000000099999E+08   3.0471816693443997E-03   2.7850984700829417E+03
   1.7000000000099999E+08   3.0471722989548382E-03   2.7851070345666894E+03
   1.8000000000099999E+08   3.0471639874482016E-03   2.7851146312814367E+03
   1.9000000000099999E+08   3.0471566382184573E-03   2.7851213485098965E+03
   2.0000000000099999E+08   3.0471504112893431E-03   2.7851270399759774E+03
   2.1000000000099999E+08   3.0471446833723009E-03   2.7851322753613290E+03
   2.2000000000100002E+08   3.0471398222700515E-03   2.7851367184829305E+03
   2.3000000000100002E+08   3.0471352362438676E-03   2.7851409101938093E+03
   2.4000000000100002E+08   3.0471308352548552E-03   2.7851449327892292E+03
   2.5000000000100002E+08   3.0471273211183361E-03   2.7851481447913825E+03
   2.6000000000100002E+08   3.0471238641783254E-03   2.7851513045218326E+03
   2.7000000000100005E+08   3.0471206902817492E-03   2.7851542055497503E+03
   2.8000000000100005E+08   3.0471176505204966E-03   2.7851569839799940E+03
   2.9000000000100005E+08   3.0471147958178739E-03   2.7851595932663126E+03
   3.0000000000100005E+08   3.0471124576546185E-03   2.7851617304233459E+03
   3.1000000000100005E+08   3.0471104856571230E-03   2.7851635328955517E+03
   3.2000000000100005E+08   3.0471080664159051E-03   2.7851657441667862E+03
   3.3000000000100005E+08   3.0471063227992287E-03   2.7851673378956957E+03
   3.4000000000100005E+08   3.0471044543900474E-03   2.7851690456915080E+03
   3.5000000000100005E+08   3.0471028558692022E-03   2.7851705068009578E+03
   3.6000000000100005E+08   3.0471011053240394E-03   2.7851721068682314E+03
   3.7000000000100005E+08   3.0470997409171377E-03   2.7851733539911907E+03
   3.8000000000100005E+08   3.0470976355200718E-03   2.7851752784112477E+03
   3.9000000000100005E+08   3.0470963859596939E-03   2.7851764205624086E+03
   4.0000000000100005E+08   3.0470956024125900E-03   2.7851771367581578E+03
   4.1000000000100005E+08   3.0470934741498447E-03   2.7851790820836918E+03
   4.2000000000100005E+08   3.0470939650776149E-03   2.7851786333539276E+03
   4.3000000000100005E+08   3.0470918159925067E-03   2.7851805977141394E+03
   4.4000000000100005E+08   3.0470895295255131E-03   2.7851826876506007E+03
   4.5000000000100005E+08   3.0470895062258531E-03   2.7851827089475823E+03
   4.6000000000100005E+08   3.0470880100783200E-03   2.7851840764972635E+03
   4.7000000000100005E+08   3.0470866944384786E-03   2.7851852790554790E+03
   4.8000000000100005E+08   3.0470859031909254E-03   2.7851860022943729E+03
   4.9000000000100005E+08   3.0470871163362973E-03   2.7851848934204286E+03
   5.0000000000100005E+08   3.0470853148521645E-03   2.7851865400649676E+03
   5.1000000000100005E+08   3.0470850039542603E-03   2.7851868242410428E+03
   5.2000000000100005E+08   3.0470838906199735E-03   2.7851878418841725E+03
   5.3000000000100005E+08   3.0470832371754185E-03   2.7851884391654703E+03
   5.4000000000100005E+08   3.0470809280186998E-03   2.7851905498532888E+03
   5.5000000000100005E+08   3.0470808809990738E-03   2.7851905928316746E+03
   5.6000000000100005E+08   3.0470815675263637E-03   2.7851899653101236E+03
   5.7000000000100005E+08   3.0470804622030594E-03   2.7851909756330915E+03
   5.8000000000100005E+08   3.0470807355903683E-03   2.7851907257428097E+03
   5.9000000000100005E+08   3.0470790111626041E-03   2.7851923019606229E+03
   6.0000000000100005E+08   3.0470779045389017E-03   2.7851933134739197E+03
   6.1000000000100005E+08   3.0470776731425630E-03   2.7851935249826520E+03
   6.2000000000100005E+08   3.0470782898628273E-03   2.7851929612671438E+03
   6.3000000000100005E+08   3.0470782674710136E-03   2.7851929817344626E+03
   6.4000000000100005E+08   3.0470765663106586E-03   2.7851945366871450E+03
   6.5000000000100005E+08   3.0470756469574345E-03   2.7851953770264981E+03
   6.6000000000100005E+08   3.0470746170924148E-03   2.7851963183803050E+03
   6.7000000000100005E+08   3.0470757645778748E-03   2.7851952695149253E+03
   6.8000000000100005E+08   3.0470730889525649E-03   2.7851977151861447E+03
   6.9000000000100005E+08   3.0470754475513209E-03   2.7851955592947070E+03
   7.0000000000100005E+08   3.0470738038058075E-03   2.7851970617698685E+03
   7.1000000000100005E+08   3.0470750948495360E-03   2.7851958816836918E+03
   7.2000000000100005E+08   3.0470739990750310E-03   2.7851968832828125E+03
   7.3000000000100005E+08   3.0470728872161348E-03   2.7851978995847021E+03
   7.4000000000100005E+08   3.0470733593814642E-03   2.7851974679988066E+03
   7.5000000000100005E+08   3.0470749335694712E-03   2.7851960291026367E+03
   7.6000000000100005E+08   3.0470706031808887E-03   2.7851999873243699E+03
   7.7000000000100005E+08   3.0470724225539971E-03   2.7851983243123850E+03
   7.8000000000100005E+08   3.0470710709185720E-03   2.7851995597849532E+03
   7.9000000000100005E+08   3.0470678557073948E-03   2.7852024986774159E+03
   8.0000000000100005E+08   3.0470704813650032E-03   2.7852000986711878E+03
   8.1000000000100005E+08   3.0470738644147160E-03   2.7851970063699141E+03
   8.2000000000100005E+08   3.0470722917315275E-03   2.7851984438916033E+03
   8.3000000000100005E+08   3.0470691687737150E-03   2.7852012984566813E+03
   8.4000000000100005E+08   3.0470668268767825E-03   2.7852034390905264E+03
   8.5000000000100005E+08   3.0470695742511704E-03   2.7852009278263731E+03
   8.6000000000100005E+08   3.0470715369807838E-03   2.7851991337771447E+03
   8.7000000000100005E+08   3.0470710233230069E-03   2.7851996032900583E+03
   8.8000000000100005E+08   3.0470649215395239E-03   2.7852051806851505E+03
   8.9000000000100005E+08   3.0470658560632614E-03   2.7852043264731055E+03
   9.0000000000100005E+08   3.0470721373105376E-03   2.7851985850412311E+03
   9.1000000000100005E+08   3.0470646948325959E-03   2.7852053879092732E+03
   9.2000000000100005E+08   3.0470706706554988E-03   2.7851999256486483E+03
   9.3000000000100005E+08   3.0470690477551656E-03   2.7852014090747916E+03
   9.4000000000100005E+08   3.0470690790405201E-03   2.7852013804781268E+03
   9.5000000000100005E+08   3.0470722352322274E-03   2.7851984955351977E+03
   9.6000000000100005E+08   3.0470660617172678E-03   2.7852041384927934E+03
   9.7000000000100005E+08   3.0470681942058862E-03   2.7852021892695575E+03
   9.8000000000100005E+08   3.0470679304586837E-03   2.7852024303502631E+03
   9.9000000000100005E+08   3.0470654113685085E-03   2.7852047329513334E+03
   1.0000000000010000E+09   3.0470649367960248E-03   2.7852051667397682E+03
   1.1000000000009999E+09   3.0470706068725191E-03   2.7851999839500049E+03
   1.2000000000009999E+09   3.0470652202232739E-03   2.7852049076698158E+03
   1.3000000000009999E+09   3.0470653652670951E-03   2.7852047750908546E+03
   1.4000000000009999E+09   3.0470596624175266E-03   2.7852099878551612E+03
   1.5000000000009999E+09   3.0470632947266372E-03   2.7852066676932100E+03
   1.6000000000009999E+09   3.0470676226412815E-03   2.7852027117138173E+03
   1.7000000000009999E+09   3.0470725357335596E-03   2.7851982208598010E+03
   1.8000000000010002E+09   3.0470481796038432E-03   2.7852204839305346E+03
   1.9000000000010002E+09   3.0470509023337450E-03   2.7852179951624321E+03
   2.0000000000010002E+09   3.0470615361702421E-03   2.7852082751248095E+03
   2.1000000000010002E+09   3.0470548577780829E-03   2.7852143796138898E+03
   2.2000000000010004E+09   3.0470573797882730E-03   2.7852120743277815E+03
   2.3000000000010004E+09   3.0470662479134790E-03   2.7852039682981158E+03
   2.4000000000010004E+09   3.0470551502426741E-03   2.7852141122814837E+03
   2.5000000000010004E+09   3.0470611117022323E-03   2.7852086631156535E+03
   2.6000000000010004E+09   3.0470337679687921E-03   2.7852336572604709E+03
   2.7000000000010004E+09   3.0470874818355025E-03   2.7851845593365301E+03
   2.8000000000010004E+09   3.0470747040504363E-03   2.7851962388958214E+03
   2.9000000000010004E+09   3.0470650884876355E-03   2.7852050280842923E+03
   3.0000000000010004E+09   3.0471018418015395E-03   2.7851714336985451E+03
   3.1000000000010004E+09   3.0470358586606738E-03   2.7852317462014398E+03
   3.2000000000010004E+09   3.0470505831409547E-03   2.7852182869270346E+03
   3.3000000000010004E+09   3.0470668063129992E-03   2.7852034578870685E+03
   3.4000000000010004E+09   3.0470672340009528E-03   2.7852030669544515E+03
   3.5000000000010004E+09   3.0470492544736553E-03   2.7852195014228137E+03
   3.6000000000010004E+09   3.0470380528307734E-03   2.7852297405578897E+03
   3.7000000000010004E+09   3.0470582022760285E-03   2.7852113225197504E+03
   3.8000000000010004E+09   3.0470708606893022E-03   2.7851997519467031E+03
   3.9000000000010004E+09   3.0470491881414100E-03   2.7852195620552006E+03
   4.0000000000010004E+09   3.0470711692398757E-03   2.7851994699135857E+03
   4.1000000000010004E+09   3.0470944077250154E-03   2.7851782287546871E+03
   4.2000000000010004E+09   3.0470575976001965E-03   2.7852118752332854E+03
   4.3000000000010004E+09   3.0470094161665646E-03   2.7852559169419860E+03
   4.4000000000010004E+09   3.0469912567266761E-03   2.7852725164931949E+03
   4.5000000000010004E+09   3.0470394862402686E-03   2.7852284303107549E+03
   4.6000000000010004E+09   3.0470058417669749E-03   2.7852591842864304E+03
   4.7000000000010004E+09   3.0471229734129459E-03   2.7851521187050407E+03
   4.8000000000010004E+09   3.0471066481137371E-03   2.7851670405462928E+03
   4.9000000000010004E+09   3.0470412397582262E-03   2.7852268274614057E+03
   5.0000000000010004E+09   3.0471308132284823E-03   2.7851449529218212E+03
   5.1000000000010004E+09   3.0470598532517218E-03   2.7852098134203516E+03
   5.2000000000010004E+09   3.0470268074598902E-03   2.7852400197393363E+03
   5.3000000000010004E+09   3.0471940939005280E-03   2.7850871141892253E+03
   5.4000000000010004E+09   3.0470496100500439E-03   2.7852191764007703E+03
   5.5000000000010004E+09   3.0471314301118782E-03   2.7851443890768687E+03
   5.6000000000010004E+09   3.0471900708991381E-03   2.7850907911535996E+03
   5.7000000000010004E+09   3.0469810181558230E-03   2.7852818756621018E+03
   5.8000000000010004E+09   3.0470303686822072E-03   2.7852367644849687E+03
   5.9000000000010004E+09   3.0468821468347413E-03   2.7853722580547774E+03
   6.0000000000010004E+09   3.0471834748431667E-03   2.7850968198732007E+03
   6.1000000000010004E+09   3.0470921447596005E-03   2.7851802972060855E+03
   6.2000000000010004E+09   3.0470090481277351E-03   2.7852562533644623E+03
   6.3000000000010004E+09   3.0471624340542725E-03   2.7851160510876507E+03
   6.4000000000010004E+09   3.0469501526711172E-03   2.7853100904574962E+03
   6.5000000000010004E+09   3.0472723727403735E-03   2.7850155704079348E+03
   6.6000000000010004E+09   3.0472325813579787E-03   2.7850519377073051E+03
   6.7000000000010004E+09   3.0471546491298812E-03   2.7851231665512155E+03
   6.8000000000010004E+09   3.0471257033653403E-03   2.7851496234575739E+03
   6.9000000000010014E+09   3.0472093670377990E-03   2.7850731548537537E+03
   7.0000000000010014E+09   3.0468060457045998E-03   2.7854418292626337E+03
   7.1000000000010014E+09   3.0471182566307190E-03   2.7851564299771699E+03
   7.2000000000010014E+09   3.0472048245440992E-03   2.7850773065855828E+03
   7.3000000000010014E+09   3.0472405645619082E-03   2.7850446413888485E+03
   7.4000000000010014E+09   3.0470214509178296E-03   2.7852449160800925E+03
   7.5000000000010014E+09   3.0470609463966762E-03   2.7852088142155085E+03
   7.6000000000010014E+09   3.0468885386062267E-03   2.7853664148928933E+03
   7.7000000000010014E+09   3.0470761749379297E-03   2.7851948944232577E+03
   7.8000000000010014E+09   3.0470209651205548E-03   2.7852453601414904E+03
   7.9000000000010014E+09   3.0470849366979161E-03   2.7851868857166787E+03
   8.0000000000010014E+09   3.0474604590989274E-03   2.7848436818980804E+03
   8.1000000000010014E+09   3.0471725223882129E-03   2.7851068303492193E+03
   8.2000000000010014E+09   3.0468936612864251E-03   2.7853617319131226E+03
   8.3000000000010014E+09   3.0470072966186268E-03   2.7852578544113985E+03
   8.4000000000010014E+09   3.0469529018470210E-03   2.7853075773541987E+03
   8.5000000000010014E+09   3.0475200885097271E-03   2.7847891921545852E+03
   8.6000000000010014E+09   3.0471116637002665E-03   2.7851624561241142E+03
   8.7000000000010014E+09   3.0471740468878024E-03   2.7851054369617223E+03
   8.8000000000010014E+09   3.0469479366287979E-03   2.7853121162108600E+03
   8.9000000000010014E+09   3.0469922959404953E-03   2.7852715665420928E+03
   9.0000000000010014E+09   3.0471241846630071E-03   2.7851510115904407E+03
   9.1000000000010014E+09   3.0472434423602490E-03   2.7850420112094744E+03
   9.2000000000010014E+09   3.0473444132309534E-03   2.7849497314804103E+03
   9.3000000000010014E+09   3.0472273880364264E-03   2.7850566842090957E+03
   9.4000000000010014E+09   3.0474539998918927E-03   2.7848495844914914E+03
   9.5000000000010014E+09   3.0472694563506786E-03   2.7850182358075081E+03
   9.6000000000010014E+09   3.0472558551851497E-03   2.7850306664978825E+03
   9.7000000000010014E+09   3.0473392403174964E-03   2.7849544589829316E+03
   9.8000000000010014E+09   3.0467119806822018E-03   2.7855278277586249E+03
   9.9000000000010014E+09   3.0466252227658395E-03   2.7856071504756105E+03
   1.0000000000001001E+10   3.0463892170246934E-03   2.7858229532615496E+03
