   0.0000000000000000E+00   0.0000000000000000E+00   1.0000000000000000E+30   0.0000000000000000E+00
   1.0000000000000001E-01   0.0000000000000000E+00   1.0000000000000000E+30   0.0000000000000000E+00
   2.0000000000000001E-01   0.0000000000000000E+00   1.0000000000000000E+30   0.0000000000000000E+00
   3.0000000000000004E-01   0.0000000000000000E+00   1.0000000000000000E+30   0.0000000000000000E+00
   4.0000000000000002E-01   0.0000000000000000E+00   1.0000000000000000E+30   0.0000000000000000E+00
   5.0000000000000000E-01   0.0000000000000000E+00   1.0000000000000000E+30   0.0000000000000000E+00
   5.9999999999999998E-01   0.0000000000000000E+00   1.0000000000000000E+30   0.0000000000000000E+00
   6.9999999999999996E-01   0.0000000000000000E+00   1.0000000000000000E+30   0.0000000000000000E+00
   7.9999999999999993E-01   0.0000000000000000E+00   1.0000000000000000E+30   0.0000000000000000E+00
   8.9999999999999991E-01   0.0000000000000000E+00   1.0000000000000000E+30   0.0000000000000000E+00
   9.9999999999999989E-01   0.0000000000000000E+00   1.0000000000000000E+30   0.0000000000000000E+00
   1.0999999999999999E+00   0.0000000000000000E+00   1.0000000000000000E+30   0.0000000000000000E+00
   1.2000000000000000E+00   0.0000000000000000E+00   1.0000000000000000E+30   0.0000000000000000E+00
   1.3000000000000000E+00   0.0000000000000000E+00   1.0000000000000000E+30   0.0000000000000000E+00
   1.4000000000000001E+00   0.0000000000000000E+00   1.0000000000000000E+30   0.0000000000000000E+00
   1.5000000000000002E+00   0.0000000000000000E+00   1.0000000000000000E+30   0.0000000000000000E+00
   1.6000000000000003E+00   0.0000000000000000E+00   1.0000000000000000E+30   0.0000000000000000E+00
   1.7000000000000004E+00   0.0000000000000000E+00   1.0000000000000000E+30   0.0000000000000000E+00
   1.8000000000000005E+00   0.0000000000000000E+00   1.0000000000000000E+30   0.0000000000000000E+00
   1.9000000000000006E+00   0.0000000000000000E+00   1.0000000000000000E+30   0.0000000000000000E+00
   2.0000000000000004E+00   0.0000000000000000E+00   1.0000000000000000E+30   0.0000000000000000E+00
   2.1000000000000005E+00   0.0000000000000000E+00   1.0000000000000000E+30   0.0000000000000000E+00
   2.2000000000000006E+00   0.0000000000000000E+00   1.0000000000000000E+30   0.0000000000000000E+00
   2.3000000000000007E+00   0.0000000000000000E+00   1.0000000000000000E+30   0.0000000000000000E+00
   2.4000000000000008E+00   0.0000000000000000E+00   1.0000000000000000E+30   0.0000000000000000E+00
   2.5000000000000009E+00   0.0000000000000000E+00   1.0000000000000000E+30   0.0000000000000000E+00
   2.6000000000000010E+00   0.0000000000000000E+00   1.0000000000000000E+30   0.0000000000000000E+00
   2.7000000000000011E+00   0.0000000000000000E+00   1.0000000000000000E+30   0.0000000000000000E+00
   2.8000000000000012E+00   0.0000000000000000E+00   1.0000000000000000E+30   0.0000000000000000E+00
   2.9000000000000012E+00   0.0000000000000000E+00   1.0000000000000000E+30   0.0000000000000000E+00
   3.0000000000000013E+00   0.0000000000000000E+00   1.0000000000000000E+30   0.0000000000000000E+00
   3.1000000000000014E+00   0.0000000000000000E+00   1.0000000000000000E+30   0.0000000000000000E+00
   3.2000000000000015E+00   0.0000000000000000E+00   1.0000000000000000E+30   0.0000000000000000E+00
   3.3000000000000016E+00   0.0000000000000000E+00   1.0000000000000000E+30   0.0000000000000000E+00
   3.4000000000000017E+00   0.0000000000000000E+00   1.0000000000000000E+30   0.0000000000000000E+00
   3.5000000000000018E+00   0.0000000000000000E+00   1.0000000000000000E+30   0.0000000000000000E+00
   3.6000000000000019E+00   0.0000000000000000E+00   1.0000000000000000E+30   0.0000000000000000E+00
   3.7000000000000020E+00   0.0000000000000000E+00   1.0000000000000000E+30   0.0000000000000000E+00
   3.8000000000000020E+00   0.0000000000000000E+00   1.0000000000000000E+30   0.0000000000000000E+00
   3.9000000000000021E+00   0.0000000000000000E+00   1.0000000000000000E+30   0.0000000000000000E+00
   4.0000000000000018E+00   0.0000000000000000E+00   1.0000000000000000E+30   0.0000000000000000E+00
   4.1000000000000014E+00   0.0000000000000000E+00   1.0000000000000000E+30   0.0000000000000000E+00
   4.2000000000000011E+00   0.0000000000000000E+00   1.0000000000000000E+30   0.0000000000000000E+00
   4.3000000000000007E+00   0.0000000000000000E+00   1.0000000000000000E+30   0.0000000000000000E+00
   4.4000000000000004E+00   0.0000000000000000E+00   1.0000000000000000E+30   0.0000000000000000E+00
   4.5000000000000000E+00   0.0000000000000000E+00   1.0000000000000000E+30   0.0000000000000000E+00
   4.5999999999999996E+00   0.0000000000000000E+00   1.0000000000000000E+30   0.0000000000000000E+00
   4.6999999999999993E+00   0.0000000000000000E+00   1.0000000000000000E+30   0.0000000000000000E+00
   4.7999999999999989E+00   0.0000000000000000E+00   1.0000000000000000E+30   0.0000000000000000E+00
   4.8999999999999986E+00   0.0000000000000000E+00   1.0000000000000000E+30   0.0000000000000000E+00
   4.9999999999999982E+00   0.0000000000000000E+00   1.0000000000000000E+30   0.0000000000000000E+00
   5.0999999999999979E+00   0.0000000000000000E+00   1.0000000000000000E+30   0.0000000000000000E+00
   5.1999999999999975E+00   0.0000000000000000E+00   1.0000000000000000E+30   0.0000000000000000E+00
   5.2999999999999972E+00   0.0000000000000000E+00   1.0000000000000000E+30   0.0000000000000000E+00
   5.3999999999999968E+00   0.0000000000000000E+00   1.0000000000000000E+30   0.0000000000000000E+00
   5.4999999999999964E+00   0.0000000000000000E+00   1.0000000000000000E+30   0.0000000000000000E+00
   5.5999999999999961E+00   0.0000000000000000E+00   1.0000000000000000E+30   0.0000000000000000E+00
   5.6999999999999957E+00   0.0000000000000000E+00   1.0000000000000000E+30   0.0000000000000000E+00
   5.7999999999999954E+00   0.0000000000000000E+00   1.0000000000000000E+30   0.0000000000000000E+00
   5.8999999999999950E+00   0.0000000000000000E+00   1.0000000000000000E+30   0.0000000000000000E+00
   5.9999999999999947E+00   0.0000000000000000E+00   1.0000000000000000E+30   0.0000000000000000E+00
   6.0999999999999943E+00   0.0000000000000000E+00   1.0000000000000000E+30   0.0000000000000000E+00
   6.1999999999999940E+00   0.0000000000000000E+00   1.0000000000000000E+30   0.0000000000000000E+00
   6.2999999999999936E+00   0.0000000000000000E+00   1.0000000000000000E+30   0.0000000000000000E+00
   6.3999999999999932E+00   0.0000000000000000E+00   1.0000000000000000E+30   0.0000000000000000E+00
   6.4999999999999929E+00   0.0000000000000000E+00   1.0000000000000000E+30   0.0000000000000000E+00
   6.5999999999999925E+00   0.0000000000000000E+00   1.0000000000000000E+30   0.0000000000000000E+00
   6.6999999999999922E+00   0.0000000000000000E+00   1.0000000000000000E+30   0.0000000000000000E+00
   6.7999999999999918E+00   0.0000000000000000E+00   1.0000000000000000E+30   0.0000000000000000E+00
   6.8999999999999915E+00   0.0000000000000000E+00   1.0000000000000000E+30   0.0000000000000000E+00
   6.9999999999999911E+00   0.0000000000000000E+00   1.0000000000000000E+30   0.0000000000000000E+00
   7.0999999999999908E+00   0.0000000000000000E+00   1.0000000000000000E+30   0.0000000000000000E+00
   7.1999999999999904E+00   0.0000000000000000E+00   1.0000000000000000E+30   0.0000000000000000E+00
   7.2999999999999901E+00   0.0000000000000000E+00   1.0000000000000000E+30   0.0000000000000000E+00
   7.3999999999999897E+00   0.0000000000000000E+00   1.0000000000000000E+30   0.0000000000000000E+00
   7.4999999999999893E+00   0.0000000000000000E+00   1.0000000000000000E+30   0.0000000000000000E+00
   7.5999999999999890E+00   0.0000000000000000E+00   1.0000000000000000E+30   0.0000000000000000E+00
   7.6999999999999886E+00   0.0000000000000000E+00   1.0000000000000000E+30   0.0000000000000000E+00
   7.7999999999999883E+00   0.0000000000000000E+00   1.0000000000000000E+30   0.0000000000000000E+00
   7.8999999999999879E+00   0.0000000000000000E+00   1.0000000000000000E+30   0.0000000000000000E+00
   7.9999999999999876E+00   0.0000000000000000E+00   1.0000000000000000E+30   0.0000000000000000E+00
   8.0999999999999872E+00   0.0000000000000000E+00   1.0000000000000000E+30   0.0000000000000000E+00
   8.1999999999999869E+00   0.0000000000000000E+00   1.0000000000000000E+30   0.0000000000000000E+00
   8.2999999999999865E+00   0.0000000000000000E+00   1.0000000000000000E+30   0.0000000000000000E+00
   8.3999999999999861E+00   0.0000000000000000E+00   1.0000000000000000E+30   0.0000000000000000E+00
   8.4999999999999858E+00   0.0000000000000000E+00   1.0000000000000000E+30   0.0000000000000000E+00
   8.5999999999999854E+00   0.0000000000000000E+00   1.0000000000000000E+30   0.0000000000000000E+00
   8.6999999999999851E+00   0.0000000000000000E+00   1.0000000000000000E+30   0.0000000000000000E+00
   8.7999999999999847E+00   0.0000000000000000E+00   1.0000000000000000E+30   0.0000000000000000E+00
   8.8999999999999844E+00   0.0000000000000000E+00   1.0000000000000000E+30   0.0000000000000000E+00
   8.9999999999999840E+00   0.0000000000000000E+00   1.0000000000000000E+30   0.0000000000000000E+00
   9.0999999999999837E+00   0.0000000000000000E+00   1.0000000000000000E+30   0.0000000000000000E+00
   9.1999999999999833E+00   0.0000000000000000E+00   1.0000000000000000E+30   0.0000000000000000E+00
   9.2999999999999829E+00   0.0000000000000000E+00   1.0000000000000000E+30   0.0000000000000000E+00
   9.3999999999999826E+00   0.0000000000000000E+00   1.0000000000000000E+30   0.0000000000000000E+00
   9.4999999999999822E+00   0.0000000000000000E+00   1.0000000000000000E+30   0.0000000000000000E+00
   9.5999999999999819E+00   0.0000000000000000E+00   1.0000000000000000E+30   0.0000000000000000E+00
   9.6999999999999815E+00   0.0000000000000000E+00   1.0000000000000000E+30   0.0000000000000000E+00
   9.7999999999999812E+00   0.0000000000000000E+00   1.0000000000000000E+30   0.0000000000000000E+00
   9.8999999999999808E+00   0.0000000000000000E+00   1.0000000000000000E+30   0.0000000000000000E+00
   9.9999999999999805E+00   0.0000000000000000E+00   1.0000000000000000E+30   0.0000000000000000E+00
   1.0099999999999980E+01   2.4443376324013262E-03   3.4719839407040122E+03   2.5345739353320944E-03
   1.0199999999999980E+01   4.9342277872359555E-03   1.7199653869465828E+03   5.1447459924192094E-03
   1.0299999999999979E+01   7.4612594759549487E-03   1.1374354467507214E+03   7.8219198407400627E-03
   1.0399999999999979E+01   1.0020575718171732E-02   8.4692748640836385E+02   1.0561055787271376E-02
   1.0499999999999979E+01   1.4798353365514993E-02   5.7348954952871054E+02   1.5758045192172009E-02
   1.0599999999999978E+01   1.7383074353580854E-02   4.8821634382571909E+02   1.8604157562820928E-02
   1.0699999999999978E+01   1.9982127385242666E-02   4.2471458827869975E+02   2.1492555572573555E-02
   1.0799999999999978E+01   2.2598460962289697E-02   3.7554331772936763E+02   2.4426390532460290E-02
   1.0899999999999977E+01   2.5231274320510741E-02   3.3635641615044989E+02   2.7404869928640638E-02
   1.0999999999999977E+01   2.9800328526447446E-02   2.8478548475813017E+02   3.2668147659766805E-02
   1.1099999999999977E+01   3.2428767199438685E-02   2.6170285639174000E+02   3.5716262334481642E-02
   1.1199999999999976E+01   3.5053380891137770E-02   2.4210791625812865E+02   3.8785791516585046E-02
   1.1299999999999976E+01   3.7679778671596872E-02   2.2523224139193715E+02   4.1883137514138261E-02
   1.1399999999999975E+01   4.0311170189470266E-02   2.1052976049731973E+02   4.5011667290344261E-02
   1.1499999999999975E+01   4.2937680997044571E-02   1.9765159198839865E+02   4.8160788010247070E-02
   1.1599999999999975E+01   4.7236391547131905E-02   1.7966446477792323E+02   5.3425421545980338E-02
   1.1699999999999974E+01   4.9830182989937737E-02   1.7031245915893183E+02   5.6606101341267812E-02
   1.1799999999999974E+01   5.2414411696337170E-02   1.6191541087065065E+02   5.9801087844335438E-02
   1.1899999999999974E+01   5.4982089565015518E-02   1.5435391911252245E+02   6.3001947770634656E-02
   1.1999999999999973E+01   5.7549153642203914E-02   1.4746873704033266E+02   6.6227771535590604E-02
   1.2099999999999973E+01   6.1572072450896478E-02   1.3783360974448254E+02   7.1402821049258547E-02
   1.2199999999999973E+01   6.4078934659124037E-02   1.3244135612587735E+02   7.4622670539040509E-02
   1.2299999999999972E+01   6.6583307045586640E-02   1.2745989020259090E+02   7.7864453928742777E-02
   1.2399999999999972E+01   6.9059664895036663E-02   1.2288940321756198E+02   8.1096824339679865E-02
   1.2499999999999972E+01   7.1517129726768339E-02   1.1866668919431426E+02   8.4331257627388773E-02
   1.2599999999999971E+01   7.3964408257343434E-02   1.1474033532220253E+02   8.7579252893000323E-02
   1.2699999999999971E+01   7.7657307695055300E-02   1.0928399731138565E+02   9.2603693321927291E-02
   1.2799999999999971E+01   8.0039204657715121E-02   1.0603180081122686E+02   9.5832471975302203E-02
   1.2899999999999970E+01   8.2403229259325528E-02   1.0298990806110231E+02   9.9063788564322519E-02
   1.2999999999999970E+01   8.4731960588773192E-02   1.0015938432658362E+02   1.0227456981910525E-01
   1.3099999999999969E+01   8.7050047073241640E-02   9.7492204664925481E+01   1.0549700413597546E-01
   1.3199999999999969E+01   8.9327291765041408E-02   9.5006809650946735E+01   1.0869173713978504E-01
   1.3299999999999969E+01   9.2694393191714880E-02   9.1555710255347151E+01   1.1353257031778019E-01
   1.3399999999999968E+01   9.4914244540660553E-02   8.9414408200027665E+01   1.1671283010252387E-01
   1.3499999999999968E+01   9.7111319118841952E-02   8.7391470761200324E+01   1.1988847083474748E-01
   1.3599999999999968E+01   9.9275027892615053E-02   8.5486765257178902E+01   1.2304294080103724E-01
   1.3699999999999967E+01   1.0141143008731772E-01   8.3685842888209095E+01   1.2618754872984964E-01
   1.3799999999999967E+01   1.0352049434011326E-01   8.1980877887552268E+01   1.2931823363027622E-01
   1.3899999999999967E+01   1.0559920442906612E-01   8.0367092264001101E+01   1.3243352040932199E-01
   1.3999999999999966E+01   1.0858947302428200E-01   7.8153993835646816E+01   1.3701748607459055E-01
   1.4099999999999966E+01   1.1060289706859765E-01   7.6731272238667373E+01   1.4010098974434737E-01
   1.4199999999999966E+01   1.1257595782252779E-01   7.5386442802777395E+01   1.4315264051447360E-01
   1.4299999999999965E+01   1.1453015587103683E-01   7.4100143676675515E+01   1.4620146490591432E-01
   1.4399999999999965E+01   1.1644856915674645E-01   7.2879392738027420E+01   1.4922450062180284E-01
   1.4499999999999964E+01   1.1834191567301720E-01   7.1713398900900998E+01   1.5223526995676503E-01
   1.4599999999999964E+01   1.2020059915854550E-01   7.0604481714453414E+01   1.5522207831105025E-01
   1.4699999999999964E+01   1.2281912274024394E-01   6.9099182733170977E+01   1.5950989850160865E-01
   1.4799999999999963E+01   1.2461568720572365E-01   6.8102990848539591E+01   1.6246300751676124E-01
   1.4899999999999963E+01   1.2637385467296414E-01   6.7155512723087639E+01   1.6538200326062369E-01
   1.4999999999999963E+01   1.2810650851953959E-01   6.6247227431551053E+01   1.6828770643224167E-01
   1.5099999999999962E+01   1.2980759594043340E-01   6.5379078503620704E+01   1.7116884950368830E-01
   1.5199999999999962E+01   1.3147552648038288E-01   6.4549663595544899E+01   1.7402421708386093E-01
   1.5299999999999962E+01   1.3311819007636402E-01   6.3753127957099068E+01   1.7686538055343240E-01
   1.5399999999999961E+01   1.3472816372064153E-01   6.2991291286007737E+01   1.7967912828473348E-01
   1.5499999999999961E+01   1.3696388601748080E-01   6.1963056482441715E+01   1.8363548222916964E-01
   1.5599999999999961E+01   1.3850453845454139E-01   6.1273811674707630E+01   1.8639325239791285E-01
   1.5699999999999960E+01   1.4003189972474153E-01   6.0605483622217811E+01   1.8915564856575978E-01
   1.5799999999999960E+01   1.4150941007981585E-01   5.9972697226065030E+01   1.9185990532035169E-01
   1.5899999999999959E+01   1.4298150832107778E-01   5.9355234848259009E+01   1.9457920473315618E-01
   1.5999999999999959E+01   1.4441360059243127E-01   5.8766632578515321E+01   1.9725535872638850E-01
   1.6099999999999959E+01   1.4583435997033076E-01   5.8194111504877498E+01   1.9993370612379260E-01
   1.6199999999999960E+01   1.4744973073745837E-01   5.7556571740825127E+01   2.0285194889930125E-01
   1.6299999999999962E+01   1.4968544653727661E-01   5.6696901413474443E+01   2.0653931254405050E-01
   1.6399999999999963E+01   1.5198634215051388E-01   5.5838576580462664E+01   2.1031376070762065E-01
   1.6499999999999964E+01   1.5359358214219387E-01   5.5254268355425502E+01   2.1285844052043620E-01
   1.6599999999999966E+01   1.5583737181843857E-01   5.4458702083627735E+01   2.1658800131298692E-01
   1.6699999999999967E+01   1.5794455736208557E-01   5.3732152263406164E+01   2.2015736662308977E-01
   1.6799999999999969E+01   1.5991018656430039E-01   5.3071672216099515E+01   2.2357423679502744E-01
   1.6899999999999970E+01   1.6188134417565678E-01   5.2425441909766860E+01   2.2701213993610372E-01
   1.6999999999999972E+01   1.6318715548538373E-01   5.2005937477818243E+01   2.2920088675164210E-01
   1.7099999999999973E+01   1.6495584910694083E-01   5.1448318148778981E+01   2.3241952212314543E-01
   1.7199999999999974E+01   1.6659582486091914E-01   5.0941858911775896E+01   2.3549531569312776E-01
   1.7299999999999976E+01   1.6816599097368398E-01   5.0466214697857311E+01   2.3850128383759697E-01
   1.7399999999999977E+01   1.6966250843924091E-01   5.0021074681888877E+01   2.4143097329713853E-01
   1.7499999999999979E+01   1.7112826781009788E-01   4.9592630802373435E+01   2.4433725536757081E-01
   1.7599999999999980E+01   1.7259335769413728E-01   4.9171654800271327E+01   2.4725102344657637E-01
   1.7699999999999982E+01   1.7409158087804807E-01   4.8748486070103773E+01   2.5022103494701897E-01
   1.7799999999999983E+01   1.7558080842055673E-01   4.8335014980841500E+01   2.5320651056442983E-01
   1.7899999999999984E+01   1.7699029959033258E-01   4.7950091191435128E+01   2.5611626249343417E-01
   1.7999999999999986E+01   1.7841535566582153E-01   4.7567099668549673E+01   2.5906262805019598E-01
   1.8099999999999987E+01   1.7990215964484285E-01   4.7173980691004751E+01   2.6210391269318400E-01
   1.8199999999999989E+01   1.8137213606540384E-01   4.6791647214738198E+01   2.6514657328455737E-01
   1.8299999999999990E+01   1.8279860819613017E-01   4.6426507778714772E+01   2.6815812489726487E-01
   1.8399999999999991E+01   1.8419241798184202E-01   4.6075191901723684E+01   2.7114946034133391E-01
   1.8499999999999993E+01   1.8555668105119152E-01   4.5736434588494028E+01   2.7412293715101416E-01
   1.8599999999999994E+01   1.8690230536725652E-01   4.5407149947561102E+01   2.7709429260855262E-01
   1.8699999999999996E+01   1.8759440989681278E-01   4.5239626330145029E+01   2.7869917130930660E-01
   1.8799999999999997E+01   1.8891754009449585E-01   4.4922779542391112E+01   2.8168359196900661E-01
   1.8899999999999999E+01   1.9022253808373335E-01   4.4614592418171505E+01   2.8466465270363611E-01
   1.9000000000000000E+01   1.9150173712247587E-01   4.4316574527614655E+01   2.8762738288208833E-01
   1.9100000000000001E+01   1.9275972814957340E-01   4.4027355126640089E+01   2.9058327109642301E-01
   1.9200000000000003E+01   1.9398273269228936E-01   4.3749775495833134E+01   2.9350793808396403E-01
   1.9300000000000004E+01   1.9456895393687035E-01   4.3617960798152090E+01   2.9505820252915460E-01
