     -19.5000000000000000       0.0000000000000218       0.0000000000000005       0.0000000000000000       0.0000000000000000       0.0000000000000213       0.0000000000000000       0.0000000000000000
     -19.3999999999999986       0.0000000007665850       0.0000000000179526       0.0000000000000552       0.0000000000001660       0.0000000007481393       0.0000000000000770       0.0000000000001948
     -19.3000000000000007       0.0000004035184610       0.0000000094604527       0.0000000000329593       0.0000000000929176       0.0000003937785185       0.0000000000471750       0.0000000001064379
     -19.1999999999999993       0.0000802594314295       0.0000018843307060       0.0000000075309583       0.0000000199534408       0.0000783143009293       0.0000000111336666       0.0000000221817285
     -19.1000000000000014       0.0061006376667974       0.0001435002229458       0.0000006698829121       0.0000016776149085       0.0059519618734492       0.0000010349105570       0.0000017931620248
     -19.0000000000000000       0.1803938086756221       0.0042541972902169       0.0000236952956021       0.0000568796328899       0.1759624213984585       0.0000389563030493       0.0000576587554054
     -18.8999999999999986       2.1414649272952353       0.0506836241220306       0.0003447013774914       0.0008173925890735       2.0882284521400494       0.0006210126897663       0.0007697443768237
     -18.8000000000000007      10.8323673488127596       0.2576335365394644       0.0021785384972562       0.0054197185261663      10.5580238449306538       0.0045120546085766       0.0045996557106446
     -18.6999999999999993      26.2320530105638134       0.6273340451218838       0.0065442315262930       0.0190264033244160      25.5483584618607260       0.0168020889084666       0.0139877798220290
     -18.6000000000000014      37.5011831316008042       0.8982709871324387       0.0107342614287104       0.0427134223146958      36.4854068847042399       0.0378792714861016       0.0261783045346218
     -18.5000000000000000      41.6493982076389528       0.9853540560627004       0.0115225211937081       0.0741009927624908      40.4791670444173164       0.0621769932487651       0.0370765999539644
     -18.3999999999999986      43.6795117491533915       0.9987729484838728       0.0096921249082918       0.1128289233195200      42.4265082979485371       0.0857636069875898       0.0459458475055806
     -18.3000000000000007      45.9279303022355947       0.9927114062356731       0.0074261326253550       0.1605720763462757      44.6062901129256630       0.1075798584339840       0.0533507156686358
     -18.1999999999999993      48.8253563567072817       0.9756912444051927       0.0062037179619818       0.2201526534310294      47.4361398101853027       0.1274051970386791       0.0597637336850972
     -18.1000000000000014      53.0402048064240574       0.9491890072160251       0.0085743601904993       0.2966209177610583      51.5733616160470092       0.1467472690024107       0.0657116362070581
     -18.0000000000000000      62.4561335220147882       0.9138938598576654       0.0293487449320638       0.4055011949423771      60.8543915333680019       0.1800618321811609       0.0729363567335253
     -17.8999999999999986      86.0530901542323932       0.8702982218421760       0.1009710044091237       0.5994800777469298      84.1324086634910486       0.2649199009569421       0.0850122857861474
     -17.8000000000000007     122.9858632585278713       0.8197729122810875       0.2061493425733268       0.9790706674312368     120.4811351367920906       0.3982678732396977       0.1014673262104663
     -17.6999999999999993     162.4266417429680871       0.7636679135420482       0.2777282797789219       1.6486145117943094     159.1053287317902800       0.5124093358805171       0.1188929701819981
     -17.6000000000000014     201.9121954376175267       0.6737107015336995       0.3129198682148325       2.5814167272751569     197.6300886094846021       0.5808790811673556       0.1331804499418919
     -17.5000000000000000     216.8268267633042115       0.4762961058593491       0.3155948757752512       3.3260867598020303     211.9874781603912481       0.5995548716919492       0.1218159897843790
     -17.3999999999999986     188.8579459263618787       0.2173850560805616       0.2706203219597437       3.5856719710024421     184.1301039379899009       0.5690290184880485       0.0851356208412349
     -17.3000000000000007     163.0493442818138874       0.0554524627751690       0.2034593117714415       4.1623582644727231     158.0339889086133383       0.5277252499672364       0.0663600842139974
     -17.1999999999999993     176.5416647609442009       0.0072099146503387       0.1429527888290411       5.6496718187940242     170.1803566301625779       0.4863742949211998       0.0750993135870042
     -17.1000000000000014     172.2536624625466857       0.0004468043552122       0.0829053480336933       6.0628185174021958     165.6677990546547221       0.3702527909917029       0.0694399471092303
     -17.0000000000000000     101.7596044024900266       0.0000164627400735       0.0308578670975873       3.7412890002508123      97.7725878388611278       0.1800700023235561       0.0347832312168829
     -16.8999999999999986      30.4438042218888683       0.0000014307441820       0.0061423774637728       1.1479392330252878      29.2345178049435432       0.0468588821536834       0.0083444935583997
     -16.8000000000000007       4.1690034725865424       0.0000001643619950       0.0005884987948184       0.1596709546418840       4.0020173746959813       0.0058100511303619       0.0009164289615016
     -16.6999999999999993       0.2424383902593015       0.0000000090001932       0.0000252733927753       0.0093753378707004       0.2326784446830801       0.0003150498821856       0.0000442754303669
     -16.6000000000000014       0.0056841010576179       0.0000000002035287       0.0000004605766351       0.0002211528049906       0.0054545565723923       0.0000070306530488       0.0000009002470224
     -16.5000000000000000       0.0000520199231391       0.0000000000018200       0.0000000034181620       0.0000020320857001       0.0000499149212555       0.0000000620912510       0.0000000074049505
     -16.3999999999999986       0.0000001822757990       0.0000000000000063       0.0000000000100349       0.0000000071401709       0.0000001748897831       0.0000000002118731       0.0000000000239308
     -16.3000000000000007       0.0000000002387256       0.0000000000000000       0.0000000000000107       0.0000000000093765       0.0000000002290394       0.0000000000002702       0.0000000000000288
     -16.1999999999999993       0.0000000000000000       0.0000000000000000       0.0000000000000000       0.0000000000000000       0.0000000000000000       0.0000000000000000       0.0000000000000000
     -11.0999999999999996       0.0000000000000000       0.0000000000000000       0.0000000000000000       0.0000000000000000       0.0000000000000000       0.0000000000000000       0.0000000000000000
     -11.0000000000000000       0.0000000000035791       0.0000000000003692       0.0000000000000693       0.0000000000004707       0.0000000000000580       0.0000000000025765       0.0000000000000354
     -10.8999999999999986       0.0000000055558661       0.0000000005672151       0.0000000001069428       0.0000000007433333       0.0000000000896368       0.0000000039938749       0.0000000000548632
     -10.7999999999999989       0.0000023736939510       0.0000002415515493       0.0000000456100395       0.0000003192602382       0.0000000382340845       0.0000017056011456       0.0000000234368939
     -10.6999999999999993       0.0003844308899645       0.0000389453057301       0.0000073687461115       0.0000520800978143       0.0000061777149289       0.0002760639828649       0.0000037950425148
     -10.5999999999999996       0.0239017304060676       0.0024054327690256       0.0004564829129612       0.0032722548857441       0.0003826926437631       0.0171489756733510       0.0002358915212225
     -10.5000000000000000       0.5828530203781268       0.0580332754619101       0.0110642086259920       0.0811387918589020       0.0092721306843014       0.4175948385103379       0.0057497752366835
     -10.3999999999999986       5.8030938402731138       0.5662853199377234       0.1088160803732663       0.8328763562599966       0.0910609733875407       4.1468575465793567       0.0571975637352305
     -10.2999999999999989      25.6367500562427608       2.3884478828571316       0.4658420229256780       3.9291003785050416       0.3882123964224261      18.2129999057117793       0.2521474698207044
     -10.1999999999999993      59.8821724335093890       4.9576563334458106       0.9976503548657117      10.5561168205768805       0.8254081935015642      41.9601930430504098       0.5851476880690096
     -10.0999999999999996      98.5359861158702444       6.3854672954021972       1.3699445991180146      21.2256903945389546       1.1596330162861674      67.4515470842313078       0.9437037262936110
     -10.0000000000000000     146.1204217875738891       6.9008222861731170       1.6350658703261882      36.5754247986665035       1.6177553987817228      98.0550181852043039       1.3363352484220390
      -9.8999999999999986     208.0288712401614646       7.3984335363848643       1.9636417298103088      55.8886666367050111       2.4243947638411658     138.5643167609118223       1.7894178125083160
      -9.7999999999999989     260.7998506039359654       7.0259856696902547       2.1461712515838345      72.7575135864657909       3.0864322715453967     173.6554001066165824       2.1283477180340813
      -9.6999999999999993     250.8226862638030923       5.0468112294650567       2.0096525958949667      70.8790521423449036       3.0377276490037111     167.8494023613182264       2.0000402857762141
      -9.5999999999999996     177.3861853007607010       2.8623375297452101       1.9434472855785117      47.9558527341559468       2.3913537340349555     120.7371548327437694       1.4960391845023011
      -9.5000000000000000     114.6973159009139493       1.6232442935895659       1.9270282466370909      28.0250453342010353       1.8657880696816131      80.1813630371820096       1.0748469196226242
      -9.3999999999999986      82.0053109838739971       0.9686134757433730       1.5527997146116053      19.4742507926578803       1.4810640399986230      57.7440434970634726       0.7845394637990534
      -9.2999999999999989      62.3216859804227354       0.4451494239531666       1.0767459251750884      15.7881535248246347       1.1847397986738029      43.2664958901180086       0.5604014176780395
      -9.1999999999999993      62.8515774169221899       0.1928764355740161       0.7971909373013669      17.0714766386582042       1.4749048720657532      42.8018318729307694       0.5132966603920889
      -9.0999999999999996     101.8687701041130538       0.5019969009508943       0.7214684880954807      27.4965998470482198       3.2532290706570555      69.1235649499175366       0.7719108474438923
      -9.0000000000000000     162.1102769584412329       1.6499231690257357       0.8937904571685640      40.3345408873409284       6.2767895294315279     111.7847391394022623       1.1704937760722198
      -8.8999999999999986     200.4671501111750445       4.0065359510707301       1.2911141765588265      42.6363350795956890       9.2887353294057107     141.9086173921828049       1.3358121823612474
      -8.7999999999999989     220.4908092066934273       7.6166424342223475       1.7252916861980165      38.9146322761992707      12.3401722058395098     158.6000168098861991       1.2940537943480652
      -8.6999999999999993     216.8914631161012778       9.5745544333054333       1.9227426335440696      38.0184747304445878      13.0071243370695058     153.1297126481506155       1.2388543335870303
      -8.5999999999999996     184.3429291994920902       6.7616644229778844       1.7227175639360213      43.9912606595933227       8.6439821558521945     122.0214147864750203       1.2018896106576011
      -8.5000000000000000     201.3103512172620242       2.9290582977198438       1.9650508064489471      65.3480728739140488       4.1396317031829515     125.4342419078845836       1.4942956281116466
      -8.3999999999999986     265.1494136197737816       1.1737753509743969       2.9885097925557047      89.5981236099547260       2.5972854113810016     166.6049042020556499       2.1868152528522495
      -8.2999999999999989     265.9618545885455774       0.5807810511068228       3.4355171969126781      87.2409053125090566       2.0180667513251853     170.1880543475690786       2.4985299291227272
      -8.1999999999999993     207.0421319470505637       0.3306501834948385       2.9520528690341097      66.8234163466537012       1.3168410791960157     133.3637920598980315       2.2553794087739494
      -8.0999999999999996     158.8477483910857586       0.2290741233172729       2.3536854081897252      52.2702151870883895       0.7734555999584050     101.2610144891094563       1.9603035834225138
      -8.0000000000000000     130.3298124551728847       0.2094564582877087       1.8265890073413165      45.4526650467958646       0.4899572282003831      80.6356673068209773       1.7154774077266401
      -7.8999999999999986     114.9338499618173302       0.2183579169460592       1.4790974242777017      42.1898727672203790       0.3758531129686608      69.1159523377503149       1.5547164026542339
      -7.8000000000000007     111.0154951415661060       0.2315518607629478       1.4116989202998018      40.8056180182370198       0.3394134590806123      66.6995271097596714       1.5276857734260334
      -7.6999999999999993     114.9274308880915925       0.2462272884112810       1.5067000053715200      40.9456883031380414       0.3330732884859661      70.3139667928025602       1.5817752098822271
      -7.5999999999999979     126.6755174069206618       0.2650515107274928       1.6937971893845811      43.0634562417489093       0.3920874477805409      79.5710643857830178       1.6900606314960758
      -7.5000000000000000     141.6937602434335020       0.2796196693086132       1.8652010911480992      45.6390810076490254       0.6596978876353735      91.4664883877275372       1.7836721999648424
      -7.3999999999999986     145.3936824688194918       0.2671041046357984       1.8329106368435037      44.1578771129913150       1.1569746454700676      96.2518281436575052       1.7269878252213784
      -7.3000000000000007     140.0149383864070671       0.2285421042728643       1.7188320637502115      38.7137607502982632       1.6836184073845806      96.0555515092039940       1.6146335514971195
      -7.1999999999999993     144.8116278369609802       0.1833613639048500       1.8028536965296553      33.2123597857319837       2.3515447799677354     105.5454075237228153       1.7161006871039304
      -7.0999999999999979     165.2402888886514063       0.1396018046682825       2.0690347334077357      29.8988209559205096       3.1841242586515675     127.8569486301433500       2.0917585058599157
      -7.0000000000000000     170.0086250564527290       0.0990513911056086       2.0971905887088731      26.0503408153831515       3.3352015651718681     136.2168371814943271       2.2100035145888857
      -6.8999999999999986     145.9438990956524833       0.0630234917829932       1.7683298414509516      19.5742747745486625       2.6372291165673949     120.0605617088864108       1.8404801624160156
      -6.8000000000000007     119.0331533079081083       0.0332581506821465       1.3768898687443343      13.6727675163305999       1.9226250719059939     100.5731288629712168       1.4544838372738629
      -6.6999999999999993      95.0593583267938982       0.0128490503296616       0.9638035420763719       9.0190719250491291       1.4533038147186572      82.3715130639852333       1.2388169306348173
      -6.5999999999999979      76.2845648133771448       0.0065084188914950       0.5985262879877649       6.6066729385279013       1.1419109100149376      66.7177185130194630       1.2132277449355939
      -6.5000000000000000      83.1875656493192821       0.0390040133459301       0.5684236427161012      16.0112687249549950       1.0408014180858962      63.6822808802743836       1.8457869699419938
      -6.3999999999999986     141.6662765405479547       0.1836228927436667       1.1360228259436351      53.8622290622668984       1.3670255565689406      80.9382008361254748       4.1791753668993534
      -6.3000000000000007     218.1750149240270389       0.4079549689376207       1.9778690469594724     100.3302989488437191       1.8504505414389534     106.4556719649126393       7.1527694529346615
      -6.1999999999999993     220.4422638593202635       0.4968483277141774       2.2560120927360150     110.8794922678024193       1.8062030660413315      97.4373615943068501       7.5663465107194918
      -6.0999999999999979     171.3702422272928629       0.4465585706694182       2.2015872076074312     101.5593653634643090       1.4702247059069331      59.4416475945752936       6.2508587850695010
      -6.0000000000000000     146.7125990087249363       0.3865783298955875       2.2839022774994295      97.9946566324500026       1.2746307712648446      39.2700259417639330       5.5028050558511463
      -5.8999999999999986     122.9909988395909295       0.3273396875312514       1.9154393760850192      84.5435223260175235       1.0580689066796278      30.7645029924764941       4.3821255508009838
      -5.8000000000000007      81.3686186875699775       0.2605913049462040       1.0670897492689628      56.8788671406502715       0.7847866400824034      19.7600468600390968       2.6172369925830572
      -5.6999999999999993      48.3153728345345286       0.2060073827853436       0.4800738150712202      33.7468966726234214       0.6358695749927035      11.7272094434465721       1.5193159456152669
      -5.5999999999999979      30.1882118526262566       0.1740964581034809       0.2110049005590459      20.2577712069061988       0.5837051888348519       7.8356298984661645       1.1260041997565224
      -5.5000000000000000      22.6334042539745397       0.1556255818809517       0.0941353066709936      14.5437775892129384       0.5423388063670075       6.2965412358969806       1.0009857339456751
      -5.3999999999999986      17.9260180932740134       0.1259717513731128       0.0428837722761335      11.3539585536202754       0.4433313107290762       5.1135836793933134       0.8462890258820994
      -5.300000000000000       0.0e0		             0.0704347783551544       0.0149171524346942       6.4267355567681665       0.2486908948547553       2.9213662358950110       0.4923176902709527
      -4.3				       0.0e0		             0.0704347783551544       0.0149171524346942       6.4267355567681665       0.2486908948547553       2.9213662358950110       0.4923176902709527
      -4.29      			   38.5354548096944569       1.2618899339355647       0.7814201284658605      30.4404230500147897       0.0020865185580060       4.6474537623114252       1.4021814164088069
      -4.1999999999999993      78.8890478976640708       1.6883193641953738       3.1927260009442424      60.2425918666971896       0.0046503280754414       9.6207931386721448       4.1399671990796980
      -4.0999999999999979     139.2817598480327490       2.1330605324672613       7.2680652635502367     101.6258707816324147       0.0168959551386180      19.0875588998781147       9.1503084153661316
      -4.0000000000000000     178.3198921564868726       2.1416798115747642      10.6376707120157370     121.1875490668531938       0.0584682344114887      29.9239203541322567      14.3706039774994387
      -3.8999999999999986     174.6947363399010555       1.6608714576133203      11.5698006586325750     109.0201812084599595       0.1088176354235620      35.5321585172706733      16.8029068625009579
      -3.7999999999999972     125.9569887062281168       0.9724508117155074       9.1344527064278616      71.6367965868554251       0.1060986215494518      30.6278910845451477      13.4792988951347059
      -3.6999999999999993      97.2141800593712446       0.8605634274987226       7.0040090241456134      49.7191849707038145       0.1110630115248777      28.5008763681079671      11.0184832573902387
      -3.5999999999999979     166.0510233763867234       2.4092131337632252       9.2560070117960063      88.6286140432900993       0.2511635962860858      47.4522745988455981      18.0537509924057424
      -3.5000000000000000     263.7424180101485831       4.3121003174627024      13.2389282213835422     146.1543715817698796       0.4317770544249034      72.3921142921793006      27.2131265429282436
      -3.3999999999999986     249.1726519483962932       3.7870685849717969      13.4082245854870923     136.3411878032596576       0.4174034264829656      70.3685499798268381      24.8502175683679631
      -3.2999999999999972     168.1210106569580205       1.8503752266316982      10.7652533507970727      84.9971376865507438       0.3287127267633822      53.0868735610951390      17.0926581051199626
      -3.1999999999999993     122.6339998469349837       0.6392665538893829       7.9899963370905658      54.1592781487510351       0.5558245684662084      45.7897461218465054      13.4998881168912828
      -3.0999999999999979     115.8384223543410485       0.2124288290514211       5.0353207816942653      47.5576873522805954       1.3754575785336254      47.4353506322697456      14.2221771805114034
      -3.0000000000000000     122.3034995619327532       0.0805819185594373       2.6385186799961664      50.6549643132166736       2.4851795549046973      48.2370981718108496      18.2071569234448880
      -2.8999999999999986     149.8836419237117354       0.0365666827093150       1.6943700943270719      62.4792189942203535       3.4629798053437835      53.8362184292056298      28.3742879179055514
      -2.7999999999999972     180.8523268237262869       0.0182211781894081       1.5050122139196609      74.5767035640653688       3.9921029648916195      62.0087169710705695      38.7515699315896285
      -2.6999999999999993     170.6245701042622045       0.0086915566283482       1.3660886466532327      69.6081761376291581       3.6307874717806001      58.8669762610824492      37.1438500304883732
      -2.5999999999999979     135.6190035118457615       0.0035528206154397       1.0958544331035431      54.3319582821627023       2.8204916982151200      48.6988289507734393      28.6683173269754619
      -2.5000000000000000     107.5997468230143141       0.0011038224721867       0.6791597065725399      41.2445784050693263       2.2017207762475084      41.0357815214150108      22.4374025912377704
      -2.3999999999999986      90.6450687777094828       0.0002500622353500       0.3014351861895940      32.7286649033282089       1.8157261572186179      36.7516933924282725      19.0472990763094394
      -2.2999999999999972      82.3586450570505093       0.0000724444592700       0.1398982490819682      28.6360414568248167       1.5700637748944677      34.7802622456821808      17.2323068861077928
      -2.1999999999999993      79.1460728393387001       0.0000525916024574       0.1006952897033544      27.1088963493456347       1.4124184883823556      34.2195756396815653      16.3044344806233248
      -2.0999999999999979      78.1911958645111724       0.0000511297506847       0.0852460210727665      26.5981547838215633       1.3271536058442592      34.3053909216698969      15.8751994023519867
      -2.0000000000000000      74.1686075916190077       0.0000483191271002       0.0741839141959697      25.1432167877723245       1.3295550778954279      32.6792257210881658      14.9423777715400163
      -1.8999999999999986      59.4114666376335165       0.0000377457632997       0.0711520661036953      20.0885258336017891       1.4446179922451083      25.7889118123029562      12.0182211876166445
      -1.7999999999999972      41.9362938652182038       0.0000251076781238       0.0810949485494250      14.1188600899964971       1.6665421501244364      17.3372967858905689       8.7324747829791427
      -1.6999999999999993      35.2056020514827637       0.0000201280753547       0.1019547578873350      11.7886080584707820       1.9588997326384552      13.6119485177423538       7.7441708566684717
      -1.5999999999999979      36.0534548849578798       0.0000205891580103       0.1296380454004911      12.0133277255761026       2.3055513660509925      13.2358813719942034       8.3690357867780811
      -1.5000000000000000      39.0441622459253068       0.0000225608990802       0.1636516164474277      12.9376259271164695       2.7282320965527407      13.6910374994090844       9.5235925455005077
      -1.3999999999999986      43.5575342494997173       0.0000254993894734       0.2070311090893540      14.3285115493127861       3.3001935768182236      14.5549373346329300      11.1668351802569461
      -1.2999999999999972      50.6330218629336031       0.0000304058538959       0.2640568650858891      16.5053385372598242       4.1418316911508022      16.0755969108882795      13.6461674526949075
      -1.1999999999999993      58.0328148294535353       0.0000530395979167       0.3165899501150988      18.8093914707337504       5.0313169625024488      17.6387628867543107      16.2367005197500163
      -1.0999999999999979      58.8519953500579547       0.0003704536877834       0.3195128352111679      18.9690828022725917       5.1986427610340282      17.2236454423767036      17.1407410554756723
      -1.0000000000000000      56.7745344646852388       0.0027896207219382       0.2883106759936629      17.0744073095931341       4.6587788543134510      14.9583806364171217      19.7918673676459420
      -0.8999999999999986      61.6037585411312492       0.0116241215582553       0.2774876682356449      15.3171464832436914       4.1163080721861265      12.8362943096276556      29.0448978862798555
      -0.7999999999999972      68.1864860599576446       0.0299422059448728       0.2860747227261415      14.2044268403266809       3.7259263527824507      11.3549191176029147      38.5851968205745877
      -0.6999999999999993      69.9949398753040271       0.0575297313723202       0.2918729160223631      13.3427793876073739       3.3819895350137741      10.1984137894214779      42.7223545158667122
      -0.5999999999999979      69.6665607758430667       0.0943568191754367       0.2903631362959335      12.5884328519384301       3.0591712735338237       9.2240216633516141      44.4102150315478283
      -0.5000000000000000      69.6987815296232327       0.1412534507194378       0.2828189489160648      11.9510335678307289       2.7620982012995654       8.4122267205427974      46.1493506403146370
      -0.3999999999999986      70.7109217706503586       0.1998723226722922       0.2699347627272015      11.4448133402741625       2.4926135479990563       7.7551857347119171      48.5485020622657473
      -0.2999999999999972      73.2650186430389425       0.2741415022175648       0.2532488988370714      11.0734778976601245       2.2458398421046430       7.2412352980533274      52.1770752041662220
      -0.1999999999999993      76.7245448221736268       0.3555261616465659       0.2419672419348166      10.8142208358162542       2.0233727801335104       6.8672213836593263      56.4222364189831396
      -0.0999999999999979      77.0336859462482835       0.3985294670400926       0.2931961790787904      10.4310334039303765       1.8464201765832964       6.5969666773102311      57.4675400423055009
       0.0000000000000000      76.3319501549021311       0.3981279921555733       0.5222610110705125       9.7492308155797147       1.7421025414467104       6.4645393954620349      57.4556883991876006
       0.1000000000000014      80.9201120438259096       0.4172631411668256       0.8480649140350238       8.9811447739612920       1.6705124585057494       6.5222774982360301      62.4808492579210153
       0.2000000000000028      86.5917917319160750       0.4667203454337516       1.0447032859602272       8.2190446396261034       1.5554297150037055       6.6189373309589774      68.6869564149333200
       0.3000000000000007      90.7611580231623805       0.5392623102031306       1.1980769606296273       7.2278631113581930       1.3570293028901652       6.5720633244330333      73.8668630136482278
       0.4000000000000021      96.5566363792362097       0.6668156951646826       1.9663932705380991       5.6031320685947481       1.0114983262277293       6.2349755749436868      81.0738214437672298
       0.5000000000000000     112.3071755701667058       0.9732856000892564       4.8669136518057661       3.8465653439712262       0.6460483658305776       6.0827862512100310      95.8915763572598081
       0.6000000000000014     144.8690551919771110       1.7338432053812955       9.8950789694753709       2.9064544386183058       0.4880103362844444       6.8248966230682502     123.0207716191494427
       0.7000000000000028     177.2865714146531104       2.7473025742517301      13.4459296311076120       2.5207844355867683       0.4645825354736368       7.8517682706016503     150.2562039676317625
       0.8000000000000007     167.3334470378532330       2.6288376863377008      12.2489985855305346       2.1295650258370831       0.4016794476616748       7.3372013906911926     142.5871649017950347
       0.9000000000000021     122.3220586565116150       1.2876300772285607       8.5792002205529840       1.8015121001958725       0.3129448541294750       5.3210964303296375     105.0196749740750874
       1.0000000000000000      97.3123561505375818       0.3901382281670643       6.6826697397415966       1.7717867057048375       0.2776745605095070       4.0825383773464647      84.1075485390681479
       1.1000000000000014      97.8503170420084132       0.1930638336370856       6.4836204482518038       1.9605416452270157       0.2825238321121771       3.9833963086094379      84.9471709741708878
       1.2000000000000028     107.6309833105040497       0.1874614045582018       6.7852875588736037       2.2822835038578178       0.3067602347592611       4.3182874490899525      93.7509031593652225
       1.3000000000000007     124.1679288560922316       0.2017518657983552       7.3383736561731334       2.8715761150991099       0.3713217750583123       5.0244033662203273     108.3605020777430070
       1.4000000000000021     146.4533193696085220       0.2186073198820854       8.1303761361570359       3.8956744865552939       0.5055854966283783       6.0658856043333973     127.6371903260523624
       1.5000000000000000     163.1142300572469992       0.2371858407911168       8.8971804977123892       5.0569934971275563       0.6567256453248097       6.4690034933724565     141.7971410829186425
       1.6000000000000014     170.5221315354169178       0.2609922225859927       9.6159108772241186       5.9406784794751282       0.7102887771971895       5.5081454383583104     148.4861157405761674
       1.7000000000000028     184.2812768932250549       0.2913183598649764      10.8314602856872018       6.8954540257207144       0.7120956849975585       4.4256366162175080     161.1253119207370617
       1.8000000000000007     207.1418448170887530       0.3247615088168366      12.0033450135963395       8.0769125394018246       0.9184901374085361       4.6244906156547962     181.1938450022104803
       1.9000000000000021     230.0826823709409439       0.3714144848681807      12.1400085097522794       9.7404736160783916       1.4098940804168134       6.0643202492043375     200.3565714306209316
       2.0000000000000000     238.8775381084222431       0.4292392269799937      10.5658229758644424      11.3097343240907868       1.7982558956227828       7.4772876598098090     207.2971980260544456
       2.1000000000000014     234.0380170083403186       0.4799288755878559       8.1540201909330055      11.8281252178072211       1.8147560969746277       7.7408353217762249     204.0203513052614426
       2.2000000000000028     225.3458468142396498       0.4779963687144194       6.3895209441546310      11.9499551708862040       1.5832054757012288       7.3850024682710487     197.5601663865120940
       2.3000000000000007     201.9516948839942074       0.4087869068789038       4.7386644797277455      11.7953238797929991       1.2836396769072029       6.9031861330547528     176.8220938076326547
       2.4000000000000021     174.7995984839862444       0.3320153090099476       3.3076154147765493      11.6988867867879538       1.0458032007455174       6.3620439286982426     152.0532338439680586
       2.5000000000000000     174.2195145072365108       0.3275296030806339       2.4784975848607678      12.3707850373814168       0.9526175994612611       6.2202448474283205     151.8698398350241234
       2.6000000000000014     206.9491962092710935       0.5193508011472682       2.1737557443700823      14.2845600046503787       1.0954128169659929       6.8135274645352961     182.0625893776021371
       2.7000000000000028     224.1662061344792392       0.8186540851974508       2.3216964030271505      16.8785432802526323       1.4311067691458856       7.7594774351849640     194.9567281616711227
       2.8000000000000007     217.3404989327379155       0.9084858287984828       2.8134697211959758      20.4068080305020132       1.7528716595786169       8.5963056555925874     182.8625580370701869
       2.9000000000000021     232.3750309078419889       0.8184415232423088       3.3974969394653916      25.9172331562641993       2.0096394512881255       9.5273154595635869     190.7049043780184263
       3.0000000000000000     260.3268024509334282       0.7121797930770664       3.6197612457038391      29.2169157896149585       1.9128694239423125      10.1089046383751562     214.7561715602201673
       3.1000000000000014     295.3095939369847542       0.8258397346335903       4.1923851118967344      31.7214743839418496       1.3429754920851737      10.0107206998698679     247.2161985145575045
       3.2000000000000028     307.4387536937935010       1.0853340282795212       5.3744485007458112      35.4553319516636449       0.7502786007783702       8.7277878896416770     256.0455727226844260
       3.3000000000000007     254.8528997353990349       1.0777607559621529       5.2798310910379964      31.5948918190750909       0.3786806506038733       6.6613054203945685     209.8604299983254293
       3.4000000000000021     209.8481918222217644       0.9973613168650226       4.4669724104782835      25.1465710670187512       0.3216959631459596       6.5423387176632053     172.3732523470505384
       3.5000000000000000     194.3583519735812501       1.0367718285538130       4.2743816662900969      22.5947705081646646       0.5008888279117940       8.0852624290714594     157.8662767135894001
       3.6000000000000014     198.8105573028965125       1.0951859570848514       4.8457444726423411      24.3188295487859456       0.9018895371813368      11.0362261406589326     156.6126816465430522
       3.7000000000000028     234.7282726334329936       1.0987726245710010       5.5236699170334527      31.3694289115806413       1.5539654887917194      15.9590858267664011     179.2233498646898511
       3.8000000000000007     259.7315697834973776       1.0893775722539845       5.2565123556506546      38.3027464508379509       1.8795548977008214      17.5595861251919345     195.6437923818620277
       3.9000000000000021     252.4392130272360646       1.0787351972035537       4.3353550823694302      39.1434366620439249       1.5266384987978634      13.5042175994193112     192.8508299874019940
       4.0000000000000000     240.2256574037722601       1.0115948727301380       3.5630918797813895      36.6667315971826255       1.1010830950481449       9.8030678207658699     188.0800881382640739
       4.1000000000000014     193.7188037033916999       0.8741504233045198       2.8534264617889558      30.3914319551197032       0.8572104476005210       7.6781624836316276     151.0644219319464128
       4.2000000000000028     123.0170393578949017       0.7302159975282302       2.2093141293181806      22.5693019798424395       0.7104327477481696       6.0935673498978726      90.7042071535600201
       4.3000000000000007      80.8202816919724825       0.6328400749925557       1.8383823330516944      17.7789545398751052       0.6095891587250009       5.0986482018788557      54.8618673834492796
       4.4000000000000021      65.9776889370888000       0.5695651569923941       1.6669419906231544      15.5480319529053919       0.5326770318596047       4.5105829768219516      43.1498898278863123
       4.5000000000000000      59.3822295916629344       0.5206708873881396       1.5766438564864238      14.2040279300242531       0.4697865994702147       4.0962775186493099      38.5148227996445840
       4.6000000000000014      54.8227848701900626       0.4808069648524698       1.5325749003646780      13.1851425584059960       0.4163549845580127       3.7683078553585636      35.4395976066503522
       4.7000000000000028      51.2565513539329558       0.4478159462544551       1.5287155755805180      12.3559066774399255       0.3701580215650881       3.4989286302239360      33.0550265028690191
       4.8000000000000007      48.3675214234601896       0.4202444077855457       1.5739842599242426      11.6555461799234941       0.3295837750221026       3.2748929940969731      31.1132698067078266
       4.9000000000000021      46.0823663502601022       0.3970280871474469       1.7693185935279041      11.0507917534114082       0.2935154995632659       3.0980586611581402      29.4736537554519558
       5.0000000000000000      45.1406507072097085       0.3807807231118046       2.8752096860697409      10.5392408182588078       0.2611371846438648       3.0310691008956656      28.0532131942298300
       5.1000000000000014      47.7361945738845819       0.3875033260071620       6.9010327694973022      10.1557761428942932       0.2317961563025146       3.2570858877102751      26.8030002914730439
       5.2000000000000028      53.1529858478179662       0.4494523608149975      13.4600986326403369       9.8055285939284893       0.2053173484343116       3.7674120354709566      25.4651768765288899
       5.3000000000000007      53.3144382081060400       0.5636244876831964      16.6791198853873048       9.0016575242166113       0.1814316100152926       3.9422623907190073      22.9463423100846171
       5.4000000000000021      43.8583460355598262       0.5910163474803057      13.6579666225687113       7.5199119154990353       0.1570971590683074       3.2968395773304517      18.6355144136130093
       5.5000000000000000      36.9702483277912748       0.4736705472769835      10.8965099282401745       6.7163806669565451       0.1325760521542082       2.5822858528628645      16.1688252803004922
       5.6000000000000014      42.1058042161187487       0.4789111518092534      13.4499831522406073       7.4104359678044442       0.1168662767360462       2.5908981250819165      18.0587095424464650
       5.7000000000000028      44.6286045322232354       0.6500290584063553      15.8510897009147609       7.3448731936256992       0.1087692241342566       2.7633926311122345      17.9104507240299320
       5.8000000000000007      37.4259388230515242       0.8326352556756755      15.1963762937638638       5.6545076524909437       0.1045371040555858       2.6748539654782411      12.9630285515872092
       5.9000000000000021      31.6356615616315615       1.0145253046010103      14.3353528127864340       4.3656875057515601       0.1047628604569863       2.6023927576231762       9.2129403204123932
       6.0000000000000000      30.2922183332889503       1.2230891681677887      14.1746915259238886       3.9680810018209351       0.1091475621948163       2.6501499162495028       8.1670591589320196
       6.1000000000000014      30.4185148684198943       1.4756025975859923      14.3200887163915223       3.8329742370786417       0.1175567504731863       2.7541111817574522       7.9181813851330967
       6.2000000000000028      30.8843172865324185       1.7842272946218352      14.5754474279267399       3.7334394891023619       0.1307855114836548       2.8905453619397021       7.7698722014581261
       6.3000000000000007      31.5412931171981619       2.1472315227210026      14.8779921560823905       3.6493857898232815       0.1495246382790528       3.0586798346864925       7.6584791756059420
       6.4000000000000021      32.4077063232325884       2.5802851213630653      15.2502245831533525       3.5720998283791112       0.1749483501010460       3.2668319688084293       7.5633164714275818
       6.5000000000000000      33.5079740041175640       3.0988334570837832      15.6768403226053010       3.5057862422404402       0.2083434245932268       3.5225778476433760       7.4955927099514348
       6.6000000000000014      35.1935063322369786       3.7131860876347753      16.1526120566486640       3.5456934190942468       0.2507022527497001       3.8541666434267579       7.6771458726828445
       6.7000000000000028      39.4625374136182003       4.4506051159114932      16.6765620531057230       4.2437218289842749       0.3038761432921087       4.3972249821597007       9.3905472901648963
       6.8000000000000007      50.5951605044448627       5.3360227739718544      17.2756913479171779       6.8033630607563049       0.3707513849842891       5.5610376812056996      15.2482942556095349
       6.9000000000000021      79.4155966063686378       6.4403943054075494      18.1367400848734057      14.3677480872536201       0.4627012225973297       9.2365553770605793      30.7714575291761498
       7.0000000000000000     161.7479370738970204       7.9513698594939646      19.7598798509042695      36.9308047297436417       0.6126839609564114      20.5610742916317832      75.9321243811669433
       7.1000000000000014     294.9372051103608783       9.9156529780933518      22.1110305088599794      72.3502076844519166       0.8192839552167747      36.7314083565925031     153.0096216271462879
       7.2000000000000028     340.9961812598789948      11.7068706271550944      23.4330604559540312      82.2156444386780549       0.9511070533227215      39.6467522336891278     183.0427464510800064
       7.3000000000000007     228.6568077963160306      12.8152266152461465      22.8511203579026692      49.9265719468136808       0.9380052062415134      26.1564448054956316     115.9694388646163645
       7.4000000000000021     104.0995252785002094      13.8715887175410142      22.1944788922559155      15.6661771819263311       0.9097662317756979      14.0018372341523136      37.4556770208489596
       7.5000000000000000      61.6011240882995139      15.5228112672502903      22.7215856735694217       3.3748489886982207       0.9369756238612389      10.7702481956878806       8.2746543392324661
       7.6000000000000014      60.5353221017274237      17.6659716734391097      24.0613285029391548       1.7752488822596202       0.9829121288126470      11.6094651437027743       4.4403957705741144
       7.7000000000000028      67.7155587768599645      20.3155715988971082      25.9907355632795039       1.9738822980331414       1.0828911031154218      13.4305932456113979       4.9218849679233907
       7.8000000000000007      79.1690280212087600      24.0884951790375155      28.9815966972368422       2.4694047645609425       1.4750319863763242      16.1481288308036710       6.0063705631934612
       7.9000000000000021      98.1622472537184478      29.4718498303484324      34.6148393709933444       3.3999422036096800       2.2284202006873288      20.5995099798964105       7.8476856681832654
       8.0000000000000000     126.4482045048850694      35.8357101850358362      44.6792158311609029       4.9914467724252392       2.7325935567112727      27.3527583085727493      10.8564798509790599
       8.1000000000000014     148.5659353337485982      42.1784463559935503      51.6306887813206430       6.1344058487221416       2.6952886332636372      32.6255969135661985      13.3015088008824147
       8.2000000000000028     137.6621184337520276      45.9134534039031976      42.6625423598864941       4.9403429829006384       2.4518617342128772      29.7218383207109262      11.9720796321378753
       8.3000000000000043     104.5370471219214608      41.6116707400928334      28.1566516171646981       2.7755036850191233       2.2270064555351499      21.3949442079883774       8.3712704161212663
       8.3999999999999986      74.6370338043102066      29.9401497531769287      21.8526571006575665       1.5023155262083445       2.0682055293583406      13.8554898948475724       5.4182160000614443
       8.5000000000000000      70.5093445047055383      27.0624039245998738      23.3630350869170833       1.1866215479863458       1.9478965546400793      11.9945869725844219       4.9548004179777250
       8.6000000000000014     106.3575094162940644      46.0160604659144497      30.5102299306743276       1.5050580049225801       1.8584621827375702      18.4199829986893242       8.0477158333558005
       8.7000000000000028     148.9507337035730359      68.2693500275608045      38.8078512031256935       1.8816954762798643       1.8213987369383551      26.5459508060482250      11.6244874536200786
       8.8000000000000043     127.1099308930287464      52.5239745602717960      39.0017691608517296       1.6221425189559495       1.7311664489053264      22.7665022322301418       9.4643759718138014
       8.8999999999999986      72.3601672797955757      20.3014522220799343      32.0492907700422833       1.0362308660944466       1.5809451094772011      12.7792484049940658       4.6129999071076506
       9.0000000000000000      39.6226569613320478       5.4408798288144373      23.2083963774365998       0.6367905074502488       1.4514561611544683       6.8711869967601800       2.0139470897161171
       9.1000000000000014      21.0978950649699541       1.8236673608623808      12.9835112100244690       0.3829698515344321       1.4388618021125292       3.6123767046892987       0.8565081357468414
       9.2000000000000028      10.3342124550710004       1.0272919343536944       5.6479065026408772       0.2344220900089550       1.4057740926591431       1.7356315998558050       0.2831862355525287
       9.3000000000000043       7.1872279674120678       0.8339256032070737       3.4639451384273583       0.1930441665818975       1.3927080149833746       1.1820727199419667       0.1215323242703986
       9.3999999999999986       6.8315751377615159       0.7556952319825295       3.2865155020224810       0.1893953253857193       1.3816142876071560       1.1146796304430713       0.1036751603205581
       9.5000000000000000       6.6444757679651216       0.6623674784417505       3.2892988402298973       0.1848373220366878       1.3261053749434908       1.0790832982392125       0.1027834540740799
       9.6000000000000014       6.9792317210759744       0.6278421671873403       3.5434016766690455       0.1940010006228354       1.3734809441103748       1.1295907288198386       0.1109152036665356
       9.7000000000000028       6.7183180733219139       0.5564337992445679       3.4735884278296956       0.1873226529891051       1.3056554966030964       1.0848347659100099       0.1104829307454366
       9.8000000000000043       6.8798087357488242       0.5106802361903325       3.6332421772939996       0.1913756501022468       1.3184206436201698       1.1085314376381867       0.1175585909038886
       9.8999999999999986       7.1656799123415560       0.4912319427309261       3.8357217273987572       0.1991757419540007       1.3594647622596965       1.1535334500437211       0.1265522879544534
      10.0000000000000000       6.7596563168214647       0.4306950708413002       3.6592771049263888       0.1885156914507060       1.2684934364648941       1.0879304761570705       0.1247445369811046
      10.1000000000000014       7.2615564225338849       0.4172353923532504       3.9870310523030823       0.2011277879778472       1.3484535553500190       1.1687032742393004       0.1390053603103854
      10.2000000000000028       7.3609501442868099       0.4006164133365411       4.0673781092693426       0.2041428813470232       1.3571046236799142       1.1858316765584371       0.1458764400955522
      10.3000000000000043       6.9519542147105566       0.3569175578883844       3.8648654946053016       0.1933369371247393       1.2705740062787503       1.1220136775347869       0.1442465412785940
      10.3999999999999986       7.6939549730409622       0.3590067449526272       4.3191413464110147       0.2116801360799750       1.3960465151681654       1.2436246880402417       0.1644555423889379
      10.5000000000000000       7.6490832865036564       0.3475220538886014       4.3004552577890793       0.2112423844689488       1.3809701545818927       1.2396251134792515       0.1692683222958795
      10.6000000000000014       7.2751228715578771       0.3171682346996660       4.1025789818557392       0.2004577603170307       1.2990395340773542       1.1867008295939896       0.1691775310140962
      10.7000000000000028       8.8077772850082887       0.3269586218728900       5.0778862217312772       0.2230770163460201       1.4613423780338026       1.4935457515000792       0.2249672955242215
      10.8000000000000043      12.6322374625633156       0.3231192191389856       7.7345725544340773       0.2214924317498531       1.4491704427468770       2.4777209778059190       0.4261618366876065
      10.8999999999999986      22.5584773867346371       0.3007178138824480      14.6610918852296166       0.2084805891712234       1.4059728311456481       5.0383845276602832       0.9438297396454175
      11.0000000000000000      35.3257935516203077       0.3141536506821510      23.3494126691947343       0.2344504359488060       1.7206485538102319       8.1519829547936133       1.5551452871907663
      11.1000000000000014      42.0119853001241594       0.3187971624986285      27.8650020610061340       0.2347449607334458       1.8993201966540907       9.8063122926899382       1.8878086265419214
      11.2000000000000028      45.7455137104984004       0.3009463081265369      30.3628482050035728       0.2186198226774945       2.0344454610088385      10.7478357685263965       2.0808181451555625
      11.3000000000000043      52.6396700920060994       0.3161695348114045      34.8067499709245851       0.2478763925987613       2.5991803753367058      12.2993158889763574       2.3703779293582747
      11.3999999999999986      61.4713759622156886       0.3259256145125799      40.6059273491614832       0.2494717063029644       3.0846005213230807      14.4331741889733802       2.7722765819422035
      11.5000000000000000      70.2719065868570425       0.3110751860248019      46.4280688618955679       0.2291995005827752       3.5169613686651555      16.6047148310578834       3.1818868386308501
      11.6000000000000014      72.3297041565768524       0.3417133385520068      47.4883595077268623       0.2696302651088744       4.1648627531126410      16.8394331489741020       3.2257051431023425
      11.7000000000000028      63.0835392650218978       0.3677070245936893      41.0647098438907747       0.2785267732088890       4.2198958122784544      14.3660335475093213       2.7866662635407744
      11.8000000000000043      53.1190704030912144       0.3518483410220811      34.3270584579175804       0.2511878609741659       4.0015569904382522      11.8415266659749676       2.3458920867641684
      11.8999999999999986      49.8692910504123645       0.3885828571376048      31.8561327495644164       0.2957891511515317       4.4130523130995529      10.7562488747274596       2.1594851047317967
      12.0000000000000000      46.4946166426721490       0.4090283101833642      29.4553694724402746       0.3006018923518718       4.5206314554226648       9.8032926280086325       2.0056928842653425
      12.1000000000000014      42.8921260221119169       0.4017802330641516      27.0087455515718027       0.2782336157672547       4.4542270190312836       8.8869222425052801       1.8622173601721448
      12.2000000000000028      43.4242969744811163       0.4618320417534151      27.0194231625355421       0.3364806862379932       5.0272015664286345       8.7292876699677429       1.8500718475577911
      12.3000000000000043      41.5444902263485503       0.4662627462010216      25.6836947182043716       0.3306853493178236       5.1093913735304062       8.1801709218428353       1.7742851172520913
      12.3999999999999986      39.8934192251928579       0.4908603892660560      24.4589067784673126       0.3262959994206075       5.1970031289245160       7.7027859799632346       1.7175669491511281
      12.5000000000000000      40.9058499594896219       0.5392673096106644      24.8319606868927067       0.3722393125018574       5.7283106375726183       7.6952000768013820       1.7388719361103893
      12.6000000000000014      39.9938557170524192       0.5602620046559798      24.0887844724621942       0.3755448769757784       5.9006545202403746       7.3609868654055841       1.7076229773125042
      12.7000000000000028      39.4190724776041606       0.6117613025015260      23.4940491871523314       0.3884349774453539       6.1276012794036054       7.1021837642289523       1.6950419668723917
      12.8000000000000043      40.5437391269918024       0.6625572879082234      23.9319622912997936       0.4293572868134823       6.6507442781021275       7.1393599440963644       1.7297580387718166
      12.8999999999999986      40.6970846117403795       0.7206859358971606      23.7682357422790567       0.4533816056583180       6.9984660469617657       7.0131913282871903       1.7431239526569000
      13.0000000000000000      40.8345540063747023       0.7998875361685297      23.5441946550251444       0.4798684995790185       7.3520354605434930       6.8959183382574887       1.7626495168010285
      13.1000000000000014      42.8406684515868719       0.9103525327395460      24.3706970699633914       0.5443934522907712       8.0582248836393049       7.1172155914813269       1.8397849214725350
      13.2000000000000028      44.6425441960391822       1.0728772136967828      24.9473214614587384       0.6165546584590819       8.7558207670089239       7.3247028123716449       1.9252672830440167
      13.3000000000000043      47.4130735977345239       1.3306466547316462      25.8701027444850169       0.7255535381068546       9.6803836681814275       7.7472629100930801       2.0591240821364942
      13.3999999999999986      50.9879791932723592       1.5390947242842961      27.3743117438758254       0.8340236911206295      10.7559435129468515       8.2809553274071295       2.2036501936376163
      13.5000000000000000      49.9553457071638789       1.4129217322029235      26.8962262684791824       0.7827499155208549      10.8947061937040690       7.8159402183566371       2.1528013789002092
      13.6000000000000014      46.4763313300562544       1.0876574309900988      25.4258471327980367       0.6389702482943888      10.5415753037034712       6.7890276697219560       1.9932535445482831
      13.7000000000000028      44.6168702449458863       0.8382821424452961      24.7585930817989492       0.5393382047774602      10.5227581211763983       6.0687667237048109       1.8891319710429733
      13.8000000000000043      41.5867434867902688       0.6823737589978067      23.1960359930744495       0.4642506306394331      10.1679505745858183       5.3328584070825018       1.7432741224102628
      13.8999999999999986      34.7431951880307324       0.5746657079799438      19.2740931126517481       0.4105100012199298       8.5262652858464918       4.5510148344361836       1.4066462458964371
      14.0000000000000000      25.0660302587728623       0.4928304147533245      13.6415702696475751       0.3779891062588436       5.7743543205948447       3.8577605966155915       0.9215255509026806