   1.0000000000000000E+00   0.0000000000000000E+00   1.2658368176808458E+31
   2.0000000000000000E+00   0.0000000000000000E+00   1.5407758632625906E+13
   3.0000000000000000E+00   8.2155805257776975E-03   1.5407758632625905E+03
   4.0000000000000000E+00   7.5925009679986138E-03   1.6672198304829735E+03
   5.0000000000000000E+00   6.9257619775655822E-03   1.8277220929353828E+03
   6.0000000000000000E+00   6.3331182448443761E-03   1.9987575926145553E+03
   7.0000000000000000E+00   5.8249737829939065E-03   2.1731201973414445E+03
   8.0000000000000000E+00   5.3909765252523993E-03   2.3480659055950550E+03
   8.3190000000000008E+00   5.2702752080960053E-03   2.4037907685921723E+03
   8.3209999999999997E+00   5.2695240442023027E-03   2.4041398506474529E+03
   9.0000000000000000E+00   5.0183256130660100E-03   2.5224286251674025E+03
   1.0000000000000000E+01   4.6957758306068083E-03   2.6956926040425337E+03
   1.0359000000000002E+01   4.5917813928221043E-03   2.7574953662273001E+03
   1.0361000000000001E+01   4.5912115845114414E-03   2.7578394368581244E+03
   1.1000000000000000E+01   4.4142145465887392E-03   2.8676377287983705E+03
   1.2000000000000000E+01   4.1664217789895448E-03   3.0381869259233786E+03
   1.3000000000000000E+01   3.9466937947481451E-03   3.2073347553977751E+03
   1.4000000000000000E+01   3.7505032635187022E-03   3.3751118949653828E+03
   1.5000000000000000E+01   3.5742283842483957E-03   3.5415666868389890E+03
   1.6000000000000000E+01   3.4149457591538404E-03   3.7067552662812918E+03
   1.7000000000000000E+01   3.2702740568302234E-03   3.8707362003409071E+03
   1.8000000000000000E+01   3.1382561295609330E-03   4.0335675783669922E+03
   1.9000000000000000E+01   3.0172697244628408E-03   4.1953054691065136E+03
   2.0000000000000000E+01   2.9059593701249403E-03   4.3560031523304542E+03
   2.0198999999999998E+01   2.8850997483478007E-03   4.3878155514319751E+03
   2.0201000000000001E+01   2.8848911657269822E-03   4.3881351950462085E+03
   2.1000000000000000E+01   2.8031839852695659E-03   4.5157107929150707E+03
   2.2000000000000000E+01   2.7079762289796963E-03   4.6744753670078726E+03
   2.3000000000000000E+01   2.6195106855654545E-03   4.8323407293434993E+03
   2.4000000000000000E+01   2.5370787515594630E-03   4.9893477563626111E+03
   2.5000000000000000E+01   2.4600686501491317E-03   5.1455345264617308E+03
   2.6000000000000000E+01   2.3879494014038692E-03   5.3009365145537167E+03
   2.7000000000000000E+01   2.3202578695046897E-03   5.4555867876490247E+03
   2.8000000000000000E+01   2.2565882224351692E-03   5.6095161939418149E+03
   2.9000000000000000E+01   2.1965832975303842E-03   5.7627535413932374E+03
   3.0000000000000000E+01   2.1399274836212514E-03   5.9153257639308304E+03
   3.1000000000000000E+01   2.0863408183803512E-03   6.0672580746588110E+03
   3.2000000000000000E+01   2.0355740657879207E-03   6.2185741062233046E+03
   3.3000000000000000E+01   1.9874045890628700E-03   6.3692960388993151E+03
   3.4000000000000000E+01   1.9416328730326661E-03   6.5194447171864986E+03
   3.5000000000000000E+01   1.8980795797183137E-03   6.6690397557972983E+03
   3.6000000000000000E+01   1.8565830440610319E-03   6.8180996359419178E+03
   3.7000000000000000E+01   1.8169971348183369E-03   6.9666417927918419E+03
   3.8000000000000000E+01   1.7791894198996099E-03   7.1146826949559436E+03
   3.9000000000000000E+01   1.7430310841309380E-03   7.2622733421417015E+03
   4.0000000000000000E+01   1.7084380768463811E-03   7.4093222039247912E+03
   4.1000000000000000E+01   1.6752849023762540E-03   7.5559495336307309E+03
   4.1999000000000002E+01   1.6435201454557975E-03   7.7019871674585092E+03
   4.2000999999999998E+01   1.6434578364120838E-03   7.7022791004483115E+03
   4.3000000000000000E+01   1.6129654082973608E-03   7.8478857089505591E+03
   4.4000000000000000E+01   1.5836383270174592E-03   7.9932191339726924E+03
   4.4999000000000002E+01   1.5554645569361854E-03   8.1380000908856546E+03
   4.5000999999999998E+01   1.5554092217679350E-03   8.1382895426959540E+03
   4.6000000000000000E+01   1.5282949217011220E-03   8.2826737150435747E+03
   4.7000000000000000E+01   1.5021531299669382E-03   8.4268160976950912E+03
   4.8000000000000000E+01   1.4769555142520783E-03   8.5705818859538122E+03
   4.9000000000000000E+01   1.4526505005654014E-03   8.7139805286141182E+03
   5.0000000000000000E+01   1.4291828074683268E-03   8.8570672069807915E+03
   5.1000000000000000E+01   1.4065303421807128E-03   8.9997121264960933E+03
   5.2000000000000000E+01   1.3846294377367456E-03   9.1420620072178099E+03
   5.3000000000000000E+01   1.3634490475725515E-03   9.2840786381750640E+03
   5.4000000000000000E+01   1.3429532730467749E-03   9.4257696309047751E+03
   5.5000000000000000E+01   1.3231085930878431E-03   9.5671422912208800E+03
   5.6000000000000000E+01   1.3038836690017113E-03   9.7082036363719872E+03
   5.7000000000000000E+01   1.2852491682972954E-03   9.8489604109826651E+03
   5.8000000000000000E+01   1.2671776053949577E-03   9.9894191018811944E+03
   5.9000000000000000E+01   1.2496431973535969E-03   1.0129585951906454E+04
   6.0000000000000000E+01   1.2326217329841119E-03   1.0269466972777789E+04
   6.1000000000000000E+01   1.2160904539170829E-03   1.0409067957104076E+04
   6.2000000000000000E+01   1.2000279463654784E-03   1.0548394489600703E+04
   6.3000000000000000E+01   1.1844140424728765E-03   1.0687451957577023E+04
   6.4000000000000000E+01   1.1692297302676308E-03   1.0826245560751368E+04
   6.5000000000000000E+01   1.1544570713565012E-03   1.0964780320445108E+04
   6.6000000000000000E+01   1.1400791255897738E-03   1.1103061088203123E+04
   6.7000000000000000E+01   1.1260798820160239E-03   1.1241092553883609E+04
   6.7998999999999995E+01   1.1124577544111801E-03   1.1378741573735540E+04
   6.8001000000000005E+01   1.1124308341941447E-03   1.1379016905577138E+04
   6.9000000000000000E+01   1.0991577286034635E-03   1.1516425575146133E+04
   7.0000000000000000E+01   1.0862068978259700E-03   1.1653735768152486E+04
   7.1000000000000000E+01   1.0735788244756867E-03   1.1790813946978267E+04
   7.2000000000000000E+01   1.0612612890829494E-03   1.1927664098392519E+04
   7.3000000000000000E+01   1.0492426894311508E-03   1.2064290086854187E+04
   7.4000000000000000E+01   1.0375120017537881E-03   1.2200695659819861E+04
   7.5000000000000000E+01   1.0260587448381318E-03   1.2336884452756562E+04
   7.6000000000000000E+01   1.0148729467836263E-03   1.2472859993879865E+04
   7.7000000000000000E+01   1.0039451141879113E-03   1.2608625708635260E+04
   7.8000000000000000E+01   9.9326620355531716E-04   1.2744184923939665E+04
   7.9000000000000000E+01   9.8282759474232822E-04   1.2879540872198602E+04
   8.0000000000000000E+01   9.7262106627204440E-04   1.3014696695113413E+04
   8.1000000000000000E+01   9.6263877236535704E-04   1.3149655447291851E+04
   8.2000000000000000E+01   9.5287322155062683E-04   1.3284420099674206E+04
   8.3000000000000000E+01   9.4331725672623776E-04   1.3418993542786500E+04
   8.4000000000000000E+01   9.3396403656175006E-04   1.3553378589831318E+04
   8.5000000000000000E+01   9.2480701813354657E-04   1.3687577979626156E+04
   8.6000000000000000E+01   9.1583994070007382E-04   1.3821594379398133E+04
   8.7000000000000000E+01   9.0705681053000623E-04   1.3955430387443976E+04
   8.8000000000000000E+01   8.9845188670416699E-04   1.4089088535662986E+04
   8.9000000000000000E+01   8.9001966781879856E-04   1.4222571291970158E+04
   9.0000000000000000E+01   8.8175487952383777E-04   1.4355881062596658E+04
   9.1000000000000000E+01   8.7365246283542921E-04   1.4489020194283970E+04
   9.2000000000000000E+01   8.6570756316692527E-04   1.4621990976377412E+04
   9.3000000000000000E+01   8.5791552002714526E-04   1.4754795642824993E+04
   9.4000000000000000E+01   8.5027185733883804E-04   1.4887436374086683E+04
   9.5000000000000000E+01   8.4277227433406229E-04   1.5019915298958769E+04
   9.6000000000000000E+01   8.3541263698659260E-04   1.5152234496318270E+04
   9.7000000000000000E+01   8.2818896994462667E-04   1.5284395996791418E+04
   9.8000000000000000E+01   8.2109744892990780E-04   1.5416401784350239E+04
   9.9000000000000000E+01   8.1413439357197448E-04   1.5548253797841035E+04
   1.0000000000000000E+02   8.0729626064863591E-04   1.5679953932448390E+04
   1.1000000000000000E+02   7.4509243627778326E-04   1.6988990305746713E+04
   1.2000000000000000E+02   6.9229492758800183E-04   1.8284646719731132E+04
   1.3000000000000000E+02   6.4688223290577062E-04   1.9568273068727747E+04
   1.4000000000000000E+02   6.0737849608911271E-04   2.0840988375971847E+04
   1.5000000000000000E+02   5.7268008515334369E-04   2.2103733838446627E+04
   1.6000000000000000E+02   5.4194458330522393E-04   2.3357310999599471E+04
   1.6799900000000000E+02   5.1988120456123853E-04   2.4353387999653409E+04
   1.6800100000000000E+02   5.1987581380171389E-04   2.4353636926196596E+04
   1.6999900000000000E+02   5.1452007457138723E-04   2.4602285442139779E+04
   1.7000100000000000E+02   5.1451487654172331E-04   2.4602533671197831E+04
   1.8000000000000000E+02   4.8988194185493970E-04   2.5839630113487150E+04
   1.9000000000000000E+02   4.6762479897233830E-04   2.7069497179419795E+04
   2.0000000000000000E+02   4.4741112935215441E-04   2.8292474966229860E+04
   2.1000000000000000E+02   4.2896670807995185E-04   2.9508975727899990E+04
   2.2000000000000000E+02   4.1206473286328846E-04   3.0719368019801281E+04
   2.3000000000000000E+02   3.9651594013262589E-04   3.1923983112947524E+04
   2.3199900000000000E+02   3.9356704814914011E-04   3.2164028919373541E+04
   2.3200100000000000E+02   3.9356410966102950E-04   3.2164269067464225E+04
   2.3399900000000000E+02   3.9067409282192444E-04   3.2404162388640882E+04
   2.3400100000000000E+02   3.9067122272355833E-04   3.2404402322763141E+04
   2.3699900000000000E+02   3.8639389732140919E-04   3.2763821477272864E+04
   2.3700100000000000E+02   3.8639106032336326E-04   3.2764061089147322E+04
   2.4000000000000000E+02   3.8216110345789536E-04   3.3123120229327840E+04
   2.5000000000000000E+02   3.6886526847367744E-04   3.4317050854875408E+04
   2.6000000000000000E+02   3.5651327151534887E-04   3.5506022322828117E+04
   2.7000000000000000E+02   3.4500621952333931E-04   3.6690260814130437E+04
   2.8000000000000000E+02   3.3425869831159923E-04   3.7869973887734719E+04
   2.9000000000000000E+02   3.2419653875896031E-04   3.9045352628579232E+04
   3.0000000000000000E+02   3.1475501468114297E-04   4.0216573482178828E+04
   3.1000000000000000E+02   3.0587737783062386E-04   4.1383799830459800E+04
   3.2000000000000000E+02   2.9751365847031810E-04   4.2547183352495864E+04
   3.3000000000000000E+02   2.8961967684819128E-04   4.3706865205306960E+04
   3.4000000000000000E+02   2.8215622342193816E-04   4.4862977053244227E+04
   3.5000000000000000E+02   2.7508837506308166E-04   4.6015641969260672E+04
   3.6000000000000000E+02   2.6838492156153258E-04   4.7164975227217743E+04
   3.7000000000000000E+02   2.6201788215954097E-04   4.8311085001064392E+04
   3.8000000000000000E+02   2.5596209600144994E-04   4.9454072984059145E+04
   3.9000000000000000E+02   2.5019487360633476E-04   5.0594034939043449E+04
   3.9899900000000002E+02   2.4524018326429597E-04   5.1617381129191126E+04
   3.9900099999999998E+02   2.4523909408399891E-04   5.1617608292147735E+04
   4.0000000000000000E+02   2.4469569898356419E-04   5.1731061189018707E+04
   4.1000000000000000E+02   2.3944597398549574E-04   5.2865237055834688E+04
   4.1599900000000002E+02   2.3642215540792470E-04   5.3544312573125491E+04
   4.1600099999999998E+02   2.3642115437013948E-04   5.3544538796262204E+04
   4.2000000000000000E+02   2.3442879805239794E-04   5.3996643253612325E+04
   4.3000000000000000E+02   2.2962877774638198E-04   5.5125356242540489E+04
   4.4000000000000000E+02   2.2503186146462779E-04   5.6251448547867949E+04
   4.5000000000000000E+02   2.2062519552147605E-04   5.7374989048230767E+04
   4.6000000000000000E+02   2.1639699843540956E-04   5.8496043236878555E+04
   4.7000000000000000E+02   2.1233645078235148E-04   5.9614673458884856E+04
   4.8000000000000000E+02   2.0843359840582500E-04   6.0730939127013131E+04
   4.9000000000000000E+02   2.0467926712654136E-04   6.1844896918565384E+04
   5.0000000000000000E+02   2.0106498738404108E-04   6.2956600955245085E+04
   5.1000000000000000E+02   1.9758292748302183E-04   6.4066102967809224E+04
   5.1099899999999997E+02   1.9724463150338817E-04   6.4176829647948784E+04
   5.1100099999999992E+02   1.9724395489534985E-04   6.4177051300021405E+04
   5.2000000000000000E+02   1.9422583431633183E-04   6.5173452447072625E+04
   5.3000000000000000E+02   1.9098698060286608E-04   6.6278696782635554E+04
   5.4000000000000000E+02   1.8786011781773108E-04   6.7381881390546565E+04
   5.5000000000000000E+02   1.8483943410889467E-04   6.8483049830973963E+04
   5.6000000000000000E+02   1.8191951659302804E-04   6.9582243916833177E+04
   5.7000000000000000E+02   1.7909531750648797E-04   7.0679503814218348E+04
   5.8000000000000000E+02   1.7636212375801800E-04   7.1774868135386510E+04
   5.9000000000000000E+02   1.7371552948980190E-04   7.2868374024969249E+04
   6.0000000000000000E+02   1.7115141130476068E-04   7.3960057240009221E+04
   6.1000000000000000E+02   1.6866590586182107E-04   7.5049952224362292E+04
   6.2000000000000000E+02   1.6625538957850392E-04   7.6138092177946033E+04
   6.3000000000000000E+02   1.6391646021252218E-04   7.7224509121271534E+04
   6.4000000000000000E+02   1.6164592012198601E-04   7.8309233955647185E+04
   6.5000000000000000E+02   1.5944076102791040E-04   7.9392296519411306E+04
   6.6000000000000000E+02   1.5729815012362655E-04   8.0473725640509889E+04
   6.7000000000000000E+02   1.5521541739383070E-04   8.1553549185711163E+04
   6.8000000000000000E+02   1.5319004402180022E-04   8.2631794106717978E+04
   6.9000000000000000E+02   1.5121965177707403E-04   8.3708486483418543E+04
   7.0000000000000000E+02   1.4930199328794149E-04   8.4783651564488682E+04
   7.1000000000000000E+02   1.4743494311361265E-04   8.5857313805547310E+04
   7.2000000000000000E+02   1.4561648954020522E-04   8.6929496905042775E+04
   7.3000000000000000E+02   1.4384472703281041E-04   8.8000223838035687E+04
   7.4000000000000000E+02   1.4211784928306787E-04   8.9069516888028200E+04
   7.5000000000000000E+02   1.4043414279799407E-04   9.0137397676979075E+04
   7.6000000000000000E+02   1.3879198098140657E-04   9.1203887193628674E+04
   7.7000000000000000E+02   1.3718981866422180E-04   9.2269005820252467E+04
   7.8000000000000000E+02   1.3562618704430134E-04   9.3332773357948143E+04
   7.9000000000000000E+02   1.3409968900041379E-04   9.4395209050554928E+04
   8.0000000000000000E+02   1.3260899474834767E-04   9.5456331607296088E+04
   8.1000000000000000E+02   1.3115283781030363E-04   9.6516159224226809E+04
   8.2000000000000000E+02   1.2973001127144628E-04   9.7574709604566116E+04
   8.3000000000000000E+02   1.2833936429996557E-04   9.8631999977982254E+04
   8.4000000000000000E+02   1.2697979890919874E-04   9.9688047118898481E+04
   8.5000000000000000E+02   1.2565026694234149E-04   1.0074286736388029E+05
   8.6000000000000000E+02   1.2434976726205104E-04   1.0179647662815955E+05
   8.7000000000000000E+02   1.2307734312883725E-04   1.0284889042134823E+05
   8.8000000000000000E+02   1.2183207975356751E-04   1.0390012386239177E+05
   8.9000000000000000E+02   1.2061310201070998E-04   1.0495019169380491E+05
   9.0000000000000000E+02   1.1941957230009641E-04   1.0599910829523414E+05
   9.1000000000000000E+02   1.1825068854604417E-04   1.0704688769638387E+05
   9.2000000000000000E+02   1.1710568232362159E-04   1.0809354358934570E+05
   9.3000000000000000E+02   1.1598381710270791E-04   1.0913908934036041E+05
   9.4000000000000000E+02   1.1488438660127179E-04   1.1018353800104924E+05
   9.5000000000000000E+02   1.1380671324000489E-04   1.1122690231914050E+05
   9.6000000000000000E+02   1.1275014669108685E-04   1.1226919474872075E+05
   9.7000000000000000E+02   1.1171406251444111E-04   1.1331042746003557E+05
   9.8000000000000000E+02   1.1069786087537358E-04   1.1435061234886524E+05
   9.9000000000000000E+02   1.0970096533796721E-04   1.1538976104549768E+05
   1.0000000000000000E+03   1.0872282172905189E-04   1.1642788492331789E+05
   1.1000000000000000E+03   9.9864770041521017E-05   1.2675509262721434E+05
   1.2000000000000000E+03   9.2403120881108782E-05   1.3699069962253168E+05
   1.3000000000000000E+03   8.6027739327350800E-05   1.4714286665887065E+05
   1.4000000000000000E+03   8.0514551311472123E-05   1.5721839059674213E+05
   1.5000000000000000E+03   7.5697523935895541E-05   1.6722301494997650E+05
   1.6000000000000000E+03   7.1450948454495310E-05   1.7716165356251562E+05
   1.7000000000000000E+03   6.7677854610662385E-05   1.8703855566388156E+05
   1.8000000000000000E+03   6.4302211818044464E-05   1.9685743023315840E+05
   1.9000000000000000E+03   6.1263545367964479E-05   2.0662154142041688E+05
   2.0000000000000000E+03   5.8513136528331392E-05   2.1633378293914263E+05
   2.1000000000000000E+03   5.6011287379655544E-05   2.2599673688996909E+05
   2.2000000000000000E+03   5.3725317250979181E-05   2.3561272086444037E+05
   2.3000000000000000E+03   5.1628071796135268E-05   2.4518382609354061E+05
   2.4000000000000000E+03   4.9696797670257354E-05   2.5471194866111598E+05
   2.4759989999999998E+03   4.8335611824148558E-05   2.6192210654270873E+05
   2.4760010000000002E+03   4.8335576421326520E-05   2.6192229626642718E+05
   2.5000000000000000E+03   4.7912282132468908E-05   2.6419881528102403E+05
   2.5269989999999998E+03   4.7458321883875733E-05   2.6675365422069211E+05
   2.5270010000000002E+03   4.7458288463384532E-05   2.6675384335902845E+05
   2.6000000000000000E+03   4.6258187425936909E-05   2.7364600476565427E+05
   2.6319989999999998E+03   4.5758865879969645E-05   2.7666123009972490E+05
   2.6320010000000002E+03   4.5758834890920061E-05   2.7666141842509893E+05
   2.7000000000000000E+03   4.4720530269013011E-05   2.8305496604496846E+05
   2.8000000000000000E+03   4.3287270775570701E-05   2.9242703339828592E+05
   2.8719989999999998E+03   4.2317573606351255E-05   2.9915297283384844E+05
   2.8720010000000002E+03   4.2317547060969606E-05   2.9915315939430072E+05
   2.9000000000000000E+03   4.1947984823348586E-05   3.0176343941467977E+05
   3.0000000000000000E+03   4.0693600717283369E-05   3.1106532608779945E+05
   3.1000000000000000E+03   3.9516185866243992E-05   3.2033375436726166E+05
   3.2000000000000000E+03   3.8408772710597143E-05   3.2956971242447343E+05
   3.3000000000000000E+03   3.7365215709678336E-05   3.3877412284093129E+05
   3.4000000000000000E+03   3.6380073097912245E-05   3.4794784888804663E+05
   3.5000000000000000E+03   3.5448508535771046E-05   3.5709170003682718E+05
   3.6000000000000000E+03   3.4566208849385635E-05   3.6620643681129190E+05
   3.7000000000000000E+03   3.3729314863871130E-05   3.7529277507997549E+05
   3.8000000000000000E+03   3.2934362956992959E-05   3.8435138986408443E+05
   3.9000000000000000E+03   3.2178235439746647E-05   3.9338291872812918E+05
   4.0000000000000000E+03   3.1458118243760272E-05   4.0238796480839257E+05
   4.1000000000000000E+03   3.0771121440057480E-05   4.1137168827165157E+05
   4.2000000000000000E+03   3.0115964326582436E-05   4.2032086502491002E+05
   4.3000000000000000E+03   2.9489516066709726E-05   4.2924977636707650E+05
   4.4000000000000000E+03   2.8890204883092926E-05   4.3815432351663132E+05
   4.5000000000000000E+03   2.8316281583137440E-05   4.4703497313526558E+05
   4.6000000000000000E+03   2.7766145163057086E-05   4.5589217021203373E+05
   4.7000000000000000E+03   2.7238327376028351E-05   4.6472633954567689E+05
   4.8000000000000000E+03   2.6731479194712687E-05   4.7353788709575793E+05
   4.9000000000000000E+03   2.6244358901750731E-05   4.8232720121671684E+05
   5.0000000000000000E+03   2.5775821583863862E-05   4.9109465378720779E+05
   5.1000000000000000E+03   2.5324809839908729E-05   4.9984060124552069E+05
   5.2000000000000000E+03   2.4890345542004573E-05   5.0856538554060599E+05
   5.3000000000000000E+03   2.4471522512802885E-05   5.1726933500708517E+05
   5.4000000000000000E+03   2.4067500001976785E-05   5.2595276517165336E+05
   5.5000000000000000E+03   2.3677496861781289E-05   5.3461597949742700E+05
   5.6000000000000000E+03   2.3300786335646150E-05   5.4325927007207298E+05
   5.7000000000000000E+03   2.2936691385674323E-05   5.5188291824489378E+05
   5.8000000000000000E+03   2.2584580495004102E-05   5.6048719521748903E+05
   5.9000000000000000E+03   2.2243863889557560E-05   5.6907236259213777E+05
   6.0000000000000000E+03   2.1913990130995942E-05   5.7763867288157647E+05
   6.1000000000000000E+03   2.1594443038933645E-05   5.8618636998352245E+05
   6.2000000000000000E+03   2.1284738905804030E-05   5.9471568962289288E+05
   6.3000000000000000E+03   2.0984423972353693E-05   6.0322685976443544E+05
   6.4000000000000000E+03   2.0693072135692754E-05   6.1172010099817358E+05
   6.5000000000000000E+03   2.0410282865235632E-05   6.2019562689986860E+05
   6.6000000000000000E+03   2.0135679304817549E-05   6.2865364436847635E+05
   6.7000000000000000E+03   1.9868906541829147E-05   6.3709435394239484E+05
   6.8000000000000000E+03   1.9609630026435693E-05   6.4551795009613887E+05
   6.9000000000000000E+03   1.9357534125884016E-05   6.5392462151892926E+05
   7.0000000000000000E+03   1.9112320800592155E-05   6.6231455137652706E+05
   7.1000000000000000E+03   1.8873708390194188E-05   6.7068791755758505E+05
   7.2000000000000000E+03   1.8641430499011595E-05   6.7904489290559723E+05
   7.3000000000000000E+03   1.8415234971559041E-05   6.8738564543750673E+05
   7.4000000000000000E+03   1.8194882949695189E-05   6.9571033854991209E+05
   7.5000000000000000E+03   1.7980148003912566E-05   7.0401913121371064E+05
   7.6000000000000000E+03   1.7770815332038938E-05   7.1231217815801245E+05
   7.7000000000000000E+03   1.7566681019313710E-05   7.2058963004401349E+05
   7.8000000000000000E+03   1.7367551354412740E-05   7.2885163362952881E+05
   7.9000000000000000E+03   1.7173242196537927E-05   7.3709833192478633E+05
   8.0000000000000000E+03   1.6983578389169543E-05   7.4532986434005701E+05
   8.1000000000000000E+03   1.6798393216508431E-05   7.5354636682564323E+05
   8.2000000000000000E+03   1.6617527899017455E-05   7.6174797200472374E+05
   8.3000000000000000E+03   1.6440831124813857E-05   7.6993480929947679E+05
   8.4000000000000000E+03   1.6268158613968264E-05   7.7810700505093788E+05
   8.5000000000000000E+03   1.6099372713041080E-05   7.8626468263292755E+05
   8.6000000000000000E+03   1.5934342017430382E-05   7.9440796256046393E+05
   8.7000000000000000E+03   1.5772941019327386E-05   8.0253696259293158E+05
   8.8000000000000000E+03   1.5615049779271476E-05   8.1065179783237551E+05
   8.9000000000000000E+03   1.5460553619476723E-05   8.1875258081714774E+05
   9.0000000000000000E+03   1.5309342837260519E-05   8.2683942161122651E+05
   9.1000000000000000E+03   1.5161312437051162E-05   8.3491242788942088E+05
   9.2000000000000000E+03   1.5016361879581148E-05   8.4297170501870860E+05
   9.3000000000000000E+03   1.4874394846991529E-05   8.5101735613591841E+05
   9.4000000000000000E+03   1.4735319022679717E-05   8.5904948222196358E+05
   9.5000000000000000E+03   1.4599045884820181E-05   8.6706818217280880E+05
   9.6000000000000000E+03   1.4465490512575464E-05   8.7507355286735727E+05
   9.7000000000000000E+03   1.4334571404095169E-05   8.8306568923240749E+05
   9.8000000000000000E+03   1.4206210305472880E-05   8.9104468430485507E+05
   9.9000000000000000E+03   1.4080332049897649E-05   8.9901062929126550E+05
   1.0000000000000000E+04   1.3956864406296660E-05   9.0696361362496426E+05
   1.1000000000000000E+04   1.2840717514371205E-05   9.8579913175734435E+05
   1.2000000000000000E+04   1.1903388069296098E-05   1.0634256484890867E+06
   1.3000000000000000E+04   1.1104706522774231E-05   1.1399101949113091E+06
   1.4000000000000000E+04   1.0415751235492863E-05   1.2153101481219735E+06
   1.5000000000000000E+04   9.8151587384903953E-06   1.2896753393471211E+06
   1.6000000000000000E+04   9.2867994865522704E-06   1.3630495839969823E+06
   1.7000000000000000E+04   8.8182631022856713E-06   1.4354718191077155E+06
   1.8000000000000000E+04   8.3998418405658093E-06   1.5069769665991471E+06
   1.9000000000000000E+04   8.0238307902663489E-06   1.5775966003874652E+06
   2.0000000000000000E+04   7.6840352126176588E-06   1.6473594701938173E+06
   2.0005999000000000E+04   7.6821229116881468E-06   1.6477750757996982E+06
   2.0006001000000000E+04   7.6821222742766094E-06   1.6477752143537630E+06
   2.1000000000000000E+04   7.3754167568789669E-06   1.7162919186908519E+06
   2.2000000000000000E+04   7.0938348698558581E-06   1.7844182179371300E+06
   2.3000000000000000E+04   6.8358547590086676E-06   1.8517608438252092E+06
   2.4000000000000000E+04   6.5986027204282882E-06   1.9183407022853554E+06
   2.5000000000000000E+04   6.3796557219299277E-06   1.9841773174836994E+06
   2.6000000000000000E+04   6.1769561248449094E-06   2.0492889897491841E+06
   2.7000000000000000E+04   5.9887451021211387E-06   2.1136929291455438E+06
   2.8000000000000000E+04   5.8135101325089501E-06   2.1774053692662027E+06
   2.9000000000000000E+04   5.6499432123170711E-06   2.2404416648317417E+06
   3.0000000000000000E+04   5.4969073127983727E-06   2.3028163759167190E+06
   3.1000000000000000E+04   5.3534092427100725E-06   2.3645433410580014E+06
   3.2000000000000000E+04   5.2185775310627205E-06   2.4256357410542653E+06
   3.3000000000000000E+04   5.0916442774364372E-06   2.4861061549220695E+06
   3.4000000000000000E+04   4.9719301624177674E-06   2.5459666092037200E+06
   3.5000000000000000E+04   4.8588319934058375E-06   2.6052286216086005E+06
   3.6000000000000000E+04   4.7518122984685459E-06   2.6639032397992876E+06
   3.7000000000000000E+04   4.6503905852320934E-06   2.7220010759970821E+06
   3.8000000000000000E+04   4.5541359616087427E-06   2.7795323379710666E+06
   3.9000000000000000E+04   4.4626608767340112E-06   2.8365068568850020E+06
   4.0000000000000000E+04   4.3756157883232864E-06   2.8929341124027446E+06
   4.1000000000000000E+04   4.2926846000893989E-06   2.9488232553924043E+06
   4.2000000000000000E+04   4.2135807423454696E-06   3.0041831285193888E+06
   4.3000000000000000E+04   4.1380437922844655E-06   3.0590222849768903E+06
   4.4000000000000000E+04   4.0658365490576622E-06   3.1133490055674487E+06
   4.5000000000000000E+04   3.9967424937117593E-06   3.1671713143201978E+06
   4.6000000000000000E+04   3.9305635760859350E-06   3.2204969928036868E+06
   4.7000000000000000E+04   3.8671182805264895E-06   3.2733335932732541E+06
   4.8000000000000000E+04   3.8062399302198244E-06   3.3256884507744089E+06
   4.9000000000000000E+04   3.7477751964421670E-06   3.3775686943083685E+06
   5.0000000000000000E+04   3.6915827843626874E-06   3.4289812571530333E+06
   5.1000000000000000E+04   3.6375322714413831E-06   3.4799328864215254E+06
   5.2000000000000000E+04   3.5855030781122320E-06   3.5304301519308956E+06
   5.3000000000000000E+04   3.5353835534771875E-06   3.5804794544451796E+06
   5.4000000000000000E+04   3.4870701612702282E-06   3.6300870333499163E+06
   5.5000000000000000E+04   3.4404667534735443E-06   3.6792589738088273E+06
   5.6000000000000000E+04   3.3954839207524643E-06   3.7280012134480295E+06
   5.7000000000000000E+04   3.3520384103811894E-06   3.7763195486083250E+06
   5.8000000000000000E+04   3.3100526036053130E-06   3.8242196402017749E+06
   5.9000000000000000E+04   3.2694540454681766E-06   3.8717070192053476E+06
   6.0000000000000000E+04   3.2301750210488941E-06   3.9187870918208216E+06
   6.1000000000000000E+04   3.1921521728454810E-06   3.9654651443276280E+06
   6.2000000000000000E+04   3.1553261547096039E-06   4.0117463476524358E+06
   6.3000000000000000E+04   3.1196413183169317E-06   4.0576357616771595E+06
   6.4000000000000000E+04   3.0850454286540316E-06   4.1031383393051536E+06
   6.5000000000000000E+04   3.0514894054318275E-06   4.1482589303032914E+06
   6.6000000000000000E+04   3.0189270877062202E-06   4.1930022849363619E+06
   6.7000000000000000E+04   2.9873150193083036E-06   4.2373730574083989E+06
   6.8000000000000000E+04   2.9566122529655750E-06   4.2813758091246895E+06
   6.9000000000000000E+04   2.9267376596930815E-06   4.3250778336367551E+06
   7.0000000000000000E+04   2.8977823226133536E-06   4.3682950503309583E+06
   7.1000000000000000E+04   2.8695425848505563E-06   4.4112843083901117E+06
   7.2000000000000000E+04   2.8421534591731000E-06   4.4537947576170992E+06
   7.3000000000000000E+04   2.8154590794643891E-06   4.4960227868829761E+06
   7.4000000000000000E+04   2.7894719598382612E-06   4.5379083780223457E+06
   7.5000000000000000E+04   2.7641644552435572E-06   4.5794555214671930E+06
   7.6000000000000000E+04   2.7395103489037486E-06   4.6206681357761156E+06
   7.7000000000000000E+04   2.7154847609598174E-06   4.6615500697320141E+06
   7.8000000000000000E+04   2.6920640640519012E-06   4.7021051043473296E+06
   7.9000000000000000E+04   2.6692258052315806E-06   4.7423369547823723E+06
   8.0000000000000000E+04   2.6469486336569661E-06   4.7822492721817326E+06
   8.1000000000000000E+04   2.6252122335762438E-06   4.8218456454335377E+06
   8.2000000000000000E+04   2.6039972621532067E-06   4.8611296028558202E+06
   8.3000000000000000E+04   2.5832852917308416E-06   4.9001046138141220E+06
   8.4000000000000000E+04   2.5630587561671403E-06   4.9387740902741095E+06
   8.5000000000000000E+04   2.5433009009114703E-06   4.9771413882926479E+06
   8.6000000000000000E+04   2.5239957365203218E-06   5.0152098094506990E+06
   8.7000000000000000E+04   2.5051279953386844E-06   5.0529826022311067E+06
   8.8000000000000000E+04   2.4866830910980403E-06   5.0904629633440450E+06
   8.9000000000000000E+04   2.4686470812039998E-06   5.1276540390029186E+06
   9.0000000000000000E+04   2.4510066315066713E-06   5.1645589261531970E+06
   9.1000000000000000E+04   2.4337489833648722E-06   5.2011806736564729E+06
   9.2000000000000000E+04   2.4168619228315223E-06   5.2375222834320217E+06
   9.3000000000000000E+04   2.4003337518022692E-06   5.2735867115579387E+06
   9.4000000000000000E+04   2.3841532609827613E-06   5.3093768693337310E+06
   9.5000000000000000E+04   2.3683097045419726E-06   5.3448956243062681E+06
   9.6000000000000000E+04   2.3527927763299958E-06   5.3801458012607545E+06
   9.7000000000000000E+04   2.3375925875486010E-06   5.4151301831783717E+06
   9.8000000000000000E+04   2.3226996457718970E-06   5.4498515121621499E+06
   9.9000000000000000E+04   2.3081048352227034E-06   5.4843124903323920E+06
   1.0000000000000000E+05   2.2937993982176164E-06   5.5185157806931902E+06
   1.1000000000000000E+05   2.1649577799767712E-06   5.8469353508336218E+06
   1.2000000000000000E+05   2.0575170811228700E-06   6.1522542354303468E+06
   1.3000000000000000E+05   1.9666232626506702E-06   6.4366004497206835E+06
   1.4000000000000000E+05   1.8887882414203486E-06   6.7018461356417080E+06
   1.5000000000000000E+05   1.8214401298440900E-06   6.9496482313102325E+06
   1.6000000000000000E+05   1.7626160873250174E-06   7.1815798504477860E+06
   1.7000000000000000E+05   1.7109001342315619E-06   7.3986598770675007E+06
   1.8000000000000000E+05   1.6650562549357832E-06   7.6023666703661373E+06
   1.9000000000000000E+05   1.6241872506467882E-06   7.7936630593348201E+06
   2.0000000000000000E+05   1.5875533409872514E-06   7.9735073146812199E+06
   2.1000000000000000E+05   1.5545537798720031E-06   8.1427663299308363E+06
   2.2000000000000000E+05   1.5246956457123350E-06   8.3022262262016842E+06
   2.3000000000000000E+05   1.4975706874687660E-06   8.4526014583017584E+06
   2.4000000000000000E+05   1.4728378980370922E-06   8.5945426809554230E+06
   2.5000000000000000E+05   1.4502102258062100E-06   8.7286435797757115E+06
   2.6000000000000000E+05   1.4294443203842303E-06   8.8554468308397811E+06
   2.7000000000000000E+05   1.4103325330322504E-06   8.9754493215813786E+06
   2.8000000000000000E+05   1.3926966132881840E-06   9.0891067415765487E+06
   2.9000000000000000E+05   1.3763826961122354E-06   9.1968376328499317E+06
   3.0000000000000000E+05   1.3612572811997964E-06   9.2990269742774274E+06
   3.1000000000000000E+05   1.3472039824841939E-06   9.3960293625816796E+06
   3.2000000000000000E+05   1.3341042969504152E-06   9.4882897879452165E+06
   3.3000000000000000E+05   1.3219183536114434E-06   9.5757564317237567E+06
   3.4000000000000000E+05   1.3105172825257802E-06   9.6590623760503102E+06
   3.5000000000000000E+05   1.2998475668991566E-06   9.7383481718595289E+06
   3.6000000000000000E+05   1.2898468814702164E-06   9.8138533795422073E+06
   3.7000000000000000E+05   1.2804596340740901E-06   9.8858002548138294E+06
   3.8000000000000000E+05   1.2716360863252476E-06   9.9543952180441804E+06
   3.9000000000000000E+05   1.2633316083603049E-06   1.0019830180009449E+07
   4.0000000000000000E+05   1.2555060443871703E-06   1.0082283740009535E+07
   4.1000000000000000E+05   1.2481231702875490E-06   1.0141922270293372E+07
   4.2000000000000000E+05   1.2411502280628756E-06   1.0198900899019288E+07
   4.3000000000000000E+05   1.2345426853361526E-06   1.0253487649446258E+07
   4.4000000000000000E+05   1.2283180854365904E-06   1.0305448016186459E+07
   4.5000000000000000E+05   1.2224073526156114E-06   1.0355278172798188E+07
   4.6000000000000000E+05   1.2168029239300090E-06   1.0402973174920293E+07
   4.7000000000000000E+05   1.2114843235698179E-06   1.0448643808702949E+07
   4.8000000000000000E+05   1.2064328019033279E-06   1.0492393904441252E+07
   4.9000000000000000E+05   1.2016168004915112E-06   1.0534446731795577E+07
   5.0000000000000000E+05   1.1970635922607502E-06   1.0574516056329237E+07
   5.1000000000000000E+05   1.1927155543968092E-06   1.0613065395303043E+07
   5.2000000000000000E+05   1.1885736374971943E-06   1.0650049586715940E+07
   5.3000000000000000E+05   1.1846254629604336E-06   1.0685544564587204E+07
   5.4000000000000000E+05   1.1808595864312958E-06   1.0719621809620583E+07
   5.5000000000000000E+05   1.1772654126060417E-06   1.0752348655845914E+07
   5.6000000000000000E+05   1.1738331191347937E-06   1.0783788573062807E+07
   5.7000000000000000E+05   1.1705535885104702E-06   1.0814001427236011E+07
   5.8000000000000000E+05   1.1674183469858653E-06   1.0843043720780006E+07
   5.9000000000000000E+05   1.1644195096896180E-06   1.0870968814480457E+07
   6.0000000000000000E+05   1.1615497312215735E-06   1.0897827132632507E+07
   6.1000000000000000E+05   1.1588021611018777E-06   1.0923666352824122E+07
   6.2000000000000000E+05   1.1561704035283293E-06   1.0948531581658235E+07
   6.3000000000000000E+05   1.1536484809654100E-06   1.0972465517586024E+07
   6.4000000000000000E+05   1.1512308011475651E-06   1.0995508601915792E+07
   6.5000000000000000E+05   1.1489121271304953E-06   1.1017699158963354E+07
   6.6000000000000000E+05   1.1466875500682562E-06   1.1039073526223402E+07
   6.7000000000000000E+05   1.1445524644323258E-06   1.1059666175361166E+07
   6.8000000000000000E+05   1.1425025454219527E-06   1.1079509824753545E+07
   6.9000000000000000E+05   1.1405337283440736E-06   1.1098635544243822E+07
   7.0000000000000000E+05   1.1386421897662481E-06   1.1117072852716880E+07
   7.1000000000000000E+05   1.1368243302681823E-06   1.1134849809048589E+07
   7.2000000000000000E+05   1.1350767586366305E-06   1.1151993096936235E+07
   7.3000000000000000E+05   1.1333962773654532E-06   1.1168528104073597E+07
   7.4000000000000000E+05   1.1317798693374889E-06   1.1184478996095151E+07
   7.5000000000000000E+05   1.1302246855779919E-06   1.1199868785678687E+07
   7.6000000000000000E+05   1.1287280339809533E-06   1.1214719397163535E+07
   7.7000000000000000E+05   1.1272873689198567E-06   1.1229051727012113E+07
   7.8000000000000000E+05   1.1259002816634629E-06   1.1242885700415971E+07
   7.9000000000000000E+05   1.1245644915252134E-06   1.1256240324323500E+07
   8.0000000000000000E+05   1.1232778376819956E-06   1.1269133737144107E+07
   8.1000000000000000E+05   1.1220382716043390E-06   1.1281583255363453E+07
   8.2000000000000000E+05   1.1208438500457186E-06   1.1293605417286389E+07
   8.3000000000000000E+05   1.1196927285437354E-06   1.1305216024106761E+07
   8.4000000000000000E+05   1.1185831553903833E-06   1.1316430178488355E+07
   8.5000000000000000E+05   1.1175134660326508E-06   1.1327262320827028E+07
   8.6000000000000000E+05   1.1164820778683313E-06   1.1337726263350984E+07
   8.7000000000000000E+05   1.1154874854050909E-06   1.1347835222204715E+07
   8.8000000000000000E+05   1.1145282557538121E-06   1.1357601847650746E+07
   8.9000000000000000E+05   1.1136030244297614E-06   1.1367038252514072E+07
   9.0000000000000000E+05   1.1127104914375649E-06   1.1376156038984133E+07
   9.1000000000000000E+05   1.1118494176180025E-06   1.1384966323881717E+07
   9.2000000000000000E+05   1.1110186212366137E-06   1.1393479762489604E+07
   9.3000000000000000E+05   1.1102169747957853E-06   1.1401706571039286E+07
   9.4000000000000000E+05   1.1094434020535831E-06   1.1409656547939068E+07
   9.5000000000000000E+05   1.1086968752339745E-06   1.1417339093823183E+07
   9.6000000000000000E+05   1.1079764124144005E-06   1.1424763230495593E+07
   9.7000000000000000E+05   1.1072810750777894E-06   1.1431937618837362E+07
   9.8000000000000000E+05   1.1066099658171621E-06   1.1438870575741697E+07
   9.9000000000000000E+05   1.1059622261819802E-06   1.1445570090135785E+07
   1.0000000000000000E+06   1.1053370346561874E-06   1.1452043838145543E+07
   1.1000000000000000E+06   1.1001674545620368E-06   1.1505855880682820E+07
   1.2000000000000000E+06   1.0965625147180713E-06   1.1543681283016456E+07
   1.3000000000000000E+06   1.0940942729835448E-06   1.1569723459286256E+07
   1.4000000000000000E+06   1.0924675354587810E-06   1.1586951342670873E+07
   1.5000000000000000E+06   1.0914734884593839E-06   1.1597504026117723E+07
   1.6000000000000000E+06   1.0909612228344367E-06   1.1602949684976550E+07
   1.7000000000000000E+06   1.0908196485370343E-06   1.1604455597939935E+07
   1.8000000000000000E+06   1.0909656706496806E-06   1.1602902380301554E+07
   1.9000000000000000E+06   1.0913362615267640E-06   1.1598962320833711E+07
   2.0000000000000000E+06   1.0918830260265735E-06   1.1593154097168272E+07
   2.1000000000000000E+06   1.0925684018780394E-06   1.1585881629973665E+07
   2.2000000000000000E+06   1.0933629562340478E-06   1.1577462090364417E+07
   2.3000000000000000E+06   1.0942434316487600E-06   1.1568146365507867E+07
   2.4000000000000000E+06   1.0951913135275629E-06   1.1558134200349355E+07
   2.5000000000000000E+06   1.0961917662718573E-06   1.1547585528633833E+07
   2.6000000000000000E+06   1.0802437278312188E-06   1.1718066812776025E+07
   2.7000000000000000E+06   1.0790618429856311E-06   1.1730901485483274E+07
   2.8000000000000000E+06   1.0792501270678283E-06   1.1728854933007490E+07
   2.9000000000000000E+06   1.0797487022033380E-06   1.1723439121508332E+07
   3.0000000000000000E+06   1.0804321060957667E-06   1.1716023714391969E+07
   3.1000000000000000E+06   1.0812875113782157E-06   1.1706755181768473E+07
   3.2000000000000000E+06   1.0821507795905076E-06   1.1697416307918258E+07
   3.3000000000000000E+06   1.0830695224760692E-06   1.1687493659566211E+07
   3.4000000000000000E+06   1.0840391097250913E-06   1.1677040120829755E+07
   3.5000000000000000E+06   1.0850069540156002E-06   1.1666624006380754E+07
   3.6000000000000000E+06   1.0859715724680171E-06   1.1656261082452284E+07
   3.7000000000000000E+06   1.0869789329973611E-06   1.1645458612434020E+07
   3.8000000000000000E+06   1.0879795255543023E-06   1.1634748521907421E+07
   3.9000000000000000E+06   1.0890189043608886E-06   1.1623644113172915E+07
   4.0000000000000000E+06   1.0900030240091688E-06   1.1613149594988629E+07
   4.1000000000000000E+06   1.0910238918943918E-06   1.1602283204659423E+07
   4.2000000000000000E+06   1.0919892922840148E-06   1.1592025916602261E+07
   4.3000000000000000E+06   1.0929898556686915E-06   1.1581414146853236E+07
   4.4000000000000000E+06   1.0939797083871937E-06   1.1570935072891010E+07
   4.5000000000000000E+06   1.0949586595570124E-06   1.1560590042668512E+07
   4.6000000000000000E+06   1.0959265780980695E-06   1.1550379769762021E+07
   4.7000000000000000E+06   1.0968833830741476E-06   1.1540304440871246E+07
   4.8000000000000000E+06   1.0978290355025568E-06   1.1530363806613838E+07
   4.9000000000000000E+06   1.0987635313897168E-06   1.1520557258392209E+07
   5.0000000000000000E+06   1.0997302888205397E-06   1.1510429698525948E+07
   5.1000000000000000E+06   1.1006423436284085E-06   1.1500891502209997E+07
   5.2000000000000000E+06   1.1015433937061010E-06   1.1491483902617637E+07
   5.3000000000000000E+06   1.1024765208699363E-06   1.1481757604071299E+07
   5.4000000000000000E+06   1.1033556253325961E-06   1.1472609452634744E+07
   5.5000000000000000E+06   1.1042668665294426E-06   1.1463142253459033E+07
   5.6000000000000000E+06   1.1051244999138741E-06   1.1454246266185364E+07
   5.7000000000000000E+06   1.1059605405184795E-06   1.1445587535043664E+07
   5.8000000000000000E+06   1.1068510843863073E-06   1.1436378710173899E+07
   5.9000000000000000E+06   1.1077201801230554E-06   1.1427405949580384E+07
   6.0000000000000000E+06   1.1085365455601210E-06   1.1418990404517917E+07
   6.1000000000000000E+06   1.1093854736549424E-06   1.1410252322039736E+07
   6.2000000000000000E+06   1.1101821077337427E-06   1.1402064660047958E+07
   6.3000000000000000E+06   1.1110115010283836E-06   1.1393552780589147E+07
   6.4000000000000000E+06   1.1117720437586465E-06   1.1385758661472922E+07
   6.5000000000000000E+06   1.1125995187901010E-06   1.1377290716945332E+07
   6.6000000000000000E+06   1.1134008272084630E-06   1.1369102543731472E+07
   6.7000000000000000E+06   1.1141931045154965E-06   1.1361018234189229E+07
   6.8000000000000000E+06   1.1148717304520285E-06   1.1354102746578822E+07
   6.9000000000000000E+06   1.1157087834441523E-06   1.1345584407548124E+07
   7.0000000000000000E+06   1.1164748593362664E-06   1.1337799567053162E+07
   7.1000000000000000E+06   1.1172325193449834E-06   1.1330110749219751E+07
   7.2000000000000000E+06   1.1179395238646193E-06   1.1322945388896873E+07
   7.3000000000000000E+06   1.1186807577015016E-06   1.1315442846104713E+07
   7.4000000000000000E+06   1.1194140153019219E-06   1.1308030812348118E+07
   7.5000000000000000E+06   1.1201394382689937E-06   1.1300707522958083E+07
   7.6000000000000000E+06   1.1208147292178292E-06   1.1293898845924532E+07
   7.7000000000000000E+06   1.1215248605979817E-06   1.1286747732064713E+07
   7.8000000000000000E+06   1.1222275673159297E-06   1.1279680294330958E+07
   7.9000000000000000E+06   1.1229229807283861E-06   1.1272694916794369E+07
   8.0000000000000000E+06   1.1236112295950566E-06   1.1265790020068120E+07
   8.1000000000000000E+06   1.1242498886985391E-06   1.1259390197905306E+07
   8.2000000000000000E+06   1.1249241488379281E-06   1.1252641513549903E+07
   8.3000000000000000E+06   1.1255916155786095E-06   1.1245968787979499E+07
   8.4000000000000000E+06   1.1262524074080687E-06   1.1239370582958521E+07
   8.5000000000000000E+06   1.1269066403085062E-06   1.1232845494053580E+07
   8.6000000000000000E+06   1.1275544277900045E-06   1.1226392149972519E+07
   8.7000000000000000E+06   1.1281531466344458E-06   1.1220434224352820E+07
   8.8000000000000000E+06   1.1287883401674264E-06   1.1214120244129134E+07
   8.9000000000000000E+06   1.1294174146872465E-06   1.1207874088176480E+07
   9.0000000000000000E+06   1.1300404741957345E-06   1.1201694510825017E+07
   9.1000000000000000E+06   1.1306576204254981E-06   1.1195580296044668E+07
   9.2000000000000000E+06   1.1312689528847330E-06   1.1189530256734841E+07
   9.3000000000000000E+06   1.1318745689026915E-06   1.1183543234017756E+07
   9.4000000000000000E+06   1.1324315767140536E-06   1.1178042397527371E+07
   9.5000000000000000E+06   1.1330260111201173E-06   1.1172177913457001E+07
   9.6000000000000000E+06   1.1336150087612254E-06   1.1166373132833764E+07
   9.7000000000000000E+06   1.1341986587049939E-06   1.1160627002734724E+07
   9.8000000000000000E+06   1.1347770480697905E-06   1.1154938495046079E+07
   9.9000000000000000E+06   1.1353502620699755E-06   1.1149306605813144E+07
   1.0000000000000000E+07   1.1359183840606490E-06   1.1143730354603190E+07
   1.1000000000000000E+07   1.1412930899166485E-06   1.1091251045542503E+07
   1.2000000000000000E+07   1.1461401090621187E-06   1.1044346216246413E+07
   1.3000000000000000E+07   1.1508101533743345E-06   1.0999527715055672E+07
   1.4000000000000000E+07   1.1551043217598009E-06   1.0958636322582053E+07
   1.5000000000000000E+07   1.1590701046190947E-06   1.0921141116799297E+07
   1.6000000000000000E+07   1.1628305966452550E-06   1.0885823105556063E+07
   1.7000000000000000E+07   1.1663224599756513E-06   1.0853231941595914E+07
   1.8000000000000000E+07   1.1696609111330081E-06   1.0822254600734461E+07
   1.9000000000000000E+07   1.1728201239364104E-06   1.0793102811301002E+07
   2.0000000000000000E+07   1.1758172681354560E-06   1.0765591320904290E+07
   2.1000000000000000E+07   1.1784792679364662E-06   1.0741273538883245E+07
   2.2000000000000000E+07   1.1813354726041993E-06   1.0715303544473844E+07
   2.3000000000000000E+07   1.1839280680795749E-06   1.0691838903136520E+07
   2.4000000000000000E+07   1.1864077358560310E-06   1.0669492278449317E+07
   2.5000000000000000E+07   1.1887833142762401E-06   1.0648171138333296E+07
   2.6000000000000000E+07   1.1910626614920066E-06   1.0627793638457039E+07
   2.7000000000000000E+07   1.1932040238478962E-06   1.0608720657836204E+07
   2.8000000000000000E+07   1.1953110985224066E-06   1.0590019780169535E+07
   2.9000000000000000E+07   1.1973409124069093E-06   1.0572066857184771E+07
   3.0000000000000000E+07   1.1992985747651613E-06   1.0554809655541481E+07
   3.1000000000000000E+07   1.2011887136263153E-06   1.0538201061341660E+07
   3.2000000000000000E+07   1.2030155339047149E-06   1.0522198442211527E+07
   3.3000000000000000E+07   1.2047828670483460E-06   1.0506763104808081E+07
   3.4000000000000000E+07   1.2064942136487958E-06   1.0491859831242628E+07
   3.5000000000000000E+07   1.2081527801719108E-06   1.0477456481130863E+07
   3.6000000000000000E+07   1.2095758323738785E-06   1.0465129872812945E+07
   3.7000000000000000E+07   1.2111351957618047E-06   1.0451655786327254E+07
   3.8000000000000000E+07   1.2127892860859664E-06   1.0437401057244495E+07
   3.9000000000000000E+07   1.2142638480786113E-06   1.0424726221437300E+07
   4.0000000000000000E+07   1.2156982327419691E-06   1.0412426238588756E+07
   4.1000000000000000E+07   1.2170944236811961E-06   1.0400481614665728E+07
   4.2000000000000000E+07   1.2184542643111279E-06   1.0388874287345586E+07
   4.3000000000000000E+07   1.2197794706511447E-06   1.0377587491328368E+07
   4.4000000000000000E+07   1.2208698586779393E-06   1.0368319020109160E+07
   4.5000000000000000E+07   1.2223322745685238E-06   1.0355914214305429E+07
   4.6000000000000000E+07   1.2235627635480408E-06   1.0345499678416336E+07
   4.7000000000000000E+07   1.2247644182149704E-06   1.0335349385196349E+07
   4.8000000000000000E+07   1.2259384657210799E-06   1.0325451505727071E+07
   4.9000000000000000E+07   1.2270860583482867E-06   1.0315794960499508E+07
   5.0000000000000000E+07   1.2282082794205390E-06   1.0306369358445130E+07
   5.1000000000000000E+07   1.2290930951509896E-06   1.0298949873486536E+07
   5.2000000000000000E+07   1.2303806269543342E-06   1.0288172537422664E+07
   5.3000000000000000E+07   1.2314326208841295E-06   1.0279383510013038E+07
   5.4000000000000000E+07   1.2324629865712871E-06   1.0270789723287389E+07
   5.5000000000000000E+07   1.2332539613062156E-06   1.0264202324881407E+07
   5.6000000000000000E+07   1.2344620272109076E-06   1.0254157598843483E+07
   5.7000000000000000E+07   1.2354321935315736E-06   1.0246105163103759E+07
   5.8000000000000000E+07   1.2363837201377889E-06   1.0238219713373244E+07
   5.9000000000000000E+07   1.2373172596921949E-06   1.0230495111623559E+07
   6.0000000000000000E+07   1.2382334320505761E-06   1.0222925539852025E+07
   6.1000000000000000E+07   1.2391328264002267E-06   1.0215505478603100E+07
   6.2000000000000000E+07   1.2400160032277821E-06   1.0208229687244777E+07
   6.3000000000000000E+07   1.2408834961325345E-06   1.0201093185831575E+07
   6.4000000000000000E+07   1.2417358134995192E-06   1.0194091238404440E+07
   6.5000000000000000E+07   1.2425734400451570E-06   1.0187219337593790E+07
   6.6000000000000000E+07   1.2433968382468893E-06   1.0180473190406334E+07
   6.7000000000000000E+07   1.2442064496670921E-06   1.0173848705088625E+07
   6.8000000000000000E+07   1.2450026961804349E-06   1.0167341978971839E+07
   6.9000000000000000E+07   1.2457859811130667E-06   1.0160949287211152E+07
   7.0000000000000000E+07   1.2465566903010002E-06   1.0154667072343016E+07
   7.1000000000000000E+07   1.2473151930745620E-06   1.0148491934589760E+07
   7.2000000000000000E+07   1.2480076989081111E-06   1.0142860647320794E+07
   7.3000000000000000E+07   1.2487427851705557E-06   1.0136889940132514E+07
   7.4000000000000000E+07   1.2494666835839246E-06   1.0131016971576754E+07
   7.5000000000000000E+07   1.2501797060010315E-06   1.0125238888494657E+07
   7.6000000000000000E+07   1.2508821517767067E-06   1.0119552956150969E+07
   7.7000000000000000E+07   1.2515743084181429E-06   1.0113956551894467E+07
   7.8000000000000000E+07   1.2522564521937741E-06   1.0108447159232290E+07
   7.9000000000000000E+07   1.2529288487037829E-06   1.0103022362286711E+07
   8.0000000000000000E+07   1.2535917534150900E-06   1.0097679840605186E+07
   8.1000000000000000E+07   1.2542454121634589E-06   1.0092417364297096E+07
   8.2000000000000000E+07   1.2548900616250776E-06   1.0087232789473146E+07
   8.3000000000000000E+07   1.2555259297598347E-06   1.0082124053965049E+07
   8.4000000000000000E+07   1.2561532362282713E-06   1.0077089173305407E+07
   8.5000000000000000E+07   1.2565629047638167E-06   1.0073803809438195E+07
   8.6000000000000000E+07   1.2573830036438182E-06   1.0067233404718604E+07
   8.7000000000000000E+07   1.2579858658354467E-06   1.0062408903459225E+07
   8.8000000000000000E+07   1.2585809695270582E-06   1.0057651023886960E+07
   8.9000000000000000E+07   1.2591684983371816E-06   1.0052958117618652E+07
   9.0000000000000000E+07   1.2597486296278705E-06   1.0048328594370244E+07
   9.1000000000000000E+07   1.2603215347816880E-06   1.0043760919312650E+07
   9.2000000000000000E+07   1.2608873794636495E-06   1.0039253610574655E+07
   9.3000000000000000E+07   1.2612327504875919E-06   1.0036504500786822E+07
   9.4000000000000000E+07   1.2619985229583037E-06   1.0030414415331841E+07
   9.5000000000000000E+07   1.2625441266789426E-06   1.0026079809270227E+07
   9.6000000000000000E+07   1.2630832801766675E-06   1.0021800126305155E+07
   9.7000000000000000E+07   1.2636161239950464E-06   1.0017574116407905E+07
   9.8000000000000000E+07   1.2641427942652025E-06   1.0013400570120150E+07
   9.9000000000000000E+07   1.2646634228858677E-06   1.0009278316852879E+07
   1.0000000000000000E+08   1.2651781376944177E-06   1.0005206223272469E+07
   1.1000000000000000E+08   1.2698053119427295E-06   9.9687472227076106E+06
   1.2000000000000000E+08   1.2743974143973302E-06   9.9328263176009934E+06
   1.3000000000000000E+08   1.2783740673110148E-06   9.9019281605380159E+06
   1.4000000000000000E+08   1.2820174877775027E-06   9.8737874463420343E+06
   1.5000000000000000E+08   1.2853764360751020E-06   9.8479852450545914E+06
   1.6000000000000000E+08   1.2882244680610055E-06   9.8262131256219912E+06
   1.7000000000000000E+08   1.2911239784276154E-06   9.8041461457669977E+06
   1.8000000000000000E+08   1.2941015296396860E-06   9.7815881419542916E+06
   1.9000000000000000E+08   1.2966473361928264E-06   9.7623832043457162E+06
   2.0000000000000000E+08   1.2990452103103707E-06   9.7443630724631157E+06
   2.1000000000000000E+08   1.3010471344288430E-06   9.7293693993380629E+06
   2.2000000000000000E+08   1.3034565658172332E-06   9.7113847202664521E+06
   2.3000000000000000E+08   1.3054945537199048E-06   9.6962244237169977E+06
   2.4000000000000000E+08   1.3074343529507818E-06   9.6818384404841941E+06
   2.5000000000000000E+08   1.3092845317764287E-06   9.6681568212172091E+06
   2.6000000000000000E+08   1.3110526045071019E-06   9.6551184394065142E+06
   2.7000000000000000E+08   1.3127451956391663E-06   9.6426695895429943E+06
   2.8000000000000000E+08   1.3143681734874549E-06   9.6307628502762746E+06
   2.9000000000000000E+08   1.3159267598313774E-06   9.6193561550724152E+06
   3.0000000000000000E+08   1.3174256205335910E-06   9.6084120268448219E+06
   3.1000000000000000E+08   1.3188689409386272E-06   9.5978969432698991E+06
   3.2000000000000000E+08   1.3202604890024056E-06   9.5877808070838936E+06
   3.3000000000000000E+08   1.3216036684596059E-06   9.5780365013381150E+06
   3.4000000000000000E+08   1.3229015638473545E-06   9.5686395138837937E+06
   3.5000000000000000E+08   1.3241569788293721E-06   9.5595676186362412E+06
   3.6000000000000000E+08   1.3251350023977963E-06   9.5525121243522223E+06
   3.7000000000000000E+08   1.3265503699292724E-06   9.5423200383136328E+06
   3.8000000000000000E+08   1.3276928217101513E-06   9.5341090723859537E+06
   3.9000000000000000E+08   1.3288017897771495E-06   9.5261522630334254E+06
   4.0000000000000000E+08   1.3298790833455206E-06   9.5184354241923522E+06
   4.1000000000000000E+08   1.3309263713790835E-06   9.5109454955739379E+06
   4.2000000000000000E+08   1.3319451965997573E-06   9.5036704281251561E+06
   4.3000000000000000E+08   1.3329369878009192E-06   9.4965990835712682E+06
   4.4000000000000000E+08   1.3339030707040698E-06   9.4897211460252758E+06
   4.5000000000000000E+08   1.3348446775597544E-06   9.4830270439774133E+06
   4.6000000000000000E+08   1.3357629556623501E-06   9.4765078812443130E+06
   4.7000000000000000E+08   1.3366589749221708E-06   9.4701553756787628E+06
   4.8000000000000000E+08   1.3375337346168904E-06   9.4639618046225905E+06
   4.9000000000000000E+08   1.3383881694262686E-06   9.4579199562371839E+06
   5.0000000000000000E+08   1.3392231548391697E-06   9.4520230859722793E+06
   5.1000000000000000E+08   1.3400395120093367E-06   9.4462648775391225E+06
   5.2000000000000000E+08   1.3408380121256749E-06   9.4406394078437034E+06
   5.3000000000000000E+08   1.3414149552377449E-06   9.4365789850352164E+06
   5.4000000000000000E+08   1.3423842993993000E-06   9.4297647718860544E+06
   5.5000000000000000E+08   1.3429325110141289E-06   9.4259153553810138E+06
   5.6000000000000000E+08   1.3436681527114743E-06   9.4207547832880672E+06
   5.7000000000000000E+08   1.3445866172581007E-06   9.4143196238421425E+06
   5.8000000000000000E+08   1.3452918242529321E-06   9.4093846023615804E+06
   5.9000000000000000E+08   1.3459834617678048E-06   9.4045495627286937E+06
   6.0000000000000000E+08   1.3466620160726759E-06   9.3998108105288092E+06
   6.1000000000000000E+08   1.3473279482837727E-06   9.3951648467863351E+06
   6.2000000000000000E+08   1.3479816960552455E-06   9.3906083545882739E+06
   6.3000000000000000E+08   1.3486236751315577E-06   9.3861381868249066E+06
   6.4000000000000000E+08   1.3492542807741061E-06   9.3817513549380694E+06
   6.5000000000000000E+08   1.3498738890740692E-06   9.3774450185797177E+06
   6.6000000000000000E+08   1.3504828581621677E-06   9.3732164760942310E+06
   6.7000000000000000E+08   1.3510815293248671E-06   9.3690631557474006E+06
   6.8000000000000000E+08   1.3516702280355448E-06   9.3649826076331865E+06
   6.9000000000000000E+08   1.3522492649082702E-06   9.3609724961966537E+06
   7.0000000000000000E+08   1.3528189365810266E-06   9.3570305933179036E+06
   7.1000000000000000E+08   1.3533795265345425E-06   9.3531547719074935E+06
   7.2000000000000000E+08   1.3537566598046555E-06   9.3505491442125496E+06
   7.3000000000000000E+08   1.3544745339264433E-06   9.3455933350873105E+06
   7.4000000000000000E+08   1.3550094591149223E-06   9.3419039193104766E+06
   7.5000000000000000E+08   1.3555363193525475E-06   9.3382729743859246E+06
   7.6000000000000000E+08   1.3560553427210394E-06   9.3346987973281201E+06
   7.7000000000000000E+08   1.3563986515415547E-06   9.3323361553199384E+06
   7.8000000000000000E+08   1.3570707450662519E-06   9.3277142866936382E+06
   7.9000000000000000E+08   1.3575675355517776E-06   9.3243008876634017E+06
   8.0000000000000000E+08   1.3580573130836305E-06   9.3209381186322160E+06
   8.1000000000000000E+08   1.3585402637872261E-06   9.3176245962121952E+06
   8.2000000000000000E+08   1.3590165666476122E-06   9.3143589912474751E+06
   8.3000000000000000E+08   1.3594863938664846E-06   9.3111400260557812E+06
   8.4000000000000000E+08   1.3599499111972409E-06   9.3079664718420263E+06
   8.5000000000000000E+08   1.3604072782597033E-06   9.3048371462711077E+06
   8.6000000000000000E+08   1.3608586488359464E-06   9.3017509111884590E+06
   8.7000000000000000E+08   1.3613041711485986E-06   9.2987066704776045E+06
   8.8000000000000000E+08   1.3617439881228059E-06   9.2957033680451922E+06
   8.9000000000000000E+08   1.3621782376330390E-06   9.2927399859243203E+06
   9.0000000000000000E+08   1.3624538836597935E-06   9.2908599172588754E+06
   9.1000000000000000E+08   1.3630305618888109E-06   9.2869290907661002E+06
   9.2000000000000000E+08   1.3634488891587693E-06   9.2840797168557681E+06
   9.3000000000000000E+08   1.3638621544164591E-06   9.2812665384240821E+06
   9.4000000000000000E+08   1.3642704735220191E-06   9.2784887032916900E+06
   9.5000000000000000E+08   1.3646739584998113E-06   9.2757453880953584E+06
   9.6000000000000000E+08   1.3650727177039664E-06   9.2730357970230784E+06
   9.7000000000000000E+08   1.3654668559751548E-06   9.2703591606172118E+06
   9.8000000000000000E+08   1.3658564747890866E-06   9.2677147346416079E+06
   9.9000000000000000E+08   1.3662416723973193E-06   9.2651017990082614E+06
   1.0000000000000000E+09   1.3666225439607974E-06   9.2625196567601599E+06
   1.1000000000000000E+09   1.3702122885144145E-06   9.2382532859435026E+06
   1.2000000000000000E+09   1.3734553276836525E-06   9.2164396771148983E+06
   1.3000000000000000E+09   1.3764109414208592E-06   9.1966489046805426E+06
   1.4000000000000000E+09   1.3791246726067674E-06   9.1785524747970086E+06
   1.5000000000000000E+09   1.3816322272921668E-06   9.1618941182468925E+06
   1.6000000000000000E+09   1.3838568068092381E-06   9.1471661768206265E+06
   1.7000000000000000E+09   1.3861373221699542E-06   9.1321169802946970E+06
   1.8000000000000000E+09   1.3880795901604869E-06   9.1193388812416196E+06
   1.9000000000000000E+09   1.3900963829586133E-06   9.1061082756484915E+06
   2.0000000000000000E+09   1.3919090891429419E-06   9.0942492405181117E+06
   2.1000000000000000E+09   1.3936261178409710E-06   9.0830445947863106E+06
   2.2000000000000000E+09   1.3952569830329076E-06   9.0724277539845202E+06
   2.3000000000000000E+09   1.3968098654921082E-06   9.0623416182336379E+06
   2.4000000000000000E+09   1.3982918479953010E-06   9.0527368767517824E+06
   2.5000000000000000E+09   1.3997091012610882E-06   9.0435706715086140E+06
   2.6000000000000000E+09   1.4010670324404655E-06   9.0348055330081731E+06
   2.7000000000000000E+09   1.4023704048109637E-06   9.0264085247255191E+06
   2.8000000000000000E+09   1.4036234350886119E-06   9.0183505492762923E+06
   2.9000000000000000E+09   1.4048298731707988E-06   9.0106057812093943E+06
   3.0000000000000000E+09   1.4059930679620034E-06   9.0031511998539586E+06
   3.1000000000000000E+09   1.4071160220818396E-06   8.9959662019058689E+06
   3.2000000000000000E+09   1.4082014376219074E-06   8.9890322780703939E+06
   3.3000000000000000E+09   1.4092517546429360E-06   8.9823327415446267E+06
   3.4000000000000000E+09   1.4102691837437885E-06   8.9758524987440798E+06
   3.5000000000000000E+09   1.4112557337586073E-06   8.9695778546779323E+06
   3.6000000000000000E+09   1.4122132354261646E-06   8.9634963469157238E+06
   3.7000000000000000E+09   1.4131433617103436E-06   8.9575966032829750E+06
   3.8000000000000000E+09   1.4140476453214760E-06   8.9518682193559669E+06
   3.9000000000000000E+09   1.4148681778754453E-06   8.9466767114772219E+06
   4.0000000000000000E+09   1.4157842031326488E-06   8.9408881302671675E+06
   4.1000000000000000E+09   1.4166189683926623E-06   8.9356195697217155E+06
   4.2000000000000000E+09   1.4174328946714128E-06   8.9304885080594253E+06
   4.3000000000000000E+09   1.4182270054918791E-06   8.9254880409065392E+06
   4.4000000000000000E+09   1.4190022506880828E-06   8.9206117683536708E+06
   4.5000000000000000E+09   1.4197595132927508E-06   8.9158537472665180E+06
   4.6000000000000000E+09   1.4204996156422193E-06   8.9112084490677658E+06
   4.7000000000000000E+09   1.4212233248024313E-06   8.9066707222583350E+06
   4.8000000000000000E+09   1.4219313574042927E-06   8.9022357590566520E+06
   4.9000000000000000E+09   1.4226243839635095E-06   8.8978990656279568E+06
   5.0000000000000000E+09   1.4232513990540263E-06   8.8939790856498927E+06
   5.1000000000000000E+09   1.4239678932567551E-06   8.8895039254414085E+06
   5.2000000000000000E+09   1.4246195193314409E-06   8.8854378344815169E+06
   5.3000000000000000E+09   1.4252584319853956E-06   8.8814546840991210E+06
   5.4000000000000000E+09   1.4258355208638610E-06   8.8778600277395416E+06
   5.5000000000000000E+09   1.4265000519385630E-06   8.8737243013809808E+06
   5.6000000000000000E+09   1.4271036588164320E-06   8.8699710764575265E+06
   5.7000000000000000E+09   1.4276963554176924E-06   8.8662887796649709E+06
   5.8000000000000000E+09   1.4282785323132709E-06   8.8626748147692811E+06
   5.9000000000000000E+09   1.4288505593778579E-06   8.8591267251349874E+06
   6.0000000000000000E+09   1.4294127872283225E-06   8.8556421839162651E+06
   6.1000000000000000E+09   1.4299655485394438E-06   8.8522189850920681E+06
   6.2000000000000000E+09   1.4305091592492784E-06   8.8488550352599528E+06
   6.3000000000000000E+09   1.4310439196650601E-06   8.8455483461130876E+06
   6.4000000000000000E+09   1.4315701154793015E-06   8.8422970275335293E+06
   6.5000000000000000E+09   1.4320880187046996E-06   8.8390992812423278E+06
   6.6000000000000000E+09   1.4325978885354726E-06   8.8359533949536644E+06
   6.7000000000000000E+09   1.4330999721419921E-06   8.8328577369857505E+06
   6.8000000000000000E+09   1.4335945054047632E-06   8.8298107512866594E+06
   6.9000000000000000E+09   1.4340817135932543E-06   8.8268109528371897E+06
   7.0000000000000000E+09   1.4345618119944358E-06   8.8238569233972859E+06
   7.1000000000000000E+09   1.4350350064954579E-06   8.8209473075655755E+06
   7.2000000000000000E+09   1.4355014941244105E-06   8.8180808091248125E+06
   7.3000000000000000E+09   1.4359614635527029E-06   8.8152561876489893E+06
   7.4000000000000000E+09   1.4364150955623434E-06   8.8124722553495746E+06
   7.5000000000000000E+09   1.4368625634809487E-06   8.8097278741414528E+06
   7.6000000000000000E+09   1.4373040335871744E-06   8.8070219529100843E+06
   7.7000000000000000E+09   1.4377396654889214E-06   8.8043534449637812E+06
   7.8000000000000000E+09   1.4381696124764761E-06   8.8017213456563074E+06
   7.9000000000000000E+09   1.4385940218525820E-06   8.7991246901661400E+06
   8.0000000000000000E+09   1.4390130352411817E-06   8.7965625514204521E+06
   8.1000000000000000E+09   1.4394267888765096E-06   8.7940340381524190E+06
   8.2000000000000000E+09   1.4398354138739773E-06   8.7915382930818740E+06
   8.3000000000000000E+09   1.4402390364842353E-06   8.7890744912099987E+06
   8.4000000000000000E+09   1.4406377783316475E-06   8.7866418382195104E+06
   8.5000000000000000E+09   1.4410317566382930E-06   8.7842395689727888E+06
   8.6000000000000000E+09   1.4414210844345630E-06   8.7818669461006597E+06
   8.7000000000000000E+09   1.4418058707572928E-06   8.7795232586754467E+06
   8.8000000000000000E+09   1.4421862208362836E-06   8.7772078209624160E+06
   8.9000000000000000E+09   1.4425622362700762E-06   8.7749199712438341E+06
   9.0000000000000000E+09   1.4429340151916438E-06   8.7726590707110278E+06
   9.1000000000000000E+09   1.4433016524247441E-06   8.7704245024194513E+06
   9.2000000000000000E+09   1.4436652396315258E-06   8.7682156703027058E+06
   9.3000000000000000E+09   1.4440248654519852E-06   8.7660319982414860E+06
   9.4000000000000000E+09   1.4443806156358001E-06   8.7638729291838296E+06
   9.5000000000000000E+09   1.4447325731670372E-06   8.7617379243133627E+06
   9.6000000000000000E+09   1.4450808183821938E-06   8.7596264622623939E+06
   9.7000000000000000E+09   1.4454254290819902E-06   8.7575380383669920E+06
   9.8000000000000000E+09   1.4457664806373243E-06   8.7554721639613509E+06
   9.9000000000000000E+09   1.4461040460897214E-06   8.7534283657090925E+06
   1.0000000000000000E+10   1.4464381962466434E-06   8.7514061849691253E+06
   1.1000000000000000E+10   1.4496060052105514E-06   8.7322818278266340E+06
   1.2000000000000000E+10   1.4524965639231571E-06   8.7149040426082127E+06
   1.3000000000000000E+10   1.4551196972148186E-06   8.6991937508902494E+06
   1.4000000000000000E+10   1.4576148781282084E-06   8.6843022575782593E+06
   1.5000000000000000E+10   1.4599047846817192E-06   8.6706806564567629E+06
   1.6000000000000000E+10   1.4620464399998491E-06   8.6579795487274434E+06
   1.7000000000000000E+10   1.4640578972259716E-06   8.6460844211099464E+06
   1.8000000000000000E+10   1.4659540965624955E-06   8.6349007833812591E+06
   1.9000000000000000E+10   1.4677475430685425E-06   8.6243497640910894E+06
   2.0000000000000000E+10   1.4694172021263843E-06   8.6145501485150829E+06
   2.1000000000000000E+10   1.4710669142652776E-06   8.6048894540807921E+06
   2.2000000000000000E+10   1.4726096142040263E-06   8.5958750063237567E+06
   2.3000000000000000E+10   1.4740836277228317E-06   8.5872795401459951E+06
   2.4000000000000000E+10   1.4754948132623081E-06   8.5790665362088941E+06
   2.5000000000000000E+10   1.4768483099958607E-06   8.5712040235492680E+06
   2.6000000000000000E+10   1.4781486510163957E-06   8.5636638562057931E+06
   2.7000000000000000E+10   1.4793998550866597E-06   8.5564211279897429E+06
   2.8000000000000000E+10   1.4806055016504927E-06   8.5494536949225497E+06
   2.9000000000000000E+10   1.4817687926429406E-06   8.5427417824278120E+06
   3.0000000000000000E+10   1.4828926037939013E-06   8.5362676598579716E+06
   3.1000000000000000E+10   1.4839795274990797E-06   8.5300153689730130E+06
   3.2000000000000000E+10   1.4850319088693039E-06   8.5239704959918875E+06
   3.3000000000000000E+10   1.4860518762212251E-06   8.5181199790928680E+06
   3.4000000000000000E+10   1.4870413670075222E-06   8.5124519449528046E+06
   3.5000000000000000E+10   1.4880021499816992E-06   8.5069555692269318E+06
   3.6000000000000000E+10   1.4889358442353098E-06   8.5016209568851925E+06
   3.7000000000000000E+10   1.4898439356228101E-06   8.4964390391110275E+06
   3.8000000000000000E+10   1.4907277909928698E-06   8.4914014840882551E+06
   3.9000000000000000E+10   1.4915594764119600E-06   8.4866667249897122E+06
   4.0000000000000000E+10   1.4924277387584262E-06   8.4817293648931719E+06
   4.1000000000000000E+10   1.4932460736303137E-06   8.4770811725853030E+06
   4.2000000000000000E+10   1.4940446752431888E-06   8.4725499756210633E+06
   4.3000000000000000E+10   1.4948244729968463E-06   8.4681301420164574E+06
   4.4000000000000000E+10   1.4955863321360745E-06   8.4638164342737179E+06
   4.5000000000000000E+10   1.4963310595231338E-06   8.4596039734967202E+06
   4.6000000000000000E+10   1.4970304695389566E-06   8.4556516613231543E+06
   4.7000000000000000E+10   1.4977720848488852E-06   8.4514648823125828E+06
   4.8000000000000000E+10   1.4984697481414952E-06   8.4475300168777090E+06
   4.9000000000000000E+10   1.4991530181693253E-06   8.4436798801673278E+06
   5.0000000000000000E+10   1.4998224768738782E-06   8.4399109707921222E+06
   5.1000000000000000E+10   1.5004786716005079E-06   8.4362199985863324E+06
   5.2000000000000000E+10   1.5011221177876028E-06   8.4326038680082392E+06
   5.3000000000000000E+10   1.5017245026003521E-06   8.4292213084953446E+06
   5.4000000000000000E+10   1.5023726811315630E-06   8.4255846340831891E+06
   5.5000000000000000E+10   1.5029806904134532E-06   8.4221761846629456E+06
   5.6000000000000000E+10   1.5035489776233250E-06   8.4189929062488340E+06
   5.7000000000000000E+10   1.5041354642028526E-06   8.4157102056742068E+06
   5.8000000000000000E+10   1.5047404880179570E-06   8.4123264294443578E+06
   5.9000000000000000E+10   1.5053069049805146E-06   8.4091610388064459E+06
   6.0000000000000000E+10   1.5058637981213688E-06   8.4060511930762455E+06
   6.1000000000000000E+10   1.5064114824424507E-06   8.4029950145391617E+06
   6.2000000000000000E+10   1.5069502575711008E-06   8.3999907184801102E+06
   6.3000000000000000E+10   1.5074804087446280E-06   8.3970366071621869E+06
   6.4000000000000000E+10   1.5080022077173025E-06   8.3941310642838664E+06
   6.5000000000000000E+10   1.5085159135969726E-06   8.3912725498700794E+06
   6.6000000000000000E+10   1.5090217736178137E-06   8.3884595955567788E+06
   6.7000000000000000E+10   1.5095200238549038E-06   8.3856908002335913E+06
   6.8000000000000000E+10   1.5100108898858744E-06   8.3829648260120610E+06
   6.9000000000000000E+10   1.5104945874042140E-06   8.3802803944911007E+06
   7.0000000000000000E+10   1.5109713227884229E-06   8.3776362832936263E+06
   7.1000000000000000E+10   1.5114412936308094E-06   8.3750313228509966E+06
   7.2000000000000000E+10   1.5118759898387233E-06   8.3726233248527013E+06
   7.3000000000000000E+10   1.5123616910450335E-06   8.3699344222753998E+06
   7.4000000000000000E+10   1.5128124731295782E-06   8.3674403811742114E+06
   7.5000000000000000E+10   1.5132572025224251E-06   8.3649812838877765E+06
   7.6000000000000000E+10   1.5136960396229181E-06   8.3625561839758968E+06
   7.7000000000000000E+10   1.5141291385375575E-06   8.3601641726773186E+06
   7.8000000000000000E+10   1.5145566474049388E-06   8.3578043769425685E+06
   7.9000000000000000E+10   1.5149787086999784E-06   8.3554759575933302E+06
   8.0000000000000000E+10   1.5153954595190034E-06   8.3531781075986018E+06
   8.1000000000000000E+10   1.5157783084205328E-06   8.3510682970511038E+06
   8.2000000000000000E+10   1.5162135528092356E-06   8.3486710386904795E+06
   8.3000000000000000E+10   1.5166151449056539E-06   8.3464603524026629E+06
   8.4000000000000000E+10   1.5170119262338615E-06   8.3442772979604490E+06
   8.5000000000000000E+10   1.5174040106969379E-06   8.3421212067276118E+06
   8.6000000000000000E+10   1.5177915081999095E-06   8.3399914338835636E+06
   8.7000000000000000E+10   1.5181457724326555E-06   8.3380452698721215E+06
   8.8000000000000000E+10   1.5185531630543264E-06   8.3358083765392713E+06
   8.9000000000000000E+10   1.5189275218378634E-06   8.3337539117680611E+06
   9.0000000000000000E+10   1.5192976968453019E-06   8.3317234029200003E+06
   9.1000000000000000E+10   1.5196637805645599E-06   8.3297163087652419E+06
   9.2000000000000000E+10   1.5199970803739382E-06   8.3278897967977300E+06
   9.3000000000000000E+10   1.5203840290542595E-06   8.3257702888937080E+06
   9.4000000000000000E+10   1.5207383641512906E-06   8.3238303676733859E+06
   9.5000000000000000E+10   1.5210889488551258E-06   8.3219118686885480E+06
   9.6000000000000000E+10   1.5214358617308074E-06   8.3200143333075633E+06
   9.7000000000000000E+10   1.5217503633520396E-06   8.3182948278883295E+06
   9.8000000000000000E+10   1.5221189741420023E-06   8.3162803905941779E+06
   9.9000000000000000E+10   1.5224553189874968E-06   8.3144431359909195E+06
   1.0000000000000000E+11   1.5227594457295692E-06   8.3127825687160408E+06
   1.1000000000000000E+11   1.5259458445426952E-06   8.2954242590450495E+06
