   1.0000000000000000E-03   0.0000000000000000E+00   1.0000000000000000E+30
   1.0999999999999999E-02   7.7509027635055086E-02   1.6331475910663400E+02
   2.1000000000000001E-02   1.3678704604938227E-01   9.2540694037932425E+01
   3.1000000000000007E-02   1.5146150670239858E-01   8.3574820113736521E+01
   4.1000000000000002E-02   1.8633652141992360E-01   6.7932835068235804E+01
   5.1000000000000004E-02   2.1947017786966139E-01   5.7676939526271276E+01
   6.0999999999999999E-02   2.4318499822296438E-01   5.2052422103778881E+01
   7.0999999999999994E-02   2.8720180134570378E-01   4.4074821667192907E+01
   8.0999999999999989E-02   3.3795047783578108E-01   3.7456281340011863E+01
   9.0999999999999998E-02   3.8675271622219359E-01   3.2729875307549463E+01
   1.0100000000000001E-01   4.6860886940073410E-01   2.7012651708868038E+01
   2.0099999999999998E-01   1.2090592275572603E+00   1.0469601396106103E+01
   3.0099999999999999E-01   1.2635953495079288E+00   1.0017738813092260E+01
   4.0099999999999997E-01   1.2194812152225931E+00   1.0380125596684909E+01
   5.0100000000000000E-01   1.1652821527876689E+00   1.0862921178811700E+01
   6.0099999999999998E-01   1.1156490535639974E+00   1.1346191830101644E+01
   7.0099999999999996E-01   1.0721763863911888E+00   1.1806236676611521E+01
   8.0099999999999993E-01   1.0342348067795550E+00   1.2239356182784674E+01
   9.0100000000000002E-01   1.0012784940800667E+00   1.2642205192311099E+01
   1.0009999999999999E+00   9.7232666289051939E-01   1.3018637315959056E+01
   1.1010000000000000E+00   9.4666688656676912E-01   1.3371512573674091E+01
   1.2010000000000001E+00   9.2396692842420014E-01   1.3700023006664269E+01
   1.3009999999999999E+00   8.9758806707900229E-01   1.4102647574184292E+01
   1.4010000000000000E+00   8.6560230255088355E-01   1.4623769067509325E+01
   1.5009999999999999E+00   8.3730838354361548E-01   1.5117928382893211E+01
   1.6009999999999998E+00   8.1206753832485690E-01   1.5587826848639091E+01
   1.7009999999999998E+00   7.8938338165021427E-01   1.6035767247020082E+01
   1.8009999999999997E+00   7.6886391093831341E-01   1.6463730442699955E+01
   1.9009999999999998E+00   7.5019513577590324E-01   1.6873434088207340E+01
   2.0009999999999999E+00   7.3312236924272167E-01   1.7266378312646378E+01
   2.1010000000000000E+00   7.1743669414504374E-01   1.7643881725192777E+01
   2.2009999999999996E+00   7.0296499920107469E-01   1.8007110156543774E+01
   2.3009999999999997E+00   6.8956252886010849E-01   1.8357099823468598E+01
   2.4009999999999998E+00   6.7710723201751699E-01   1.8694776216008549E+01
   2.5009999999999999E+00   6.6549542154276409E-01   1.9020969592042558E+01
   2.6010000000000000E+00   6.5463840000022366E-01   1.9336427830698799E+01
   2.7009999999999996E+00   6.4445980921851376E-01   1.9641827148473812E+01
   2.8009999999999997E+00   6.3489352739551508E-01   1.9937781109119364E+01
   2.9009999999999998E+00   6.2588198545685103E-01   2.0224848247659207E+01
   3.0009999999999999E+00   6.1737480855309412E-01   2.0503538533545203E+01
   3.1010000000000000E+00   6.0932770977615769E-01   2.0774318931693802E+01
   3.2009999999999996E+00   6.0170158448923483E-01   2.1037618153446846E+01
   3.3009999999999997E+00   5.9446176263169337E-01   2.1293830776885674E+01
   3.4009999999999998E+00   5.8757738834903994E-01   2.1543320808133242E+01
   3.5009999999999999E+00   5.8102090109449345E-01   2.1786424813571010E+01
   3.6010000000000000E+00   5.7476760141889205E-01   2.2023454602450720E+01
   3.7009999999999996E+00   5.6879528231393206E-01   2.2254699661559421E+01
   3.8009999999999997E+00   5.6308391856493378E-01   2.2480429221046418E+01
   3.9009999999999998E+00   5.5761540069292348E-01   2.2700894130754772E+01
   4.0009999999999994E+00   5.5237330764481274E-01   2.2916328507582499E+01
   4.1010000000000000E+00   5.4734271116623856E-01   2.3126951210945911E+01
   4.2009999999999996E+00   5.4251000782148295E-01   2.3332967123758184E+01
   4.3010000000000002E+00   5.3786277199862542E-01   2.3534568361687629E+01
   4.4009999999999998E+00   5.3338962982054949E-01   2.3731935285406966E+01
   4.5009999999999994E+00   5.2908014776975743E-01   2.3925237471425721E+01
   4.6010000000000000E+00   5.2492473626432123E-01   2.4114634541502056E+01
   4.7009999999999996E+00   5.2091456454950391E-01   2.4300276932659081E+01
   4.8010000000000002E+00   5.1704148556952279E-01   2.4482306604208418E+01
   4.9009999999999998E+00   5.1329797007745148E-01   2.4660857659145698E+01
   5.0009999999999994E+00   5.0967704838015471E-01   2.4836056905130469E+01
   5.1010000000000000E+00   5.0617225810888478E-01   2.5008024390948478E+01
   5.2009999999999996E+00   5.0277759814990886E-01   2.5176873877014351E+01
   5.3010000000000002E+00   4.9948748768510454E-01   2.5342713258893010E+01
   5.4009999999999998E+00   4.9629672924583662E-01   2.5505644971797178E+01
   5.5009999999999994E+00   4.9320047558670582E-01   2.5665766363566874E+01
   5.6010000000000000E+00   4.9019420078096854E-01   2.5823169993935821E+01
   5.7009999999999996E+00   4.8727367270319832E-01   2.5977943989021455E+01
   5.8010000000000002E+00   4.8443492978833080E-01   2.6130172286171462E+01
   5.9009999999999998E+00   4.8167425919562229E-01   2.6279934904446531E+01
   6.0009999999999994E+00   4.7898817717928410E-01   2.6427308188173633E+01
   6.1010000000000000E+00   4.7637341114654702E-01   2.6572365040991670E+01
   6.2009999999999996E+00   4.7382688433482134E-01   2.6715175088848795E+01
   6.3010000000000002E+00   4.7134570000567017E-01   2.6855804936071721E+01
   6.4009999999999989E+00   4.6892712936642694E-01   2.6994318272673478E+01
   6.5009999999999994E+00   4.6656859862728900E-01   2.7130776083198000E+01
   6.6009999999999991E+00   4.6426767801432856E-01   2.7265236793886363E+01
   6.7009999999999987E+00   4.6202207204215034E-01   2.7397756390421176E+01
   6.8009999999999993E+00   4.5982960973870535E-01   2.7528388578546473E+01
   6.9009999999999989E+00   4.5768823647934459E-01   2.7657184886768942E+01
   7.0009999999999994E+00   4.5559600595561278E-01   2.7784194793932681E+01
   7.1009999999999991E+00   4.5355107282668783E-01   2.7909465846739398E+01
   7.2009999999999987E+00   4.5155168688182518E-01   2.8033043712493665E+01
   7.3009999999999993E+00   4.4959618586947997E-01   2.8154972338851749E+01
   7.4009999999999989E+00   4.4768299055906713E-01   2.8275293999891911E+01
   7.5009999999999994E+00   4.4581059937484913E-01   2.8394049389043289E+01
   7.6009999999999991E+00   4.4397758386436742E-01   2.8511277678999932E+01
   7.7009999999999987E+00   4.4218258357382428E-01   2.8627016637562999E+01
   7.8009999999999993E+00   4.4042430242400715E-01   2.8741302664588066E+01
   7.9009999999999989E+00   4.3870150488594589E-01   2.8854170856102701E+01
   8.0009999999999994E+00   4.3701301222084671E-01   2.8965655078507112E+01
   8.1009999999999991E+00   4.3535769942648928E-01   2.9075788009454605E+01
   8.2009999999999987E+00   4.3373449189818303E-01   2.9184601209395964E+01
   8.3009999999999984E+00   4.3214236275029144E-01   2.9292125160436893E+01
   8.4009999999999998E+00   4.3058032993924705E-01   2.9398389328640480E+01
   8.5009999999999994E+00   4.2904745416820045E-01   2.9503422182866444E+01
   8.6009999999999991E+00   4.2754283625133482E-01   2.9607251258835557E+01
   8.7009999999999987E+00   4.2606561491513750E-01   2.9709903201950983E+01
   8.8009999999999984E+00   4.2461496509119834E-01   2.9811403783401058E+01
   8.9009999999999998E+00   4.2319009538379071E-01   2.9911777980835293E+01
   9.0009999999999994E+00   4.2179024725180053E-01   3.0011049945523418E+01
   9.1009999999999991E+00   4.2041469247761026E-01   3.0109243095690804E+01
   9.2009999999999987E+00   4.1906273193857685E-01   3.0206380124166778E+01
   9.3009999999999984E+00   4.1773369419969442E-01   3.0302483023447998E+01
   9.4009999999999998E+00   4.1642693398713643E-01   3.0397573124315439E+01
   9.5009999999999994E+00   4.1514183110017988E-01   3.0491671107346942E+01
   9.6009999999999991E+00   4.1387778909959605E-01   3.0584797034765096E+01
   9.7009999999999987E+00   4.1263423385150622E-01   3.0676970397380547E+01
   9.8009999999999984E+00   4.1141061280501551E-01   3.0768210111312278E+01
   9.9009999999999998E+00   4.1020639404508408E-01   3.0858534534245294E+01
   1.0000999999999999E+01   4.0902106516407349E-01   3.0947961498586189E+01
   1.1000999999999999E+01   3.9810625670660327E-01   3.1796456256494942E+01
   1.2000999999999999E+01   3.8863231367977846E-01   3.2571579179693686E+01
   1.3000999999999999E+01   3.8030370826414617E-01   3.3284892841529647E+01
   1.4000999999999999E+01   3.7290302104281414E-01   3.3945469632854255E+01
   1.5000999999999999E+01   3.6626635053969164E-01   3.4560554520382269E+01
   1.6000999999999998E+01   3.6026754174836123E-01   3.5136021733676039E+01
   1.7000999999999998E+01   3.5480773441564889E-01   3.5676697402485253E+01
   1.8000999999999998E+01   3.4980823350488277E-01   3.6186593008342577E+01
   1.9000999999999998E+01   3.4520552736732085E-01   3.6669077327198018E+01
   2.0000999999999998E+01   3.4094772671185014E-01   3.7127005652413686E+01
   2.1000999999999998E+01   3.3699197346444759E-01   3.7562818029978708E+01
   2.2000999999999998E+01   3.3330251971156744E-01   3.7978615306487114E+01
   2.3000999999999998E+01   3.2984928198205282E-01   3.8376218680073414E+01
   2.4000999999999998E+01   3.2660674065955009E-01   3.8757216557276593E+01
   2.5000999999999998E+01   3.2355308715090314E-01   3.9123002312460315E+01
   2.6000999999999998E+01   3.2066955891726168E-01   3.9474804591833859E+01
   2.7000999999999998E+01   3.1793991479656564E-01   3.9813711923864403E+01
   2.8000999999999998E+01   3.1535001432261828E-01   4.0140693204022931E+01
   2.9000999999999998E+01   3.1288748297085367E-01   4.0456614168830846E+01
   3.0000999999999998E+01   3.1054143738643963E-01   4.0762251515749597E+01
   3.1000999999999998E+01   3.0830226220050433E-01   4.1058304556247762E+01
   3.2000999999999998E+01   3.0616142625652759E-01   4.1345405041986645E+01
   3.3000999999999998E+01   3.0411133028786280E-01   4.1624125496496369E+01
   3.4000999999999998E+01   3.0214518069170676E-01   4.1894986204411445E+01
   3.5000999999999998E+01   3.0025688224480679E-01   4.2158461388697766E+01
   3.6000999999999998E+01   2.9844094760272299E-01   4.2414984533754250E+01
   3.7000999999999998E+01   2.9669242221753167E-01   4.2664952755441391E+01
   3.8000999999999998E+01   2.9500682054585819E-01   4.2908730562182853E+01
   3.9000999999999998E+01   2.9338006815756928E-01   4.3146653609780579E+01
   4.0000999999999998E+01   2.9180845598667932E-01   4.3379031406088856E+01
   4.1000999999999998E+01   2.9028859979970018E-01   4.3606149830006288E+01
   4.2000999999999998E+01   2.8881740158209346E-01   4.3828273876393986E+01
   4.3000999999999998E+01   2.8739202216977566E-01   4.4045649149337137E+01
   4.4000999999999998E+01   2.8600985219674069E-01   4.4258503962657237E+01
   4.5000999999999998E+01   2.8466849004628758E-01   4.4467050690261459E+01
   4.6000999999999998E+01   2.8336571931334231E-01   4.4671487459677472E+01
   4.7000999999999998E+01   2.8209949191718903E-01   4.4871999204182728E+01
   4.8000999999999998E+01   2.8086791133967776E-01   4.5068758892501620E+01
   4.9000999999999998E+01   2.7966921963361924E-01   4.5261928335880356E+01
   5.0000999999999998E+01   2.7850178225594480E-01   4.5451659498449253E+01
   5.1000999999999998E+01   2.7736408081599445E-01   4.5638094664485855E+01
   5.2000999999999998E+01   2.7625469774554140E-01   4.5821368035044600E+01
   5.3000999999999998E+01   2.7517231262869341E-01   4.6001605524496057E+01
   5.4000999999999998E+01   2.7411569007480957E-01   4.6178926034309939E+01
   5.5000999999999998E+01   2.7308367617556650E-01   4.6353441385014705E+01
   5.6000999999999998E+01   2.7207518770180145E-01   4.6525257535362698E+01
   5.7000999999999998E+01   2.7108920978485418E-01   4.6694474438339242E+01
   5.8000999999999998E+01   2.7012478961147701E-01   4.6861186620506423E+01
   5.9000999999999998E+01   2.6918103088798007E-01   4.7025483686761902E+01
   6.0000999999999998E+01   2.6825709020355543E-01   4.7187450543071193E+01
   6.1000999999999998E+01   2.6735217261976979E-01   4.7347167792839599E+01
   6.2000999999999998E+01   2.6646552905734283E-01   4.7504711853683723E+01
   6.3000999999999998E+01   2.6559645120758774E-01   4.7660155545206415E+01
   6.4001000000000005E+01   2.6474427118669691E-01   4.7813567863312940E+01
   6.5001000000000005E+01   2.6390835643751726E-01   4.7965014627361541E+01
   6.6001000000000005E+01   2.6308810742173677E-01   4.8114558658163823E+01
   6.7001000000000005E+01   2.6228295666354756E-01   4.8262259728322391E+01
   6.8001000000000005E+01   2.6149236722687674E-01   4.8408174628767533E+01
   6.9001000000000005E+01   2.6071582622402595E-01   4.8552358175339421E+01
   7.0001000000000005E+01   2.5995285034392379E-01   4.8694862010788249E+01
   7.1001000000000005E+01   2.5920297789350250E-01   4.8835735915076334E+01
   7.2001000000000005E+01   2.5846576885262446E-01   4.8975027652602542E+01
   7.3001000000000005E+01   2.5774080661787924E-01   4.9112782500038783E+01
   7.4001000000000005E+01   2.5702769210191434E-01   4.9249044230569808E+01
   7.5001000000000005E+01   2.5632604687510829E-01   4.9383854396100809E+01
   7.6001000000000005E+01   2.5563550783157080E-01   4.9517253233649413E+01
   7.7001000000000005E+01   2.5495573000523980E-01   4.9649279020119714E+01
   7.8001000000000005E+01   2.5428638212670440E-01   4.9779968832546906E+01
   7.9001000000000005E+01   2.5362714905150230E-01   4.9909357985323616E+01
   8.0001000000000005E+01   2.5297772931546819E-01   5.0037480417982657E+01
   8.1001000000000005E+01   2.5233783381473907E-01   5.0164368875822070E+01
   8.2001000000000005E+01   2.5170718492399563E-01   5.0290055012258478E+01
   8.3001000000000005E+01   2.5108551835386811E-01   5.0414568947653727E+01
   8.4001000000000005E+01   2.5047257908989995E-01   5.0537940012447827E+01
   8.5001000000000005E+01   2.4986812456611621E-01   5.0660196048572011E+01
   8.6001000000000005E+01   2.4927192030453621E-01   5.0781364228043394E+01
   8.7001000000000005E+01   2.4868374092336901E-01   5.0901470799046280E+01
   8.8001000000000005E+01   2.4810337207823835E-01   5.1020540635041002E+01
   8.9001000000000005E+01   2.4753060577712180E-01   5.1138598142510652E+01
   9.0001000000000005E+01   2.4696524198407255E-01   5.1255666891071378E+01
   9.1001000000000005E+01   2.4640708915366222E-01   5.1371769457958074E+01
   9.2001000000000005E+01   2.4585596321372655E-01   5.1486927595098983E+01
   9.3001000000000005E+01   2.4531168531298386E-01   5.1601162662341700E+01
   9.4001000000000005E+01   2.4477408618409124E-01   5.1714494676075610E+01
   9.5001000000000005E+01   2.4424299942443775E-01   5.1826943685747764E+01
   9.6001000000000005E+01   2.4371826593358911E-01   5.1938528810383637E+01
   9.7001000000000005E+01   2.4319973220704327E-01   5.2049268565937425E+01
   9.8001000000000005E+01   2.4268725074016115E-01   5.2159180748894961E+01
   9.9001000000000005E+01   2.4218067832230872E-01   5.2268282773417361E+01
   1.0000100000000000E+02   2.4167987734385221E-01   5.2376591365108368E+01
   1.1000100000000000E+02   2.3696204021142420E-01   5.3419392260103379E+01
   1.2000100000000000E+02   2.3269894536911725E-01   5.4398047041980362E+01
   1.3000100000000000E+02   2.2880813622932414E-01   5.5323068424986175E+01
   1.4000100000000000E+02   2.2522760664615743E-01   5.6202560446754276E+01
   1.5000100000000000E+02   2.2190961806358861E-01   5.7042900110716161E+01
   1.6000100000000000E+02   2.1881666836902156E-01   5.7849195269991306E+01
   1.7000100000000000E+02   2.1591877851457097E-01   5.8625601088949409E+01
   1.8000100000000000E+02   2.1319162129583619E-01   5.9375542527738581E+01
   1.9000100000000000E+02   2.1061519047289876E-01   6.0101876547396010E+01
   2.0000100000000000E+02   2.0817283800673356E-01   6.0807011606379746E+01
   2.1000100000000003E+02   2.0585056201081231E-01   6.1492997896909202E+01
   2.2000100000000003E+02   2.0363648038136287E-01   6.2161593802359654E+01
   2.3000100000000003E+02   2.0152042105132048E-01   6.2814319813200456E+01
   2.4000100000000003E+02   1.9949360540303773E-01   6.3452500902145239E+01
   2.5000100000000003E+02   1.9754841050076008E-01   6.4077297026693898E+01
   2.6000100000000003E+02   1.9567817173563720E-01   6.4689730410554006E+01
   2.7000100000000003E+02   1.9387702549183902E-01   6.5290707574535674E+01
   2.8000100000000003E+02   1.9213978733694942E-01   6.5881035636881819E+01
   2.9000100000000003E+02   1.9046185319663742E-01   6.6461435528192894E+01
   3.0000100000000003E+02   1.8883911050202468E-01   6.7032555613911029E+01
   3.1000100000000003E+02   1.8726787238879281E-01   6.7594980470157836E+01
   3.2000100000000003E+02   1.8574482099772108E-01   6.8149238879525825E+01
   3.3000100000000003E+02   1.8426695760851275E-01   6.8695811452544802E+01
   3.4000100000000003E+02   1.8283156490517102E-01   6.9235135537859421E+01
   3.5000100000000003E+02   1.8143617043294161E-01   6.9767611092116624E+01
   3.6000100000000003E+02   1.8007852348814510E-01   7.0293602655187144E+01
   3.7000100000000003E+02   1.7875655336285548E-01   7.0813449569669260E+01
   3.8000100000000003E+02   1.7746837043792554E-01   7.1327460468433571E+01
   3.9000100000000003E+02   1.7621223177180562E-01   7.1835922225881646E+01
   4.0000100000000003E+02   1.7498653588681276E-01   7.2339098049214030E+01
   4.1000100000000003E+02   1.7378979657727431E-01   7.2837234556402805E+01
   4.2000100000000003E+02   1.7262064222013471E-01   7.3330558929712808E+01
   4.3000100000000003E+02   1.7147779332261318E-01   7.3819285468605173E+01
   4.4000100000000003E+02   1.7036007172972673E-01   7.4303609104431104E+01
   4.5000100000000003E+02   1.6926636661042352E-01   7.4783717700648921E+01
   4.6000100000000003E+02   1.6819565181220772E-01   7.5259782523638989E+01
   4.7000100000000003E+02   1.6714696116535127E-01   7.5731967177590988E+01
   4.8000100000000003E+02   1.6611939825735575E-01   7.6200421561832542E+01
   4.9000100000000003E+02   1.6511211505623916E-01   7.6665289960684390E+01
   5.0000100000000003E+02   1.6412431490794246E-01   7.7126708397281377E+01
   5.1000100000000003E+02   1.6315525715844065E-01   7.7584801110735114E+01
   5.2000099999999998E+02   1.6220423522434907E-01   7.8039689649905426E+01
   5.3000099999999998E+02   1.6127058952298370E-01   7.8491485733698724E+01
   5.4000099999999998E+02   1.6035369067261329E-01   7.8940298310018093E+01
   5.5000099999999998E+02   1.5945294990608072E-01   7.9386227625543171E+01
   5.6000099999999998E+02   1.5856781182400598E-01   7.9829367834488053E+01
   5.7000099999999998E+02   1.5769774426804578E-01   8.0269811312535168E+01
   5.8000099999999998E+02   1.5684224011808656E-01   8.0707647170035116E+01
   5.9000099999999998E+02   1.5600083040206161E-01   8.1142953817514893E+01
   6.0000099999999998E+02   1.5517305870118683E-01   8.1575811437630975E+01
   6.1000099999999998E+02   1.5435849315466757E-01   8.2006295333064330E+01
   6.2000099999999998E+02   1.5355672862744768E-01   8.2434474151371205E+01
   6.3000099999999998E+02   1.5276737345247965E-01   8.2860416401320236E+01
   6.4000099999999998E+02   1.5199005007457042E-01   8.3284189791357534E+01
   6.5000099999999998E+02   1.5122441382744559E-01   8.3705850506732816E+01
   6.6000099999999998E+02   1.5047011585332720E-01   8.4125463086287340E+01
   6.7000099999999998E+02   1.4972683665816042E-01   8.4543081650142852E+01
   6.8000099999999998E+02   1.4899426520366146E-01   8.4958761060404797E+01
   6.9000099999999998E+02   1.4827210722105183E-01   8.5372551952314936E+01
   7.0000099999999998E+02   1.4756007720507530E-01   8.5784504972955347E+01
   7.1000099999999998E+02   1.4685790038106547E-01   8.6194669431897410E+01
   7.2000099999999998E+02   1.4616532009605623E-01   8.6603088670347333E+01
   7.3000099999999998E+02   1.4548208310326013E-01   8.7009808402480829E+01
   7.4000099999999998E+02   1.4480794875248901E-01   8.7414871116257572E+01
   7.5000099999999998E+02   1.4414268815093509E-01   8.7818316275284062E+01
   7.6000099999999998E+02   1.4348608158730614E-01   8.8220181614662707E+01
   7.7000099999999998E+02   1.4283790692985968E-01   8.8620510121478674E+01
   7.8000099999999998E+02   1.4219796558589509E-01   8.9019333888867308E+01
   7.9000099999999998E+02   1.4156606049759105E-01   8.9416687391847432E+01
   8.0000099999999998E+02   1.4094199154696174E-01   8.9812610407102852E+01
   8.1000099999999998E+02   1.4032558788278376E-01   9.0207127351443546E+01
   8.2000099999999998E+02   1.3971666525124202E-01   9.0600274162326045E+01
   8.3000099999999998E+02   1.3911504913247935E-01   9.0992083572165413E+01
   8.4000099999999998E+02   1.3852058003838968E-01   9.1382581370221729E+01
   8.5000099999999998E+02   1.3793309810006851E-01   9.1771796263323196E+01
   8.6000099999999998E+02   1.3735245007109076E-01   9.2159755215554966E+01
   8.7000099999999998E+02   1.3677848700759090E-01   9.2546484858440834E+01
   8.8000099999999998E+02   1.3621106188823570E-01   9.2932013019580879E+01
   8.9000099999999998E+02   1.3565003696989844E-01   9.3316363633704171E+01
   9.0000099999999998E+02   1.3509527766831506E-01   9.3699560749171354E+01
   9.1000099999999998E+02   1.3454665415944270E-01   9.4081627342496603E+01
   9.2000099999999998E+02   1.3400404107521849E-01   9.4462585420861501E+01
   9.3000099999999998E+02   1.3346731520255639E-01   9.4842457552978516E+01
   9.4000099999999998E+02   1.3293635918740093E-01   9.5221264176220629E+01
   9.5000099999999998E+02   1.3241105115622517E-01   9.5599030943976757E+01
   9.6000099999999998E+02   1.3189129287619789E-01   9.5975768382909550E+01
   9.7000099999999998E+02   1.3137696481559533E-01   9.6351504196920118E+01
   9.8000099999999998E+02   1.3086796453657434E-01   9.6726255517413207E+01
   9.9000099999999998E+02   1.3036419231071522E-01   9.7100039147544422E+01
   1.0000010000000000E+03   1.2986555299717972E-01   9.7472870092682385E+01
   1.1000010000000000E+03   1.2514133994394530E-01   1.0115257022562277E+02
   1.2000010000000000E+03   1.2083929546363424E-01   1.0475374031469678E+02
   1.3000010000000000E+03   1.1689533547041941E-01   1.0828805209264900E+02
   1.4000010000000000E+03   1.1325906620233926E-01   1.1176472313654843E+02
   1.5000010000000000E+03   1.0989006462200683E-01   1.1519119786078882E+02
   1.6000010000000000E+03   1.0675541187553365E-01   1.1857355008443858E+02
   1.7000010000000002E+03   1.0382789517506968E-01   1.2191683319270334E+02
   1.8000010000000002E+03   1.0108477113229197E-01   1.2522527414383875E+02
   1.9000010000000002E+03   9.8506811286818000E-02   1.2850246608786918E+02
   2.0000010000000002E+03   9.6077612176797472E-02   1.3175148601232021E+02
   2.1000010000000002E+03   9.3783079439820477E-02   1.3497496832497580E+02
   2.2000010000000002E+03   9.1610984057970052E-02   1.3817522327670264E+02
   2.3000010000000002E+03   8.9550666185747849E-02   1.4135426028603973E+02
   2.4000010000000002E+03   8.7592772525516463E-02   1.4451384300138434E+02
   2.5000010000000002E+03   8.5729048402249763E-02   1.4765553114988580E+02
   2.6000010000000002E+03   8.3952169237526492E-02   1.5078071587398824E+02
   2.7000010000000002E+03   8.2255607675392139E-02   1.5389064082734114E+02
   2.8000010000000002E+03   8.0633540403688753E-02   1.5698638697290011E+02
   2.9000010000000002E+03   7.9080707176104742E-02   1.6006898052415681E+02
   3.0000010000000002E+03   7.7592395357940158E-02   1.6313928856577189E+02
   3.1000010000000002E+03   7.6164317214331534E-02   1.6619814422004146E+02
   3.2000010000000002E+03   7.4792592378115461E-02   1.6924628194211832E+02
   3.3000010000000002E+03   7.3473689390069874E-02   1.7228436848469005E+02
   3.4000010000000002E+03   7.2204390979572083E-02   1.7531299696703678E+02
   3.5000010000000002E+03   7.0981729732514112E-02   1.7833276569210074E+02
   3.6000010000000002E+03   6.9803016544301308E-02   1.8134414246660353E+02
   3.7000010000000002E+03   6.8665754452238881E-02   1.8434761662180682E+02
   3.8000010000000002E+03   6.7567650986298217E-02   1.8734361772285678E+02
   3.9000010000000002E+03   6.6506577406781273E-02   1.9033257566969252E+02
   4.0000010000000002E+03   6.5480597610842711E-02   1.9331479306340970E+02
   4.1000010000000002E+03   6.4487878030537876E-02   1.9629066056126328E+02
   4.2000010000000002E+03   6.3526745532383258E-02   1.9926045432873238E+02
   4.3000010000000002E+03   6.2595616606895735E-02   2.0222451447844625E+02
   4.4000010000000002E+03   6.1693040332405406E-02   2.0518308238019222E+02
   4.5000010000000002E+03   6.0817658590020043E-02   2.0813639443340313E+02
   4.6000010000000002E+03   5.9968191165365496E-02   2.1108470892347461E+02
   4.7000010000000002E+03   5.9143446889479832E-02   2.1402824560534822E+02
   4.8000010000000002E+03   5.8342311276374237E-02   2.1696720441609372E+02
   4.9000010000000002E+03   5.7563743282323242E-02   2.1990175508088626E+02
   5.0000010000000002E+03   5.6806755867929902E-02   2.2283209071537044E+02
   5.1000010000000002E+03   5.6070422486483917E-02   2.2575838767506750E+02
   5.2000010000000002E+03   5.5353880283159407E-02   2.2868077381486799E+02
   5.3000010000000002E+03   5.4656303687161442E-02   2.3159941896659691E+02
   5.4000010000000002E+03   5.3976921371233555E-02   2.3451445275562909E+02
   5.5000010000000002E+03   5.3314999217190823E-02   2.3742602199508070E+02
   5.6000010000000002E+03   5.2669854085932707E-02   2.4033421767517885E+02
   5.7000010000000002E+03   5.2040824119170909E-02   2.4323919520992638E+02
   5.8000010000000002E+03   5.1427305333036806E-02   2.4614099639937282E+02
   5.9000010000000002E+03   5.0828704613388245E-02   2.4903975564772219E+02
   6.0000010000000002E+03   5.0244463588015910E-02   2.5193558200963014E+02
   6.1000010000000002E+03   4.9674060884097350E-02   2.5482853528612770E+02
   6.2000010000000002E+03   4.9116987480279505E-02   2.5771874103416462E+02
   6.3000010000000002E+03   4.8572776272645675E-02   2.6060623147738761E+02
   6.4000010000000002E+03   4.8040968599897489E-02   2.6349111072742750E+02
   6.5000010000000002E+03   4.7521144367288111E-02   2.6637338694903218E+02
   6.6000010000000011E+03   4.7012870139052872E-02   2.6925325212793899E+02
   6.7000010000000011E+03   4.6515775654468211E-02   2.7213064812330009E+02
   6.8000010000000011E+03   4.6029469781701284E-02   2.7500573517013896E+02
   6.9000010000000011E+03   4.5553613083948181E-02   2.7787846714773349E+02
   7.0000010000000011E+03   4.5087856530735264E-02   2.8074894552105326E+02
   7.1000010000000011E+03   4.4631872808201217E-02   2.8361723092387132E+02
   7.2000010000000011E+03   4.4185346034568050E-02   2.8648340033153266E+02
   7.3000010000000011E+03   4.3747994400665305E-02   2.8934739409713268E+02
   7.4000010000000011E+03   4.3319508070196737E-02   2.9220941651267856E+02
   7.5000010000000011E+03   4.2899642755564162E-02   2.9506931442142707E+02
   7.6000010000000011E+03   4.2488110195445301E-02   2.9792730527622825E+02
   7.7000010000000011E+03   4.2084681768874574E-02   3.0078326946434140E+02
   7.8000010000000011E+03   4.1689102286207425E-02   3.0363734123860951E+02
   7.9000010000000011E+03   4.1301146529736835E-02   3.0648951035038289E+02
   8.0000010000000011E+03   4.0920590050630465E-02   3.0933982528469016E+02
   8.1000010000000011E+03   4.0547208515216759E-02   3.1218840064064989E+02
   8.2000010000000002E+03   4.0180820715333077E-02   3.1503508269501327E+02
   8.3000010000000002E+03   3.9821220522802757E-02   3.1787996476802908E+02
   8.4000010000000002E+03   3.9468205246268533E-02   3.2072317699334013E+02
   8.5000010000000002E+03   3.9121609363948866E-02   3.2356460745383674E+02
   8.6000010000000002E+03   3.8781235956352286E-02   3.2640445474856102E+02
   8.7000010000000002E+03   3.8446944223316105E-02   3.2924250372886087E+02
   8.8000010000000002E+03   3.8118551332454099E-02   3.3207894146887833E+02
   8.9000010000000002E+03   3.7795910425656776E-02   3.3491369924021336E+02
   9.0000010000000002E+03   3.7478866178167231E-02   3.3774682821601488E+02
   9.1000010000000002E+03   3.7167264253961711E-02   3.4057842111581260E+02
   9.2000010000000002E+03   3.6860985740809663E-02   3.4340829260011031E+02
   9.3000010000000002E+03   3.6559867610715398E-02   3.4623670718923483E+02
   9.4000010000000002E+03   3.6263796685485725E-02   3.4906351054727986E+02
   9.5000010000000002E+03   3.5972639933967994E-02   3.5188877435863424E+02
   9.6000010000000002E+03   3.5686279044892827E-02   3.5471246976700519E+02
   9.7000010000000002E+03   3.5404590259206760E-02   3.5753466101805037E+02
   9.8000010000000002E+03   3.5127454131449867E-02   3.6035541116756679E+02
   9.9000010000000002E+03   3.4854770459051623E-02   3.6317462459492793E+02
   1.0000001000000000E+04   3.4586427978042462E-02   3.6599235355685613E+02
   1.1000001000000000E+04   3.2120558073299992E-02   3.9408929782358439E+02
   1.2000001000000000E+04   2.9992924869710325E-02   4.2204514003874522E+02
   1.3000001000000000E+04   2.8138217454886032E-02   4.4986389763685645E+02
   1.4000001000000000E+04   2.6507052824053218E-02   4.7754717436266293E+02
   1.5000001000000000E+04   2.5061338964405048E-02   5.0509544580947198E+02
   1.6000001000000000E+04   2.3771206838702371E-02   5.3250843605462717E+02
   1.7000001000000000E+04   2.2612894551191583E-02   5.5978539802377611E+02
   1.8000001000000000E+04   2.1569092850756123E-02   5.8687531573052263E+02
   1.9000001000000000E+04   2.0629249799547861E-02   6.1361262769167183E+02
   2.0000001000000000E+04   1.9771926757681135E-02   6.4021925288039256E+02
   2.1000001000000000E+04   1.8986822596767226E-02   6.6669228683706797E+02
   2.2000001000000000E+04   1.8265236823402871E-02   6.9303060777123630E+02
   2.3000001000000000E+04   1.7599823083302473E-02   7.1923269437963074E+02
   2.4000001000000000E+04   1.6984341175408278E-02   7.4529639072115322E+02
   2.5000001000000000E+04   1.6413397065786248E-02   7.7122171151241116E+02
   2.6000001000000000E+04   1.5882374636315644E-02   7.9700727798377363E+02
   2.7000001000000000E+04   1.5387257916949750E-02   8.2265262889138307E+02
   2.8000001000000000E+04   1.4924564943895399E-02   8.4815659447320218E+02
   2.9000001000000000E+04   1.4491220584297028E-02   8.7351980484827595E+02
   3.0000001000000000E+04   1.4084543909685093E-02   8.9874178801800326E+02
   3.1000001000000000E+04   1.3702166810849929E-02   9.2382236704234629E+02
   3.2000001000000000E+04   1.3342003429884135E-02   9.4876067476160028E+02
   3.3000001000000004E+04   1.3002162622739181E-02   9.7355867205279617E+02
   3.4000001000000004E+04   1.2681009000397980E-02   9.9821458816180859E+02
   3.5000001000000004E+04   1.2377033816638934E-02   1.0227303540038256E+03
   3.6000001000000004E+04   1.2088914200340568E-02   1.0471054692779478E+03
   3.7000001000000004E+04   1.1815451180476626E-02   1.0713402292859230E+03
   3.8000001000000004E+04   1.1555546085928667E-02   1.0954366053044184E+03
   3.9000001000000004E+04   1.1308239945576334E-02   1.1193933129938828E+03
   4.0000001000000004E+04   1.1072646513139802E-02   1.1432107185745429E+03
   4.1000001000000004E+04   1.0847947001835480E-02   1.1668906729233333E+03
   4.2000001000000004E+04   1.0633404774339324E-02   1.1904341502503321E+03
   4.3000001000000004E+04   1.0428357174160473E-02   1.2138410648393917E+03
   4.4000001000000004E+04   1.0232196093028783E-02   1.2371115703531748E+03
   4.5000001000000004E+04   1.0044349217017103E-02   1.2602477177279632E+03
   4.6000001000000004E+04   9.8643113940823784E-03   1.2832490450780215E+03
   4.7000001000000004E+04   9.6916027613933656E-03   1.3061171086410232E+03
   4.8000001000000004E+04   9.5257828773269750E-03   1.3288533173412532E+03
   4.9000001000000004E+04   9.3664531795080962E-03   1.3514580102212442E+03
   5.0000001000000004E+04   9.2132537124295939E-03   1.3739302717487376E+03
   5.1000001000000004E+04   9.0658287984179565E-03   1.3962725811695695E+03
   5.2000001000000004E+04   8.9238555391897879E-03   1.4184864514243059E+03
   5.3000001000000004E+04   8.7870478540418330E-03   1.4405712119783109E+03
   5.4000001000000004E+04   8.6551228366677207E-03   1.4625290034222107E+03
   5.5000001000000004E+04   8.5278303728570596E-03   1.4843597519362424E+03
   5.6000001000000004E+04   8.4049324848740562E-03   1.5060642306870523E+03
   5.7000001000000004E+04   8.2862144916149884E-03   1.5276418670573582E+03
   5.8000001000000004E+04   8.1714324324596507E-03   1.5491002687026091E+03
   5.9000001000000004E+04   8.0604461794435318E-03   1.5704302088252830E+03
   6.0000001000000004E+04   7.9530326318352305E-03   1.5916404172841210E+03
   6.1000001000000004E+04   7.8490384757646144E-03   1.6127285164792549E+03
   6.2000001000000004E+04   7.7482958055882277E-03   1.6336970728039303E+03
   6.3000001000000004E+04   7.6506664107333245E-03   1.6545445190303549E+03
   6.4000001000000004E+04   7.5559891543579690E-03   1.6752761178207431E+03
   6.5000001000000004E+04   7.4641637496932660E-03   1.6958856479171754E+03
   6.6000001000000004E+04   7.3750394856064386E-03   1.7163797158663726E+03
   6.7000001000000004E+04   7.2885057886002856E-03   1.7367576488183629E+03
   6.8000001000000004E+04   7.2044592050152486E-03   1.7570185098690788E+03
   6.9000001000000004E+04   7.1227765102006664E-03   1.7771676759308907E+03
   7.0000001000000004E+04   7.0433800915785730E-03   1.7972007774993506E+03
   7.1000001000000004E+04   6.9661584356439524E-03   1.8171232098367166E+03
   7.2000001000000004E+04   6.8910517080779709E-03   1.8369283402662334E+03
   7.3000001000000004E+04   6.8179319632911675E-03   1.8566287028035968E+03
   7.4000001000000004E+04   6.7467556621399931E-03   1.8762155931986679E+03
   7.5000001000000004E+04   6.6774370406230670E-03   1.8956926287435749E+03
   7.6000001000000004E+04   6.6099144411491135E-03   1.9150577953029963E+03
   7.7000001000000004E+04   6.5440896773878527E-03   1.9343207078209216E+03
   7.8000001000000004E+04   6.4799353631146773E-03   1.9534713646779383E+03
   7.9000001000000004E+04   6.4173601128866007E-03   1.9725195335990863E+03
   8.0000001000000004E+04   6.3563296877911660E-03   1.9914587188770033E+03
   8.1000001000000004E+04   6.2967585947523788E-03   2.0102991064891301E+03
   8.2000001000000004E+04   6.2386320469712602E-03   2.0290294541339172E+03
   8.3000001000000004E+04   6.1818766923737497E-03   2.0476578241077520E+03
   8.4000001000000004E+04   6.1264419822610874E-03   2.0661859221813165E+03
   8.5000001000000004E+04   6.0723071625005147E-03   2.0846060382090209E+03
   8.6000001000000004E+04   6.0193850038711928E-03   2.1029337994940674E+03
   8.7000001000000004E+04   5.9676866329422427E-03   2.1211516212887195E+03
   8.8000001000000004E+04   5.9171148433278201E-03   2.1392804621803348E+03
   8.9000001000000004E+04   5.8676847924454155E-03   2.1573020065948290E+03
   9.0000001000000004E+04   5.8193234330575234E-03   2.1752302174683632E+03
   9.1000001000000004E+04   5.7720218024284523E-03   2.1930561959212846E+03
   9.2000001000000004E+04   5.7257307945351261E-03   2.2107864709409896E+03
   9.3000001000000004E+04   5.6804096430328969E-03   2.2284252320313071E+03
   9.4000001000000004E+04   5.6360399884415350E-03   2.2459684819072268E+03
   9.5000001000000004E+04   5.5925978800176815E-03   2.2634146864083918E+03
   9.6000001000000004E+04   5.5500536240785450E-03   2.2807650221415797E+03
   9.7000001000000004E+04   5.5083645557860647E-03   2.2980265827743606E+03
   9.8000001000000004E+04   5.4675386782078892E-03   2.3151858490295176E+03
   9.9000001000000004E+04   5.4275071572876046E-03   2.3322619040330246E+03
   1.0000000100000000E+05   5.3882659471112754E-03   2.3492471049233914E+03
   1.1000000100000000E+05   5.0347469103046898E-03   2.5142014886389607E+03
   1.2000000100000000E+05   4.7396818653876798E-03   2.6707210602568730E+03
   1.3000000100000000E+05   4.4897875566128880E-03   2.8193690719651727E+03
   1.4000000099999999E+05   4.2755103354507251E-03   2.9606683608856279E+03
   1.5000000099999999E+05   4.0898031628035002E-03   3.0951045008560591E+03
   1.6000000099999999E+05   3.9273652039031725E-03   3.2231197048413187E+03
   1.7000000099999999E+05   3.7841385179310256E-03   3.3451122671189664E+03
   1.8000000099999999E+05   3.6569569772991199E-03   3.4614484817257585E+03
   1.9000000099999999E+05   3.5433152053305599E-03   3.5724646110414401E+03
   2.0000000099999999E+05   3.4411672960083612E-03   3.6785099612831209E+03
   2.1000000099999999E+05   3.3489062856757101E-03   3.7798514192386174E+03
   2.2000000099999999E+05   3.2652048755251457E-03   3.8767454598917325E+03
   2.3000000099999999E+05   3.1889177050614371E-03   3.9694872516519154E+03
   2.4000000099999999E+05   3.1191405058131959E-03   4.0582872599733287E+03
   2.5000000099999999E+05   3.0551084525969568E-03   4.1433449493579747E+03
   2.6000000099999999E+05   2.9961354337957932E-03   4.2248985256222604E+03
   2.7000000099999999E+05   2.9416880946141820E-03   4.3030966471204592E+03
   2.8000000099999999E+05   2.8912488364299911E-03   4.3781662848634469E+03
   2.9000000099999999E+05   2.8444316187345069E-03   4.4502276284076006E+03
   3.0000000099999999E+05   2.8008586851592902E-03   4.5194597799169414E+03
   3.1000000099999999E+05   2.7602336471232690E-03   4.5859770566890529E+03
   3.2000000099999999E+05   2.7222595176840726E-03   4.6499490936034645E+03
   3.3000000099999999E+05   2.6867074577258954E-03   4.7114798972281324E+03
   3.4000000099999999E+05   2.6533460728761669E-03   4.7707188693584458E+03
   3.5000000099999999E+05   2.6220039910515741E-03   4.8277455793390027E+03
   3.6000000099999999E+05   2.5925102816657729E-03   4.8826684570273110E+03
   3.7000000099999999E+05   2.5647135988253449E-03   4.9355874209915955E+03
   3.8000000099999999E+05   2.5384554288424900E-03   4.9866418897811991E+03
   3.9000000099999999E+05   2.5136524399021320E-03   5.0358466333163014E+03
   4.0000000099999999E+05   2.4901992434343311E-03   5.0832752480282697E+03
   4.1000000099999999E+05   2.4679386730702790E-03   5.1291259037083810E+03
   4.2000000099999999E+05   2.4468491547730621E-03   5.1733341028055665E+03
   4.3000000099999999E+05   2.4267913942677237E-03   5.2160924118605908E+03
   4.4000000099999999E+05   2.4077368139160107E-03   5.2573720282245185E+03
   4.5000000099999999E+05   2.3896127791002567E-03   5.2972466030980222E+03
   4.6000000099999999E+05   2.3723253935958016E-03   5.3358481981351670E+03
   4.7000000099999999E+05   2.3558676188770692E-03   5.3731237168759526E+03
   4.8000000099999999E+05   2.3401561426999156E-03   5.4091981068425966E+03
   4.9000000099999999E+05   2.3251531002697135E-03   5.4441009391339048E+03
   5.0000000099999999E+05   2.3107820803422658E-03   5.4779584299587177E+03
   5.1000000099999999E+05   2.2970708093768052E-03   5.5106564957145010E+03
   5.2000000099999999E+05   2.2839357465386104E-03   5.5423486391824672E+03
   5.3000000099999993E+05   2.2713388610679092E-03   5.5730866026995673E+03
   5.4000000099999993E+05   2.2592599030067393E-03   5.6028826785099191E+03
   5.5000000099999993E+05   2.2477124698705091E-03   5.6316670154602589E+03
   5.6000000099999993E+05   2.2366057973472963E-03   5.6596330885942389E+03
   5.7000000099999993E+05   2.2259424632336674E-03   5.6867454509221297E+03
   5.8000000099999993E+05   2.2156646496847760E-03   5.7131245825533088E+03
   5.9000000099999993E+05   2.2057952916498904E-03   5.7386867334095423E+03
   6.0000000099999993E+05   2.1963285017855046E-03   5.7634220775798522E+03
   6.1000000099999993E+05   2.1871779997870732E-03   5.7875345207572409E+03
   6.2000000099999993E+05   2.1783893359598569E-03   5.8108842013913181E+03
   6.3000000099999993E+05   2.1699278368631212E-03   5.8335433841466247E+03
   6.4000000099999993E+05   2.1617249477858410E-03   5.8556793683552869E+03
   6.5000000099999993E+05   2.1538663761741469E-03   5.8770443314562372E+03
   6.6000000099999993E+05   2.1462686005181471E-03   5.8978490267958559E+03
   6.7000000099999993E+05   2.1389165427960774E-03   5.9181215926550049E+03
   6.8000000099999993E+05   2.1318316677811245E-03   5.9377897270771264E+03
   6.9000000099999993E+05   2.1249654616046373E-03   5.9569759629173795E+03
   7.0000000099999993E+05   2.1183598447107994E-03   5.9755514193749232E+03
   7.1000000099999993E+05   2.1119489688100975E-03   5.9936903607762670E+03
   7.2000000099999993E+05   2.1057584976114062E-03   6.0113105045839957E+03
   7.3000000099999993E+05   2.0997596603816683E-03   6.0284843144893912E+03
   7.4000000099999993E+05   2.0939615056330086E-03   6.0451771165591736E+03
   7.5000000099999993E+05   2.0883551035169945E-03   6.0614060106399183E+03
   7.6000000099999993E+05   2.0829125304462114E-03   6.0772442393904666E+03
   7.7000000099999993E+05   2.0776447660662486E-03   6.0926527881739094E+03
   7.8000000099999993E+05   2.0725441344129247E-03   6.1076471022384803E+03
   7.9000000099999993E+05   2.0675832905124735E-03   6.1223014496653923E+03
   8.0000000099999993E+05   2.0627749045524675E-03   6.1365727054716008E+03
   8.1000000099999993E+05   2.0581123280020938E-03   6.1504748815612656E+03
   8.2000000099999993E+05   2.0536098407432299E-03   6.1639596410519835E+03
   8.3000000099999993E+05   2.0492203241123889E-03   6.1771631033824424E+03
   8.4000000099999993E+05   2.0449163692063468E-03   6.1901642372403239E+03
   8.5000000099999993E+05   2.0407761123575311E-03   6.2027226309432572E+03
   8.6000000099999993E+05   2.0367740115738160E-03   6.2149104932006330E+03
   8.7000000099999993E+05   2.0328623487468360E-03   6.2268693129231042E+03
   8.8000000099999993E+05   2.0290574587302291E-03   6.2385459427698925E+03
   8.9000000099999993E+05   2.0253546590355076E-03   6.2499513950986184E+03
   9.0000000099999993E+05   2.0217716579313148E-03   6.2610276126635163E+03
   9.1000000099999993E+05   2.0183047368810578E-03   6.2717824248729585E+03
   9.2000000099999993E+05   2.0149051171622057E-03   6.2823643996877208E+03
   9.3000000099999993E+05   2.0115910118109299E-03   6.2927146236415092E+03
   9.4000000099999993E+05   2.0083585734858049E-03   6.3028427014594208E+03
   9.5000000099999993E+05   2.0052737217257938E-03   6.3125388018920021E+03
   9.6000000099999993E+05   2.0021942096596777E-03   6.3222479196761142E+03
   9.7000000099999993E+05   1.9992564694283669E-03   6.3315379344140756E+03
   9.8000000099999993E+05   1.9963398971073122E-03   6.3407880567584598E+03
   9.9000000099999993E+05   1.9935361379320427E-03   6.3497058999589435E+03
   1.0000000009999999E+06   1.9907706396878806E-03   6.3585266551816730E+03
   1.1000000009999999E+06   1.9668308089172992E-03   6.4359212390905323E+03
   1.2000000009999999E+06   1.9480563018096234E-03   6.4979478083100676E+03
   1.3000000009999999E+06   1.9331167779006002E-03   6.5481652849527673E+03
   1.4000000009999999E+06   1.9211212549980340E-03   6.5890521714213255E+03
   1.5000000009999999E+06   1.9113694370121394E-03   6.6226695539278226E+03
   1.6000000009999999E+06   1.9034453126856167E-03   6.6502400108088541E+03
   1.7000000009999997E+06   1.8969912944915915E-03   6.6728657182377856E+03
   1.8000000009999997E+06   1.8916416503730001E-03   6.6917368700950519E+03
   1.9000000009999997E+06   1.8872230815996380E-03   6.7074042810450583E+03
   2.0000000009999997E+06   1.8836348401891621E-03   6.7201815907892505E+03
   2.1000000009999997E+06   1.8806497268721932E-03   6.7308483849681315E+03
   2.2000000009999997E+06   1.8781572334428793E-03   6.7397808614799551E+03
   2.3000000009999997E+06   1.8762291236863913E-03   6.7467070076907539E+03
   2.4000000009999997E+06   1.8745622943946510E-03   6.7527060661892829E+03
   2.5000000009999997E+06   1.8732745008174423E-03   6.7573482537047921E+03
   2.6000000009999997E+06   1.8722407908628835E-03   6.7610791510286635E+03
   2.7000000009999997E+06   1.8713954029172472E-03   6.7641334146037807E+03
   2.8000000009999997E+06   1.8708636688410220E-03   6.7660559064948702E+03
   2.9000000009999997E+06   1.8703562856721221E-03   6.7678913765136504E+03
   3.0000000009999997E+06   1.8701461289757637E-03   6.7686519147790641E+03
   3.1000000009999997E+06   1.8699413624919073E-03   6.7693931107763501E+03
   3.2000000009999997E+06   1.8699790173695040E-03   6.7692567987286629E+03
   3.3000000009999997E+06   1.8698837349888713E-03   6.7696017350960037E+03
   3.4000000009999997E+06   1.8700559795127914E-03   6.7689782100032971E+03
   3.5000000009999997E+06   1.8702621865087467E-03   6.7682318918279952E+03
   3.6000000009999997E+06   1.8706368452755691E-03   6.7668763227764375E+03
   3.7000000009999997E+06   1.8708494540361539E-03   6.7661073153157295E+03
   3.8000000009999997E+06   1.8713632762440695E-03   6.7642495380236960E+03
   3.9000000009999997E+06   1.8716759447001529E-03   6.7631195521062054E+03
   4.0000000009999997E+06   1.8721910544080044E-03   6.7612587652338152E+03
   4.1000000009999997E+06   1.8725540348227588E-03   6.7599481464397895E+03
   4.2000000010000002E+06   1.8731970249763557E-03   6.7576277391152908E+03
   4.3000000010000002E+06   1.8737561263467289E-03   6.7556113620231554E+03
   4.4000000010000002E+06   1.8742151822859717E-03   6.7539566942196598E+03
   4.5000000010000002E+06   1.8747535885904486E-03   6.7520170404505125E+03
   4.6000000010000002E+06   1.8753686101490661E-03   6.7498027365416401E+03
   4.7000000010000002E+06   1.8760579862247466E-03   6.7473224547186355E+03
   4.8000000010000002E+06   1.8766119868261228E-03   6.7453305561675052E+03
   4.9000000010000002E+06   1.8774400757180900E-03   6.7423553702329709E+03
   5.0000000010000002E+06   1.8779042411442614E-03   6.7406888484874762E+03
   5.1000000010000002E+06   1.8786394648741844E-03   6.7380508146922220E+03
   5.2000000010000002E+06   1.8793199360012973E-03   6.7356110762822882E+03
   5.3000000010000002E+06   1.8799380335873803E-03   6.7333965006565695E+03
   5.4000000010000002E+06   1.8806030823637786E-03   6.7310153298790874E+03
   5.5000000010000002E+06   1.8813141659883711E-03   6.7284711961748462E+03
   5.6000000010000002E+06   1.8818285515178276E-03   6.7266320125702150E+03
   5.7000000010000002E+06   1.8826249162836417E-03   6.7237865956838914E+03
   5.8000000010000002E+06   1.8832147141700591E-03   6.7216807948460928E+03
   5.9000000010000002E+06   1.8838392255458218E-03   6.7194524910377286E+03
   6.0000000010000002E+06   1.8844978463200901E-03   6.7171040824094316E+03
   6.1000000010000002E+06   1.8851900863480916E-03   6.7146375681031195E+03
   6.2000000010000002E+06   1.8859155635152570E-03   6.7120545700433495E+03
   6.3000000010000002E+06   1.8866739987928266E-03   6.7093563513928821E+03
   6.4000000010000002E+06   1.8871889038286791E-03   6.7075257549085281E+03
   6.5000000010000002E+06   1.8880078082219958E-03   6.7046164330905467E+03
   6.6000000010000002E+06   1.8885740518451008E-03   6.7026062146948780E+03
   6.7000000010000002E+06   1.8891635865061894E-03   6.7005145913376336E+03
   6.8000000009999992E+06   1.8900693572524818E-03   6.6973035292257327E+03
   6.9000000009999992E+06   1.8907088518539420E-03   6.6950382997341167E+03
   7.0000000009999992E+06   1.8913710413565878E-03   6.6926942942561018E+03
   7.1000000009999992E+06   1.8917495424200970E-03   6.6913552206359891E+03
   7.2000000009999992E+06   1.8924521856249791E-03   6.6888708063332415E+03
   7.3000000009999992E+06   1.8930199498334685E-03   6.6868646460498385E+03
   7.4000000009999992E+06   1.8937648162358140E-03   6.6842345302249096E+03
   7.5000000009999992E+06   1.8942090048350629E-03   6.6826670892691054E+03
   7.6000000009999992E+06   1.8949934704090635E-03   6.6799006827585290E+03
   7.7000000009999992E+06   1.8954686995745320E-03   6.6782259077397739E+03
   7.8000000009999992E+06   1.8962927261153932E-03   6.6753239109551760E+03
   7.9000000009999992E+06   1.8967986243259222E-03   6.6735435245831350E+03
   8.0000000009999992E+06   1.8973179012593984E-03   6.6717170424661617E+03
   8.1000000009999992E+06   1.8978504517916197E-03   6.6698449105189684E+03
   8.2000000009999992E+06   1.8987485794300398E-03   6.6666900051655111E+03
   8.3000000009999992E+06   1.8993115046121063E-03   6.6647141061748371E+03
   8.4000000009999983E+06   1.8998876096474292E-03   6.6626931574955270E+03
   8.5000000009999983E+06   1.9004768740827601E-03   6.6606273138250372E+03
   8.6000000009999983E+06   1.9010792964095137E-03   6.6585166650942811E+03
   8.7000000009999983E+06   1.9016948936299730E-03   6.6563612381826661E+03
   8.8000000009999983E+06   1.9023237009029455E-03   6.6541609983622211E+03
   8.9000000009999983E+06   1.9025828354440129E-03   6.6532546919852393E+03
   9.0000000009999983E+06   1.9032334315596711E-03   6.6509803615813516E+03
   9.1000000009999983E+06   1.9038973260760950E-03   6.6486611454500917E+03
   9.2000000009999983E+06   1.9045746199458729E-03   6.6462967868217229E+03
   9.3000000009999983E+06   1.9048651270853752E-03   6.6452831735005648E+03
   9.4000000009999983E+06   1.9055643290421171E-03   6.6428448433286558E+03
   9.5000000009999983E+06   1.9062771953704100E-03   6.6403607028141578E+03
   9.6000000009999983E+06   1.9065901739551050E-03   6.6392706464805933E+03
   9.7000000009999983E+06   1.9073252535675978E-03   6.6367118838967508E+03
   9.8000000009999983E+06   1.9076521825707362E-03   6.6355744996187659E+03
   9.9000000009999983E+06   1.9084097195666363E-03   6.6329405300256658E+03
   1.0000000000999998E+07   1.9087505326131817E-03   6.6317561988985926E+03
   1.1000000000999998E+07   1.9138516860221033E-03   6.6140800090515813E+03
   1.2000000000999998E+07   1.9186989748199762E-03   6.5973705844066253E+03
   1.3000000000999998E+07   1.9227900456114050E-03   6.5833335291599014E+03
   1.4000000000999998E+07   1.9270347751561461E-03   6.5688322494246431E+03
   1.5000000000999998E+07   1.9310758043000688E-03   6.5550861072471298E+03
   1.6000000000999998E+07   1.9348095891024751E-03   6.5424361384731710E+03
   1.7000000000999998E+07   1.9381296691422705E-03   6.5312287296084205E+03
   1.8000000000999998E+07   1.9416966800547572E-03   6.5192304785995129E+03
   1.9000000000999998E+07   1.9447145485969571E-03   6.5091137339107290E+03
   2.0000000000999998E+07   1.9479254671995825E-03   6.4983842503002161E+03
   2.1000000000999998E+07   1.9513455088893672E-03   6.4869948039151350E+03
   2.2000000000999998E+07   1.9540371957723402E-03   6.4780589664288318E+03
   2.3000000000999998E+07   1.9558844999391883E-03   6.4719405349354874E+03
   2.4000000000999998E+07   1.9588263224495149E-03   6.4622207858525981E+03
   2.5000000000999998E+07   1.9608569646214573E-03   6.4555285802053140E+03
   2.6000000000999998E+07   1.9640835838943978E-03   6.4449233630420977E+03
   2.7000000000999998E+07   1.9663233918607876E-03   6.4375820524768742E+03
   2.8000000000999998E+07   1.9686575020588697E-03   6.4299494267387954E+03
   2.9000000000999998E+07   1.9698413772719649E-03   6.4260850253531798E+03
   3.0000000000999998E+07   1.9723313692451960E-03   6.4179723418650337E+03
   3.1000000000999998E+07   1.9749336062549363E-03   6.4095158119327889E+03
   3.2000000000999998E+07   1.9762643171970470E-03   6.4051999859826101E+03
   3.3000000000999998E+07   1.9776287236083949E-03   6.4007809078095879E+03
   3.4000000001000002E+07   1.9804873842364334E-03   6.3915419394043884E+03
   3.5000000001000002E+07   1.9819582902063618E-03   6.3867984706633088E+03
   3.6000000001000002E+07   1.9834684955033857E-03   6.3819355868296179E+03
   3.7000000001000002E+07   1.9842288496499539E-03   6.3794900366666743E+03
   3.8000000001000002E+07   1.9858020309282678E-03   6.3744361117866692E+03
   3.9000000001000002E+07   1.9874190584946885E-03   6.3692496671518102E+03
   4.0000000001000002E+07   1.9895606725827751E-03   6.3623936436056647E+03
   4.1000000001000002E+07   1.9910589951771841E-03   6.3576057803761823E+03
   4.2000000001000002E+07   1.9925218767301925E-03   6.3529381155811161E+03
   4.3000000001000002E+07   1.9939509411297214E-03   6.3483849655982767E+03
   4.4000000001000002E+07   1.9953477040767133E-03   6.3439410339090427E+03
   4.5000000001000002E+07   1.9967135824058577E-03   6.3396013771570979E+03
   4.6000000001000002E+07   1.9980499024325063E-03   6.3353613748073312E+03
   4.7000000001000002E+07   1.9993579074442107E-03   6.3312167019609378E+03
   4.8000000001000002E+07   2.0006387644390454E-03   6.3271633049446136E+03
   4.9000000001000002E+07   2.0018935701990510E-03   6.3231973793441075E+03
   5.0000000001000002E+07   2.0031233567753544E-03   6.3193153501969109E+03
   5.1000000001000002E+07   2.0043290964515815E-03   6.3155138540963881E+03
   5.2000000001000002E+07   2.0055117062435413E-03   6.3117897229921618E+03
   5.3000000001000002E+07   2.0066720519858984E-03   6.3081399694988186E+03
   5.4000000001000002E+07   2.0078109520501814E-03   6.3045617735489304E+03
   5.5000000001000002E+07   2.0089291807331277E-03   6.3010524702463536E+03
   5.6000000001000002E+07   2.0100274713495767E-03   6.2976095387936921E+03
   5.7000000001000002E+07   2.0111065190601737E-03   6.2942305923825161E+03
   5.8000000001000002E+07   2.0121669834605158E-03   6.2909133689484624E+03
   5.9000000001000002E+07   2.0132094909554145E-03   6.2876557227043186E+03
   6.0000000001000002E+07   2.0142346369391700E-03   6.2844556163745201E+03
   6.1000000001000002E+07   2.0152429878005406E-03   6.2813111140626997E+03
   6.2000000001000002E+07   2.0162350827689166E-03   6.2782203746919186E+03
   6.3000000001000002E+07   2.0172114356165360E-03   6.2751816459634447E+03
   6.4000000001000002E+07   2.0181725362299271E-03   6.2721932587860329E+03
   6.5000000001000002E+07   2.0191188520624044E-03   6.2692536221326054E+03
   6.6000000001000002E+07   2.0200508294782272E-03   6.2663612182858169E+03
   6.7000000001000002E+07   2.0209688949979249E-03   6.2635145984379224E+03
   6.8000000001000002E+07   2.0218734564533725E-03   6.2607123786138791E+03
   6.9000000001000002E+07   2.0227649040602922E-03   6.2579532358898159E+03
   7.0000000001000002E+07   2.0236436114151779E-03   6.2552359048815842E+03
   7.1000000001000002E+07   2.0245099364228970E-03   6.2525591744807662E+03
   7.2000000001000002E+07   2.0253642221606727E-03   6.2499218848175487E+03
   7.3000000001000002E+07   2.0262067976835690E-03   6.2473229244319737E+03
   7.4000000001000002E+07   2.0270379787762026E-03   6.2447612276365844E+03
   7.5000000001000002E+07   2.0278580686548622E-03   6.2422357720553518E+03
   7.6000000001000002E+07   2.0286673586239470E-03   6.2397455763248836E+03
   7.7000000001000002E+07   2.0294661286901967E-03   6.2372896979453808E+03
   7.8000000001000002E+07   2.0302546481379569E-03   6.2348672312697563E+03
   7.9000000001000002E+07   2.0310331760683711E-03   6.2324773056205058E+03
   8.0000000001000002E+07   2.0318019619051885E-03   6.2301190835247089E+03
   8.1000000001000002E+07   2.0325612458696233E-03   6.2277917590584702E+03
   8.2000000001000002E+07   2.0333112594265153E-03   6.2254945562927169E+03
   8.3000000001000002E+07   2.0340522257038312E-03   6.2232267278330864E+03
   8.4000000001000002E+07   2.0347843598874094E-03   6.2209875534471303E+03
   8.5000000001000002E+07   2.0355078695926464E-03   6.2187763387727400E+03
   8.6000000001000002E+07   2.0362229552147522E-03   6.2165924141020369E+03
   8.7000000001000002E+07   2.0369298102590268E-03   6.2144351332355209E+03
   8.8000000001000002E+07   2.0376286216524770E-03   6.2123038724018161E+03
   8.9000000001000002E+07   2.0383195700380834E-03   6.2101980292383469E+03
   9.0000000001000002E+07   2.0390028300528058E-03   6.2081170218290645E+03
   9.1000000001000002E+07   2.0396785705904066E-03   6.2060602877954243E+03
   9.2000000001000002E+07   2.0403469550501043E-03   6.2040272834370026E+03
   9.3000000001000002E+07   2.0410081415719130E-03   6.2020174829187245E+03
   9.4000000001000002E+07   2.0416622832595526E-03   6.2000303775015782E+03
   9.5000000001000002E+07   2.0423095283916867E-03   6.1980654748141387E+03
   9.6000000001000002E+07   2.0429500206222218E-03   6.1961222981622896E+03
   9.7000000001000002E+07   2.0435838991703426E-03   6.1942003858747967E+03
   9.8000000001000002E+07   2.0442112990008842E-03   6.1922992906825639E+03
   9.9000000001000002E+07   2.0448323509956673E-03   6.1904185791294140E+03
   1.0000000000100000E+08   2.0454471821162758E-03   6.1885578310126612E+03
   1.1000000000100000E+08   2.0512787624254445E-03   6.1709643802098972E+03
   1.2000000000100000E+08   2.0566039226285414E-03   6.1549859151439441E+03
   1.3000000000100000E+08   2.0615035503936548E-03   6.1403572040374493E+03
   1.4000000000099999E+08   2.0660405945902229E-03   6.1268729229974833E+03
   1.5000000000099999E+08   2.0702650028378415E-03   6.1143709425879497E+03
   1.6000000000099999E+08   2.0742170701418122E-03   6.1027210502818871E+03
   1.7000000000099999E+08   2.0779297749286686E-03   6.0918171198749951E+03
   1.8000000000099999E+08   2.0814304488824919E-03   6.0815715382681474E+03
   1.9000000000099999E+08   2.0847419962189582E-03   6.0719111524431355E+03
   2.0000000000099999E+08   2.0878838007868769E-03   6.0627742655208112E+03
   2.1000000000099999E+08   2.0908724122198842E-03   6.0541083725759418E+03
   2.2000000000100002E+08   2.0937220727103257E-03   6.0458684281921842E+03
   2.3000000000100002E+08   2.0964451268507323E-03   6.0380155028544850E+03
   2.4000000000100002E+08   2.0990523443625135E-03   6.0305157281119791E+03
   2.5000000000100002E+08   2.1015531770223307E-03   6.0233394592203322E+03
   2.6000000000100002E+08   2.1039559652535345E-03   6.0164606036719397E+03
   2.7000000000100005E+08   2.1062681057686912E-03   6.0098560777421708E+03
   2.8000000000100005E+08   2.1084961887538854E-03   6.0035053628859123E+03
   2.9000000000100005E+08   2.1106461110018621E-03   5.9973901407848516E+03
   3.0000000000100005E+08   2.1127231698822267E-03   5.9914939909113109E+03
   3.1000000000100005E+08   2.1147321419157715E-03   5.9858021382041461E+03
   3.2000000000100005E+08   2.1166773488836047E-03   5.9803012412283042E+03
   3.3000000000100005E+08   2.1185627137709404E-03   5.9749792132785942E+03
   3.4000000000100005E+08   2.1203918083651423E-03   5.9698250704751936E+03
   3.5000000000100005E+08   2.1221678939587047E-03   5.9648288021149274E+03
   3.6000000000100005E+08   2.1238939563218958E-03   5.9599812594833556E+03
   3.7000000000100005E+08   2.1255727358866191E-03   5.9552740600656971E+03
   3.8000000000100005E+08   2.1272067539073328E-03   5.9506995046706652E+03
   3.9000000000100005E+08   2.1287983352256969E-03   5.9462505054366311E+03
   4.0000000000100005E+08   2.1303496281546395E-03   5.9419205230520975E+03
   4.1000000000100005E+08   2.1318626219084336E-03   5.9377035118129452E+03
   4.2000000000100005E+08   2.1333391619334108E-03   5.9335938713731684E+03
   4.3000000000100005E+08   2.1347809634356387E-03   5.9295864042353751E+03
   4.4000000000100005E+08   2.1361896233541258E-03   5.9256762781821744E+03
   4.5000000000100005E+08   2.1375666309891043E-03   5.9218589929761029E+03
   4.6000000000100005E+08   2.1389133774626806E-03   5.9181303507599941E+03
   4.7000000000100005E+08   2.1402311641624673E-03   5.9144864296759433E+03
   4.8000000000100005E+08   2.1415212102966355E-03   5.9109235602924837E+03
   4.9000000000100005E+08   2.1427846596702663E-03   5.9074383044894212E+03
   5.0000000000100005E+08   2.1440225867773942E-03   5.9040274364995430E+03
   5.1000000000100005E+08   2.1452360022899929E-03   5.9006879258486833E+03
   5.2000000000100005E+08   2.1464258580141606E-03   5.8974169219708256E+03
   5.3000000000100005E+08   2.1475930513744006E-03   5.8942117403050133E+03
   5.4000000000100005E+08   2.1487384294788733E-03   5.8910698497063941E+03
   5.5000000000100005E+08   2.1498627928117605E-03   5.8879888610253329E+03
   5.6000000000100005E+08   2.1509668985930522E-03   5.8849665167271041E+03
   5.7000000000100005E+08   2.1520514638410514E-03   5.8820006814406715E+03
   5.8000000000100005E+08   2.1531171681686253E-03   5.8790893333386375E+03
   5.9000000000100005E+08   2.1541646563404911E-03   5.8762305562623878E+03
   6.0000000000100005E+08   2.1551945406156465E-03   5.8734225325164880E+03
   6.1000000000100005E+08   2.1562074028962327E-03   5.8706635362654124E+03
   6.2000000000100005E+08   2.1572037967017219E-03   5.8679519274732393E+03
   6.3000000000100005E+08   2.1581842489851915E-03   5.8652861463337067E+03
   6.4000000000100005E+08   2.1591492618066124E-03   5.8626647081438441E+03
   6.5000000000100005E+08   2.1600993138764213E-03   5.8600861985795900E+03
   6.6000000000100005E+08   2.1610348619813032E-03   5.8575492693361166E+03
   6.7000000000100005E+08   2.1619563423027730E-03   5.8550526340997249E+03
   6.8000000000100005E+08   2.1628641716380909E-03   5.8525950648215576E+03
   6.9000000000100005E+08   2.1637587485320853E-03   5.8501753882663752E+03
   7.0000000000100005E+08   2.1646404543275463E-03   5.8477924828124987E+03
   7.1000000000100005E+08   2.1655096541411383E-03   5.8454452754812983E+03
   7.2000000000100005E+08   2.1663666977710687E-03   5.8431327391767982E+03
   7.3000000000100005E+08   2.1672119205421760E-03   5.8408538901178108E+03
   7.4000000000100005E+08   2.1680456440935224E-03   5.8386077854467985E+03
   7.5000000000100005E+08   2.1688681771131397E-03   5.8363935210010377E+03
   7.6000000000100005E+08   2.1696798160241245E-03   5.8342102292330637E+03
   7.7000000000100005E+08   2.1704808456258786E-03   5.8320570772686542E+03
   7.8000000000100005E+08   2.1712715396940132E-03   5.8299332650914494E+03
   7.9000000000100005E+08   2.1720521615420118E-03   5.8278380238446316E+03
   8.0000000000100005E+08   2.1728229645475942E-03   5.8257706142405714E+03
   8.1000000000100005E+08   2.1735841926463877E-03   5.8237303250704135E+03
   8.2000000000100005E+08   2.1743360807952999E-03   5.8217164718061658E+03
   8.3000000000100005E+08   2.1750788554078266E-03   5.8197283952884636E+03
   8.4000000000100005E+08   2.1758127347632915E-03   5.8177654604938107E+03
   8.5000000000100005E+08   2.1765379293918652E-03   5.8158270553756283E+03
   8.6000000000100005E+08   2.1772546424370779E-03   5.8139125897738359E+03
   8.7000000000100005E+08   2.1779630699973770E-03   5.8120214943881956E+03
   8.8000000000100005E+08   2.1786634014481659E-03   5.8101532198110053E+03
   8.9000000000100005E+08   2.1793558197456576E-03   5.8083072356150442E+03
   9.0000000000100005E+08   2.1800405017137429E-03   5.8064830294930944E+03
   9.1000000000100005E+08   2.1807176183150190E-03   5.8046801064455267E+03
   9.2000000000100005E+08   2.1813873349070061E-03   5.8028979880127945E+03
   9.3000000000100005E+08   2.1820498114845173E-03   5.8011362115498969E+03
   9.4000000000100005E+08   2.1827052029090676E-03   5.7993943295400722E+03
   9.5000000000100005E+08   2.1833536591261394E-03   5.7976719089452581E+03
   9.6000000000100005E+08   2.1839953253710827E-03   5.7959685305909134E+03
   9.7000000000100005E+08   2.1846303423643477E-03   5.7942837885830868E+03
   9.8000000000100005E+08   2.1852588464966907E-03   5.7926172897557599E+03
   9.9000000000100005E+08   2.1858809700050067E-03   5.7909686531464995E+03
   1.0000000000010000E+09   2.1864968411393019E-03   5.7893375094988269E+03
   1.1000000000009999E+09   2.1923373319632871E-03   5.7739144392859507E+03
   1.2000000000009999E+09   2.1976692970168458E-03   5.7599058211311167E+03
   1.3000000000009999E+09   2.2025742398040378E-03   5.7470790078497739E+03
   1.4000000000009999E+09   2.2071155150999349E-03   5.7352540409446165E+03
   1.5000000000009999E+09   2.2113433469175417E-03   5.7242889008861239E+03
   1.6000000000009999E+09   2.2152982237736403E-03   5.7140695735518693E+03
   1.7000000000009999E+09   2.2190132628728911E-03   5.7045031630050025E+03
   1.8000000000010002E+09   2.2225158975346382E-03   5.6955129953625792E+03
   1.9000000000010002E+09   2.2258291077956027E-03   5.6870350614405179E+03
   2.0000000000010002E+09   2.2289723350028298E-03   5.6790153821233444E+03
   2.1000000000010002E+09   2.2319621730366498E-03   5.6714080237239768E+03
   2.2000000000010004E+09   2.2348128985899851E-03   5.6641735801663881E+03
   2.3000000000010004E+09   2.2375368834787190E-03   5.6572779962975974E+03
   2.4000000000010004E+09   2.2401449191389059E-03   5.6506916443933615E+03
   2.5000000000010004E+09   2.2426464748395744E-03   5.6443885912575515E+03
   2.6000000000010004E+09   2.2450499052231103E-03   5.6383460106426837E+03
   2.7000000000010004E+09   2.2473626186567822E-03   5.6325437077769811E+03
   2.8000000000010004E+09   2.2495912149530341E-03   5.6269637313073945E+03
   2.9000000000010004E+09   2.2517415989122846E-03   5.6215900540822040E+03
   3.0000000000010004E+09   2.2538190746093376E-03   5.6164083086405590E+03
   3.1000000000010004E+09   2.2558284242141006E-03   5.6114055665463384E+03
   3.2000000000010004E+09   2.2577739742943585E-03   5.6065701531370905E+03
   3.3000000000010004E+09   2.2596596519129921E-03   5.6018914910889725E+03
   3.4000000000010004E+09   2.2614890323485195E-03   5.5973599675886771E+03
   3.5000000000010004E+09   2.2632653798965365E-03   5.5929668209687043E+03
   3.6000000000010004E+09   2.2649916829220857E-03   5.5887040434858400E+03
   3.7000000000010004E+09   2.2666706841084202E-03   5.5845642975647088E+03
   3.8000000000010004E+09   2.2683049066710942E-03   5.5805408433320163E+03
   3.9000000000010004E+09   2.2698966771664279E-03   5.5766274756656476E+03
   4.0000000000010004E+09   2.2714481454118511E-03   5.5728184693000276E+03
   4.1000000000010004E+09   2.2729613019461647E-03   5.5691085307831927E+03
   4.2000000000010004E+09   2.2744379933855273E-03   5.5654927562858420E+03
   4.3000000000010004E+09   2.2758799359723111E-03   5.5619665944286717E+03
   4.4000000000010004E+09   2.2772887275662162E-03   5.5585258134293354E+03
   4.5000000000010004E+09   2.2786658582877022E-03   5.5551664719813534E+03
   4.6000000000010004E+09   2.2800127199915231E-03   5.5518848933682793E+03
   4.7000000000010004E+09   2.2813306147213557E-03   5.5486776423918573E+03
   4.8000000000010004E+09   2.2826207622742636E-03   5.5455415047554534E+03
   4.9000000000010004E+09   2.2838843069851534E-03   5.5424734685962121E+03
   5.0000000000010004E+09   2.2851223238257818E-03   5.5394707079031341E+03
   5.1000000000010004E+09   2.2863358238997813E-03   5.5365305675949212E+03
   5.2000000000010004E+09   2.2875257594040859E-03   5.5336505500624562E+03
   5.3000000000010004E+09   2.2886930281177504E-03   5.5308283030070043E+03
   5.4000000000010004E+09   2.2898384774711782E-03   5.5280616084274816E+03
   5.5000000000010004E+09   2.2909629082419635E-03   5.5253483726291415E+03
   5.6000000000010004E+09   2.2920670779177136E-03   5.5226866171422316E+03
   5.7000000000010004E+09   2.2931517037612400E-03   5.5200744704531035E+03
   5.8000000000010004E+09   2.2942174656091501E-03   5.5175101604622587E+03
   5.9000000000010004E+09   2.2952650084312352E-03   5.5149920075940090E+03
   6.0000000000010004E+09   2.2962949446747255E-03   5.5125184184915497E+03
   6.1000000000010004E+09   2.2973078564147943E-03   5.5100878802387670E+03
   6.2000000000010004E+09   2.2983042973301958E-03   5.5076989550569688E+03
   6.3000000000010004E+09   2.2992847945208302E-03   5.5053502754305191E+03
   6.4000000000010004E+09   2.3002498501821793E-03   5.5030405396204760E+03
   6.5000000000010004E+09   2.3011999431499265E-03   5.5007685075297904E+03
   6.6000000000010004E+09   2.3021355303266345E-03   5.4985329968876540E+03
   6.7000000000010004E+09   2.3030570480011758E-03   5.4963328797237828E+03
   6.8000000000010004E+09   2.3039649130703831E-03   5.4941670791068000E+03
   6.9000000000010014E+09   2.3048595241715372E-03   5.4920345661232450E+03
   7.0000000000010014E+09   2.3057412627333694E-03   5.4899343570763185E+03
   7.1000000000010014E+09   2.3066104939525101E-03   5.4878655108854618E+03
   7.2000000000010014E+09   2.3074675677016614E-03   5.4858271266697575E+03
   7.3000000000010014E+09   2.3083128193751128E-03   5.4838183414998439E+03
   7.4000000000010014E+09   2.3091465706767543E-03   5.4818383283043831E+03
   7.5000000000010014E+09   2.3099691303551735E-03   5.4798862939186329E+03
   7.6000000000010014E+09   2.3107807948900883E-03   5.4779614772635969E+03
   7.7000000000010014E+09   2.3115818491339039E-03   5.4760631476455201E+03
   7.8000000000010014E+09   2.3123725669118682E-03   5.4741906031662884E+03
   7.9000000000010014E+09   2.3131532115840065E-03   5.4723431692361746E+03
   8.0000000000010014E+09   2.3139240365717077E-03   5.4705201971811493E+03
   8.1000000000010014E+09   2.3146852858516001E-03   5.4687210629376323E+03
   8.2000000000010014E+09   2.3154371944191328E-03   5.4669451658281869E+03
   8.3000000000010014E+09   2.3161799887240421E-03   5.4651919274122620E+03
   8.4000000000010014E+09   2.3169138870797624E-03   5.4634607904064405E+03
   8.5000000000010014E+09   2.3176391000485977E-03   5.4617512176693217E+03
   8.6000000000010014E+09   2.3183558308043604E-03   5.4600626912464086E+03
   8.7000000000010014E+09   2.3190642754740646E-03   5.4583947114707835E+03
   8.8000000000010014E+09   2.3197646234600754E-03   5.4567467961157645E+03
   8.9000000000010014E+09   2.3204570577440710E-03   5.4551184795959198E+03
   9.0000000000010014E+09   2.3211417551740033E-03   5.4535093122132603E+03
   9.1000000000010014E+09   2.3218188867352350E-03   5.4519188594454463E+03
   9.2000000000010014E+09   2.3224886178068224E-03   5.4503467012734109E+03
   9.3000000000010014E+09   2.3231511084039697E-03   5.4487924315456594E+03
   9.4000000000010014E+09   2.3238065134075134E-03   5.4472556573769389E+03
   9.5000000000010014E+09   2.3244549827812519E-03   5.4457359985791145E+03
   9.6000000000010014E+09   2.3250966617779042E-03   5.4442330871221211E+03
   9.7000000000010014E+09   2.3257316911344111E-03   5.4427465666231456E+03
   9.8000000000010014E+09   2.3263602072571836E-03   5.4412760918623517E+03
   9.9000000000010014E+09   2.3269823423979910E-03   5.4398213283233672E+03
   1.0000000000001001E+10   2.3275982248209706E-03   5.4383819517571974E+03
