   1.0000000000000000E+00   0.0000000000000000E+00   1.3286104194621452E+29   0.0000000000000000E+00
   2.0000000000000000E+00   2.7139592283273808E-02   4.6641703547661029E+02   2.1440040220189337E-03
   3.0000000000000000E+00   7.2943919054523271E-02   1.7353561943041106E+02   7.2644177124394022E-03
   4.0000000000000000E+00   1.0981032844842757E-01   1.1527484122546323E+02   1.3267770893107706E-02
   5.0000000000000000E+00   1.4113153851485882E-01   8.9691987418359659E+01   2.0100585674165384E-02
   6.0000000000000000E+00   1.6882499558545144E-01   7.4979230018112901E+01   2.7725781352189827E-02
   7.0000000000000000E+00   1.9395549379086285E-01   6.5264293005578111E+01   3.6104370507691087E-02
   8.0000000000000000E+00   2.1719929191836976E-01   5.8279969814845742E+01   4.5208259462623752E-02
   8.3190000000000008E+00   2.3070985190059273E-01   5.4867046519810700E+01   5.0493709890609320E-02
   8.3209999999999997E+00   2.3068526700742473E-01   5.4872893882733493E+01   5.0489161427883879E-02
   9.0000000000000000E+00   2.3900387749394483E-01   5.2963024322185561E+01   5.5014256424564305E-02
   1.0000000000000000E+01   2.5967872222576843E-01   4.8746266418405625E+01   6.5504552352344522E-02
   1.0359000000000002E+01   2.7145314662154657E-01   4.6631871224747492E+01   7.1403761010809544E-02
   1.0361000000000001E+01   2.7142558249265519E-01   4.6636606839191352E+01   7.1397387641831747E-02
   1.1000000000000000E+01   2.7943639750976523E-01   4.5299639880900259E+01   7.6661709154277891E-02
   1.2000000000000000E+01   2.9846033804436423E-01   4.2412228907034446E+01   8.8481695855250148E-02
   1.3000000000000000E+01   3.1688211979218744E-01   3.9946615432609029E+01   1.0095803692342906E-01
   1.4000000000000000E+01   3.3481499956437610E-01   3.7807052232660162E+01   1.1409255251157210E-01
   1.5000000000000000E+01   3.5235371442842689E-01   3.5925173081664035E+01   1.2789108065755198E-01
   1.6000000000000000E+01   3.6957275300892001E-01   3.4251356664550798E+01   1.4235982782150755E-01
   1.7000000000000000E+01   3.8654071689005365E-01   3.2747826098767661E+01   1.5751020272641561E-01
   1.8000000000000000E+01   4.0331855054752475E-01   3.1385534237451022E+01   1.7335715152238051E-01
   1.9000000000000000E+01   4.1995943777697359E-01   3.0141882853769541E+01   1.8991893975013360E-01
   2.0000000000000000E+01   4.3651251550285969E-01   2.8998866532443170E+01   2.0721663615856578E-01
   2.0198999999999998E+01   4.3472508753588524E-01   2.9118099092368457E+01   2.0658619461422720E-01
   2.0201000000000001E+01   4.3470737210772309E-01   2.9119285728772134E+01   2.0658006844421478E-01
   2.1000000000000000E+01   4.5302318152718446E-01   2.7941987723753755E+01   2.2527488108552307E-01
   2.2000000000000000E+01   4.6953289951206811E-01   2.6959491422140715E+01   2.4412096202219100E-01
   2.3000000000000000E+01   4.8608206991954411E-01   2.6041627453782979E+01   2.6378613497568598E-01
   2.4000000000000000E+01   4.9043528466253178E-01   2.5810476066212637E+01   2.7242917043098019E-01
   2.5000000000000000E+01   5.0725983090017901E-01   2.4954406806360016E+01   2.9342822192248608E-01
   2.6000000000000000E+01   5.2421463173845728E-01   2.4147300381199599E+01   3.1534639921243413E-01
   2.7000000000000000E+01   5.4133838109223076E-01   2.3383467012385704E+01   3.3823025426893599E-01
   2.8000000000000000E+01   5.5866660911860244E-01   2.2658179261472817E+01   3.6212827813229354E-01
   2.9000000000000000E+01   5.7623613335884738E-01   2.1967328051824094E+01   3.8709422713498609E-01
   3.0000000000000000E+01   5.9408407261083673E-01   2.1307368368214956E+01   4.1318708566579293E-01
   3.1000000000000000E+01   6.1224938063433987E-01   2.0675183311240534E+01   4.4047165757289475E-01
   3.2000000000000000E+01   6.3076941750916260E-01   2.0068138729355219E+01   4.6901672841130604E-01
   3.3000000000000000E+01   6.4968568495136447E-01   1.9483834214010834E+01   4.9889957469007967E-01
   3.4000000000000000E+01   6.6903790934638596E-01   1.8920255489221834E+01   5.3020133797471247E-01
   3.5000000000000000E+01   6.8887012234843481E-01   1.8375551161450687E+01   5.6301265648724408E-01
   3.6000000000000000E+01   7.0922632542228703E-01   1.7848136374903206E+01   5.9742997931052144E-01
   3.7000000000000000E+01   7.3015346465528874E-01   1.7336585785817746E+01   6.3355900258554798E-01
   3.8000000000000000E+01   7.5169935264707644E-01   1.6839668854619294E+01   6.7151220048475690E-01
   3.9000000000000000E+01   7.7391511431399362E-01   1.6356274664604484E+01   7.1141284835481955E-01
   4.0000000000000000E+01   7.9685313619036313E-01   1.5885446893421593E+01   7.5339216339160686E-01
   4.1000000000000000E+01   8.2056820109495709E-01   1.5426345013025452E+01   7.9759120757610780E-01
   4.1999000000000002E+01   8.4511978788947784E-01   1.4978194047994389E+01   8.4415973302455150E-01
   4.2000999999999998E+01   8.4511428071301864E-01   1.4978291653205275E+01   8.4416187663882558E-01
   4.3000000000000000E+01   8.7060433050627739E-01   1.4539748693240835E+01   8.9341508351861254E-01
   4.4000000000000000E+01   8.9709034473664695E-01   1.4110471984317805E+01   9.4552599551294803E-01
   4.4999000000000002E+01   9.2462783545400418E-01   1.3690230481319045E+01   1.0006410450324359E+00
   4.5000999999999998E+01   9.2462466847707081E-01   1.3690277372393444E+01   1.0006469411082857E+00
   4.6000000000000000E+01   9.5337290355298521E-01   1.3277457466678408E+01   1.0593012421509309E+00
   4.7000000000000000E+01   9.6769814218922856E-01   1.3080905733859700E+01   1.0920128508561815E+00
   4.8000000000000000E+01   9.9839605609703441E-01   1.2678704106958318E+01   1.1561037260613503E+00
   4.9000000000000000E+01   1.0303624138516985E+00   1.2285355139740567E+01   1.2239345129673485E+00
   5.0000000000000000E+01   1.0637674679709224E+00   1.1899563163887306E+01   1.2961354766926283E+00
   5.1000000000000000E+01   1.0984559423135758E+00   1.1523783238995740E+01   1.3721961150433650E+00
   5.2000000000000000E+01   1.1344841722165664E+00   1.1157818228593188E+01   1.4523664819597801E+00
   5.3000000000000000E+01   1.1718986824227748E+00   1.0801589221551678E+01   1.5369068994126778E+00
   5.4000000000000000E+01   1.2108537229191076E+00   1.0454085359123196E+01   1.6265192648749771E+00
   5.5000000000000000E+01   1.2509971931229662E+00   1.0118622364937801E+01   1.7200447757442721E+00
   5.6000000000000000E+01   1.2924208980454492E+00   9.7943078728856285E+00   1.8180184945708007E+00
   5.7000000000000000E+01   1.3351011636977208E+00   9.4812052606932102E+00   1.9206004000608152E+00
   5.8000000000000000E+01   1.3790009381242838E+00   9.1793760445343580E+00   2.0279257838449039E+00
   5.9000000000000000E+01   1.4236262152125605E+00   8.8916374547924750E+00   2.1383912912954610E+00
   6.0000000000000000E+01   1.4689967293466391E+00   8.6170159020289159E+00   2.2524150267455894E+00
   6.1000000000000000E+01   1.5149130262438200E+00   8.3558382280166228E+00   2.3695795343239010E+00
   6.2000000000000000E+01   1.5614198137010651E+00   8.1069601306032304E+00   2.4904649190282764E+00
   6.3000000000000000E+01   1.6078798329426074E+00   7.8727078463582503E+00   2.6128907279956270E+00
   6.4000000000000000E+01   1.6541302272541443E+00   7.6525825888698904E+00   2.7365303180437928E+00
   6.5000000000000000E+01   1.7000348340940858E+00   7.4459463553015057E+00   2.8611774961121754E+00
   6.6000000000000000E+01   1.7456946195504977E+00   7.2511927544737969E+00   2.9875866705451792E+00
   6.7000000000000000E+01   1.7903062798516252E+00   7.0705042591134433E+00   3.1126489672616606E+00
   6.7998999999999995E+01   1.8339880130224369E+00   6.9020997339820660E+00   3.2370780723581269E+00
   6.8001000000000005E+01   1.8339938062565440E+00   6.9020779315749614E+00   3.2371059077950997E+00
   6.9000000000000000E+01   1.8570875841411709E+00   6.8162472706759543E+00   3.3071034061917080E+00
   7.0000000000000000E+01   1.8992784883445328E+00   6.6648299627938510E+00   3.4309480885816801E+00
   7.1000000000000000E+01   1.9398499152465747E+00   6.5254368790687876E+00   3.5515535698414022E+00
   7.2000000000000000E+01   1.9790464022725986E+00   6.3961957447144613E+00   3.6700226065199666E+00
   7.3000000000000000E+01   2.0168055829345763E+00   6.2764444346637278E+00   3.7860959327308477E+00
   7.4000000000000000E+01   2.0535003770264733E+00   6.1642882165612916E+00   3.9014591952770661E+00
   7.5000000000000000E+01   2.0884364331980030E+00   6.0611699621734809E+00   4.0129208969571781E+00
   7.6000000000000000E+01   2.1217003811159389E+00   5.9661431413565591E+00   4.1207482894553857E+00
   7.7000000000000000E+01   2.1537378330689667E+00   5.8773950953774765E+00   4.2264583766145929E+00
   7.8000000000000000E+01   2.1854455510327613E+00   5.7921224213646409E+00   4.3326962380759841E+00
   7.9000000000000000E+01   2.2167996820069811E+00   5.7101993831703357E+00   4.4394528177229065E+00
   8.0000000000000000E+01   2.2318997679657127E+00   5.6715665992232509E+00   4.4971079984289295E+00
   8.1000000000000000E+01   2.2625839239945527E+00   5.5946513376000349E+00   4.6047556449826228E+00
   8.2000000000000000E+01   2.2925973798034662E+00   5.5214091616442493E+00   4.7116970903849404E+00
   8.3000000000000000E+01   2.3058382579911703E+00   5.4897034225793178E+00   4.7651812955321633E+00
   8.4000000000000000E+01   2.3348023811204572E+00   5.4216015364579961E+00   4.8715053157023256E+00
   8.5000000000000000E+01   2.3470970293434519E+00   5.3932019079540803E+00   4.9234441734784955E+00
   8.6000000000000000E+01   2.3749422293229681E+00   5.3299688811449606E+00   5.0289671046190652E+00
   8.7000000000000000E+01   2.3856984041079596E+00   5.3059381500242777E+00   5.0763584927194652E+00
   8.8000000000000000E+01   2.3966255557580611E+00   5.2817463063413648E+00   5.1258671728999792E+00
   8.9000000000000000E+01   2.4227284160014713E+00   5.2248399338544642E+00   5.2294207743887444E+00
   9.0000000000000000E+01   2.4327154797512702E+00   5.2033903192422226E+00   5.2773199271641813E+00
   9.1000000000000000E+01   2.4423046235796351E+00   5.1829604114884535E+00   5.3244127412026625E+00
   9.2000000000000000E+01   2.4663611844624751E+00   5.1324065009429081E+00   5.4244223887074003E+00
   9.3000000000000000E+01   2.4750205805919094E+00   5.1144496640028612E+00   5.4698368009247247E+00
   9.4000000000000000E+01   2.4833009186965511E+00   5.0973960028382930E+00   5.5144641192483581E+00
   9.5000000000000000E+01   2.4906024444998662E+00   5.0824523218318634E+00   5.5550718047433207E+00
   9.6000000000000000E+01   2.4981479649714458E+00   5.0671010501786453E+00   5.5981342172495587E+00
   9.7000000000000000E+01   2.5053373634332670E+00   5.0525603304225939E+00   5.6404473796602375E+00
   9.8000000000000000E+01   2.5121964005938180E+00   5.0387653504385037E+00   5.6821396097873125E+00
   9.9000000000000000E+01   2.5184326331940761E+00   5.0262881801821768E+00   5.7215035339437845E+00
   1.0000000000000000E+02   2.5239735690761766E+00   5.0152538568150167E+00   5.7581498694056519E+00
   1.1000000000000000E+02   2.5662923074440878E+00   4.9325511907159258E+00   6.1074339970452129E+00
   1.2000000000000000E+02   2.5513279945906722E+00   4.9614821001638125E+00   6.2458946935144413E+00
   1.3000000000000000E+02   2.5247614305718074E+00   5.0136888275980960E+00   6.3483550754157854E+00
   1.4000000000000000E+02   2.4822672915225761E+00   5.0995185812741601E+00   6.3807979307392655E+00
   1.5000000000000000E+02   2.4285893087928043E+00   5.2122308745156429E+00   6.3515356416764792E+00
   1.6000000000000000E+02   2.3747275921874955E+00   5.3304506245064180E+00   6.3167150708386943E+00
   1.6799900000000000E+02   2.3319403407315575E+00   5.4282631798116201E+00   6.2862959311245818E+00
   1.6800100000000000E+02   2.3319240937824426E+00   5.4283009940441760E+00   6.2862510134691680E+00
   1.6999900000000000E+02   2.3213338593375106E+00   5.4530580068171046E+00   6.2785103516347105E+00
   1.7000100000000000E+02   2.3213177572301262E+00   5.4530958310674844E+00   6.2784656571582440E+00
   1.8000000000000000E+02   2.2640701607220208E+00   5.5909787587022732E+00   6.2057644754056716E+00
   1.9000000000000000E+02   2.2042567098426420E+00   5.7426923644080077E+00   6.1002141822440832E+00
   2.0000000000000000E+02   2.1518211245689494E+00   5.8826303135880638E+00   6.0349345179316982E+00
   2.1000000000000000E+02   2.0976578524587310E+00   6.0345247257417061E+00   5.9406464789534468E+00
   2.2000000000000000E+02   2.0464835019167298E+00   6.1854240041283841E+00   5.8549703756044105E+00
   2.3000000000000000E+02   1.9976866451964455E+00   6.3365133902487889E+00   5.7727788455999383E+00
   2.3199900000000000E+02   1.9892751441484302E+00   6.3633105010931965E+00   5.7660007227112784E+00
   2.3200100000000000E+02   1.9892638394211328E+00   6.3633466629636271E+00   5.7659672927421566E+00
   2.3399900000000000E+02   1.9781134568109549E+00   6.3992789344742560E+00   5.7341909551527328E+00
   2.3400100000000000E+02   1.9781022094575262E+00   6.3993153680992991E+00   5.7341576186596592E+00
   2.3699900000000000E+02   1.9643388117143457E+00   6.4441764503662826E+00   5.7119713055058208E+00
   2.3700100000000000E+02   1.9643277438552595E+00   6.4442127403420830E+00   5.7119384223340477E+00
   2.4000000000000000E+02   1.9509416617194517E+00   6.4883376193074076E+00   5.6921789334398936E+00
   2.5000000000000000E+02   1.9038532471893475E+00   6.6488150783133992E+00   5.5913728962757228E+00
   2.6000000000000000E+02   1.8618597246150954E+00   6.7987765186903850E+00   5.5244400186764269E+00
   2.7000000000000000E+02   1.8207344785187793E+00   6.9523416654944707E+00   5.6809173338453167E+00
   2.8000000000000000E+02   1.7812315414548090E+00   7.1065259525271030E+00   5.5897421702060566E+00
   2.9000000000000000E+02   1.7437212214678282E+00   7.2593990489792333E+00   5.5074996954547046E+00
   3.0000000000000000E+02   1.7076023232370448E+00   7.4129485563198427E+00   5.4248604305718997E+00
   3.1000000000000000E+02   1.6730661823054369E+00   7.5659697809237834E+00   5.3465238457273792E+00
   3.2000000000000000E+02   1.6399831294825420E+00   7.7185965814188027E+00   5.2712496680400651E+00
   3.3000000000000000E+02   1.6081891525962355E+00   7.8711936070287409E+00   5.1979992764733725E+00
   3.4000000000000000E+02   1.5778278438066791E+00   8.0226548330322185E+00   5.1297758532031290E+00
   3.5000000000000000E+02   1.5487763716349006E+00   8.1731413318542465E+00   5.0663834487732942E+00
   3.6000000000000000E+02   1.5207060177927549E+00   8.3240074206989618E+00   5.0022909291094022E+00
   3.7000000000000000E+02   1.4938235067596737E+00   8.4738043815272057E+00   4.9425408916091831E+00
   3.8000000000000000E+02   1.4679443470099423E+00   8.6231935172421945E+00   4.8848285499353432E+00
   3.9000000000000000E+02   1.4430930999161535E+00   8.7716919840749910E+00   4.8152753748408985E+00
   3.9899900000000002E+02   1.4213125863492417E+00   8.9061288885290004E+00   4.7670690056153706E+00
   3.9900099999999998E+02   1.4213078030963213E+00   8.9061588302096748E+00   4.7670579897564576E+00
   4.0000000000000000E+02   1.4189571098846232E+00   8.9208955567640267E+00   4.7624119126076971E+00
   4.1000000000000000E+02   1.3956441648568230E+00   9.0699108666477741E+00   4.7103028461896486E+00
   4.1599900000000002E+02   1.3821300491147823E+00   9.1586340129137618E+00   4.6731266868001216E+00
   4.1600099999999998E+02   1.3821255449875764E+00   9.1586638532527722E+00   4.6731164329644166E+00
   4.2000000000000000E+02   1.3731869984937406E+00   9.2182406261445227E+00   4.6527983039618785E+00
   4.3000000000000000E+02   1.3514827305666037E+00   9.3662818551158900E+00   4.6056422834631636E+00
   4.4000000000000000E+02   1.3306981531631872E+00   9.5125766476179425E+00   4.5642994152200167E+00
   4.5000000000000000E+02   1.3107289576724965E+00   9.6575024933349525E+00   4.5268259081753790E+00
   4.6000000000000000E+02   1.2911869985387199E+00   9.8036676260947200E+00   4.4850384210869230E+00
   4.7000000000000000E+02   1.2723002633101161E+00   9.9491987401428776E+00   4.4450099938185108E+00
   4.8000000000000000E+02   1.2541386698285011E+00   1.0093276350803732E+01   4.4091201191105611E+00
   4.9000000000000000E+02   1.2364544536938971E+00   1.0237634017971054E+01   4.3720096576875784E+00
   5.0000000000000000E+02   1.2192852614045901E+00   1.0381793807813517E+01   4.3349934095863105E+00
   5.1000000000000000E+02   1.2026830163368156E+00   1.0525107617603073E+01   4.3002230256226115E+00
   5.1099899999999997E+02   1.2010511506620625E+00   1.0539416191249263E+01   4.2967478516747057E+00
   5.1100099999999992E+02   1.2010478761453856E+00   1.0539444940276875E+01   4.2967406204654139E+00
   5.2000000000000000E+02   1.1866265026547522E+00   1.0667525247825516E+01   4.2678130930637135E+00
   5.3000000000000000E+02   1.1711053902647235E+00   1.0808906083121251E+01   4.2378803164084573E+00
   5.4000000000000000E+02   1.1559547803769061E+00   1.0950573838780373E+01   4.2067001475166466E+00
   5.5000000000000000E+02   1.1411972085580511E+00   1.1092182912717442E+01   4.1750942844970176E+00
   5.6000000000000000E+02   1.1268972585292956E+00   1.1232939011076123E+01   4.1455743135305942E+00
   5.7000000000000000E+02   1.1130891307104276E+00   1.1372286214608236E+01   4.1196007472047338E+00
   5.8000000000000000E+02   1.0995789259175619E+00   1.1512014170556673E+01   4.0920848981910103E+00
   5.9000000000000000E+02   1.0864740261550092E+00   1.1650870496744362E+01   4.0665486342101849E+00
   6.0000000000000000E+02   1.0738313434251501E+00   1.1788041254628171E+01   4.0449433037797284E+00
   6.1000000000000000E+02   1.0614409329488632E+00   1.1925645397564764E+01   4.0216739514748241E+00
   6.2000000000000000E+02   1.0493001531142636E+00   1.2063629400261817E+01   3.9969313882520621E+00
   6.3000000000000000E+02   1.0374718150675770E+00   1.2201168256299994E+01   3.9729276671484026E+00
   6.4000000000000000E+02   1.0259347421347220E+00   1.2338375587583139E+01   3.9492854517777864E+00
   6.5000000000000000E+02   1.0146658216852016E+00   1.2475406095560492E+01   3.9256180455881484E+00
   6.6000000000000000E+02   1.0037580069308751E+00   1.2610976041439626E+01   3.9053157693279870E+00
   6.7000000000000000E+02   9.9305058024419923E-01   1.2746952097541357E+01   3.8835092291667221E+00
   6.8000000000000000E+02   9.8260503966526291E-01   1.2882458023134806E+01   3.8625129955401785E+00
   6.9000000000000000E+02   9.7239173594794370E-01   1.3017766100684053E+01   3.8414355140404624E+00
   7.0000000000000000E+02   9.6238372722565213E-01   1.3153140289788404E+01   3.8198096401047352E+00
   7.1000000000000000E+02   9.5264153225651138E-01   1.3287650966491794E+01   3.7998977377767300E+00
   7.2000000000000000E+02   9.4312808795359859E-01   1.3421685069601327E+01   3.7808000062433096E+00
   7.3000000000000000E+02   9.3389608667474255E-01   1.3554364727964767E+01   3.7645780796356201E+00
   7.4000000000000000E+02   9.2479812895918245E-01   1.3687709544843981E+01   3.7462082160088577E+00
   7.5000000000000000E+02   9.1586778009350078E-01   1.3821174248007905E+01   3.7271414179652291E+00
   7.6000000000000000E+02   9.0717732049351629E-01   1.3953576539944962E+01   3.7102847361999736E+00
   7.7000000000000000E+02   8.9866805516430193E-01   1.4085699501685472E+01   3.6936020198156951E+00
   7.8000000000000000E+02   8.9029247598921712E-01   1.4218213135794009E+01   3.6757244103229092E+00
   7.9000000000000000E+02   8.8213529645028221E-01   1.4349690152684980E+01   3.6597301822647306E+00
   8.0000000000000000E+02   8.7412585133175902E-01   1.4481173571886728E+01   3.6433642349871778E+00
   8.1000000000000000E+02   8.6631674087326549E-01   1.4611709066188142E+01   3.6288181487412929E+00
   8.2000000000000000E+02   8.5864355380361501E-01   1.4742285225032530E+01   3.6137454352278171E+00
   8.3000000000000000E+02   8.5115366048572294E-01   1.4872012850869698E+01   3.5977580971834673E+00
   8.4000000000000000E+02   8.4379924360001657E-01   1.5001634894577911E+01   3.5840688436783972E+00
   8.5000000000000000E+02   8.3638428391593223E-01   1.5134631795736603E+01   3.5624271625863555E+00
   8.6000000000000000E+02   8.2932604853527425E-01   1.5263439752272598E+01   3.5499184665554235E+00
   8.7000000000000000E+02   8.2234234552724905E-01   1.5393063783785184E+01   3.5351955019712960E+00
   8.8000000000000000E+02   8.1553584567723592E-01   1.5521535005364131E+01   3.5226667132345533E+00
   8.9000000000000000E+02   8.0886615994625388E-01   1.5649521272653512E+01   3.5107954641131949E+00
   9.0000000000000000E+02   8.0212347618390545E-01   1.5781071808333703E+01   3.4908742275567057E+00
   9.1000000000000000E+02   7.9565419790405933E-01   1.5909384014002041E+01   3.4777134819273439E+00
   9.2000000000000000E+02   7.8933387037058456E-01   1.6036773096871517E+01   3.4661197960495311E+00
   9.3000000000000000E+02   7.8314444322371402E-01   1.6163516559859509E+01   3.4555938300083078E+00
   9.4000000000000000E+02   7.7690404676480296E-01   1.6293348232025114E+01   3.4382484785636613E+00
   9.5000000000000000E+02   7.7084681781221887E-01   1.6421379558567605E+01   3.4243496216223681E+00
   9.6000000000000000E+02   7.6496357604417142E-01   1.6547674390286950E+01   3.4137792458414671E+00
   9.7000000000000000E+02   7.5909039993199667E-01   1.6675705789379581E+01   3.3994222500661939E+00
   9.8000000000000000E+02   7.5332059352812530E-01   1.6803427764431422E+01   3.3852841792308856E+00
   9.9000000000000000E+02   7.4773913913753964E-01   1.6928855952904811E+01   3.3756481964297129E+00
   1.0000000000000000E+03   7.4211914084585628E-01   1.7057056583098824E+01   3.3600205166301418E+00
   1.1000000000000000E+03   6.9123812153179442E-01   1.8312601377883087E+01   3.2432163634861517E+00
   1.2000000000000000E+03   6.4741921874864017E-01   1.9552042649081532E+01   3.1347022973138756E+00
   1.3000000000000000E+03   6.0922824681502608E-01   2.0777710559195050E+01   3.0321745728734442E+00
   1.4000000000000000E+03   5.7565101707094168E-01   2.1989656582589646E+01   2.9373785655985225E+00
   1.5000000000000000E+03   5.4587385116293263E-01   2.3189182170644369E+01   2.8493254163614390E+00
   1.6000000000000000E+03   5.1923232998820668E-01   2.4379006170698130E+01   2.7647500468183259E+00
   1.7000000000000000E+03   4.9523416030776296E-01   2.5560369601608105E+01   2.6827726636636595E+00
   1.8000000000000000E+03   4.7359437416207695E-01   2.6728290848481272E+01   2.6111399019426429E+00
   1.9000000000000000E+03   4.5385318287621695E-01   2.7890887746094922E+01   2.5388290372476598E+00
   2.0000000000000000E+03   4.3585209798534336E-01   2.9042806574339647E+01   2.4735732417868332E+00
   2.1000000000000000E+03   4.1929179780663078E-01   3.0189877891783258E+01   2.3392353445636500E+00
   2.2000000000000000E+03   4.0403498656073800E-01   3.1329881316863492E+01   2.2490604678190058E+00
   2.3000000000000000E+03   3.8993649334060676E-01   3.2462640437583936E+01   2.1906745129512508E+00
   2.4000000000000000E+03   3.7685900663283944E-01   3.3589135337134358E+01   2.1222431445023711E+00
   2.4759989999999998E+03   3.6755264084280403E-01   3.4439917454335699E+01   2.0829006472370932E+00
   2.4760010000000002E+03   3.6755240227855390E-01   3.4439939790197919E+01   2.0828996354362359E+00
   2.5000000000000000E+03   3.6471291409844575E-01   3.4707759685722628E+01   2.0708447674633823E+00
   2.5269989999999998E+03   3.6157276294119151E-01   3.5009437834409049E+01   2.0566706785337936E+00
   2.5270010000000002E+03   3.6157253140362411E-01   3.5009460265123977E+01   2.0566695207642343E+00
   2.6000000000000000E+03   3.5336857195313409E-01   3.5821997714293872E+01   2.0200715750309808E+00
   2.6319989999999998E+03   3.4990914059037509E-01   3.6176430977060484E+01   2.0053292263288895E+00
   2.6320010000000002E+03   3.4990892504827753E-01   3.6176453270773678E+01   2.0053281364955771E+00
   2.7000000000000000E+03   3.4279022248430391E-01   3.6927448178274908E+01   1.9748345399584233E+00
   2.8000000000000000E+03   3.3285886638752987E-01   3.8029235375905522E+01   1.9296426590962328E+00
   2.8719989999999998E+03   3.2608258213617564E-01   3.8819763728460373E+01   1.8978064923809654E+00
   2.8720010000000002E+03   3.2608239722309812E-01   3.8819785731482206E+01   1.8978055346041993E+00
   2.9000000000000000E+03   3.2353597708307402E-01   3.9125071316437186E+01   1.8870292949238234E+00
   3.0000000000000000E+03   3.1476593474688475E-01   4.0215178262500139E+01   1.8467882310588264E+00
   3.1000000000000000E+03   3.0649967742888901E-01   4.1299776505459214E+01   1.8087112566603136E+00
   3.2000000000000000E+03   2.9869400445488498E-01   4.2379050091446992E+01   1.7726495704952978E+00
   3.3000000000000000E+03   2.9130866810670508E-01   4.3453455261316691E+01   1.7381808962860514E+00
   3.4000000000000000E+03   2.8431233644902693E-01   4.4522753866074048E+01   1.7055701664104668E+00
   3.5000000000000000E+03   2.7766928799560886E-01   4.5587930405211551E+01   1.6739516038919704E+00
   3.6000000000000000E+03   2.7135157679787630E-01   4.6649326037406418E+01   1.6430575341251865E+00
   3.7000000000000000E+03   2.6534497947953306E-01   4.7705323845348431E+01   1.6048588079961754E+00
   3.8000000000000000E+03   2.5961498892123269E-01   4.8758233218379445E+01   1.5762542578596219E+00
   3.9000000000000000E+03   2.5415568924988358E-01   4.9805566871898215E+01   1.5499775002160034E+00
   4.0000000000000000E+03   2.4893809014578941E-01   5.0849462890131214E+01   1.5089660640172264E+00
   4.1000000000000000E+03   2.4394813231642604E-01   5.1889588399837564E+01   1.4839877661991212E+00
   4.2000000000000000E+03   2.3917127539509550E-01   5.2925955075071833E+01   1.4599146483471523E+00
   4.3000000000000000E+03   2.3459516372402639E-01   5.3958350956030529E+01   1.4299578362070371E+00
   4.4000000000000000E+03   2.3020529555826202E-01   5.4987302295158486E+01   1.4076801682368711E+00
   4.5000000000000000E+03   2.2599164120607029E-01   5.6012550328204114E+01   1.3832117922484546E+00
   4.6000000000000000E+03   2.2194330335873044E-01   5.7034242463033628E+01   1.3626693424590499E+00
   4.7000000000000000E+03   2.1804992264823025E-01   5.8052614846507467E+01   1.3427637188901387E+00
   4.8000000000000000E+03   2.1430316644862557E-01   5.9067574159446771E+01   1.3236097063415742E+00
   4.9000000000000000E+03   2.1069458892187157E-01   6.0079227670637309E+01   1.3051293213986583E+00
   5.0000000000000000E+03   2.0721650179471429E-01   6.1087645371742049E+01   1.2872860293762962E+00
   5.1000000000000000E+03   2.0386178317926965E-01   6.2092894408154415E+01   1.2700458041011971E+00
   5.2000000000000000E+03   2.0062382560523101E-01   6.3095039378405751E+01   1.2533767868123531E+00
   5.3000000000000000E+03   1.9749658505794632E-01   6.4094111668282480E+01   1.2348962245457153E+00
   5.4000000000000000E+03   1.9447412857070043E-01   6.5090242439145584E+01   1.2192781271535236E+00
   5.5000000000000000E+03   1.9155111880295964E-01   6.6083499046693518E+01   1.2041001320612243E+00
   5.6000000000000000E+03   1.8872288479344668E-01   6.7073837869015094E+01   1.1894323076031694E+00
   5.7000000000000000E+03   1.8598464745037774E-01   6.8061360710893183E+01   1.1752050797047127E+00
   5.8000000000000000E+03   1.8333207425351075E-01   6.9046118789364300E+01   1.1613971381815875E+00
   5.9000000000000000E+03   1.8076110985207330E-01   7.0028161406883882E+01   1.1479885501313134E+00
   6.0000000000000000E+03   1.7826760144835446E-01   7.1007676515329621E+01   1.1348418760075807E+00
   6.1000000000000000E+03   1.7584869361442038E-01   7.1984431141491370E+01   1.1221771530291829E+00
   6.2000000000000000E+03   1.7350053835993479E-01   7.2958668004522821E+01   1.1098084819434315E+00
   6.3000000000000000E+03   1.7122027661302935E-01   7.3930310283386106E+01   1.0978216766509985E+00
   6.4000000000000000E+03   1.6900480241290197E-01   7.4899458453744558E+01   1.0861516014697856E+00
   6.5000000000000000E+03   1.6685132677577316E-01   7.5866152349029193E+01   1.0747845492651660E+00
   6.6000000000000000E+03   1.6475722058475670E-01   7.6830430447183730E+01   1.0637076257409259E+00
   6.7000000000000000E+03   1.6272000316271945E-01   7.7792329958045386E+01   1.0529086735119022E+00
   6.8000000000000000E+03   1.6073733194175571E-01   7.8751886844776706E+01   1.0423762484589498E+00
   6.9000000000000000E+03   1.5880699281735677E-01   7.9709135928080912E+01   1.0320995341330228E+00
   7.0000000000000000E+03   1.5692676022381813E-01   8.0664178364189468E+01   1.0220177031579540E+00
   7.1000000000000000E+03   1.5509491646493151E-01   8.1616912180810516E+01   1.0122227056984727E+00
   7.2000000000000000E+03   1.5330944966371890E-01   8.2567436022856555E+01   1.0026545094418715E+00
   7.3000000000000000E+03   1.5156857902630549E-01   8.3515780500993770E+01   9.9330449519525521E-01
   7.4000000000000000E+03   1.4987061488828873E-01   8.4461975326142579E+01   9.8416447812591845E-01
   7.5000000000000000E+03   1.4821395309372071E-01   8.5406049245607420E+01   9.7522674512423513E-01
   7.6000000000000000E+03   1.4659706938915509E-01   8.6348030213384988E+01   9.6648394356541245E-01
   7.7000000000000000E+03   1.4501852414924235E-01   8.7287939599918971E+01   9.5793287737643640E-01
   7.8000000000000000E+03   1.4347683342519332E-01   8.8225868069553826E+01   9.4952296825587057E-01
   7.9000000000000000E+03   1.4197091628978034E-01   8.9161699505912551E+01   9.4134434951727930E-01
   8.0000000000000000E+03   1.4049916004069826E-01   9.0095685790162165E+01   9.3324091059196435E-01
   8.1000000000000000E+03   1.3906034160029984E-01   9.1027880638984172E+01   9.2519322203382504E-01
   8.2000000000000000E+03   1.3765412902645713E-01   9.1957780462767815E+01   9.1752935649471801E-01
   8.3000000000000000E+03   1.3627890963461609E-01   9.2885745936384552E+01   9.1002710957977218E-01
   8.4000000000000000E+03   1.3493364652044218E-01   9.3811799378672674E+01   9.0268125977080793E-01
   8.5000000000000000E+03   1.3361678329662782E-01   9.4736363684994700E+01   8.9524234657438373E-01
   8.6000000000000000E+03   1.3232851129112663E-01   9.5658660807871357E+01   8.8819482999388333E-01
   8.7000000000000000E+03   1.3106735250853555E-01   9.6579109400902126E+01   8.8128940212885165E-01
   8.8000000000000000E+03   1.2983194257398209E-01   9.7498103516361880E+01   8.7430113862712866E-01
   8.9000000000000000E+03   1.2862222275473931E-01   9.8415094263654680E+01   8.6756294686611002E-01
   9.0000000000000000E+03   1.2743691555454270E-01   9.9330465758100587E+01   8.6085963174632418E-01
   9.1000000000000000E+03   1.2627592140899019E-01   1.0024372054122466E+02   8.5448247490245732E-01
   9.2000000000000000E+03   1.2513796588811069E-01   1.0115529757073611E+02   8.4818350616784866E-01
   9.3000000000000000E+03   1.2402183728470313E-01   1.0206563984171635E+02   8.4172285813551884E-01
   9.4000000000000000E+03   1.2292774908101067E-01   1.0297404997195923E+02   8.3550408019502487E-01
   9.5000000000000000E+03   1.2185521007996765E-01   1.0388040173662978E+02   8.2959661705813836E-01
   9.6000000000000000E+03   1.2080261197215515E-01   1.0478555033003919E+02   8.2353405872506635E-01
   9.7000000000000000E+03   1.1977025929793636E-01   1.0568874319057738E+02   8.1773725400719122E-01
   9.8000000000000000E+03   1.1875704411829877E-01   1.0659046181882852E+02   8.1195091192106239E-01
   9.9000000000000000E+03   1.1776302326634745E-01   1.0749017667607535E+02   8.0646237920238684E-01
   1.0000000000000000E+04   1.1678650692936589E-01   1.0838896127327806E+02   8.0070436616108132E-01
   1.1000000000000000E+04   1.0792587135042356E-01   1.1728761619823401E+02   7.4977802527755477E-01
   1.2000000000000000E+04   1.0043117955731767E-01   1.2604022209640711E+02   7.0575334246028354E-01
   1.3000000000000000E+04   9.4004317237281546E-02   1.3465730669429536E+02   6.6734606597137214E-01
   1.4000000000000000E+04   8.8428568304698321E-02   1.4314794889804750E+02   6.3348559947617367E-01
   1.5000000000000000E+04   8.3542761168889132E-02   1.5151962898638746E+02   6.0345071037332998E-01
   1.6000000000000000E+04   7.9224269888611920E-02   1.5977891869001667E+02   5.7662775426266266E-01
   1.7000000000000000E+04   7.5378101414498244E-02   1.6793163981672990E+02   5.5249969864744763E-01
   1.8000000000000000E+04   7.1929314291253113E-02   1.7598344015282467E+02   5.3048317190097394E-01
   1.9000000000000000E+04   6.8818588612879081E-02   1.8393821250846614E+02   5.1047074951534610E-01
   2.0000000000000000E+04   6.5997753276742718E-02   1.9179998633785621E+02   4.9219371755431429E-01
   2.0005999000000000E+04   6.5981659087631164E-02   1.9184687256524290E+02   4.9208567814100557E-01
   2.0006001000000000E+04   6.5981653723186706E-02   1.9184688819676921E+02   4.9208564212794043E-01
   2.1000000000000000E+04   6.3427481347987896E-02   1.9957229749293867E+02   4.7545901403150692E-01
   2.2000000000000000E+04   6.1075186510528595E-02   2.0725877234327095E+02   4.5998242216550245E-01
   2.3000000000000000E+04   5.8913777462782466E-02   2.1486261316048035E+02   4.4555889473421550E-01
   2.4000000000000000E+04   5.6920832783472056E-02   2.2238550558388934E+02   4.3234381893815671E-01
   2.5000000000000000E+04   5.5076849607850441E-02   2.2983101370061266E+02   4.1994472819237344E-01
   2.6000000000000000E+04   5.3365546392535990E-02   2.3720113504879109E+02   4.0484518633495836E-01
   2.7000000000000000E+04   5.1773025832551132E-02   2.4449736080230787E+02   3.9017515165804861E-01
   2.8000000000000000E+04   5.0287091604767943E-02   2.5172201797425609E+02   3.7821005295923887E-01
   2.9000000000000000E+04   4.8897228568938786E-02   2.5887700688315681E+02   3.6871102149703266E-01
   3.0000000000000000E+04   4.7594259087990261E-02   2.6596418180197327E+02   3.5898279199766553E-01
   3.1000000000000000E+04   4.6370176794417878E-02   2.7298511784695836E+02   3.5055819537507449E-01
   3.2000000000000000E+04   4.5217919489849552E-02   2.7994141083050022E+02   3.4260551651777960E-01
   3.3000000000000000E+04   4.4131262635955515E-02   2.8683448921978442E+02   3.3509507670225314E-01
   3.4000000000000000E+04   4.3104673947865345E-02   2.9366579114178251E+02   3.2797307818362020E-01
   3.5000000000000000E+04   4.2133243189854300E-02   3.0043659634197343E+02   3.2121733219624093E-01
   3.6000000000000000E+04   4.1212581996096932E-02   3.0714814660259043E+02   3.1479976335699839E-01
   3.7000000000000000E+04   4.0338764341745971E-02   3.1380158473789703E+02   3.0870609356362022E-01
   3.8000000000000000E+04   3.9508248393124279E-02   3.2039811157539003E+02   3.0289194089788052E-01
   3.9000000000000000E+04   3.8717856375819371E-02   3.2693876577098007E+02   2.9734730432637735E-01
   4.0000000000000000E+04   3.7964712638704726E-02   3.3342457500661681E+02   2.9205350633923621E-01
   4.1000000000000000E+04   3.7246217150495232E-02   3.3985647792530659E+02   2.8700537242026714E-01
   4.2000000000000000E+04   3.6559994349000535E-02   3.4623550693066528E+02   2.8216403756373082E-01
   4.3000000000000000E+04   3.5903895897606210E-02   3.5256252449340519E+02   2.7752695734691535E-01
   4.4000000000000000E+04   3.5275957451326681E-02   3.5883840131835723E+02   2.7308122227627168E-01
   4.5000000000000000E+04   3.4674387989823363E-02   3.6506392500780640E+02   2.6882711064977899E-01
   4.6000000000000000E+04   3.4097532848725867E-02   3.7124000240625816E+02   2.6472960064207335E-01
   4.7000000000000000E+04   3.3543886962000204E-02   3.7736736327392060E+02   2.6079071234481976E-01
   4.8000000000000000E+04   3.3012061959589348E-02   3.8344675931796667E+02   2.5700123576340372E-01
   4.9000000000000000E+04   3.2500783385628451E-02   3.8947886352812878E+02   2.5336466630612786E-01
   5.0000000000000000E+04   3.2008862157354712E-02   3.9546448463491942E+02   2.4984911896197701E-01
   5.1000000000000000E+04   3.1535212109529927E-02   4.0140425036123685E+02   2.4645932032603118E-01
   5.2000000000000000E+04   3.1078823617399977E-02   4.0729881969282354E+02   2.4318852137138755E-01
   5.3000000000000000E+04   3.0638764752423379E-02   4.1314877669169869E+02   2.4004203651907963E-01
   5.4000000000000000E+04   3.0214158300829963E-02   4.1895485059601157E+02   2.3699077864437132E-01
   5.5000000000000000E+04   2.9804200480815706E-02   4.2471758921888767E+02   2.3404097939208676E-01
   5.6000000000000000E+04   2.9408139157288526E-02   4.3043757747151449E+02   2.3118757682753333E-01
   5.7000000000000000E+04   2.9025276868416362E-02   4.3611532920750761E+02   2.2843683207837076E-01
   5.8000000000000000E+04   2.8654951852503607E-02   4.4175150745201779E+02   2.2576222753077077E-01
   5.9000000000000000E+04   2.8296556365607864E-02   4.4734659628737239E+02   2.2317073404432786E-01
   6.0000000000000000E+04   2.7949518357316974E-02   4.5290112033342405E+02   2.2065847782694664E-01
   6.1000000000000000E+04   2.7613305302717467E-02   4.5841553693185466E+02   2.1823212635864989E-01
   6.2000000000000000E+04   2.7287408320838244E-02   4.6389045188808916E+02   2.1586772684719513E-01
   6.3000000000000000E+04   2.6971359255223995E-02   4.6932629746336204E+02   2.1357250687345211E-01
   6.4000000000000000E+04   2.6664715104271791E-02   4.7472354860377027E+02   2.1134344450369763E-01
   6.5000000000000000E+04   2.6367059256229543E-02   4.8008266882541199E+02   2.0917769334766806E-01
   6.6000000000000000E+04   2.6078002668993495E-02   4.8540405250664139E+02   2.0708313756348776E-01
   6.7000000000000000E+04   2.5797169482105538E-02   4.9068825886456500E+02   2.0503613106737378E-01
   6.8000000000000000E+04   2.5524214382806179E-02   4.9593566277736198E+02   2.0304482012827199E-01
   6.9000000000000000E+04   2.5258808418361013E-02   5.0114668780681257E+02   2.0110694351400077E-01
   7.0000000000000000E+04   2.5000640838843687E-02   5.0632174824659120E+02   1.9922036150346600E-01
   7.1000000000000000E+04   2.4749417847575169E-02   5.1146124950363901E+02   1.9738304836769002E-01
   7.2000000000000000E+04   2.4504861434586654E-02   5.1656558885667414E+02   1.9559308436955619E-01
   7.3000000000000000E+04   2.4266708346252341E-02   5.2163515529964207E+02   1.9384864914364361E-01
   7.4000000000000000E+04   2.4034709109714596E-02   5.2667032993929888E+02   1.9214801554230546E-01
   7.5000000000000000E+04   2.3808627132534711E-02   5.3167148640463529E+02   1.9048954291472653E-01
   7.6000000000000000E+04   2.3588235059556838E-02   5.3663905522596053E+02   1.8886108928599007E-01
   7.7000000000000000E+04   2.3373325334921938E-02   5.4157326762126024E+02   1.8728235991093356E-01
   7.8000000000000000E+04   2.3163692455197553E-02   5.4647453989867347E+02   1.8574134343192683E-01
   7.9000000000000000E+04   2.2959143714821172E-02   5.5134321793703941E+02   1.8423669697830136E-01
   8.0000000000000000E+04   2.2759495740171179E-02   5.5617964129433972E+02   1.8276714094344659E-01
   8.1000000000000000E+04   2.2564573932053671E-02   5.6098414332684820E+02   1.8133145576589307E-01
   8.2000000000000000E+04   2.2374211946165852E-02   5.6575705134399857E+02   1.7992847805598428E-01
   8.3000000000000000E+04   2.2188248625104417E-02   5.7049875322229889E+02   1.7854673583058381E-01
   8.4000000000000000E+04   2.2006537902112815E-02   5.7520943244748855E+02   1.7720593029429993E-01
   8.5000000000000000E+04   2.1828932795217679E-02   5.7988946576360695E+02   1.7589465110265345E-01
   8.6000000000000000E+04   2.1655295454161456E-02   5.8453915826744935E+02   1.7461192995599401E-01
   8.7000000000000000E+04   2.1485494161453192E-02   5.8915881020407949E+02   1.7335684055726233E-01
   8.8000000000000000E+04   2.1319400607809836E-02   5.9374878354560201E+02   1.7211835390100044E-01
   8.9000000000000000E+04   2.1156899219689444E-02   5.9830923451334877E+02   1.7091595309825403E-01
   9.0000000000000000E+04   2.0997872310884333E-02   6.0284051590536365E+02   1.6973863840592626E-01
   9.1000000000000000E+04   2.0842207258177040E-02   6.0734297572260209E+02   1.6857563720833646E-01
   9.2000000000000000E+04   2.0689803046936073E-02   6.1181675572706922E+02   1.6744623902691708E-01
   9.3000000000000000E+04   2.0540556057828948E-02   6.1626219568597185E+02   1.6633968651885128E-01
   9.4000000000000000E+04   2.0394369211125002E-02   6.2067956335238841E+02   1.6525529238336234E-01
   9.5000000000000000E+04   2.0251147199855189E-02   6.2506919000119535E+02   1.6418260967306872E-01
   9.6000000000000000E+04   2.0110805070655425E-02   6.2943120040872213E+02   1.6314063098253759E-01
   9.7000000000000000E+04   1.9973254812985609E-02   6.3376591824075774E+02   1.6211890957649125E-01
   9.8000000000000000E+04   1.9838411959513393E-02   6.3807366248074175E+02   1.6110723388630122E-01
   9.9000000000000000E+04   1.9706201562992055E-02   6.4235454693514760E+02   1.6012434694504818E-01
   1.0000000000000000E+05   1.9576543375782334E-02   6.4660895101981168E+02   1.5915051212148598E-01
   1.1000000000000000E+05   1.8405643118363083E-02   6.8774386721534108E+02   1.5038764534177840E-01
   1.2000000000000000E+05   1.7424507201804804E-02   7.2646922120685997E+02   1.4301686456667140E-01
   1.3000000000000000E+05   1.6590671276003818E-02   7.6298107329250070E+02   1.3672476499321864E-01
   1.4000000000000000E+05   1.5873505532786245E-02   7.9745259487030023E+02   1.3129098646252299E-01
   1.5000000000000000E+05   1.5250349346805216E-02   8.3003791512882617E+02   1.2655876377962458E-01
   1.6000000000000000E+05   1.4704068927748188E-02   8.6087519305086585E+02   1.2240253967850090E-01
   1.7000000000000000E+05   1.4221464666235955E-02   8.9008892360162179E+02   1.1871882615811581E-01
   1.8000000000000000E+05   1.3792202550497332E-02   9.1779163846111089E+02   1.1543817122081669E-01
   1.9000000000000000E+05   1.3408073291973762E-02   9.4408554466851808E+02   1.1250526376012565E-01
   2.0000000000000000E+05   1.3062469074618359E-02   9.6906397285983951E+02   1.0985374016179150E-01
   2.1000000000000000E+05   1.2750017789325262E-02   9.9281180512598701E+02   1.0728329371128653E-01
   2.2000000000000000E+05   1.2466299068685164E-02   1.0154070672510791E+03   1.0511772148304602E-01
   2.3000000000000000E+05   1.2207641843146237E-02   1.0369216544401879E+03   1.0314347273558522E-01
   2.4000000000000000E+05   1.1970975872079761E-02   1.0574215763254458E+03   1.0133743635854649E-01
   2.5000000000000000E+05   1.1753711884229707E-02   1.0769677104126192E+03   9.9680073096901300E-02
   2.6000000000000000E+05   1.1553650645162566E-02   1.0956163177833694E+03   9.8154749127459417E-02
   2.7000000000000000E+05   1.1368912110752678E-02   1.1134194770347656E+03   9.6747214193010841E-02
   2.8000000000000000E+05   1.1197879475800622E-02   1.1304254706584450E+03   9.5445188528984481E-02
   2.9000000000000000E+05   1.1039154601583119E-02   1.1466791283993005E+03   9.4238032996799101E-02
   3.0000000000000000E+05   1.0891522270280502E-02   1.1622221267773668E+03   9.3116483593410071E-02
   3.1000000000000000E+05   1.0753921115382431E-02   1.1770932705375628E+03   9.2072435761737154E-02
   3.2000000000000000E+05   1.0625420042465467E-02   1.1913287311200997E+03   9.1098768370973610E-02
   3.3000000000000000E+05   1.0505198913712800E-02   1.2049622554300283E+03   9.0189198989435282E-02
   3.4000000000000000E+05   1.0392532345277650E-02   1.2180253817117443E+03   8.9338163566069703E-02
   3.5000000000000000E+05   1.0286776563910818E-02   1.2305475965345561E+03   8.8540716892225466E-02
   3.6000000000000000E+05   1.0187358116601111E-02   1.2425565128785097E+03   8.7792448632043621E-02
   3.7000000000000000E+05   1.0093764579119683E-02   1.2540780080203183E+03   8.7089413037071434E-02
   3.8000000000000000E+05   1.0005536771010714E-02   1.2651363406592895E+03   8.6428069620264392E-02
   3.9000000000000000E+05   9.9222618269667138E-03   1.2757542985214882E+03   8.5805232083692839E-02
   4.0000000000000000E+05   9.8435676557852101E-03   1.2859532863949942E+03   8.5218025469042114E-02
   4.1000000000000000E+05   9.7691179606471650E-03   1.2957534372908619E+03   8.4663848947104964E-02
   4.2000000000000000E+05   9.6986081028619508E-03   1.3051736952927417E+03   8.4140344095002484E-02
   4.3000000000000000E+05   9.6317613796173158E-03   1.3142319123058876E+03   8.3645367181996749E-02
   4.4000000000000000E+05   9.5683260394843640E-03   1.3229449043200266E+03   8.3176965631022781E-02
   4.5000000000000000E+05   9.5080724886442668E-03   1.3313285307749466E+03   8.2733357145323205E-02
   4.6000000000000000E+05   9.4507907374793421E-03   1.3393977846328467E+03   8.2312911250085968E-02
   4.7000000000000000E+05   9.3962887510914278E-03   1.3471667923506632E+03   8.1914134325812571E-02
   4.8000000000000000E+05   9.3443900798463320E-03   1.3546489464421657E+03   8.1535654598171137E-02
   4.9000000000000000E+05   9.2949327772756003E-03   1.3618568826829858E+03   8.1176210953896141E-02
   5.0000000000000000E+05   9.2477676980024445E-03   1.3688025683801206E+03   8.0834641561059864E-02
   5.1000000000000000E+05   9.2027572411466241E-03   1.3754973477091612E+03   8.0509874293943767E-02
   5.2000000000000000E+05   9.1597744871388283E-03   1.3819519459329465E+03   8.0200918755312683E-02
   5.3000000000000000E+05   9.1187018820812621E-03   1.3881765563235301E+03   7.9906858068500619E-02
   5.4000000000000000E+05   9.0794306320597443E-03   1.3941808346562370E+03   7.9626842706200768E-02
   5.5000000000000000E+05   9.0418598344755591E-03   1.3999739443586127E+03   7.9360084319854252E-02
   5.6000000000000000E+05   9.0058957105904214E-03   1.4055645971919189E+03   7.9105850229701430E-02
   5.7000000000000000E+05   8.9714511458410078E-03   1.4109610553557586E+03   7.8863458952677656E-02
   5.8000000000000000E+05   8.9384448840986990E-03   1.4161711954310333E+03   7.8632275382678599E-02
   5.9000000000000000E+05   8.9068013806020592E-03   1.4212024761635375E+03   7.8411707624119711E-02
   6.0000000000000000E+05   8.8764498541133215E-03   1.4260620388614720E+03   7.8201202483622098E-02
   6.1000000000000000E+05   8.8473243399458754E-03   1.4307566548290347E+03   7.8000243240052905E-02
   6.2000000000000000E+05   8.8193632414807592E-03   1.4352927564284262E+03   7.7808346617833438E-02
   6.3000000000000000E+05   8.7925086779724517E-03   1.4396765064925103E+03   7.7625059549434772E-02
   6.4000000000000000E+05   8.7667065572290901E-03   1.4439137541760510E+03   7.7449957575860789E-02
   6.5000000000000000E+05   8.7419059591001373E-03   1.4480101062665135E+03   7.7282642016557657E-02
   6.6000000000000000E+05   8.7180591215008790E-03   1.4519709032013568E+03   7.7122738496046159E-02
   6.7000000000000000E+05   8.6951214031187468E-03   1.4558012004603161E+03   7.6969895549013997E-02
   6.8000000000000000E+05   8.6730504450353903E-03   1.4595058863118147E+03   7.6823781725705767E-02
   6.9000000000000000E+05   8.6518065524161750E-03   1.4630895987004446E+03   7.6684085259078896E-02
   7.0000000000000000E+05   8.6313522645841204E-03   1.4665567791443129E+03   7.6550512186483857E-02
   7.1000000000000000E+05   8.6116523270941860E-03   1.4699116610853412E+03   7.6422785376862964E-02
   7.2000000000000000E+05   8.5926732828030660E-03   1.4731583245626555E+03   7.6300642844938010E-02
   7.3000000000000000E+05   8.5743838712906521E-03   1.4763006143440912E+03   7.6183837787307196E-02
   7.4000000000000000E+05   8.5567541135367128E-03   1.4793422843345500E+03   7.6072136006084798E-02
   7.5000000000000000E+05   8.5397559385632683E-03   1.4822868789079359E+03   7.5965316522771151E-02
   7.6000000000000000E+05   8.5233627925536525E-03   1.4851377894963371E+03   7.5863170172504601E-02
   7.7000000000000000E+05   8.5075492210213606E-03   1.4878983180644798E+03   7.5765498195563385E-02
   7.8000000000000000E+05   8.4922916267011275E-03   1.4905715363104723E+03   7.5672113253774653E-02
   7.9000000000000000E+05   8.4775668779390571E-03   1.4931605210628284E+03   7.5582836135586418E-02
   8.0000000000000000E+05   8.4633539647942704E-03   1.4956680565960662E+03   7.5497498649622241E-02
   8.1000000000000000E+05   8.4496318760676117E-03   1.4980970014399677E+03   7.5415938928893977E-02
   8.2000000000000000E+05   8.4363815286634634E-03   1.5004499421701548E+03   7.5338004946956083E-02
   8.3000000000000000E+05   8.4235843877625439E-03   1.5027294313330610E+03   7.5263551364904271E-02
   8.4000000000000000E+05   8.4112228987380418E-03   1.5049379060811273E+03   7.5192440081610551E-02
   8.5000000000000000E+05   8.3992803104843555E-03   1.5070777148617985E+03   7.5124539564008080E-02
   8.6000000000000000E+05   8.3877405294175231E-03   1.5091511393816929E+03   7.5059724268712408E-02
   8.7000000000000000E+05   8.3765886012484858E-03   1.5111603039597524E+03   7.4997875341241305E-02
   8.8000000000000000E+05   8.3658098444720670E-03   1.5131073275796261E+03   7.4938878626750416E-02
   8.9000000000000000E+05   8.3553906090809218E-03   1.5149941838806333E+03   7.4882625962685176E-02
   9.0000000000000000E+05   8.3453176795006499E-03   1.5168228056677031E+03   7.4829013753871812E-02
   9.1000000000000000E+05   8.3355783760125420E-03   1.5185950639293003E+03   7.4777942985240459E-02
   9.2000000000000000E+05   8.3261607686360550E-03   1.5203127261836526E+03   7.4729319448247136E-02
   9.3000000000000000E+05   8.3170534355558740E-03   1.5219774977870431E+03   7.4683053087789747E-02
   9.4000000000000000E+05   8.3082452699404716E-03   1.5235910550940148E+03   7.4639057435659045E-02
   9.5000000000000000E+05   8.2997257770105384E-03   1.5251549890805973E+03   7.4597250069181789E-02
   9.6000000000000000E+05   8.2914850334839044E-03   1.5266708105592136E+03   7.4557552363988103E-02
   9.7000000000000000E+05   8.2835132796323981E-03   1.5281400233802976E+03   7.4519888543468138E-02
   9.8000000000000000E+05   8.2758014131494063E-03   1.5295640319130421E+03   7.4484186554422127E-02
   9.9000000000000000E+05   8.2683405367638754E-03   1.5309442227887223E+03   7.4450377004278256E-02
   1.0000000000000000E+06   8.2611221805429461E-03   1.5322819224998455E+03   7.4418393532974650E-02
   1.1000000000000000E+06   8.2006463101355447E-03   1.5435817736906197E+03   7.4186202437715495E-02
   1.2000000000000000E+06   8.1572530388530316E-03   1.5517930014573039E+03   7.4080475537033411E-02
   1.3000000000000000E+06   8.1264354655422536E-03   1.5576778072603322E+03   7.4066048870612078E-02
   1.4000000000000000E+06   8.1050429832411758E-03   1.5617891481861611E+03   7.4118458062974762E-02
   1.5000000000000000E+06   8.0908196303191189E-03   1.5645347140570464E+03   7.4220287716662864E-02
   1.6000000000000000E+06   8.0821157919761123E-03   1.5662196017255319E+03   7.4358897471729246E-02
   1.7000000000000000E+06   8.0777050327415553E-03   1.5670748220565115E+03   7.4524964459851240E-02
   1.8000000000000000E+06   8.0766597806424534E-03   1.5672776272125650E+03   7.4711513263028329E-02
   1.9000000000000000E+06   8.0782708823773329E-03   1.5669650549132441E+03   7.4913266553942676E-02
   2.0000000000000000E+06   8.0819882723364208E-03   1.5662443139315585E+03   7.5126188521860010E-02
   2.1000000000000000E+06   8.0873819526892897E-03   1.5651997458335925E+03   7.5347168797831376E-02
   2.2000000000000000E+06   8.0941132911625281E-03   1.5638980727672003E+03   7.5573794548151219E-02
   2.3000000000000000E+06   8.1019112600107506E-03   1.5623928441783087E+03   7.5804178923705362E-02
   2.4000000000000000E+06   8.1105597723632843E-03   1.5607268218331642E+03   7.6036844461116124E-02
   2.5000000000000000E+06   8.1198835961816766E-03   1.5589346850687582E+03   7.6270626921471879E-02
   2.6000000000000000E+06   8.1297412381914989E-03   1.5570444133378560E+03   7.6504609738850052E-02
   2.7000000000000000E+06   8.1400162563295270E-03   1.5550789799670913E+03   7.6738067568989460E-02
   2.8000000000000000E+06   8.1506146594626377E-03   1.5530568804540947E+03   7.6970431369383058E-02
   2.9000000000000000E+06   8.1614587104128153E-03   1.5509933488554259E+03   7.7201252624740910E-02
   3.0000000000000000E+06   8.1724842997516096E-03   1.5489008865019407E+03   7.7430180233424781E-02
   3.1000000000000000E+06   8.1836392144453811E-03   1.5467896182989703E+03   7.7656942777916557E-02
   3.2000000000000000E+06   8.1948781079452214E-03   1.5446682684072784E+03   7.7881327258220404E-02
   3.3000000000000000E+06   8.2061644628935813E-03   1.5425438076517642E+03   7.8103174297473640E-02
   3.4000000000000000E+06   8.2174681615610513E-03   1.5404219314192974E+03   7.8322366103322549E-02
   3.5000000000000000E+06   8.2287673449665446E-03   1.5383067288384882E+03   7.8538824635810273E-02
   3.6000000000000000E+06   8.2400342064023330E-03   1.5362033530119538E+03   7.8752478241453039E-02
   3.7000000000000000E+06   8.2512595596178611E-03   1.5341134387238576E+03   7.8963307876961653E-02
   3.8000000000000000E+06   8.2624261746357761E-03   1.5320400944298256E+03   7.9171289925433930E-02
   3.9000000000000000E+06   8.2735195144139888E-03   1.5299858971451338E+03   7.9376415791983235E-02
   4.0000000000000000E+06   8.2845334188573101E-03   1.5279518515786779E+03   7.9578701241888039E-02
   4.1000000000000000E+06   8.2954569904424170E-03   1.5259398236158365E+03   7.9778158327580118E-02
   4.2000000000000000E+06   8.3062883135505260E-03   1.5239500122043844E+03   7.9974821812722197E-02
   4.3000000000000000E+06   8.3170172688527139E-03   1.5219841161342940E+03   8.0168713411005246E-02
   4.4000000000000000E+06   8.3276438443267969E-03   1.5200419726681710E+03   8.0359877869613350E-02
   4.5000000000000000E+06   8.3381616718287282E-03   1.5181245788956044E+03   8.0548348912819465E-02
   4.6000000000000000E+06   8.3485676388598933E-03   1.5162323316263059E+03   8.0734168271692691E-02
   4.7000000000000000E+06   8.3588647525115606E-03   1.5143645161868469E+03   8.0917390828235555E-02
   4.8000000000000000E+06   8.3690522708743994E-03   1.5125211035975417E+03   8.1098064214135984E-02
   4.9000000000000000E+06   8.3791244002163392E-03   1.5107029770893050E+03   8.1276226084454548E-02
   5.0000000000000000E+06   8.3890798560184564E-03   1.5089102016029979E+03   8.1451923029237205E-02
   5.1000000000000000E+06   8.3989262755776069E-03   1.5071412418056882E+03   8.1625219286472275E-02
   5.2000000000000000E+06   8.4086553721008390E-03   1.5053974287979247E+03   8.1796146409379794E-02
   5.3000000000000000E+06   8.4182741191992060E-03   1.5036773568514536E+03   8.1964766140091516E-02
   5.4000000000000000E+06   8.4277823690849310E-03   1.5019809034512214E+03   8.2131124937648570E-02
   5.5000000000000000E+06   8.4371784653623424E-03   1.5003082166361207E+03   8.2295265539260642E-02
   5.6000000000000000E+06   8.4464687928551656E-03   1.4986580175985641E+03   8.2457245964689049E-02
   5.7000000000000000E+06   8.4556453967634081E-03   1.4970315786484780E+03   8.2617094250659634E-02
   5.8000000000000000E+06   8.4647203412974905E-03   1.4954266256205883E+03   8.2774878026650622E-02
   5.9000000000000000E+06   8.4736869308550712E-03   1.4938442121003775E+03   8.2930625613734280E-02
   6.0000000000000000E+06   8.4825496662817093E-03   1.4922834141632798E+03   8.3084387543720051E-02
   6.1000000000000000E+06   8.4913133714487037E-03   1.4907432599733170E+03   8.3236213435966211E-02
   6.2000000000000000E+06   8.4999692798341901E-03   1.4892251677708871E+03   8.3386124719261226E-02
   6.3000000000000000E+06   8.5085257755267464E-03   1.4877275465531284E+03   8.3534176292594436E-02
   6.4000000000000000E+06   8.5169898243266928E-03   1.4862490666189285E+03   8.3680419328669486E-02
   6.5000000000000000E+06   8.5253560912668721E-03   1.4847905520070092E+03   8.3824878894745367E-02
   6.6000000000000000E+06   8.5336210545633832E-03   1.4833525060313468E+03   8.3967583042788008E-02
   6.7000000000000000E+06   8.5417939349917132E-03   1.4819332183785280E+03   8.4108584621659543E-02
   6.8000000000000000E+06   8.5498870649708229E-03   1.4805304538664868E+03   8.4247941520779454E-02
   6.9000000000000000E+06   8.5578775767856559E-03   1.4791480788584674E+03   8.4385639648658195E-02
   7.0000000000000000E+06   8.5657817202687940E-03   1.4777831831571864E+03   8.4521743331750110E-02
   7.1000000000000000E+06   8.5735993558026385E-03   1.4764357012135440E+03   8.4656282566883262E-02
   7.2000000000000000E+06   8.5813360304744287E-03   1.4751045911563760E+03   8.4789298264398905E-02
   7.3000000000000000E+06   8.5889795605333941E-03   1.4737918617217372E+03   8.4920794506135433E-02
   7.4000000000000000E+06   8.5965502846707866E-03   1.4724939374088970E+03   8.5050840311787140E-02
   7.5000000000000000E+06   8.6040344691092393E-03   1.4712130945378417E+03   8.5179435197492881E-02
   7.6000000000000000E+06   8.6114372817679280E-03   1.4699483678071563E+03   8.5306615969071936E-02
   7.7000000000000000E+06   8.6187671426401682E-03   1.4686982450405137E+03   8.5432425219679115E-02
   7.8000000000000000E+06   8.6260230275389815E-03   1.4674628315268840E+03   8.5556885949451239E-02
   7.9000000000000000E+06   8.6331965155559739E-03   1.4662434886081430E+03   8.5680005388297967E-02
   8.0000000000000000E+06   8.6402923849531171E-03   1.4650393311750347E+03   8.5801816846364398E-02
   8.1000000000000000E+06   8.6473238173625719E-03   1.4638480579844013E+03   8.5922369574514920E-02
   8.2000000000000000E+06   8.6542766499812553E-03   1.4626720046944511E+03   8.6041657453358331E-02
   8.3000000000000000E+06   8.6611710312344131E-03   1.4615077027297029E+03   8.6159743309479356E-02
   8.4000000000000000E+06   8.6679867628474926E-03   1.4603585034375499E+03   8.6276606716223878E-02
   8.5000000000000000E+06   8.6747304090854672E-03   1.4592232357504429E+03   8.6392282127174508E-02
   8.6000000000000000E+06   8.6814211264268203E-03   1.4580986214659661E+03   8.6506827776230269E-02
   8.7000000000000000E+06   8.6880373658424406E-03   1.4569882291915112E+03   8.6620219825105649E-02
   8.8000000000000000E+06   8.6945937430577477E-03   1.4558895505515263E+03   8.6732506634437809E-02
   8.9000000000000000E+06   8.7010816594272292E-03   1.4548039740661081E+03   8.6843689328188797E-02
   9.0000000000000000E+06   8.7075046637975061E-03   1.4537308523574086E+03   8.6953792884066794E-02
   9.1000000000000000E+06   8.7138834652865406E-03   1.4526666815359129E+03   8.7062876947359341E-02
   9.2000000000000000E+06   8.7201930656548767E-03   1.4516155871209291E+03   8.7170907734519937E-02
   9.3000000000000000E+06   8.7264283990045287E-03   1.4505783578368064E+03   8.7277891466362612E-02
   9.4000000000000000E+06   8.7326170993156840E-03   1.4495503504671478E+03   8.7383900869160105E-02
   9.5000000000000000E+06   8.7387478577018313E-03   1.4485334035186859E+03   8.7488927890548587E-02
   9.6000000000000000E+06   8.7448334367047978E-03   1.4475253609379608E+03   8.7593014037153111E-02
   9.7000000000000000E+06   8.7508555494018123E-03   1.4465292113836520E+03   8.7696137368348581E-02
   9.8000000000000000E+06   8.7568208486390429E-03   1.4455438104315886E+03   8.7798326243678573E-02
   9.9000000000000000E+06   8.7627368324406842E-03   1.4445678808869038E+03   8.7899609511786547E-02
   1.0000000000000000E+07   8.7685947409933199E-03   1.4436028292686838E+03   8.7999983228162659E-02
   1.1000000000000000E+07   8.8245158611713302E-03   1.4344546914473151E+03   8.8957614312308669E-02
   1.2000000000000000E+07   8.8760158898458872E-03   1.4261317615811799E+03   8.9840127491205249E-02
   1.3000000000000000E+07   8.9237471954092054E-03   1.4185036733582638E+03   9.0658290092807958E-02
   1.4000000000000000E+07   8.9681733831732044E-03   1.4114767451484702E+03   9.1420634376824031E-02
   1.5000000000000000E+07   9.0097049623578951E-03   1.4049703325130511E+03   9.2134176425686304E-02
   1.6000000000000000E+07   9.0487371715265146E-03   1.3989099182414425E+03   9.2804817140947640E-02
   1.7000000000000000E+07   9.0854886851274089E-03   1.3932512180142510E+03   9.3437251314297226E-02
   1.8000000000000000E+07   9.1202225879561827E-03   1.3879450917705249E+03   9.4035589124881080E-02
   1.9000000000000000E+07   9.1531642064924153E-03   1.3829499713148127E+03   9.4603329254644333E-02
   2.0000000000000000E+07   9.1844775769989867E-03   1.3782349698919468E+03   9.5143406648237672E-02
   2.1000000000000000E+07   9.2143034907108349E-03   1.3737737409636736E+03   9.5658354071957857E-02
   2.2000000000000000E+07   9.2428496160436094E-03   1.3695309025515508E+03   9.6150542097173775E-02
   2.3000000000000000E+07   9.2700235465429728E-03   1.3655162916526881E+03   9.6621490984488023E-02
   2.4000000000000000E+07   9.2961245651739105E-03   1.3616822890078872E+03   9.7072687259842888E-02
   2.5000000000000000E+07   9.3212614142064634E-03   1.3580102106691199E+03   9.7505711056254024E-02
   2.6000000000000000E+07   9.3452817178491104E-03   1.3545196987086529E+03   9.7922058783939031E-02
   2.7000000000000000E+07   9.3684749128736602E-03   1.3511663632053924E+03   9.8323357422470670E-02
   2.8000000000000000E+07   9.3908400175917086E-03   1.3479484426415254E+03   9.8710541933705195E-02
   2.9000000000000000E+07   9.4124337469411873E-03   1.3448560188720714E+03   9.9084568226292608E-02
   3.0000000000000000E+07   9.4333071672842994E-03   1.3418802072627307E+03   9.9446298741405259E-02
   3.1000000000000000E+07   9.4535064095712541E-03   1.3390130210302102E+03   9.9796512479982571E-02
   3.2000000000000000E+07   9.4730734810389260E-03   1.3362472276970236E+03   1.0013592007586986E-01
   3.3000000000000000E+07   9.4920463615905948E-03   1.3335763116402732E+03   1.0046516264981234E-01
   3.4000000000000000E+07   9.5104601355510947E-03   1.3309942943233791E+03   1.0078483537325883E-01
   3.5000000000000000E+07   9.5283463375174481E-03   1.3284958090751475E+03   1.0109547220814115E-01
   3.6000000000000000E+07   9.5457344937729827E-03   1.3260758703341221E+03   1.0139757281825415E-01
   3.7000000000000000E+07   9.5626512379710336E-03   1.3237299846872027E+03   1.0169158952507201E-01
   3.8000000000000000E+07   9.5791215025355682E-03   1.3214539739847567E+03   1.0197794577775157E-01
   3.9000000000000000E+07   9.5951679857992703E-03   1.3192440398690976E+03   1.0225702595521016E-01
   4.0000000000000000E+07   9.6108121621963586E-03   1.3170966161007188E+03   1.0252919658661254E-01
   4.1000000000000000E+07   9.6260733142598861E-03   1.3150084944872160E+03   1.0279478448176983E-01
   4.2000000000000000E+07   9.6409695971628340E-03   1.3129766720282564E+03   1.0305409902537380E-01
   4.3000000000000000E+07   9.6555185505089389E-03   1.3109982763319576E+03   1.0330743769565134E-01
   4.4000000000000000E+07   9.6697355153359792E-03   1.3090707762102259E+03   1.0355506298207832E-01
   4.5000000000000000E+07   9.6836352119369050E-03   1.3071917621602097E+03   1.0379722756451069E-01
   4.6000000000000000E+07   9.6972310199198546E-03   1.3053590402049717E+03   1.0403411527166154E-01
   4.7000000000000000E+07   9.7105124223976717E-03   1.3035736556612032E+03   1.0426106196183668E-01
   4.8000000000000000E+07   9.7235151871196603E-03   1.3018304525894582E+03   1.0448330172152007E-01
   4.9000000000000000E+07   9.7362519937150005E-03   1.3001274191526431E+03   1.0470104781880386E-01
   5.0000000000000000E+07   9.7487328858579490E-03   1.2984629207731589E+03   1.0491446529905510E-01
   5.1000000000000000E+07   9.7609684153666752E-03   1.2968352768031102E+03   1.0512373418496920E-01
   5.2000000000000000E+07   9.7729673132008234E-03   1.2952430690840624E+03   1.0532899874626232E-01
   5.3000000000000000E+07   9.7847385477054950E-03   1.2936848659872289E+03   1.0553040897258689E-01
   5.4000000000000000E+07   9.7962913332911589E-03   1.2921592208870902E+03   1.0572812130471966E-01
   5.5000000000000000E+07   9.8076333217616673E-03   1.2906649098229884E+03   1.0592226303763336E-01
   5.6000000000000000E+07   9.8187717289489988E-03   1.2892007805301539E+03   1.0611295546342023E-01
   5.7000000000000000E+07   9.8297140166268716E-03   1.2877656618897504E+03   1.0630032206126533E-01
   5.8000000000000000E+07   9.8404666543508747E-03   1.2863585256103352E+03   1.0648447607458442E-01
   5.9000000000000000E+07   9.8510364827186780E-03   1.2849783064974517E+03   1.0666552733196362E-01
   6.0000000000000000E+07   9.8614294623514918E-03   1.2836240653685136E+03   1.0684357832514144E-01
   6.1000000000000000E+07   9.8716512670971104E-03   1.2822949103763081E+03   1.0701872489247868E-01
   6.2000000000000000E+07   9.8817071559170119E-03   1.2809900128672427E+03   1.0719105641609492E-01
   6.3000000000000000E+07   9.8916033537148236E-03   1.2797084278611483E+03   1.0736067514565309E-01
   6.4000000000000000E+07   9.9013437846740028E-03   1.2784495167617522E+03   1.0752764905923566E-01
   6.5000000000000000E+07   9.9109344220941493E-03   1.2772123835861064E+03   1.0769207777432303E-01
   6.6000000000000000E+07   9.9203785889370889E-03   1.2759964817194273E+03   1.0785401828065413E-01
   6.7000000000000000E+07   9.9296810946175023E-03   1.2748010793287278E+03   1.0801355198966524E-01
   6.8000000000000000E+07   9.9388471091079837E-03   1.2736254052251493E+03   1.0817076301941370E-01
   6.9000000000000000E+07   9.9478795606964439E-03   1.2724689819145997E+03   1.0832570192045937E-01
   7.0000000000000000E+07   9.9567819342255802E-03   1.2713312655062180E+03   1.0847843224355619E-01
   7.1000000000000000E+07   9.9655576087704471E-03   1.2702117306178768E+03   1.0862900505114652E-01
   7.2000000000000000E+07   9.9742128042164396E-03   1.2691094951831524E+03   1.0877752749639352E-01
   7.3000000000000000E+07   9.9827475478304097E-03   1.2680244708341395E+03   1.0892399954806095E-01
   7.4000000000000000E+07   9.9911670690497282E-03   1.2669559110888144E+03   1.0906851293219000E-01
   7.5000000000000000E+07   9.9994739991335832E-03   1.2659034043095924E+03   1.0921110545800190E-01
   7.6000000000000000E+07   1.0007670569470363E-02   1.2648665929736312E+03   1.0935182114367534E-01
   7.7000000000000000E+07   1.0015760261636157E-02   1.2638449649493318E+03   1.0949071679713177E-01
   7.8000000000000000E+07   1.0023746541845666E-02   1.2628380141062187E+03   1.0962784786624022E-01
   7.9000000000000000E+07   1.0031630938603566E-02   1.2618454819840636E+03   1.0976324349252799E-01
   8.0000000000000000E+07   1.0039416232374344E-02   1.2608669551909520E+03   1.0989695251675760E-01
   8.1000000000000000E+07   1.0047106761411842E-02   1.2599018281985166E+03   1.1002904307798131E-01
   8.2000000000000000E+07   1.0054700596369410E-02   1.2589502845444440E+03   1.1015949091650512E-01
   8.3000000000000000E+07   1.0062203495159610E-02   1.2580115461685627E+03   1.1028838099035676E-01
   8.4000000000000000E+07   1.0069617277134893E-02   1.2570853318876229E+03   1.1041575592834790E-01
   8.5000000000000000E+07   1.0076943181402785E-02   1.2561714350210634E+03   1.1054163173635352E-01
   8.6000000000000000E+07   1.0084183303987143E-02   1.2552695439206782E+03   1.1066604226851093E-01
   8.7000000000000000E+07   1.0091340999335188E-02   1.2543791927794714E+03   1.1078904506437219E-01
   8.8000000000000000E+07   1.0098415797079187E-02   1.2535003936429016E+03   1.1091063801528486E-01
   8.9000000000000000E+07   1.0105412330260426E-02   1.2526325263248552E+03   1.1103088897839537E-01
   9.0000000000000000E+07   1.0112329417358758E-02   1.2517756942410506E+03   1.1114979033536393E-01
   9.1000000000000000E+07   1.0119170073668610E-02   1.2509294818304488E+03   1.1126738132465147E-01
   9.2000000000000000E+07   1.0125936857657910E-02   1.2500935325540129E+03   1.1138371376925338E-01
   9.3000000000000000E+07   1.0132629564068766E-02   1.2492678328729389E+03   1.1149878237699661E-01
   9.4000000000000000E+07   1.0139252951653837E-02   1.2484517584447601E+03   1.1161266388249824E-01
   9.5000000000000000E+07   1.0145804062360372E-02   1.2476456374482309E+03   1.1172531490800088E-01
   9.6000000000000000E+07   1.0152286800903441E-02   1.2468489538418089E+03   1.1183679325924595E-01
   9.7000000000000000E+07   1.0158704217755358E-02   1.2460612993027394E+03   1.1194715814915944E-01
   9.8000000000000000E+07   1.0165054671658147E-02   1.2452828426099943E+03   1.1205637826785432E-01
   9.9000000000000000E+07   1.0171341714977663E-02   1.2445131165113212E+03   1.1216451446633297E-01
   1.0000000000000000E+08   1.0177565126585981E-02   1.2437521174629567E+03   1.1227156244998275E-01
   1.1000000000000000E+08   1.0236587919785357E-02   1.2365808095432137E+03   1.1328713933602162E-01
   1.2000000000000000E+08   1.0290479128956446E-02   1.2301048394519350E+03   1.1421490218376995E-01
   1.3000000000000000E+08   1.0340057285058142E-02   1.2242067744731339E+03   1.1506879381871821E-01
   1.4000000000000000E+08   1.0385963073572495E-02   1.2187958003642618E+03   1.1585974010945314E-01
   1.5000000000000000E+08   1.0428701386138738E-02   1.2138010005381182E+03   1.1659635592557072E-01
   1.6000000000000000E+08   1.0468685182978771E-02   1.2091650437048136E+03   1.1728568505881139E-01
   1.7000000000000000E+08   1.0506246272980952E-02   1.2048421337087959E+03   1.1793341733568094E-01
   1.8000000000000000E+08   1.0541655001133471E-02   1.2007951479580190E+03   1.1854417491775647E-01
   1.9000000000000000E+08   1.0575152973412875E-02   1.1969914958802981E+03   1.1912210222964417E-01
   2.0000000000000000E+08   1.0606935477312748E-02   1.1934048438291657E+03   1.1967050121050682E-01
   2.1000000000000000E+08   1.0637166887453848E-02   1.1900131219844395E+03   1.2019224619671461E-01
   2.2000000000000000E+08   1.0665991295506449E-02   1.1867971598796814E+03   1.2068977837391942E-01
   2.3000000000000000E+08   1.0693534881230447E-02   1.1837402989189977E+03   1.2116527096409280E-01
   2.4000000000000000E+08   1.0719907082520866E-02   1.1808281619761717E+03   1.2162061185105459E-01
   2.5000000000000000E+08   1.0745201237026443E-02   1.1780484978903430E+03   1.2205736589226923E-01
   2.6000000000000000E+08   1.0769505982992988E-02   1.1753898643817395E+03   1.2247711300494751E-01
   2.7000000000000000E+08   1.0792890525846234E-02   1.1728431921453182E+03   1.2288097317426436E-01
   2.8000000000000000E+08   1.0815425272074375E-02   1.1703994857689597E+03   1.2327019682181670E-01
   2.9000000000000000E+08   1.0837170043235858E-02   1.1680510803380187E+03   1.2364560609181199E-01
   3.0000000000000000E+08   1.0858158790879782E-02   1.1657932454847453E+03   1.2400463669865164E-01
   3.1000000000000000E+08   1.0878458539525623E-02   1.1636178168823958E+03   1.2435189283156670E-01
   3.2000000000000000E+08   1.0898117559406010E-02   1.1615187767802340E+03   1.2468826088602165E-01
   3.3000000000000000E+08   1.0917145966682563E-02   1.1594942685056913E+03   1.2500997563686855E-01
   3.4000000000000000E+08   1.0935598989736086E-02   1.1575377067766774E+03   1.2532011520157402E-01
   3.5000000000000000E+08   1.0953512005333699E-02   1.1556447074367195E+03   1.2562113304964850E-01
   3.6000000000000000E+08   1.0970927175127439E-02   1.1538102454555233E+03   1.2591388829552708E-01
   3.7000000000000000E+08   1.0987859969709980E-02   1.1520321711146244E+03   1.2619848019769914E-01
   3.8000000000000000E+08   1.1004345312967907E-02   1.1503063396139880E+03   1.2647562128476536E-01
   3.9000000000000000E+08   1.1020399514113849E-02   1.1486306064128491E+03   1.2674548678632760E-01
   4.0000000000000000E+08   1.1036048308952478E-02   1.1470018816916513E+03   1.2700856477660610E-01
   4.1000000000000000E+08   1.1051310562447130E-02   1.1454178312409558E+03   1.2726515352067735E-01
   4.2000000000000000E+08   1.1066204973365103E-02   1.1438761713952958E+03   1.2751556716885962E-01
   4.3000000000000000E+08   1.1080749203935984E-02   1.1423747567819776E+03   1.2776010774797025E-01
   4.4000000000000000E+08   1.1094958885132849E-02   1.1409116796070839E+03   1.2799902917440226E-01
   4.5000000000000000E+08   1.1108849285880150E-02   1.1394850943650677E+03   1.2823259130391360E-01
   4.6000000000000000E+08   1.1122434405476059E-02   1.1380933090130152E+03   1.2846102827697931E-01
   4.7000000000000000E+08   1.1135727367606617E-02   1.1367347420547617E+03   1.2868456001412745E-01
   4.8000000000000000E+08   1.1148740486867264E-02   1.1354079137207893E+03   1.2890339331040235E-01
   4.9000000000000000E+08   1.1161485291550765E-02   1.1341114418159771E+03   1.2911772091040805E-01
   5.0000000000000000E+08   1.1173972626024629E-02   1.1328440296449819E+03   1.2932772468411374E-01
   5.1000000000000000E+08   1.1186212684367368E-02   1.1316044611326240E+03   1.2953357622888462E-01
   5.2000000000000000E+08   1.1198215084422649E-02   1.1303915919972790E+03   1.2973543590422815E-01
   5.3000000000000000E+08   1.1209988854994545E-02   1.1292043498480909E+03   1.2993345584996568E-01
   5.4000000000000000E+08   1.1221542558766839E-02   1.1280417206918755E+03   1.3012777988255650E-01
   5.5000000000000000E+08   1.1232884272396444E-02   1.1269027499833662E+03   1.3031854250448066E-01
   5.6000000000000000E+08   1.1244021637074192E-02   1.1257865366490250E+03   1.3050587274102288E-01
   5.7000000000000000E+08   1.1254961871831368E-02   1.1246922309430031E+03   1.3068989110800727E-01
   5.8000000000000000E+08   1.1265711850472544E-02   1.1236190260163185E+03   1.3087071367010134E-01
   5.9000000000000000E+08   1.1276278059147746E-02   1.1225661614950607E+03   1.3104844869677901E-01
   6.0000000000000000E+08   1.1286666691700623E-02   1.1215329133548773E+03   1.3122320046795136E-01
   6.1000000000000000E+08   1.1296883601759107E-02   1.1205185981412917E+03   1.3139506709412763E-01
   6.2000000000000000E+08   1.1306934393504109E-02   1.1195225634351211E+03   1.3156414225639507E-01
   6.3000000000000000E+08   1.1316824381789164E-02   1.1185441913526627E+03   1.3173051512975248E-01
   6.4000000000000000E+08   1.1326558601321660E-02   1.1175828971856813E+03   1.3189427139511875E-01
   6.5000000000000000E+08   1.1336141918534524E-02   1.1166381179572304E+03   1.3205549099951250E-01
   6.6000000000000000E+08   1.1345578923328357E-02   1.1157093227548567E+03   1.3221425259183284E-01
   6.7000000000000000E+08   1.1354874010389451E-02   1.1147960043613291E+03   1.3237062893005921E-01
   6.8000000000000000E+08   1.1364031404216888E-02   1.1138976764980848E+03   1.3252469133228953E-01
   6.9000000000000000E+08   1.1373055100266065E-02   1.1130138793148312E+03   1.3267650679428591E-01
   7.0000000000000000E+08   1.1381948970441603E-02   1.1121441687782694E+03   1.3282614015618657E-01
   7.1000000000000000E+08   1.1390716686976535E-02   1.1112881238878745E+03   1.3297365312251019E-01
   7.2000000000000000E+08   1.1399361776400293E-02   1.1104453411606466E+03   1.3311910549228623E-01
   7.3000000000000000E+08   1.1407887632135100E-02   1.1096154331982423E+03   1.3326255340614229E-01
   7.4000000000000000E+08   1.1416297470762986E-02   1.1087980327445391E+03   1.3340405115857207E-01
   7.5000000000000000E+08   1.1424594433887702E-02   1.1079927825937636E+03   1.3354365149418657E-01
   7.6000000000000000E+08   1.1432781501764737E-02   1.1071993438214965E+03   1.3368140463587408E-01
   7.7000000000000000E+08   1.1440861560011372E-02   1.1064173891459864E+03   1.3381735887381185E-01
   7.8000000000000000E+08   1.1448837354042698E-02   1.1056466071935824E+03   1.3395156096709182E-01
   7.9000000000000000E+08   1.1456711542372659E-02   1.1048866971985349E+03   1.3408405453078945E-01
   8.0000000000000000E+08   1.1464486682510542E-02   1.1041373702425965E+03   1.3421488275504173E-01
   8.1000000000000000E+08   1.1472165239934332E-02   1.1033983482686410E+03   1.3434408822859842E-01
   8.2000000000000000E+08   1.1479749583724923E-02   1.1026693643870497E+03   1.3447170914234063E-01
   8.3000000000000000E+08   1.1487241999320455E-02   1.1019501615407148E+03   1.3459778343106940E-01
   8.4000000000000000E+08   1.1494644690780514E-02   1.1012404921886214E+03   1.3472235049735493E-01
   8.5000000000000000E+08   1.1501959757269680E-02   1.1005401204614618E+03   1.3484544450556607E-01
   8.6000000000000000E+08   1.1509189274886677E-02   1.0998488142365786E+03   1.3496710034374171E-01
   8.7000000000000000E+08   1.1516335229903925E-02   1.0991663514569350E+03   1.3508734973043843E-01
   8.8000000000000000E+08   1.1523399502413441E-02   1.0984925215998380E+03   1.3520622703627985E-01
   8.9000000000000000E+08   1.1530383963485699E-02   1.0978271163297638E+03   1.3532376201961038E-01
   9.0000000000000000E+08   1.1537290366024121E-02   1.0971699398401006E+03   1.3543998456526521E-01
   9.1000000000000000E+08   1.1544120475871503E-02   1.0965207963019664E+03   1.3555492407374570E-01
   9.2000000000000000E+08   1.1550875924627875E-02   1.0958795038062244E+03   1.3566860850999460E-01
   9.3000000000000000E+08   1.1557558354954756E-02   1.0952458804918585E+03   1.3578106388965522E-01
   9.4000000000000000E+08   1.1564169305833216E-02   1.0946197553872985E+03   1.3589231842667993E-01
   9.5000000000000000E+08   1.1570710304269665E-02   1.0940009596591008E+03   1.3600239643082590E-01
   9.6000000000000000E+08   1.1577182817147905E-02   1.0933893311297738E+03   1.3611132310307200E-01
   9.7000000000000000E+08   1.1583588240795889E-02   1.0927847152083095E+03   1.3621912166541114E-01
   9.8000000000000000E+08   1.1589927975319927E-02   1.0921869578278408E+03   1.3632581396674173E-01
   9.9000000000000000E+08   1.1596203343643703E-02   1.0915959130491590E+03   1.3643142603281866E-01
   1.0000000000000000E+09   1.1602415651215635E-02   1.0910114373882293E+03   1.3653597522078367E-01
   1.1000000000000000E+09   1.1661328746150373E-02   1.0854996417957284E+03   1.3752749399243358E-01
   1.2000000000000000E+09   1.1715112258943162E-02   1.0805161655318520E+03   1.3843273630648675E-01
   1.3000000000000000E+09   1.1764588341083961E-02   1.0759720450738821E+03   1.3926551866368725E-01
   1.4000000000000000E+09   1.1810396086786940E-02   1.0717987850526201E+03   1.4003659001543356E-01
   1.5000000000000000E+09   1.1853042086245167E-02   1.0679425656893459E+03   1.4075446442633188E-01
   1.6000000000000000E+09   1.1892934782705348E-02   1.0643603457084621E+03   1.4142601559685680E-01
   1.7000000000000000E+09   1.1930408263008991E-02   1.0610171838005369E+03   1.4205686093102451E-01
   1.8000000000000000E+09   1.1965739171787240E-02   1.0578843475590957E+03   1.4265164950547954E-01
   1.9000000000000000E+09   1.1999159357948016E-02   1.0549379168319651E+03   1.4321428526807028E-01
   2.0000000000000000E+09   1.2030864950979622E-02   1.0521577815382045E+03   1.4374806650745994E-01
   2.1000000000000000E+09   1.2061023292801031E-02   1.0495268825460250E+03   1.4425580835610732E-01
   2.2000000000000000E+09   1.2089778426111525E-02   1.0470306179862564E+03   1.4473993502406857E-01
   2.3000000000000000E+09   1.2117255128162460E-02   1.0446564046826384E+03   1.4520254388274481E-01
   2.4000000000000000E+09   1.2143562207793231E-02   1.0423933241503753E+03   1.4564546372130027E-01
   2.5000000000000000E+09   1.2168795295478657E-02   1.0402318281672224E+03   1.4607030934303292E-01
   2.6000000000000000E+09   1.2193038539971472E-02   1.0381635500709306E+03   1.4647849413924480E-01
   2.7000000000000000E+09   1.2216366685922176E-02   1.0361810923206515E+03   1.4687126912292831E-01
   2.8000000000000000E+09   1.2238846481339135E-02   1.0342778787289292E+03   1.4724977590861466E-01
   2.9000000000000000E+09   1.2260537251752354E-02   1.0324480825666301E+03   1.4761499091538305E-01
   3.0000000000000000E+09   1.2281492616981068E-02   1.0306864622713938E+03   1.4796783037422118E-01
   3.1000000000000000E+09   1.2301760794153564E-02   1.0289883203406437E+03   1.4830910214089399E-01
   3.2000000000000000E+09   1.2321385411883384E-02   1.0273494216486458E+03   1.4863954010480288E-01
   3.3000000000000000E+09   1.2340406127367809E-02   1.0257659307286081E+03   1.4895981146650195E-01
   3.4000000000000000E+09   1.2358858999152069E-02   1.0242343712859690E+03   1.4927052350101069E-01
   3.5000000000000000E+09   1.2376776880056083E-02   1.0227515854475919E+03   1.4957222981654317E-01
   3.6000000000000000E+09   1.2394189996242620E-02   1.0213146789460164E+03   1.4986543783955858E-01
   3.7000000000000000E+09   1.2411125937152798E-02   1.0199210161034252E+03   1.5015061328405388E-01
   3.8000000000000000E+09   1.2427610253219160E-02   1.0185681654708739E+03   1.5042818514240647E-01
   3.9000000000000000E+09   1.2443666333435414E-02   1.0172539055307320E+03   1.5069854744156302E-01
   4.0000000000000000E+09   1.2459315902698668E-02   1.0159761800458624E+03   1.5096206573456322E-01
   4.1000000000000000E+09   1.2474579026012348E-02   1.0147330944325149E+03   1.5121907819033992E-01
   4.2000000000000000E+09   1.2489474318307643E-02   1.0135228956957175E+03   1.5146989783549816E-01
   4.3000000000000000E+09   1.2504019107831322E-02   1.0123439565827650E+03   1.5171481609395340E-01
   4.4000000000000000E+09   1.2518229412315568E-02   1.0111947752255618E+03   1.5195410463389075E-01
   4.5000000000000000E+09   1.2532120481546274E-02   1.0100739292642526E+03   1.5218801613184335E-01
   4.6000000000000000E+09   1.2545706120640206E-02   1.0089801287456352E+03   1.5241678762476282E-01
   4.7000000000000000E+09   1.2558999639949610E-02   1.0079121378857885E+03   1.5264063894003307E-01
   4.8000000000000000E+09   1.2572013353201621E-02   1.0068688141812105E+03   1.5285977868670442E-01
   4.9000000000000000E+09   1.2584758659194853E-02   1.0058491004561159E+03   1.5307440068435280E-01
   5.0000000000000000E+09   1.2597246380230565E-02   1.0048519965977496E+03   1.5328468663842337E-01
   5.1000000000000000E+09   1.2609486883412355E-02   1.0038765489704743E+03   1.5349080852818642E-01
   5.2000000000000000E+09   1.2621489676362259E-02   1.0029218817581625E+03   1.5369292838839496E-01
   5.3000000000000000E+09   1.2633263774290276E-02   1.0019871668134779E+03   1.5389119972335605E-01
   5.4000000000000000E+09   1.2644817936900893E-02   1.0010716041919453E+03   1.5408576443375713E-01
   5.5000000000000000E+09   1.2656159987950121E-02   1.0001744754222798E+03   1.5427675994813639E-01
   5.6000000000000000E+09   1.2667297624493295E-02   9.9929507871769192E+02   1.5446431321084658E-01
   5.7000000000000000E+09   1.2678238207810872E-02   9.9843274509622540E+02   1.5464854901434222E-01
   5.8000000000000000E+09   1.2688988397039235E-02   9.9758686671682062E+02   1.5482957957821183E-01
   5.9000000000000000E+09   1.2699554922836132E-02   9.9675683547353196E+02   1.5500751598466458E-01
   6.0000000000000000E+09   1.2709943846227050E-02   9.9594210092172023E+02   1.5518246317430379E-01
   6.1000000000000000E+09   1.2720160943386561E-02   9.9514213956465471E+02   1.5535451750565737E-01
   6.2000000000000000E+09   1.2730212074298775E-02   9.9435642571616188E+02   1.5552377523100369E-01
   6.3000000000000000E+09   1.2740102197353081E-02   9.9358450824973738E+02   1.5569032484173745E-01
   6.4000000000000000E+09   1.2749836670096834E-02   9.9282590862493919E+02   1.5585425250059928E-01
   6.5000000000000000E+09   1.2759420189264747E-02   9.9208020341384247E+02   1.5601563743513047E-01
   6.6000000000000000E+09   1.2768857475107621E-02   9.9134697066557794E+02   1.5617455948998957E-01
   6.7000000000000000E+09   1.2778152620624287E-02   9.9062584026250431E+02   1.5633109076829019E-01
   6.8000000000000000E+09   1.2787310202475904E-02   9.8991640746757821E+02   1.5648530504514088E-01
   6.9000000000000000E+09   1.2796334087758992E-02   9.8921832534190310E+02   1.5663726638148895E-01
   7.0000000000000000E+09   1.2805228254670308E-02   9.8853124091651512E+02   1.5678704328751816E-01
   7.1000000000000000E+09   1.2813996032761196E-02   9.8785485374313771E+02   1.5693469381426112E-01
   7.2000000000000000E+09   1.2822641299629137E-02   9.8718882334909983E+02   1.5708028167609359E-01
   7.3000000000000000E+09   1.2831167302273815E-02   9.8653286007464533E+02   1.5722386076066100E-01
   7.4000000000000000E+09   1.2839577291682761E-02   9.8588667595843015E+02   1.5736548582706761E-01
   7.5000000000000000E+09   1.2847874330536517E-02   9.8524999942771501E+02   1.5750520987175798E-01
   7.6000000000000000E+09   1.2856061616629357E-02   9.8462255038003389E+02   1.5764308353879819E-01
   7.7000000000000000E+09   1.2864141677476692E-02   9.8400410180272547E+02   1.5777915591250133E-01
   7.8000000000000000E+09   1.2872117661478676E-02   9.8339438076223553E+02   1.5791347291088986E-01
   7.9000000000000000E+09   1.2879991911311922E-02   9.8279317750899975E+02   1.5804607726099781E-01
   8.0000000000000000E+09   1.2887767283977607E-02   9.8220024445550439E+02   1.5817701434354609E-01
   8.1000000000000000E+09   1.2895445956971447E-02   9.8161538724957211E+02   1.5830632527396271E-01
   8.2000000000000000E+09   1.2903030224929144E-02   9.8103840385896422E+02   1.5843404898480715E-01
   8.3000000000000000E+09   1.2910522887194163E-02   9.8046905515842320E+02   1.5856022584584317E-01
   8.4000000000000000E+09   1.2917925618085116E-02   9.7990718874296056E+02   1.5868489275593378E-01
   8.5000000000000000E+09   1.2925240746217202E-02   9.7935260358791777E+02   1.5880808269059332E-01
   8.6000000000000000E+09   1.2932470409924656E-02   9.7880511422582924E+02   1.5892983037014780E-01
   8.7000000000000000E+09   1.2939616425200310E-02   9.7826456062143302E+02   1.5905017289914911E-01
   8.8000000000000000E+09   1.2946680771801888E-02   9.7773077130152330E+02   1.5916914098591328E-01
   8.9000000000000000E+09   1.2953665281132959E-02   9.7720358694503238E+02   1.5928676308670092E-01
   9.0000000000000000E+09   1.2960571843846275E-02   9.7668284465539989E+02   1.5940307012468741E-01
   9.1000000000000000E+09   1.2967402083161838E-02   9.7616840255499903E+02   1.5951809365466513E-01
   9.2000000000000000E+09   1.2974157542175258E-02   9.7566012557345152E+02   1.5963186056106402E-01
   9.3000000000000000E+09   1.2980840111656950E-02   9.7515785326106061E+02   1.5974439636989801E-01
   9.4000000000000000E+09   1.2987451066601553E-02   9.7466147220840276E+02   1.5985572919823621E-01
   9.5000000000000000E+09   1.2993992010216693E-02   9.7417084502250395E+02   1.5996588477769846E-01
   9.6000000000000000E+09   1.3000464674112843E-02   9.7368582540087334E+02   1.6007488606791739E-01
   9.7000000000000000E+09   1.3006870125170010E-02   9.7320631750699545E+02   1.6018275743962654E-01
   9.8000000000000000E+09   1.3013209981920393E-02   9.7273218478723322E+02   1.6028952365927529E-01
   9.9000000000000000E+09   1.3019485289728721E-02   9.7226333415767567E+02   1.6039520435991544E-01
   1.0000000000000000E+10   1.3025697879984637E-02   9.7179961438069131E+02   1.6049982624326048E-01
   1.1000000000000000E+10   1.3084611324507155E-02   9.6742408795129029E+02   1.6149196959925810E-01
   1.2000000000000000E+10   1.3138395255605062E-02   9.6346379679878964E+02   1.6239772822517073E-01
   1.3000000000000000E+10   1.3187871682108068E-02   9.5984920705454056E+02   1.6323094952003694E-01
   1.4000000000000000E+10   1.3233679677027477E-02   9.5652671711423477E+02   1.6400239507115127E-01
   1.5000000000000000E+10   1.3276325849009606E-02   9.5345416501303748E+02   1.6472060335362837E-01
   1.6000000000000000E+10   1.3316218534336427E-02   9.5059781004406966E+02   1.6539243557512695E-01
   1.7000000000000000E+10   1.3353692181832348E-02   9.4793020570221950E+02   1.6602352892939287E-01
   1.8000000000000000E+10   1.3389023286717500E-02   9.4542879683883405E+02   1.6661854680213195E-01
   1.9000000000000000E+10   1.3422443564496704E-02   9.4307479230463844E+02   1.6718138178658948E-01
   2.0000000000000000E+10   1.3454149093121502E-02   9.4085237863761370E+02   1.6771534053172646E-01
   2.1000000000000000E+10   1.3484307711502995E-02   9.3874809501788855E+02   1.6822324688451756E-01
   2.2000000000000000E+10   1.3513062518717081E-02   9.3675050783456561E+02   1.6870751886156787E-01
   2.3000000000000000E+10   1.3540539704666350E-02   9.3484960370125589E+02   1.6917026265469531E-01
   2.4000000000000000E+10   1.3566846847496025E-02   9.3303685956658092E+02   1.6961330888961565E-01
   2.5000000000000000E+10   1.3592079424689884E-02   9.3130475340032626E+02   1.7003826600185157E-01
   2.6000000000000000E+10   1.3616323139770771E-02   9.2964657542796533E+02   1.7044655612832049E-01
   2.7000000000000000E+10   1.3639651219794276E-02   9.2805658831204198E+02   1.7083943456710038E-01
   2.8000000000000000E+10   1.3662130975951257E-02   9.2652955816997587E+02   1.7121802407091918E-01
   2.9000000000000000E+10   1.3683821952097308E-02   9.2506086538697787E+02   1.7158332755458636E-01
   3.0000000000000000E+10   1.3704777478458472E-02   9.2364638511681142E+02   1.7193624569890734E-01
   3.1000000000000000E+10   1.3725045649227502E-02   9.2228240986002982E+02   1.7227759067346732E-01
   3.2000000000000000E+10   1.3744670179542692E-02   9.2096558240072829E+02   1.7260809746833150E-01
   3.3000000000000000E+10   1.3763690685441022E-02   9.1969286916613476E+02   1.7292843321919266E-01
   3.4000000000000000E+10   1.3782143642667468E-02   9.1846148937383248E+02   1.7323920605291898E-01
   3.5000000000000000E+10   1.3800061778410654E-02   9.1726894995583962E+02   1.7354097019207551E-01
   3.6000000000000000E+10   1.3817474747279504E-02   9.1611299519839827E+02   1.7383423226142278E-01
   3.7000000000000000E+10   1.3834410569796618E-02   9.1499150707904369E+02   1.7411945881542046E-01
   3.8000000000000000E+10   1.3850894810399556E-02   9.1390255648351888E+02   1.7439707884408256E-01
   3.9000000000000000E+10   1.3866951025357902E-02   9.1284437030610707E+02   1.7466748749539587E-01
   4.0000000000000000E+10   1.3882600557342171E-02   9.1181534212721806E+02   1.7493104953558122E-01
   4.1000000000000000E+10   1.3897863679687794E-02   9.1081395447194529E+02   1.7518810329573753E-01
   4.2000000000000000E+10   1.3912758690008818E-02   9.0983883634083475E+02   1.7543896204513049E-01
   4.3000000000000000E+10   1.3927303771300647E-02   9.0888863951491999E+02   1.7568391885124945E-01
   4.4000000000000000E+10   1.3941514231812358E-02   9.0796221747018240E+02   1.7592324363111544E-01
   4.5000000000000000E+10   1.3955404999766692E-02   9.0705846064804859E+02   1.7615718937055774E-01
   4.6000000000000000E+10   1.3968990370874481E-02   9.0617631201187692E+02   1.7638599287848161E-01
   4.7000000000000000E+10   1.3982284862931085E-02   9.0531471078575248E+02   1.7660987823690480E-01
   4.8000000000000000E+10   1.3995297476487228E-02   9.0447296301312099E+02   1.7682904587833853E-01
   4.9000000000000000E+10   1.4008042884843395E-02   9.0365001598508263E+02   1.7704369663024797E-01
   5.0000000000000000E+10   1.4020531469082342E-02   9.0284510289230593E+02   1.7725401218158962E-01
   5.1000000000000000E+10   1.4032771098668104E-02   9.0205762552557451E+02   1.7746015956041425E-01
   5.2000000000000000E+10   1.4044774594025851E-02   9.0128667370659537E+02   1.7766230678196782E-01
   5.3000000000000000E+10   1.4056549129584745E-02   9.0053170661684351E+02   1.7786060297373019E-01
   5.4000000000000000E+10   1.4068102986198237E-02   8.9979211761722058E+02   1.7805519122972782E-01
   5.5000000000000000E+10   1.4079444414968079E-02   8.9906730718373740E+02   1.7824620827530746E-01
   5.6000000000000000E+10   1.4090582760435707E-02   8.9835661108008276E+02   1.7843378590279513E-01
   5.7000000000000000E+10   1.4101523282076530E-02   8.9765963035338416E+02   1.7861804200971179E-01
   5.8000000000000000E+10   1.4112274080652024E-02   8.9697578891010369E+02   1.7879909467388166E-01
   5.9000000000000000E+10   1.4122840151375632E-02   8.9630471216340106E+02   1.7897705051787816E-01
   6.0000000000000000E+10   1.4133229289440049E-02   8.9564585117616639E+02   1.7915201665815791E-01
   6.1000000000000000E+10   1.4143445971839719E-02   8.9499887099734246E+02   1.7932408913320685E-01
   6.2000000000000000E+10   1.4153497463177735E-02   8.9436326319631871E+02   1.7949336556610568E-01
   6.3000000000000000E+10   1.4163387460442330E-02   8.9373874803345450E+02   1.7965993228819849E-01
   6.4000000000000000E+10   1.4173122382911742E-02   8.9312487642598830E+02   1.7982387703824795E-01
   6.5000000000000000E+10   1.4182705611330910E-02   8.9252139356931843E+02   1.7998527838259296E-01
   6.6000000000000000E+10   1.4192141761064651E-02   8.9192796900718565E+02   1.8014421402647551E-01
   6.7000000000000000E+10   1.4201437521207045E-02   8.9134414441535819E+02   1.8030076267040701E-01
   6.8000000000000000E+10   1.4210595505803347E-02   8.9076971979386894E+02   1.8045499201166307E-01
   6.9000000000000000E+10   1.4219619471591222E-02   8.9020442509717498E+02   1.8060696893685535E-01
   7.0000000000000000E+10   1.4228512836929851E-02   8.8964801324519954E+02   1.8075675763989246E-01
   7.1000000000000000E+10   1.4237280204089204E-02   8.8910016487367750E+02   1.8090442196213208E-01
   7.2000000000000000E+10   1.4245926622898027E-02   8.8856053466274170E+02   1.8105002426695821E-01
   7.3000000000000000E+10   1.4254451707596212E-02   8.8802911795357250E+02   1.8119361418839736E-01
   7.4000000000000000E+10   1.4262862890931894E-02   8.8750542395359139E+02   1.8133525466391356E-01
   7.5000000000000000E+10   1.4271159499730787E-02   8.8698946830825128E+02   1.8147499039534154E-01
   7.6000000000000000E+10   1.4279347148920551E-02   8.8648087652700360E+02   1.8161287730746037E-01
   7.7000000000000000E+10   1.4287426500009194E-02   8.8597958329306618E+02   1.8174895909201633E-01
   7.8000000000000000E+10   1.4295402943882417E-02   8.8548523091652260E+02   1.8188328782376495E-01
   7.9000000000000000E+10   1.4303277656258035E-02   8.8499772436914907E+02   1.8201590497591844E-01
   8.0000000000000000E+10   1.4311052026988989E-02   8.8451695605160535E+02   1.8214685139807335E-01
   8.1000000000000000E+10   1.4318730411089159E-02   8.8404263600110585E+02   1.8227617225430770E-01
   8.2000000000000000E+10   1.4326315630090104E-02   8.8357457029786542E+02   1.8240390854329952E-01
   8.3000000000000000E+10   1.4333807811923756E-02   8.8311273200401342E+02   1.8253009409364618E-01
   8.4000000000000000E+10   1.4341210150168506E-02   8.8265690581625870E+02   1.8265476829213484E-01
   8.5000000000000000E+10   1.4348525077558436E-02   8.8220692429262715E+02   1.8277796741047297E-01
   8.6000000000000000E+10   1.4355755240711201E-02   8.8176260771783325E+02   1.8289972733652740E-01
   8.7000000000000000E+10   1.4362901451102719E-02   8.8132388987718127E+02   1.8302007866629413E-01
   8.8000000000000000E+10   1.4369966703777489E-02   8.8089057112991804E+02   1.8313905587791920E-01
   8.9000000000000000E+10   1.4376951133780090E-02   8.8046262792577431E+02   1.8325668708530074E-01
   9.0000000000000000E+10   1.4383855931999383E-02   8.8003997235871395E+02   1.8337300042129645E-01
   9.1000000000000000E+10   1.4390687754286209E-02   8.7962218296607932E+02   1.8348803554878507E-01
   9.2000000000000000E+10   1.4397442897280628E-02   8.7920947262095785E+02   1.8360180907161544E-01
   9.3000000000000000E+10   1.4404125144063938E-02   8.7880159677903634E+02   1.8371435293711497E-01
   9.4000000000000000E+10   1.4410735240067236E-02   8.7839849708802205E+02   1.8382569191666309E-01
   9.5000000000000000E+10   1.4417277274859641E-02   8.7799991187529497E+02   1.8393585632472878E-01
   9.6000000000000000E+10   1.4423750052608498E-02   8.7760590211553381E+02   1.8404486567543552E-01
   9.7000000000000000E+10   1.4430155721024079E-02   8.7721632541815154E+02   1.8415274512652999E-01
   9.8000000000000000E+10   1.4436495480603061E-02   8.7683109753446058E+02   1.8425951799418300E-01
   9.9000000000000000E+10   1.4442769420915635E-02   8.7645020202821684E+02   1.8436520385424421E-01
   1.0000000000000000E+11   1.4448983511738702E-02   8.7607326608992923E+02   1.8446983409815798E-01
   1.1000000000000000E+11   1.4507896510118965E-02   8.7251574809480485E+02   1.8546203705096470E-01
