   1.0000000000000000E+00   0.0000000000000000E+00   1.0000000000000000E+30   0.0000000000000000E+00
   2.0000000000000000E+00   2.7139592283273808E-02   4.6641703547661029E+02   2.1440040220189337E-03
   3.0000000000000000E+00   7.2943919054523271E-02   1.7353561943041106E+02   7.2644177124394022E-03
   4.0000000000000000E+00   1.0981032844842757E-01   1.1527484122546323E+02   1.3267770893107706E-02
   5.0000000000000000E+00   1.4113153851485882E-01   8.9691987418359659E+01   2.0100585674165384E-02
   6.0000000000000000E+00   1.6882499558545144E-01   7.4979230018112901E+01   2.7725781352189827E-02
   7.0000000000000000E+00   1.9395549379086285E-01   6.5264293005578111E+01   3.6104370507691087E-02
   8.0000000000000000E+00   2.1719929191836976E-01   5.8279969814845742E+01   4.5208259462623752E-02
   8.3190000000000008E+00   2.3070985190059273E-01   5.4867046519810700E+01   5.0493709890609320E-02
   8.3209999999999997E+00   2.3068526700742473E-01   5.4872893882733493E+01   5.0489161427883879E-02
   9.0000000000000000E+00   2.3900387749394483E-01   5.2963024322185561E+01   5.5014256424564305E-02
   1.0000000000000000E+01   2.5967872222576843E-01   4.8746266418405625E+01   6.5504552352344522E-02
   1.0359000000000002E+01   2.7145314662154657E-01   4.6631871224747492E+01   7.1403761010809544E-02
   1.0361000000000001E+01   2.7142558249265519E-01   4.6636606839191352E+01   7.1397387641831747E-02
   1.1000000000000000E+01   2.7943639750976523E-01   4.5299639880900259E+01   7.6661709154277891E-02
   1.2000000000000000E+01   2.9846033804436423E-01   4.2412228907034446E+01   8.8481695855250148E-02
   1.3000000000000000E+01   3.1688211979218744E-01   3.9946615432609029E+01   1.0095803692342906E-01
   1.4000000000000000E+01   3.3481499956437610E-01   3.7807052232660162E+01   1.1409255251157210E-01
   1.5000000000000000E+01   3.5235371442842689E-01   3.5925173081664035E+01   1.2789108065755198E-01
   1.6000000000000000E+01   3.6957275300892001E-01   3.4251356664550798E+01   1.4235982782150755E-01
   1.7000000000000000E+01   3.8654071689005365E-01   3.2747826098767661E+01   1.5751020272641561E-01
   1.8000000000000000E+01   4.0331855054752475E-01   3.1385534237451022E+01   1.7335715152238051E-01
   1.9000000000000000E+01   4.1995943777697359E-01   3.0141882853769541E+01   1.8991893975013360E-01
   2.0000000000000000E+01   4.3651251550285969E-01   2.8998866532443170E+01   2.0721663615856578E-01
   2.0198999999999998E+01   4.3472508753588524E-01   2.9118099092368457E+01   2.0658619461422720E-01
   2.0201000000000001E+01   4.3470737210772309E-01   2.9119285728772134E+01   2.0658006844421478E-01
   2.1000000000000000E+01   4.5302318152718446E-01   2.7941987723753755E+01   2.2527488108552307E-01
   2.2000000000000000E+01   4.6953289951206811E-01   2.6959491422140715E+01   2.4412096202219100E-01
   2.3000000000000000E+01   4.8608206991954411E-01   2.6041627453782979E+01   2.6378613497568598E-01
   2.4000000000000000E+01   4.9043528466253178E-01   2.5810476066212637E+01   2.7242917043098019E-01
   2.5000000000000000E+01   5.0725983090017901E-01   2.4954406806360016E+01   2.9342822192248608E-01
   2.6000000000000000E+01   5.2421463173845728E-01   2.4147300381199599E+01   3.1534639921243413E-01
   2.7000000000000000E+01   5.4133838109223076E-01   2.3383467012385704E+01   3.3823025426893599E-01
   2.8000000000000000E+01   5.5866660911860244E-01   2.2658179261472817E+01   3.6212827813229354E-01
   2.9000000000000000E+01   5.7623613335884738E-01   2.1967328051824094E+01   3.8709422713498609E-01
   3.0000000000000000E+01   5.9408407261083673E-01   2.1307368368214956E+01   4.1318708566579293E-01
   3.1000000000000000E+01   6.1224938063433987E-01   2.0675183311240534E+01   4.4047165757289475E-01
   3.2000000000000000E+01   6.3076941750916260E-01   2.0068138729355219E+01   4.6901672841130604E-01
   3.3000000000000000E+01   6.4968568495136447E-01   1.9483834214010834E+01   4.9889957469007967E-01
   3.4000000000000000E+01   6.6903790934638596E-01   1.8920255489221834E+01   5.3020133797471247E-01
   3.5000000000000000E+01   6.8887012234843481E-01   1.8375551161450687E+01   5.6301265648724408E-01
   3.6000000000000000E+01   7.0922632542228703E-01   1.7848136374903206E+01   5.9742997931052144E-01
   3.7000000000000000E+01   7.3015346465528874E-01   1.7336585785817746E+01   6.3355900258554798E-01
   3.8000000000000000E+01   7.5169935264707644E-01   1.6839668854619294E+01   6.7151220048475690E-01
   3.9000000000000000E+01   7.7391511431399362E-01   1.6356274664604484E+01   7.1141284835481955E-01
   4.0000000000000000E+01   7.9685313619036313E-01   1.5885446893421593E+01   7.5339216339160686E-01
   4.1000000000000000E+01   8.2056820109495709E-01   1.5426345013025452E+01   7.9759120757610780E-01
   4.1999000000000002E+01   8.4511978788947784E-01   1.4978194047994389E+01   8.4415973302455150E-01
   4.2000999999999998E+01   8.4511428071301864E-01   1.4978291653205360E+01   8.4416187663882558E-01
   4.3000000000000000E+01   8.7055770108863384E-01   1.4540527481382508E+01   8.9326036882603332E-01
   4.4000000000000000E+01   8.9695048419506773E-01   1.4112672215309859E+01   9.4505993125467447E-01
   4.4999000000000002E+01   9.2435654325518024E-01   1.3694248468487290E+01   9.9973309959764667E-01
   4.5000999999999998E+01   9.2435324503487304E-01   1.3694297331461087E+01   9.9973855614893381E-01
   4.6000000000000000E+01   9.5283189600158424E-01   1.3284996262118636E+01   1.0574724506445055E+00
   4.7000000000000000E+01   9.6690012711968742E-01   1.3091701843619209E+01   1.0892987829472411E+00
   4.8000000000000000E+01   9.9728891042702661E-01   1.2692779438797031E+01   1.1523170060320502E+00
   4.9000000000000000E+01   1.0288938496899265E+00   1.2302890313343072E+01   1.2188850552058079E+00
   5.0000000000000000E+01   1.0617608147002335E+00   1.1922052501421696E+01   1.2891831808995171E+00
   5.1000000000000000E+01   1.0959262645401993E+00   1.1550383074466540E+01   1.3633782725326917E+00
   5.2000000000000000E+01   1.1314142209626257E+00   1.1188093575524013E+01   1.4416159745944990E+00
   5.3000000000000000E+01   1.1682332108248479E+00   1.0835480501252686E+01   1.5240128801214621E+00
   5.4000000000000000E+01   1.2063714273090020E+00   1.0492927708877279E+01   1.6106443201843061E+00
   5.5000000000000000E+01   1.2457936116821071E+00   1.0160887050718424E+01   1.7015342083773375E+00
   5.6000000000000000E+01   1.2864391187149500E+00   9.8398501667557792E+00   1.7966467387287475E+00
   5.7000000000000000E+01   1.3282180238879440E+00   9.5303391078484498E+00   1.8958745292474311E+00
   5.8000000000000000E+01   1.3710103320546221E+00   9.2328758440779861E+00   1.9990328419798835E+00
   5.9000000000000000E+01   1.4146672383730960E+00   8.9479474984985927E+00   2.1058572157724154E+00
   6.0000000000000000E+01   1.4590132318690989E+00   8.6759790112336361E+00   2.2160042658039956E+00
   6.1000000000000000E+01   1.5038498714714645E+00   8.4173084141854453E+00   2.3290573769622642E+00
   6.2000000000000000E+01   1.5489634997664501E+00   8.1721539459884394E+00   2.4445409516972214E+00
   6.3000000000000000E+01   1.5941297545313604E+00   7.9406134543481643E+00   2.5619295213241964E+00
   6.4000000000000000E+01   1.6391233496034696E+00   7.7226452663679783E+00   2.6806714166856880E+00
   6.5000000000000000E+01   1.6837238817263367E+00   7.5180784178399387E+00   2.8002031261703806E+00
   6.6000000000000000E+01   1.7277232298141416E+00   7.3266180360208351E+00   2.9199677655302883E+00
   6.7000000000000000E+01   1.7709297098206085E+00   7.1478659523368240E+00   3.0394298121950873E+00
   6.7998999999999995E+01   1.8131707160787069E+00   6.9813438219344031E+00   3.1580782500577458E+00
   6.8001000000000005E+01   1.8131745075873269E+00   6.9813292233256261E+00   3.1580983113178021E+00
   6.9000000000000000E+01   1.8346732443903944E+00   6.8995218715441871E+00   3.2216004766806106E+00
   7.0000000000000000E+01   1.8749934456346409E+00   6.7511532940446637E+00   3.3377142014754675E+00
   7.1000000000000000E+01   1.9140127391569020E+00   6.6135234723590752E+00   3.4519318142736006E+00
   7.2000000000000000E+01   1.9516464077250020E+00   6.4859946590243691E+00   3.5639328112577497E+00
   7.3000000000000000E+01   1.9878316015301052E+00   6.3679278300359341E+00   3.6734476527908160E+00
   7.4000000000000000E+01   2.0225244955959467E+00   6.2586970908743478E+00   3.7802559004912180E+00
   7.5000000000000000E+01   2.0556998323648537E+00   6.1576928584201012E+00   3.8841835999580980E+00
   7.6000000000000000E+01   2.0873463155977592E+00   6.0643354110520207E+00   3.9850971715006440E+00
   7.7000000000000000E+01   2.1177552654326450E+00   5.9772573268622837E+00   4.0837797305820525E+00
   7.8000000000000000E+01   2.1478487850722772E+00   5.8935099457583524E+00   4.1830124749361106E+00
   7.9000000000000000E+01   2.1775967375294836E+00   5.8129992384033269E+00   4.2827456833655146E+00
   8.0000000000000000E+01   2.1905731787860709E+00   5.7785643955630031E+00   4.3308324882930158E+00
   8.1000000000000000E+01   2.2194733294429128E+00   5.7033206972510486E+00   4.4304376837476349E+00
   8.2000000000000000E+01   2.2478948923424813E+00   5.6312099911475197E+00   4.5302135079249739E+00
   8.3000000000000000E+01   2.2595473993146751E+00   5.6021697888027333E+00   4.5764693342979328E+00
   8.4000000000000000E+01   2.2869554511340189E+00   5.5350305011545506E+00   4.6756673885360307E+00
   8.5000000000000000E+01   2.2977152752679211E+00   5.5091108602794359E+00   4.7205157236878037E+00
   8.6000000000000000E+01   2.3240336986659580E+00   5.4467231624371957E+00   4.8189027210568547E+00
   8.7000000000000000E+01   2.3338942721111064E+00   5.4237110601237424E+00   4.8622880168249925E+00
   8.8000000000000000E+01   2.3433649007714954E+00   5.4017913183904911E+00   4.9049075149749033E+00
   8.9000000000000000E+01   2.3680208191543315E+00   5.3455476718861865E+00   5.0015321193533602E+00
   9.0000000000000000E+01   2.3766020415245692E+00   5.3262464458240668E+00   5.0426533265049258E+00
   9.1000000000000000E+01   2.3848122778371179E+00   5.3079096809619077E+00   5.0830326985217988E+00
   9.2000000000000000E+01   2.4077481398459195E+00   5.2573472978027151E+00   5.1776215540324326E+00
   9.3000000000000000E+01   2.4150862788485714E+00   5.2413730671533294E+00   5.2164832828032655E+00
   9.4000000000000000E+01   2.4220731340998030E+00   5.2262534927596711E+00   5.2546287961421116E+00
   9.5000000000000000E+01   2.4287168937076937E+00   5.2119570665497026E+00   5.2920728797308572E+00
   9.6000000000000000E+01   2.4350244007066029E+00   5.1984563986854564E+00   5.3288265995265194E+00
   9.7000000000000000E+01   2.4410032688392937E+00   5.1857235663709540E+00   5.3649034014573544E+00
   9.8000000000000000E+01   2.4466612650954311E+00   5.1737313854579385E+00   5.4003166522529717E+00
   9.9000000000000000E+01   2.4520054245974019E+00   5.1624552090405160E+00   5.4350781604158733E+00
   1.0000000000000000E+02   2.4570429140498287E+00   5.1518710171586966E+00   5.4692003033776455E+00
   1.1000000000000000E+02   2.4919751748080565E+00   5.0796526003849394E+00   5.7776204189436546E+00
   1.2000000000000000E+02   2.4721596379622688E+00   5.1203684351235470E+00   5.8857520871064173E+00
   1.3000000000000000E+02   2.4426076330112507E+00   5.1823174568578585E+00   5.9662387714087055E+00
   1.4000000000000000E+02   2.3983253519510339E+00   5.2780029058655016E+00   5.9820065620584195E+00
   1.5000000000000000E+02   2.3443894248272930E+00   5.3994306759598949E+00   5.9452031369041745E+00
   1.6000000000000000E+02   2.2906421774045405E+00   5.5261220201364170E+00   5.9044756995140917E+00
   1.6799900000000000E+02   2.2481438906622015E+00   5.6305862936023523E+00   5.8701324132036001E+00
   1.6800100000000000E+02   2.2481277159632960E+00   5.6306268042180596E+00   5.8700865143888921E+00
   1.6999900000000000E+02   2.2376096594778305E+00   5.6570939990321731E+00   5.8613656744197220E+00
   1.7000100000000000E+02   2.2375936520827668E+00   5.6571344689979641E+00   5.8613201144278735E+00
   1.8000000000000000E+02   2.1807183361619109E+00   5.8046781956661730E+00   5.7820283148090823E+00
   1.9000000000000000E+02   2.1217131029539540E+00   5.9661073682322323E+00   5.6725007893009076E+00
   2.0000000000000000E+02   2.0698760088821384E+00   6.1155200226919693E+00   5.6005994268748305E+00
   2.1000000000000000E+02   2.0165445160178148E+00   6.2772569989209357E+00   5.5014638754921172E+00
   2.2000000000000000E+02   1.9659422853636481E+00   6.4388300058701828E+00   5.4076581388551386E+00
   2.3000000000000000E+02   1.9177315126343935E+00   6.6006988430928057E+00   5.3175387660020688E+00
   2.3199900000000000E+02   1.9095387439985454E+00   6.6290187704188837E+00   5.3105846253284188E+00
   2.3200100000000000E+02   1.9095276620558292E+00   6.6290572419256018E+00   5.3105510760968064E+00
   2.3399900000000000E+02   1.8985046740988130E+00   6.6675464904068074E+00   5.2771754070191985E+00
   2.3400100000000000E+02   1.8984937151710075E+00   6.6675849783723153E+00   5.2771422297659205E+00
   2.3699900000000000E+02   1.8850414353032754E+00   6.7151670725858157E+00   5.2538833218319718E+00
   2.3700100000000000E+02   1.8850306493854456E+00   6.7152054959612029E+00   5.2538505640274620E+00
   2.4000000000000000E+02   1.8717485325473582E+00   6.7628572731300816E+00   5.2308010801382157E+00
   2.5000000000000000E+02   1.8253930013707713E+00   6.9345988328555608E+00   5.1232210542163061E+00
   2.6000000000000000E+02   1.7837512402519151E+00   7.0964873863357454E+00   5.0445375620209205E+00
   2.7000000000000000E+02   1.7431940035587739E+00   7.2615946079243532E+00   5.1921439475290780E+00
   2.8000000000000000E+02   1.7040960514505550E+00   7.4282011075804348E+00   5.0900987613247812E+00
   2.9000000000000000E+02   1.6667004667734631E+00   7.5948668816980520E+00   4.9918123767569833E+00
   3.0000000000000000E+02   1.6309181685799259E+00   7.7614980448898674E+00   4.8971587935247207E+00
   3.1000000000000000E+02   1.5966621009150008E+00   7.9280194410290781E+00   4.8060006708106719E+00
   3.2000000000000000E+02   1.5638483261303340E+00   8.0943707681236390E+00   4.7181950296351092E+00
   3.3000000000000000E+02   1.5323966675710761E+00   8.2605035919796101E+00   4.6335972412479469E+00
   3.4000000000000000E+02   1.5022310463759636E+00   8.4263790229512043E+00   4.5520637900465841E+00
   3.5000000000000000E+02   1.4732796119732863E+00   8.5919658929197098E+00   4.4734541571101083E+00
   3.6000000000000000E+02   1.4454747351104280E+00   8.7572393133812980E+00   4.3976320714469939E+00
   3.7000000000000000E+02   1.4187529110932386E+00   8.9221795267044683E+00   4.3244663064028215E+00
   3.8000000000000000E+02   1.3930546063071820E+00   9.0867709847816016E+00   4.2538311494454248E+00
   3.9000000000000000E+02   1.3683240708975584E+00   9.2510016055663939E+00   4.1856066383047672E+00
   3.9899900000000002E+02   1.3468531876735845E+00   9.3984766065507248E+00   4.1261777260888719E+00
   3.9900099999999998E+02   1.3468484955607549E+00   9.3985093486986440E+00   4.1261647189604815E+00
   4.0000000000000000E+02   1.3445091333982280E+00   9.4148621696712542E+00   4.1196786312355371E+00
   4.1000000000000000E+02   1.3215609880800423E+00   9.5783458281395539E+00   4.0559387607980328E+00
   4.1599900000000002E+02   1.3081912492999284E+00   9.6762366997811036E+00   4.0187083276533420E+00
   4.1600099999999998E+02   1.3081868401961059E+00   9.6762693125019403E+00   4.0186960381903560E+00
   4.2000000000000000E+02   1.2994339823022296E+00   9.7414476989291980E+00   3.9942843073159620E+00
   4.3000000000000000E+02   1.2780854086668374E+00   9.9041645346787277E+00   3.9346180184078441E+00
   4.4000000000000000E+02   1.2574753050490117E+00   1.0066494448028212E+01   3.8768478938824678E+00
   4.5000000000000000E+02   1.2375662643561198E+00   1.0228436683666668E+01   3.8208869500276816E+00
   4.6000000000000000E+02   1.2183232550177896E+00   1.0389991428525777E+01   3.7666529734359124E+00
   4.7000000000000000E+02   1.1997134526314144E+00   1.0551159653202175E+01   3.7140682716669478E+00
   4.8000000000000000E+02   1.1817060827762249E+00   1.0711942979145622E+01   3.6630594258865283E+00
   4.9000000000000000E+02   1.1642722747596332E+00   1.0872343567076532E+01   3.6135570490978575E+00
   5.0000000000000000E+02   1.1473849258731763E+00   1.1032364023063367E+01   3.5654955523748582E+00
   5.1000000000000000E+02   1.1310185756402455E+00   1.1192007319281052E+01   3.5188129206767376E+00
   5.1099899999999997E+02   1.1294112678748613E+00   1.1207935086947444E+01   3.5142227970096278E+00
   5.1100099999999992E+02   1.1294080550007015E+00   1.1207966970627455E+01   3.5142136207482424E+00
   5.2000000000000000E+02   1.1151492894749970E+00   1.1351276727054108E+01   3.4734504991778756E+00
   5.3000000000000000E+02   1.0997545511520461E+00   1.1510175760171398E+01   3.4293527906028931E+00
   5.4000000000000000E+02   1.0848131634800460E+00   1.1668708126845379E+01   3.3864672637110464E+00
   5.5000000000000000E+02   1.0703051565866810E+00   1.1826877688954957E+01   3.3447441728429359E+00
   5.6000000000000000E+02   1.0562117032438141E+00   1.1984688427454795E+01   3.3041363882719939E+00
   5.7000000000000000E+02   1.0425150406940740E+00   1.2142144412977402E+01   3.2645992370032748E+00
   5.8000000000000000E+02   1.0291983984660729E+00   1.2299249780872776E+01   3.2260903535694299E+00
   5.9000000000000000E+02   1.0162459317040333E+00   1.2456008710000939E+01   3.1885695403463798E+00
   6.0000000000000000E+02   1.0036426595666814E+00   1.2612425404748794E+01   3.1519986368737904E+00
   6.1000000000000000E+02   9.9137440828870815E-01   1.2768504079764471E+01   3.1163413976759808E+00
   6.2000000000000000E+02   9.7942775852425656E-01   1.2924248947039580E+01   3.0815633780649945E+00
   6.3000000000000000E+02   9.6778999662436915E-01   1.3079664205003748E+01   3.0476318274277916E+00
   6.4000000000000000E+02   9.5644906953127995E-01   1.3234754029309530E+01   3.0145155895239735E+00
   6.5000000000000000E+02   9.4539354299085809E-01   1.3389522565134405E+01   2.9821850093172597E+00
   6.6000000000000000E+02   9.3461256282044691E-01   1.3543973920710416E+01   2.9506118459213799E+00
   6.7000000000000000E+02   9.2409581898159487E-01   1.3698112161960310E+01   2.9197691912340114E+00
   6.8000000000000000E+02   9.1383351223437748E-01   1.3851941308059489E+01   2.8896313938744549E+00
   6.9000000000000000E+02   9.0381632316484228E-01   1.4005465327826089E+01   2.8601739880538513E+00
   7.0000000000000000E+02   8.9403538340044786E-01   1.4158688136774384E+01   2.8313736270460073E+00
   7.1000000000000000E+02   8.8448224883698712E-01   1.4311613594792941E+01   2.8032080209281780E+00
   7.2000000000000000E+02   8.7514887472289926E-01   1.4464245504305209E+01   2.7756558783060563E+00
   7.3000000000000000E+02   8.6602759245197991E-01   1.4616587608910796E+01   2.7486968517324653E+00
   7.4000000000000000E+02   8.5711108793649049E-01   1.4768643592376916E+01   2.7223114865759688E+00
   7.5000000000000000E+02   8.4839238143718143E-01   1.4920417077962338E+01   2.6964811730930731E+00
   7.6000000000000000E+02   8.3986480873891689E-01   1.5071911628033794E+01   2.6711881014816634E+00
   7.7000000000000000E+02   8.3152200357219774E-01   1.5223130743899050E+01   2.6464152197158168E+00
   7.8000000000000000E+02   8.2335788118451148E-01   1.5374077865870047E+01   2.6221461939629092E+00
   7.9000000000000000E+02   8.1536662297801188E-01   1.5524756373489447E+01   2.5983653714128829E+00
   8.0000000000000000E+02   8.0754266213508785E-01   1.5675169585889858E+01   2.5750577453550640E+00
   8.1000000000000000E+02   7.9988067015734643E-01   1.5825320762306209E+01   2.5522089223451090E+00
   8.2000000000000000E+02   7.9237554425404833E-01   1.5975213102677463E+01   2.5298050913262076E+00
   8.3000000000000000E+02   7.8502239551812958E-01   1.6124849748335773E+01   2.5078329945735698E+00
   8.4000000000000000E+02   7.7781653783323501E-01   1.6274233782777230E+01   2.4862799003375353E+00
   8.5000000000000000E+02   7.7075347746124645E-01   1.6423368232477319E+01   2.4651335770779488E+00
   8.6000000000000000E+02   7.6382890326073272E-01   1.6572256067780049E+01   2.4443822691785191E+00
   8.7000000000000000E+02   7.5703867749465947E-01   1.6720900203804653E+01   2.4240146740517323E+00
   8.8000000000000000E+02   7.5037882718549931E-01   1.6869303501388924E+01   2.4040199205401085E+00
   8.9000000000000000E+02   7.4384553598068681E-01   1.7017468768054986E+01   2.3843875485313744E+00
   9.0000000000000000E+02   7.3743513649334358E-01   1.7165398759003558E+01   2.3651074897079516E+00
   9.1000000000000000E+02   7.3114410308766531E-01   1.7313096178101436E+01   2.3461700493635433E+00
   9.2000000000000000E+02   7.2496904507822235E-01   1.7460563678884597E+01   2.3275658892149189E+00
   9.3000000000000000E+02   7.1890670031601511E-01   1.7607803865569934E+01   2.3092860111481026E+00
   9.4000000000000000E+02   7.1295392913713185E-01   1.7754819294044044E+01   2.2913217418436438E+00
   9.5000000000000000E+02   7.0710770864829364E-01   1.7901612472880803E+01   2.2736647182203327E+00
   9.6000000000000000E+02   7.0136512733011991E-01   1.8048185864322839E+01   2.2563068736550176E+00
   9.7000000000000000E+02   6.9572337993599498E-01   1.8194541885271988E+01   2.2392404249255518E+00
   9.8000000000000000E+02   6.9017976266913783E-01   1.8340682908253712E+01   2.2224578598370339E+00
   9.9000000000000000E+02   6.8473166861928048E-01   1.8486611262384407E+01   2.2059519254869282E+00
   1.0000000000000000E+03   6.7937658344343865E-01   1.8632329234324171E+01   2.1897156171336749E+00
   1.1000000000000000E+03   6.3044666527755311E-01   2.0078412455771549E+01   2.0407987097206974E+00
   1.2000000000000000E+03   5.8860550075627072E-01   2.1505691266127030E+01   1.9126345230563808E+00
   1.3000000000000000E+03   5.5238407458724692E-01   2.2915881827815291E+01   1.8010558682345277E+00
   1.4000000000000000E+03   5.2069681155412328E-01   2.4310439195944063E+01   1.7029536873431264E+00
   1.5000000000000000E+03   4.9272356532765077E-01   2.5690608421358760E+01   1.6159594977131613E+00
   1.6000000000000000E+03   4.6783276119643907E-01   2.7057464176805084E+01   1.5382359807733523E+00
   1.7000000000000000E+03   4.4552985346763219E-01   2.8411941597821777E+01   1.4683350321371298E+00
   1.8000000000000000E+03   4.2542186315662484E-01   2.9754860464583381E+01   1.4050991796579770E+00
   1.9000000000000000E+03   4.0719242270049999E-01   3.1086944331768667E+01   1.3475916341709264E+00
   2.0000000000000000E+03   3.9058385970906878E-01   3.2408835803499919E+01   1.2950456983015699E+00
   2.1000000000000000E+03   3.7538410245057080E-01   3.3721108843375340E+01   1.2468275437658569E+00
   2.2000000000000000E+03   3.6141695464930468E-01   3.5024278783742474E+01   1.2024083987293137E+00
   2.3000000000000000E+03   3.4853476726989019E-01   3.6318810533487948E+01   1.1613434740843402E+00
   2.4000000000000000E+03   3.3661284345731241E-01   3.7605125362406831E+01   1.1232557918321453E+00
   2.4759989999999998E+03   3.2812866149034231E-01   3.8577453488259295E+01   1.0961009731884197E+00
   2.4760010000000002E+03   3.2812844434164157E-01   3.8577479018029869E+01   1.0961002776368083E+00
   2.5000000000000000E+03   3.2554511527082403E-01   3.8883606551054662E+01   1.0878236306106992E+00
   2.5269989999999998E+03   3.2269128638022909E-01   3.9227486799544465E+01   1.0786757788423174E+00
   2.5270010000000002E+03   3.2269107699584171E-01   3.9227512253062947E+01   1.0786751074916827E+00
   2.6000000000000000E+03   3.1524076631635350E-01   4.0154604129167126E+01   1.0547706752542518E+00
   2.6319989999999998E+03   3.1209161257178297E-01   4.0559783303682849E+01   1.0446566197679370E+00
   2.6320010000000002E+03   3.1209141788464489E-01   4.0559808605462003E+01   1.0446559943124314E+00
   2.7000000000000000E+03   3.0562156663714912E-01   4.1418438875543018E+01   1.0238582121333391E+00
   2.8000000000000000E+03   2.9661975005445973E-01   4.2675405715514117E+01   9.9487888941955116E-01
   2.8719989999999998E+03   2.9048737953535897E-01   4.3576310258489720E+01   9.7510850956150286E-01
   2.8720010000000002E+03   2.9048721302185671E-01   4.3576335237365591E+01   9.7510797241485159E-01
   2.9000000000000000E+03   2.8817630899015190E-01   4.3925776623230483E+01   9.6765168671301538E-01
   3.0000000000000000E+03   2.8023961372471345E-01   4.5169803114427275E+01   9.4201782812248835E-01
   3.1000000000000000E+03   2.7276428606490044E-01   4.6407718398282455E+01   9.1783743784689209E-01
   3.2000000000000000E+03   2.6571027418979876E-01   4.7639739243829524E+01   8.9498678490813666E-01
   3.3000000000000000E+03   2.5904208783184890E-01   4.8866067606069258E+01   8.7335599894058591E-01
   3.4000000000000000E+03   2.5272816218112448E-01   5.0086892048605556E+01   8.5284716531888960E-01
   3.5000000000000000E+03   2.4674032584434130E-01   5.1302388993334318E+01   8.3337272781771932E-01
   3.6000000000000000E+03   2.4105335346241677E-01   5.2512723822288812E+01   8.1485414216784946E-01
   3.7000000000000000E+03   2.3564458762463319E-01   5.3718051852616412E+01   7.9722073552076322E-01
   3.8000000000000000E+03   2.3049361783136990E-01   5.4918519201990975E+01   7.8040873585196147E-01
   3.9000000000000000E+03   2.2558200667368727E-01   5.6114263559678577E+01   7.6436044235434630E-01
   4.0000000000000000E+03   2.2089305529668921E-01   5.7305414875114842E+01   7.4902351339991946E-01
   4.1000000000000000E+03   2.1641160170156037E-01   5.8492095974895186E+01   7.3435035299819906E-01
   4.2000000000000000E+03   2.1212384662635986E-01   5.9674423117101107E+01   7.2029758014871215E-01
   4.3000000000000000E+03   2.0801720269026702E-01   6.0852506490323719E+01   7.0682556825728415E-01
   4.4000000000000000E+03   2.0408016323920986E-01   6.2026450664737666E+01   6.9389804400641886E-01
   4.5000000000000000E+03   2.0030218794748719E-01   6.3196355000011664E+01   6.8148173688291291E-01
   4.6000000000000000E+03   1.9667360272092124E-01   6.4362314015117789E+01   6.6954607202108618E-01
   4.7000000000000000E+03   1.9318551184817068E-01   6.5524417725263916E+01   6.5806290021023184E-01
   4.8000000000000000E+03   1.8982972068437443E-01   6.6682751948285485E+01   6.4700625990959804E-01
   4.9000000000000000E+03   1.8659866741695261E-01   6.7837398584007460E+01   6.3635216690967411E-01
   5.0000000000000000E+03   1.8348536268511983E-01   6.8988435870666962E+01   6.2607842794172874E-01
   5.1000000000000000E+03   1.8048333601898467E-01   7.0135938619158452E+01   6.1616447510899264E-01
   5.2000000000000000E+03   1.7758658821103737E-01   7.1279978428132864E+01   6.0659121845988129E-01
   5.3000000000000000E+03   1.7478954886397652E-01   7.2420623882148490E+01   5.9734091441451453E-01
   5.4000000000000000E+03   1.7208703847080467E-01   7.3557940733322610E+01   5.8839704808812865E-01
   5.5000000000000000E+03   1.6947423446669985E-01   7.4691992069719092E+01   5.7974422781342261E-01
   5.6000000000000000E+03   1.6694664077632507E-01   7.5822838470695118E+01   5.7136809041028092E-01
   5.7000000000000000E+03   1.6450006044316409E-01   7.6950538149996689E+01   5.6325521594283923E-01
   5.8000000000000000E+03   1.6213057097831793E-01   7.8075147089325242E+01   5.5539305086202262E-01
   5.9000000000000000E+03   1.5983450212189415E-01   7.9196719161141075E+01   5.4776983859141870E-01
   6.0000000000000000E+03   1.5760841574093062E-01   8.0315306243644343E+01   5.4037455671712564E-01
   6.1000000000000000E+03   1.5544908762946183E-01   8.1430958327537667E+01   5.3319686006118694E-01
   6.2000000000000000E+03   1.5335349100485585E-01   8.2543723614401699E+01   5.2622702900613627E-01
   6.3000000000000000E+03   1.5131878151305067E-01   8.3653648610147727E+01   5.1945592250128947E-01
   6.4000000000000000E+03   1.4934228358931609E-01   8.4760778210800282E+01   5.1287493527282513E-01
   6.5000000000000000E+03   1.4742147802943120E-01   8.5865155783347561E+01   5.0647595879591112E-01
   6.6000000000000000E+03   1.4555399064890337E-01   8.6966823241158792E+01   5.0025134565009011E-01
   6.7000000000000000E+03   1.4373758192053609E-01   8.8065821114247726E+01   4.9419387691960803E-01
   6.8000000000000000E+03   1.4197013749038903E-01   8.9162188616358790E+01   4.8829673233310827E-01
   6.9000000000000000E+03   1.4024965949063584E-01   9.0255963706304968E+01   4.8255346288574197E-01
   7.0000000000000000E+03   1.3857425856818542E-01   9.1347183146427682E+01   4.7695796569742854E-01
   7.1000000000000000E+03   1.3694214656276144E-01   9.2435882557215862E+01   4.7150446089986736E-01
   7.2000000000000000E+03   1.3535162977124524E-01   9.3522096469780848E+01   4.6618747035882407E-01
   7.3000000000000000E+03   1.3380110274839685E-01   9.4605858373316934E+01   4.6100179807195468E-01
   7.4000000000000000E+03   1.3228904258968693E-01   9.5687200761367421E+01   4.5594251207968206E-01
   7.5000000000000000E+03   1.3081400365558701E-01   9.6766155175068093E+01   4.5100492775944817E-01
   7.6000000000000000E+03   1.2937461269784067E-01   9.7842752243614896E+01   4.4618459238077357E-01
   7.7000000000000000E+03   1.2796956435143717E-01   9.8917021722800740E+01   4.4147727080928784E-01
   7.8000000000000000E+03   1.2659761696069685E-01   9.9988992531655157E+01   4.3687893226111940E-01
   7.9000000000000000E+03   1.2525758871233691E-01   1.0105869278610587E+02   4.3238573802131208E-01
   8.0000000000000000E+03   1.2394835404613173E-01   1.0212614983251171E+02   4.2799403003848674E-01
   8.1000000000000000E+03   1.2266884032347102E-01   1.0319139027832198E+02   4.2370032033014754E-01
   8.2000000000000000E+03   1.2141802473203006E-01   1.0425444002029776E+02   4.1950128113116503E-01
   8.3000000000000000E+03   1.2019493140366312E-01   1.0531532427350488E+02   4.1539373571800720E-01
   8.4000000000000000E+03   1.1899862873272160E-01   1.0637406759736659E+02   4.1137464986347971E-01
   8.5000000000000000E+03   1.1782822687703334E-01   1.0743069392038676E+02   4.0744112386849457E-01
   8.6000000000000000E+03   1.1668287542716239E-01   1.0848522656360369E+02   4.0359038512577416E-01
   8.7000000000000000E+03   1.1556176122874984E-01   1.0953768826482084E+02   3.9981978117015998E-01
   8.8000000000000000E+03   1.1446410635244117E-01   1.1058810119770348E+02   3.9612677319100292E-01
   8.9000000000000000E+03   1.1338916619119953E-01   1.1163648699438900E+02   3.9250892995365999E-01
   9.0000000000000000E+03   1.1233622768362574E-01   1.1268286676368035E+02   3.8896392211607694E-01
   9.1000000000000000E+03   1.1130460764762443E-01   1.1372726111108686E+02   3.8548951689856237E-01
   9.2000000000000000E+03   1.1029365122255742E-01   1.1476969015438262E+02   3.8208357309361918E-01
   9.3000000000000000E+03   1.0930273040460928E-01   1.1581017354233136E+02   3.7874403637631804E-01
   9.4000000000000000E+03   1.0833124267449265E-01   1.1684873047052160E+02   3.7546893490550826E-01
   9.5000000000000000E+03   1.0737860970904939E-01   1.1788537969626616E+02   3.7225637519154181E-01
   9.6000000000000000E+03   1.0644427616863254E-01   1.1892013955503489E+02   3.6910453820737443E-01
   9.7000000000000000E+03   1.0552770856156639E-01   1.1995302797106964E+02   3.6601167573946569E-01
   9.8000000000000000E+03   1.0462839416948747E-01   1.2098406247450549E+02   3.6297610694008814E-01
   9.9000000000000000E+03   1.0374584003985847E-01   1.2201326021308611E+02   3.5999621508845459E-01
   1.0000000000000000E+04   1.0287957203732989E-01   1.2304063796275673E+02   3.5707044453898557E-01
   1.1000000000000000E+04   9.5020121467892654E-02   1.3321776462983925E+02   3.3048552133884840E-01
   1.2000000000000000E+04   8.8378528971809311E-02   1.4322899831073431E+02   3.0796185469838777E-01
   1.3000000000000000E+04   8.2687692476492214E-02   1.5308648479224624E+02   2.8861806210934171E-01
   1.4000000000000000E+04   7.7753911878044105E-02   1.6280040284870717E+02   2.7181294752688373E-01
   1.5000000000000000E+04   7.3433179047530786E-02   1.7237941133687170E+02   2.5706845812549811E-01
   1.6000000000000000E+04   6.9616128077378603E-02   1.8183097116143304E+02   2.4402061329863489E-01
   1.7000000000000000E+04   6.6218159476829713E-02   1.9116158281683630E+02   2.3238720433304397E-01
   1.8000000000000000E+04   6.3172771163093847E-02   2.0037696532463659E+02   2.2194592145888070E-01
   1.9000000000000000E+04   6.0426941138547907E-02   2.0948219351009578E+02   2.1251917144620655E-01
   2.0000000000000000E+04   5.7937859748910768E-02   2.1848180501777054E+02   2.0396330772613447E-01
   2.0005999000000000E+04   5.7923628592174065E-02   2.1853548343686990E+02   2.0391436071591831E-01
   2.0006001000000000E+04   5.7923623848759459E-02   2.1853550133292569E+02   2.0391434440156786E-01
   2.1000000000000000E+04   5.5670571655518246E-02   2.2737988492621704E+02   1.9616084203007647E-01
   2.2000000000000000E+04   5.3596244481291716E-02   2.3618013350220807E+02   1.8901471446893328E-01
   2.3000000000000000E+04   5.1690877618953655E-02   2.4488592107337280E+02   1.8244401239702063E-01
   2.4000000000000000E+04   4.9934325643973279E-02   2.5350033295856142E+02   1.7638072678713004E-01
   2.5000000000000000E+04   4.8309550194970442E-02   2.6202620653102940E+02   1.7076726338281384E-01
   2.6000000000000000E+04   4.6802040137312199E-02   2.7046616215169581E+02   1.6555451076382174E-01
   2.7000000000000000E+04   4.5399357351420630E-02   2.7882262911398578E+02   1.6070032478767729E-01
   2.8000000000000000E+04   4.4090777420740926E-02   2.8709786756569605E+02   1.5616832804476663E-01
   2.9000000000000000E+04   4.2867002801851087E-02   2.9529398720317909E+02   1.5192695026405520E-01
   3.0000000000000000E+04   4.1719931935195832E-02   3.0341296329224321E+02   1.4794865492372739E-01
   3.1000000000000000E+04   4.0642471946602109E-02   3.1145665040845910E+02   1.4420931113137866E-01
   3.2000000000000000E+04   3.9628385591177755E-02   3.1942679440432516E+02   1.4068767978160512E-01
   3.3000000000000000E+04   3.8672165346710939E-02   3.2732504278778509E+02   1.3736499040498340E-01
   3.4000000000000000E+04   3.7768929178122440E-02   3.3515295382376866E+02   1.3422459049900068E-01
   3.5000000000000000E+04   3.6914333739813128E-02   3.4291200448123107E+02   1.3125165323267127E-01
   3.6000000000000000E+04   3.6104501685714330E-02   3.5060359749590634E+02   1.2843293244014131E-01
   3.7000000000000000E+04   3.5335960488112557E-02   3.5822906755476157E+02   1.2575655621109791E-01
   3.8000000000000000E+04   3.4605590671433407E-02   3.6578968690333102E+02   1.2321185211026893E-01
   3.9000000000000000E+04   3.3910581832835886E-02   3.7328667019659508E+02   1.2078919854477288E-01
   4.0000000000000000E+04   3.3248395092313372E-02   3.8072117892195405E+02   1.1847989777134287E-01
   4.1000000000000000E+04   3.2616730900140306E-02   3.8809432544185495E+02   1.1627606694642045E-01
   4.2000000000000000E+04   3.2013501356661395E-02   3.9540717635918617E+02   1.1417054434599415E-01
   4.3000000000000000E+04   3.1436806263403089E-02   4.0266075601784650E+02   1.1215680822226776E-01
   4.4000000000000000E+04   3.0884912408958264E-02   4.0985604910237208E+02   1.1022890650774686E-01
   4.5000000000000000E+04   3.0356235509936293E-02   4.1699400351091236E+02   1.0838139554531988E-01
   4.6000000000000000E+04   2.9849324480777418E-02   4.2407553259573041E+02   1.0660928664500420E-01
   4.7000000000000000E+04   2.9362847645709858E-02   4.3110151745305751E+02   1.0490799923525450E-01
   4.8000000000000000E+04   2.8895580650843394E-02   4.3807280877184905E+02   1.0327331974216268E-01
   4.9000000000000000E+04   2.8446395798033403E-02   4.4499022887404158E+02   1.0170136531645578E-01
   5.0000000000000000E+04   2.8014252658429831E-02   4.5185457313991202E+02   1.0018855185294870E-01
   5.1000000000000000E+04   2.7598189733509162E-02   4.5866661179732830E+02   9.8731565606046526E-02
   5.2000000000000000E+04   2.7197317083486956E-02   4.6542709113370881E+02   9.7327338046163170E-02
   5.3000000000000000E+04   2.6810809753677358E-02   4.7213673488814493E+02   9.5973023449885689E-02
   5.4000000000000000E+04   2.6437901925961557E-02   4.7879624533965620E+02   9.4665978935612849E-02
   5.5000000000000000E+04   2.6077881668876996E-02   4.8540630475809547E+02   9.3403746568016713E-02
   5.6000000000000000E+04   2.5730086279600009E-02   4.9196757598300758E+02   9.2184037413427719E-02
   5.7000000000000000E+04   2.5393898061406205E-02   4.9848070375799148E+02   9.1004717140151417E-02
   5.8000000000000000E+04   2.5068740564782966E-02   5.0494631527645117E+02   8.9863793142663004E-02
   5.9000000000000000E+04   2.4754075163973821E-02   5.1136502143416715E+02   8.8759402863031467E-02
   6.0000000000000000E+04   2.4449398011719883E-02   5.1773741712334333E+02   8.7689803337070937E-02
   6.1000000000000000E+04   2.4154237242367441E-02   5.2406408241305189E+02   8.6653361651625974E-02
   6.2000000000000000E+04   2.3868150472292824E-02   5.3034558297689784E+02   8.5648546366961245E-02
   6.3000000000000000E+04   2.3590722529637120E-02   5.3658247054136211E+02   8.4673919727544303E-02
   6.4000000000000000E+04   2.3321563359024675E-02   5.4277528405530700E+02   8.3728130516936811E-02
   6.5000000000000000E+04   2.3060306171058313E-02   5.4892454952290541E+02   8.2809907667351496E-02
   6.6000000000000000E+04   2.2806605705627543E-02   5.5503078100240919E+02   8.1918054332532589E-02
   6.7000000000000000E+04   2.2560136658431578E-02   5.6109448131722854E+02   8.1051442500041981E-02
   6.8000000000000000E+04   2.2320592291274022E-02   5.6711614152627578E+02   8.0209008163491177E-02
   6.9000000000000000E+04   2.2087683073286506E-02   5.7309624258951180E+02   7.9389746727395086E-02
   7.0000000000000000E+04   2.1861135514990918E-02   5.7903525496780298E+02   7.8592708955134941E-02
   7.1000000000000000E+04   2.1640691065445937E-02   5.8493363906572711E+02   7.7816997183231859E-02
   7.2000000000000000E+04   2.1426105080975730E-02   5.9079184616003033E+02   7.7061761805968451E-02
   7.3000000000000000E+04   2.1217145919021772E-02   5.9661031814179466E+02   7.6326198126775005E-02
   7.4000000000000000E+04   2.1013594077038580E-02   6.0238948798578804E+02   7.5609543404149160E-02
   7.5000000000000000E+04   2.0815241398100072E-02   6.0812978022747609E+02   7.4911074126473659E-02
   7.6000000000000000E+04   2.0621890347117942E-02   6.1383161115380267E+02   7.4230103515178517E-02
   7.7000000000000000E+04   2.0433353336876410E-02   6.1949538913731271E+02   7.3565979206667159E-02
   7.8000000000000000E+04   2.0249452110207598E-02   6.2512151479039119E+02   7.2918081118958838E-02
   7.9000000000000000E+04   2.0070017162035356E-02   6.3071038129220710E+02   7.2285819464034756E-02
   8.0000000000000000E+04   1.9894887204482629E-02   6.3626237468470447E+02   7.1668632906793442E-02
   8.1000000000000000E+04   1.9723908675742970E-02   6.4177787399594297E+02   7.1065986867018260E-02
   8.2000000000000000E+04   1.9556935282448906E-02   6.4725725140423879E+02   7.0477371939082767E-02
   8.3000000000000000E+04   1.9393827564184719E-02   6.5270087273463866E+02   6.9902302402355815E-02
   8.4000000000000000E+04   1.9234452510099132E-02   6.5810909721304142E+02   6.9340314879082057E-02
   8.5000000000000000E+04   1.9078683173964359E-02   6.6348227817329894E+02   6.8790967027984845E-02
   8.6000000000000000E+04   1.8926398346818116E-02   6.6882076266436445E+02   6.8253836389955289E-02
   8.7000000000000000E+04   1.8777482216526399E-02   6.7412489229613550E+02   6.7728519240305721E-02
   8.8000000000000000E+04   1.8631824084159528E-02   6.7939500285269412E+02   6.7214629586199656E-02
   8.9000000000000000E+04   1.8489318086730287E-02   6.8463142434081010E+02   6.6711798205029732E-02
   9.0000000000000000E+04   1.8349862908727293E-02   6.8983448213054885E+02   6.6219671686136655E-02
   9.1000000000000000E+04   1.8213361574347851E-02   6.9500449574541017E+02   6.5737911659547468E-02
   9.2000000000000000E+04   1.8079721197229372E-02   7.0014177977192992E+02   6.5266193961118685E-02
   9.3000000000000000E+04   1.7948852758096798E-02   7.0524664430701387E+02   6.4804207874679526E-02
   9.4000000000000000E+04   1.7820670928225257E-02   7.1031939413456712E+02   6.4351655485832923E-02
   9.5000000000000000E+04   1.7695093849900524E-02   7.1536033005440208E+02   6.3908250966653105E-02
   9.6000000000000000E+04   1.7572043003373755E-02   7.2036974723873072E+02   6.3473720051569538E-02
   9.7000000000000000E+04   1.7451442984613097E-02   7.2534793758712772E+02   6.3047799348415132E-02
   9.8000000000000000E+04   1.7333221394504102E-02   7.3029518799212281E+02   6.2630235888837149E-02
   9.9000000000000000E+04   1.7217308674000151E-02   7.3521178114927181E+02   6.2220786582823581E-02
   1.0000000000000000E+05   1.7103637957843792E-02   7.4009799599407938E+02   6.1819217723115313E-02
   1.1000000000000000E+05   1.6077223412254357E-02   7.8734790530807800E+02   5.8191427954920362E-02
   1.2000000000000000E+05   1.5217321544859929E-02   8.3183943636153060E+02   5.5149831230709115E-02
   1.3000000000000000E+05   1.4486638344467033E-02   8.7379610616448792E+02   5.2563735774783071E-02
   1.4000000000000000E+05   1.3858280050175224E-02   9.1341552710564588E+02   5.0338760265279725E-02
   1.5000000000000000E+05   1.3312354332105732E-02   9.5087374186547606E+02   4.8405004329128400E-02
   1.6000000000000000E+05   1.2833825043795512E-02   9.8632856016126857E+02   4.6709570570257354E-02
   1.7000000000000000E+05   1.2411111749695522E-02   1.0199221820010606E+03   4.5211675846863864E-02
   1.8000000000000000E+05   1.2035148332486735E-02   1.0517833122703983E+03   4.3879361049866519E-02
   1.9000000000000000E+05   1.1698734088413446E-02   1.0820288828810499E+03   4.2687220409009227E-02
   2.0000000000000000E+05   1.1396076285796270E-02   1.1107654827289521E+03   4.1614799122281790E-02
   2.1000000000000000E+05   1.1122461225527408E-02   1.1380905646814895E+03   4.0645440085969778E-02
   2.2000000000000000E+05   1.0874013699161408E-02   1.1640934550031566E+03   3.9765439571823921E-02
   2.3000000000000000E+05   1.0647518113964369E-02   1.1888562237059575E+03   3.8963418934238631E-02
   2.4000000000000000E+05   1.0440283474668969E-02   1.2124544517896645E+03   3.8229850203098041E-02
   2.5000000000000000E+05   1.0250040606161030E-02   1.2349578565766703E+03   3.7556694162663468E-02
   2.6000000000000000E+05   1.0074862341954522E-02   1.2564308818489262E+03   3.6937119671092297E-02
   2.7000000000000000E+05   9.9131013756633586E-03   1.2769331914515394E+03   3.6365284643275896E-02
   2.8000000000000000E+05   9.7633411797430313E-03   1.2965201096395183E+03   3.5836163038959278E-02
   2.9000000000000000E+05   9.6243569089855992E-03   1.3152430127555028E+03   3.5345406983989219E-02
   3.0000000000000000E+05   9.4950840565898465E-03   1.3331496700151072E+03   3.4889236088494577E-02
   3.1000000000000000E+05   9.3745929503278504E-03   1.3502845663678406E+03   3.4464347541552101E-02
   3.2000000000000000E+05   9.2620680831196830E-03   1.3666891738658892E+03   3.4067843022285958E-02
   3.3000000000000000E+05   9.1567911877604696E-03   1.3824021884138203E+03   3.3697168756541281E-02
   3.4000000000000000E+05   9.0581270109308717E-03   1.3974597796578703E+03   3.3350065479961770E-02
   3.5000000000000000E+05   8.9655118133684757E-03   1.4118957668354822E+03   3.3024527486718670E-02
   3.6000000000000000E+05   8.8784434542992681E-03   1.4257418253510205E+03   3.2718767773951815E-02
   3.7000000000000000E+05   8.7964732557668616E-03   1.4390276430965996E+03   3.2431189138802906E-02
   3.8000000000000000E+05   8.7191991940902026E-03   1.4517810517952371E+03   3.2160359886882449E-02
   3.9000000000000000E+05   8.6462598003090411E-03   1.4640282005354516E+03   3.1904992563173744E-02
   4.0000000000000000E+05   8.5773293256592373E-03   1.4757936528029441E+03   3.1663926554847809E-02
   4.1000000000000000E+05   8.5121133671931214E-03   1.4871005155541729E+03   3.1436112719418929E-02
   4.2000000000000000E+05   8.4503452514382762E-03   1.4979705325831465E+03   3.1220600460324755E-02
   4.3000000000000000E+05   8.3917827610862066E-03   1.5084241974788679E+03   3.1016526265099650E-02
   4.4000000000000000E+05   8.3362055391243643E-03   1.5184808144903413E+03   3.0823104261126864E-02
   4.5000000000000000E+05   8.2834126324715582E-03   1.5281585909636772E+03   3.0639617603197347E-02
   4.6000000000000000E+05   8.2332202332858519E-03   1.5374747447702541E+03   3.0465410728039374E-02
   4.7000000000000000E+05   8.1854602863984140E-03   1.5464454940722844E+03   3.0299883757331763E-02
   4.8000000000000000E+05   8.1399783459041100E-03   1.5550862224563436E+03   3.0142485726247118E-02
   4.9000000000000000E+05   8.0966326914718063E-03   1.5634114401832176E+03   2.9992710650064980E-02
   5.0000000000000000E+05   8.0552928011444497E-03   1.5714348924734343E+03   2.9850092544546219E-02
   5.1000000000000000E+05   8.0158382499179448E-03   1.5791696117293832E+03   2.9714201525412688E-02
   5.2000000000000000E+05   7.9781579833433508E-03   1.5866279162729495E+03   2.9584640855385168E-02
   5.3000000000000000E+05   7.9421491239540145E-03   1.5938215184892506E+03   2.9461043213131425E-02
   5.4000000000000000E+05   7.9077164741672683E-03   1.6007615116399911E+03   2.9343068513155688E-02
   5.5000000000000000E+05   7.8747717443611778E-03   1.6074584239057635E+03   2.9230401296880100E-02
   5.6000000000000000E+05   7.8432328723177132E-03   1.6139222668608395E+03   2.9122748418951891E-02
   5.7000000000000000E+05   7.8130236409109932E-03   1.6201625335581989E+03   2.9019837433206089E-02
   5.8000000000000000E+05   7.7840729422836586E-03   1.6261882783815229E+03   2.8921414350410006E-02
   5.9000000000000000E+05   7.7563146934155093E-03   1.6320080704763566E+03   2.8827242787300564E-02
   6.0000000000000000E+05   7.7296869450279608E-03   1.6376301222588090E+03   2.8737101553480693E-02
   6.1000000000000000E+05   7.7041319854281752E-03   1.6430622165807742E+03   2.8650784307164338E-02
   6.2000000000000000E+05   7.6795959383712436E-03   1.6483117443146568E+03   2.8568098241855085E-02
   6.3000000000000000E+05   7.6560281526913661E-03   1.6533857927832451E+03   2.8488862399519591E-02
   6.4000000000000000E+05   7.6333813128651676E-03   1.6582910846434811E+03   2.8412907481745155E-02
   6.5000000000000000E+05   7.6116108572703281E-03   1.6630340691573394E+03   2.8340074300216476E-02
   6.6000000000000000E+05   7.5906749952203856E-03   1.6676208881000757E+03   2.8270213470087586E-02
   6.7000000000000000E+05   7.5705346986905033E-03   1.6720573487362806E+03   2.8203185082369787E-02
   6.8000000000000000E+05   7.5511528897828023E-03   1.6763490769649291E+03   2.8138856779087694E-02
   6.9000000000000000E+05   7.5324948464911183E-03   1.6805014055476108E+03   2.8077104313304544E-02
   7.0000000000000000E+05   7.5145277947841257E-03   1.6845194432036967E+03   2.8017810487775685E-02
   7.1000000000000000E+05   7.4972209001219967E-03   1.6884080575246862E+03   2.7960864920129943E-02
   7.2000000000000000E+05   7.4805448776705001E-03   1.6921719452006514E+03   2.7906163055884628E-02
   7.3000000000000000E+05   7.4644724078945044E-03   1.6958155225305456E+03   2.7853606824247201E-02
   7.4000000000000000E+05   7.4489772375752362E-03   1.6993431142406018E+03   2.7803102653679038E-02
   7.5000000000000000E+05   7.4340348199586140E-03   1.7027587956440227E+03   2.7754562609276411E-02
   7.6000000000000000E+05   7.4196219374553733E-03   1.7060664658541566E+03   2.7707903487429537E-02
   7.7000000000000000E+05   7.4057162962131717E-03   1.7092699302133908E+03   2.7663045864723512E-02
   7.8000000000000000E+05   7.3922972946674145E-03   1.7123727134107328E+03   2.7619915527901270E-02
   7.9000000000000000E+05   7.3793446426107488E-03   1.7153783689292543E+03   2.7578440571876656E-02
   8.0000000000000000E+05   7.3668400271641055E-03   1.7182900850476792E+03   2.7538554659727654E-02
   8.1000000000000000E+05   7.3547649984769831E-03   1.7211111679883365E+03   2.7500192655652685E-02
   8.2000000000000000E+05   7.3431029070837968E-03   1.7238445840922498E+03   2.7463294447764339E-02
   8.3000000000000000E+05   7.3318375323289491E-03   1.7264932727972687E+03   2.7427802094540082E-02
   8.4000000000000000E+05   7.3209535209971480E-03   1.7290600384913153E+03   2.7393660633112604E-02
   8.5000000000000000E+05   7.3104362174492617E-03   1.7315475848888784E+03   2.7360817664062682E-02
   8.6000000000000000E+05   7.3002715236151622E-03   1.7339585433035945E+03   2.7329223001504959E-02
   8.7000000000000000E+05   7.2904463870277318E-03   1.7362953521381282E+03   2.7298829596173451E-02
   8.8000000000000000E+05   7.2809479387882462E-03   1.7385604571312406E+03   2.7269591736116067E-02
   8.9000000000000000E+05   7.2717642580612165E-03   1.7407561256920349E+03   2.7241466536263720E-02
   9.0000000000000000E+05   7.2628837794630439E-03   1.7428845843027259E+03   2.7214412690765234E-02
   9.1000000000000000E+05   7.2542953983772496E-03   1.7449479903506649E+03   2.7188390638197373E-02
   9.2000000000000000E+05   7.2459886897843001E-03   1.7469483763692258E+03   2.7163362959109146E-02
   9.3000000000000000E+05   7.2379536698620262E-03   1.7488877042024171E+03   2.7139293852985715E-02
   9.4000000000000000E+05   7.2301806066782052E-03   1.7507679082202278E+03   2.7116148716998526E-02
   9.5000000000000000E+05   7.2226603200247234E-03   1.7525908205475637E+03   2.7093894715080582E-02
   9.6000000000000000E+05   7.2153841450185163E-03   1.7543581772493383E+03   2.7072500670207830E-02
   9.7000000000000000E+05   7.2083435264511646E-03   1.7560717147231285E+03   2.7051936213040879E-02
   9.8000000000000000E+05   7.2015305148350932E-03   1.7577330472643732E+03   2.7032172753606809E-02
   9.9000000000000000E+05   7.1949373186621464E-03   1.7593437741250821E+03   2.7013182548710924E-02
   1.0000000000000000E+06   7.1885565265758537E-03   1.7609054237816581E+03   2.6994939124011887E-02
   1.1000000000000000E+06   7.1350042578745302E-03   1.7741220214182886E+03   2.6848477510138267E-02
   1.2000000000000000E+06   7.0964203943626016E-03   1.7837680793071770E+03   2.6754286331397221E-02
   1.3000000000000000E+06   7.0688615519218173E-03   1.7907223226584508E+03   2.6698297247169038E-02
   1.4000000000000000E+06   7.0495706082809358E-03   1.7956225818830756E+03   2.6670691281858495E-02
   1.5000000000000000E+06   7.0365730136263569E-03   1.7989393632803169E+03   2.6664451245966132E-02
   1.6000000000000000E+06   7.0284245330812008E-03   1.8010249832275199E+03   2.6674458958341564E-02
   1.7000000000000000E+06   7.0240512450543352E-03   1.8021463305412628E+03   2.6696919266821502E-02
   1.8000000000000000E+06   7.0226405426614012E-03   1.8025083442489938E+03   2.6728972734218270E-02
   1.9000000000000000E+06   7.0235710687065692E-03   1.8022695368183365E+03   2.6768440860409585E-02
   2.0000000000000000E+06   7.0263605724357912E-03   1.8015540259159018E+03   2.6813642366083110E-02
   2.1000000000000000E+06   7.0306319611930148E-03   1.8004595101377606E+03   2.6863269325387060E-02
   2.2000000000000000E+06   7.0360882382685440E-03   1.7990633073588992E+03   2.6916296882625684E-02
   2.3000000000000000E+06   7.0424913965727570E-03   1.7974275670352513E+03   2.6971911745961780E-02
   2.4000000000000000E+06   7.0496517158032757E-03   1.7956019229194071E+03   2.7029469262272829E-02
   2.5000000000000000E+06   7.0574151370290193E-03   1.7936266934889832E+03   2.7088452003657240E-02
   2.6000000000000000E+06   7.0656572579310276E-03   1.7915344199012411E+03   2.7148445623144928E-02
   2.7000000000000000E+06   7.0742754983679924E-03   1.7893518820024317E+03   2.7209113867809092E-02
   2.8000000000000000E+06   7.0831871407608426E-03   1.7871006264912487E+03   2.7270187568586988E-02
   2.9000000000000000E+06   7.0923236544256901E-03   1.7847984375204726E+03   2.7331447705254506E-02
   3.0000000000000000E+06   7.1016284561202453E-03   1.7824599322567160E+03   2.7392716605056093E-02
   3.1000000000000000E+06   7.1110555028615083E-03   1.7800969450617697E+03   2.7453851732328904E-02
   3.2000000000000000E+06   7.1205645083464242E-03   1.7777197526924801E+03   2.7514733358749537E-02
   3.3000000000000000E+06   7.1301231033732079E-03   1.7753365535610287E+03   2.7575266799693590E-02
   3.4000000000000000E+06   7.1397045718038328E-03   1.7729540556620464E+03   2.7635376137732252E-02
   3.5000000000000000E+06   7.1492898355070217E-03   1.7705770038781393E+03   2.7695006859460795E-02
   3.6000000000000000E+06   7.1588533646500026E-03   1.7682116858706361E+03   2.7754096290223705E-02
   3.7000000000000000E+06   7.1683878121905813E-03   1.7658598430293630E+03   2.7812622445080561E-02
   3.8000000000000000E+06   7.1778774455257413E-03   1.7635252583894319E+03   2.7870549636718409E-02
   3.9000000000000000E+06   7.1873089216496636E-03   1.7612110895468581E+03   2.7927849636412348E-02
   4.0000000000000000E+06   7.1966770277039713E-03   1.7589184741901620E+03   2.7984512774986939E-02
   4.1000000000000000E+06   7.2059716103827325E-03   1.7566497429117865E+03   2.8040521140102567E-02
   4.2000000000000000E+06   7.2151913215550735E-03   1.7544050618577680E+03   2.8095876002929957E-02
   4.3000000000000000E+06   7.2243264641513620E-03   1.7521866210811431E+03   2.8150562897585565E-02
   4.4000000000000000E+06   7.2333773256144564E-03   1.7499941738119078E+03   2.8204588419132582E-02
   4.5000000000000000E+06   7.2423377398070556E-03   1.7478290341573731E+03   2.8257946835858992E-02
   4.6000000000000000E+06   7.2512047010614474E-03   1.7456917434637446E+03   2.8310639348937135E-02
   4.7000000000000000E+06   7.2599812532647906E-03   1.7435813861249339E+03   2.8362679796989039E-02
   4.8000000000000000E+06   7.2686666418988978E-03   1.7414979666066417E+03   2.8414074658957116E-02
   4.9000000000000000E+06   7.2772549979515603E-03   1.7394427129970852E+03   2.8464820306399186E-02
   5.0000000000000000E+06   7.2857449236649616E-03   1.7374157768950408E+03   2.8514922288528314E-02
   5.1000000000000000E+06   7.2941439091937293E-03   1.7354151953121627E+03   2.8564404190501644E-02
   5.2000000000000000E+06   7.3024434891496683E-03   1.7334428120692601E+03   2.8613257408468006E-02
   5.3000000000000000E+06   7.3106504372348466E-03   1.7314968463457697E+03   2.8661504108471039E-02
   5.4000000000000000E+06   7.3187643924720889E-03   1.7295772206888587E+03   2.8709152005734075E-02
   5.5000000000000000E+06   7.3267834591793334E-03   1.7276842215050683E+03   2.8756205646203306E-02
   5.6000000000000000E+06   7.3347137750502641E-03   1.7258162438276895E+03   2.8802685707387053E-02
   5.7000000000000000E+06   7.3425471282662609E-03   1.7239750669189618E+03   2.8848583775245254E-02
   5.8000000000000000E+06   7.3502953165797257E-03   1.7221577680362795E+03   2.8893931721275370E-02
   5.9000000000000000E+06   7.3579513924046771E-03   1.7203658330598914E+03   2.8938723421230498E-02
   6.0000000000000000E+06   7.3655195648116229E-03   1.7185981335631959E+03   2.8982975136413788E-02
   6.1000000000000000E+06   7.3730043966377780E-03   1.7168534692019039E+03   2.9026703689333296E-02
   6.2000000000000000E+06   7.3803968422531717E-03   1.7151338129053731E+03   2.9069898260586747E-02
   6.3000000000000000E+06   7.3877050152262617E-03   1.7134371432967637E+03   2.9112582524098103E-02
   6.4000000000000000E+06   7.3949356034743998E-03   1.7117617861149615E+03   2.9154777110997659E-02
   6.5000000000000000E+06   7.4020830102773877E-03   1.7101089192370589E+03   2.9196477677795228E-02
   6.6000000000000000E+06   7.4091434390254236E-03   1.7084792973684828E+03   2.9237683351983169E-02
   6.7000000000000000E+06   7.4161258330049367E-03   1.7068707384215754E+03   2.9278418826801083E-02
   6.8000000000000000E+06   7.4230422765867096E-03   1.7052803561061053E+03   2.9318714976736462E-02
   6.9000000000000000E+06   7.4298696457612817E-03   1.7037133597666843E+03   2.9358531408536188E-02
   7.0000000000000000E+06   7.4366239252601505E-03   1.7021659699385214E+03   2.9397906554770425E-02
   7.1000000000000000E+06   7.4433047356822768E-03   1.7006381743482591E+03   2.9436845643041911E-02
   7.2000000000000000E+06   7.4499173670536552E-03   1.6991286685659813E+03   2.9475365197935317E-02
   7.3000000000000000E+06   7.4564494051098393E-03   1.6976401889260846E+03   2.9513445838354094E-02
   7.4000000000000000E+06   7.4629209454240304E-03   1.6961680646731322E+03   2.9551133693478265E-02
   7.5000000000000000E+06   7.4693180180903087E-03   1.6947153871545613E+03   2.9588405950158238E-02
   7.6000000000000000E+06   7.4756455662850175E-03   1.6932809433739606E+03   2.9625277852133449E-02
   7.7000000000000000E+06   7.4819117926454969E-03   1.6918627922413182E+03   2.9661771089324683E-02
   7.8000000000000000E+06   7.4881154457627991E-03   1.6904611405225173E+03   2.9697888125026346E-02
   7.9000000000000000E+06   7.4942478944276959E-03   1.6890778574619226E+03   2.9733616388540832E-02
   8.0000000000000000E+06   7.5003137025586768E-03   1.6877118316384754E+03   2.9768969831888120E-02
   8.1000000000000000E+06   7.5063258724384907E-03   1.6863600637546376E+03   2.9803979326452117E-02
   8.2000000000000000E+06   7.5122700243318600E-03   1.6850257160363842E+03   2.9838620323320946E-02
   8.3000000000000000E+06   7.5181660864681848E-03   1.6837042479803731E+03   2.9872937446092745E-02
   8.4000000000000000E+06   7.5239937186072732E-03   1.6824001521297896E+03   2.9906893879160856E-02
   8.5000000000000000E+06   7.5297592524788820E-03   1.6811119389562396E+03   2.9940506564254732E-02
   8.6000000000000000E+06   7.5354816958092255E-03   1.6798353028776207E+03   2.9973817937253355E-02
   8.7000000000000000E+06   7.5411393061928442E-03   1.6785750352620198E+03   3.0006788031559466E-02
   8.8000000000000000E+06   7.5467465303092713E-03   1.6773278559137866E+03   3.0039449868014899E-02
   8.9000000000000000E+06   7.5522945957881569E-03   1.6760956575856974E+03   3.0071789476830681E-02
   9.0000000000000000E+06   7.5577868930178519E-03   1.6748776270078088E+03   3.0103817357764583E-02
   9.1000000000000000E+06   7.5632439514432114E-03   1.6736691634008448E+03   3.0135578533073193E-02
   9.2000000000000000E+06   7.5686406295439506E-03   1.6724757848056515E+03   3.0167025698745142E-02
   9.3000000000000000E+06   7.5739717192121097E-03   1.6712985796737646E+03   3.0198151722120328E-02
   9.4000000000000000E+06   7.5792646544276454E-03   1.6701314380694846E+03   3.0229015310963916E-02
   9.5000000000000000E+06   7.5845080392504200E-03   1.6689768289914675E+03   3.0259596670674387E-02
   9.6000000000000000E+06   7.5897144663225101E-03   1.6678319366264504E+03   3.0289924375302230E-02
   9.7000000000000000E+06   7.5948655078122863E-03   1.6667007682740023E+03   3.0319964273283602E-02
   9.8000000000000000E+06   7.5999676524920968E-03   1.6655818492408541E+03   3.0349732460546678E-02
   9.9000000000000000E+06   7.6050283011997602E-03   1.6644735135057274E+03   3.0379246803002437E-02
   1.0000000000000000E+07   7.6100385735047666E-03   1.6633776628780881E+03   3.0408492214915893E-02
   1.1000000000000000E+07   7.6578785028578135E-03   1.6529862901434819E+03   3.0687761707065633E-02
   1.2000000000000000E+07   7.7019405845819983E-03   1.6435297101808865E+03   3.0945368922909222E-02
   1.3000000000000000E+07   7.7427859213723294E-03   1.6348596364866166E+03   3.1184410617636035E-02
   1.4000000000000000E+07   7.7808042278291033E-03   1.6268714397843457E+03   3.1407260412328442E-02
   1.5000000000000000E+07   7.8163456265930159E-03   1.6194739564409435E+03   3.1615923450488963E-02
   1.6000000000000000E+07   7.8497553608637988E-03   1.6125812327755793E+03   3.1812171192571195E-02
   1.7000000000000000E+07   7.8812104380020162E-03   1.6061451824419892E+03   3.1997259407422637E-02
   1.8000000000000000E+07   7.9109389397160734E-03   1.6001094526540198E+03   3.2172407048220199E-02
   1.9000000000000000E+07   7.9391362685450727E-03   1.5944263643591839E+03   3.2338654445197783E-02
   2.0000000000000000E+07   7.9659409834591660E-03   1.5890612550473140E+03   3.2496835555164916E-02
   2.1000000000000000E+07   7.9914718318262797E-03   1.5839845829645701E+03   3.2647669151530674E-02
   2.2000000000000000E+07   8.0159174008829839E-03   1.5791540186546947E+03   3.2791952801178810E-02
   2.3000000000000000E+07   8.0391685473312092E-03   1.5745867377056923E+03   3.2929830793862136E-02
   2.4000000000000000E+07   8.0615261325354855E-03   1.5702198279455542E+03   3.3062231741191488E-02
   2.5000000000000000E+07   8.0830849509389169E-03   1.5660318125616241E+03   3.3189631042513351E-02
   2.6000000000000000E+07   8.1036647390999635E-03   1.5620547720504990E+03   3.3311917012712293E-02
   2.7000000000000000E+07   8.1235449834677273E-03   1.5582320529485066E+03   3.3429879399268156E-02
   2.8000000000000000E+07   8.1427156185525755E-03   1.5545634613552390E+03   3.3543699815026889E-02
   2.9000000000000000E+07   8.1612251762993200E-03   1.5510377306545968E+03   3.3653657971524288E-02
   3.0000000000000000E+07   8.1791174105260104E-03   1.5476447569413704E+03   3.3760006295586557E-02
   3.1000000000000000E+07   8.1964318978605261E-03   1.5443754470908993E+03   3.3862973346975932E-02
   3.2000000000000000E+07   8.2132045520317450E-03   1.5412215897724218E+03   3.3962766728165457E-02
   3.3000000000000000E+07   8.2294680565889559E-03   1.5381757471764518E+03   3.4059575554873024E-02
   3.4000000000000000E+07   8.2452522426897396E-03   1.5352311614276443E+03   3.4153572587970658E-02
   3.5000000000000000E+07   8.2605844057758882E-03   1.5323816760419024E+03   3.4244916052069189E-02
   3.6000000000000000E+07   8.2754895868463671E-03   1.5296216669680232E+03   3.4333751223385348E-02
   3.7000000000000000E+07   8.2899908125125023E-03   1.5269459837883708E+03   3.4420211800212111E-02
   3.8000000000000000E+07   8.3041093005125320E-03   1.5243498993958547E+03   3.4504421090068710E-02
   3.9000000000000000E+07   8.3178646512797952E-03   1.5218290640087332E+03   3.4586493072124594E-02
   4.0000000000000000E+07   8.3312749995187799E-03   1.5193794680333581E+03   3.4666533296406662E-02
   4.1000000000000000E+07   8.3443571612566159E-03   1.5169974070120193E+03   3.4744639703186878E-02
   4.2000000000000000E+07   8.3571267572042883E-03   1.5146794519894379E+03   3.4820903333699880E-02
   4.3000000000000000E+07   8.3695983205187580E-03   1.5124224236395467E+03   3.4895408956823686E-02
   4.4000000000000000E+07   8.3817853986454839E-03   1.5102233682640074E+03   3.4968235638276217E-02
   4.5000000000000000E+07   8.3937006396319520E-03   1.5080795372949474E+03   3.5039457238861448E-02
   4.6000000000000000E+07   8.4053558671811513E-03   1.5059883694197010E+03   3.5109142855442817E-02
   4.7000000000000000E+07   8.4167621528277378E-03   1.5039474737391372E+03   3.5177357225893602E-02
   4.8000000000000000E+07   8.4279298786338018E-03   1.5019546150828235E+03   3.5244161088391568E-02
   4.9000000000000000E+07   8.4388687904646612E-03   1.5000077014008725E+03   3.5309611498364257E-02
   5.0000000000000000E+07   8.4495880515770994E-03   1.4981047714445438E+03   3.5373762125489143E-02
   5.1000000000000000E+07   8.4600962868091097E-03   1.4962439844266605E+03   3.5436663513512615E-02
   5.2000000000000000E+07   8.4704016241031049E-03   1.4944236104210465E+03   3.5498363318548574E-02
   5.3000000000000000E+07   8.4805117319646187E-03   1.4926420217186571E+03   3.5558906524828300E-02
   5.4000000000000000E+07   8.4904338516740424E-03   1.4908976853182401E+03   3.5618335637081000E-02
   5.5000000000000000E+07   8.5001748322052467E-03   1.4891891551275808E+03   3.5676690866979929E-02
   5.6000000000000000E+07   8.5097411527022167E-03   1.4875150665174897E+03   3.5734010284261153E-02
   5.7000000000000000E+07   8.5191389562853138E-03   1.4858741290361595E+03   3.5790329981582741E-02
   5.8000000000000000E+07   8.5283740629729429E-03   1.4842651229108756E+03   3.5845684188994920E-02
   5.9000000000000000E+07   8.5374519994658241E-03   1.4826868927169926E+03   3.5900105415078508E-02
   6.0000000000000000E+07   8.5463780162444679E-03   1.4811383433716778E+03   3.5953624555803206E-02
   6.1000000000000000E+07   8.5551571049324749E-03   1.4796184361722915E+03   3.6006270997908547E-02
   6.2000000000000000E+07   8.5637940158259668E-03   1.4781261848913791E+03   3.6058072717182262E-02
   6.3000000000000000E+07   8.5722932719190358E-03   1.4766606525554269E+03   3.6109056364733924E-02
   6.4000000000000000E+07   8.5806591857402904E-03   1.4752209478083782E+03   3.6159247354473935E-02
   6.5000000000000000E+07   8.5888958704294794E-03   1.4738062223329164E+03   3.6208669934896021E-02
   6.6000000000000000E+07   8.5970072507311548E-03   1.4724156683399210E+03   3.6257347256992249E-02
   6.7000000000000000E+07   8.6049970757526364E-03   1.4710485158068800E+03   3.6305301442359342E-02
   6.8000000000000000E+07   8.6128689277316043E-03   1.4697040304481131E+03   3.6352553640168435E-02
   6.9000000000000000E+07   8.6206262387712937E-03   1.4683815103684008E+03   3.6399124097411882E-02
   7.0000000000000000E+07   8.6282722876552097E-03   1.4670802861563902E+03   3.6445032186343831E-02
   7.1000000000000000E+07   8.6358102154569932E-03   1.4657997178019964E+03   3.6490296467519612E-02
   7.2000000000000000E+07   8.6432430349508652E-03   1.4645391927106002E+03   3.6534934738149290E-02
   7.3000000000000000E+07   8.6505736320525699E-03   1.4632981250984319E+03   3.6578964062366284E-02
   7.4000000000000000E+07   8.6578047779795331E-03   1.4620759535955413E+03   3.6622400821314953E-02
   7.5000000000000000E+07   8.6649391295413099E-03   1.4608721408846811E+03   3.6665260737581182E-02
   7.6000000000000000E+07   8.6719792443665650E-03   1.4596861708394317E+03   3.6707558928234983E-02
   7.7000000000000000E+07   8.6789275722093228E-03   1.4585175497191206E+03   3.6749309908129899E-02
   7.8000000000000000E+07   8.6857864759056231E-03   1.4573658023856308E+03   3.6790527651759546E-02
   7.9000000000000000E+07   8.6925582233377627E-03   1.4562304734207357E+03   3.6831225595336858E-02
   8.0000000000000000E+07   8.6992450022244927E-03   1.4551111244218980E+03   3.6871416683838282E-02
   8.1000000000000000E+07   8.7058489137662488E-03   1.4540073348610763E+03   3.6911113374293474E-02
   8.2000000000000000E+07   8.7123719839502858E-03   1.4529186999966701E+03   3.6950327673766208E-02
   8.3000000000000000E+07   8.7188161680550810E-03   1.4518448299423405E+03   3.6989071162696181E-02
   8.4000000000000000E+07   8.7251833486141801E-03   1.4507853498366869E+03   3.7027355004190798E-02
   8.5000000000000000E+07   8.7314753429312882E-03   1.4497398984303668E+03   3.7065189971824848E-02
   8.6000000000000000E+07   8.7376939019782624E-03   1.4487081281186256E+03   3.7102586459309486E-02
   8.7000000000000000E+07   8.7438407200176246E-03   1.4476897032020665E+03   3.7139554511142141E-02
   8.8000000000000000E+07   8.7499174343833239E-03   1.4466842997931208E+03   3.7176103832748796E-02
   8.9000000000000000E+07   8.7559256207201206E-03   1.4456916064765962E+03   3.7212243790863408E-02
   9.0000000000000000E+07   8.7618668082867016E-03   1.4447113216599648E+03   3.7247983453877989E-02
   9.1000000000000000E+07   8.7677424715823359E-03   1.4437431548470163E+03   3.7283331583860768E-02
   9.2000000000000000E+07   8.7735540421481056E-03   1.4427868245864477E+03   3.7318296668837250E-02
   9.3000000000000000E+07   8.7793028990350627E-03   1.4418420599430219E+03   3.7352886911536397E-02
   9.4000000000000000E+07   8.7849903819394240E-03   1.4409085982418487E+03   3.7387110263492854E-02
   9.5000000000000000E+07   8.7906177858316399E-03   1.4399861858640584E+03   3.7420974421378261E-02
   9.6000000000000000E+07   8.7961863645161110E-03   1.4390745775774399E+03   3.7454486840999057E-02
   9.7000000000000000E+07   8.8016973359169373E-03   1.4381735355922397E+03   3.7487654754429368E-02
   9.8000000000000000E+07   8.8071518789681145E-03   1.4372828299960656E+03   3.7520485169863720E-02
   9.9000000000000000E+07   8.8125511329233946E-03   1.4364022387929440E+03   3.7552984876046885E-02
   1.0000000000000000E+08   8.8178962131413557E-03   1.4355315452617403E+03   3.7585160479689253E-02
   1.1000000000000000E+08   8.8685891316666026E-03   1.4273260367435325E+03   3.7890410639512720E-02
   1.2000000000000000E+08   8.9148737696324032E-03   1.4199155819713210E+03   3.8169258841120442E-02
   1.3000000000000000E+08   8.9574555202609502E-03   1.4131656192069702E+03   3.8425909732061982E-02
   1.4000000000000000E+08   8.9968829983282962E-03   1.4069726347625617E+03   3.8663637412519193E-02
   1.5000000000000000E+08   9.0335912995925145E-03   1.4012553542664089E+03   3.8885041214206210E-02
   1.6000000000000000E+08   9.0679313017099031E-03   1.3959488394471539E+03   3.9092219233466084E-02
   1.7000000000000000E+08   9.1001900823716262E-03   1.3910004145220585E+03   3.9286889437606894E-02
   1.8000000000000000E+08   9.1306054995981822E-03   1.3863667833820577E+03   3.9470476266683298E-02
   1.9000000000000000E+08   9.1593768414613436E-03   1.3820119420688520E+03   3.9644173918428345E-02
   2.0000000000000000E+08   9.1866727316911919E-03   1.3779056407594653E+03   3.9808993425093919E-02
   2.1000000000000000E+08   9.2126371224325130E-03   1.3740222271412044E+03   3.9965798310473491E-02
   2.2000000000000000E+08   9.2373938665806579E-03   1.3703397689476369E+03   4.0115331922379940E-02
   2.3000000000000000E+08   9.2610503198440851E-03   1.3668393691463680E+03   4.0258238799211893E-02
   2.4000000000000000E+08   9.2837001176908646E-03   1.3635046389194415E+03   4.0395081382994948E-02
   2.5000000000000000E+08   9.3054254405861448E-03   1.3603212725340061E+03   4.0526353440852217E-02
   2.6000000000000000E+08   9.3262987962817005E-03   1.3572767132289630E+03   4.0652490782522338E-02
   2.7000000000000000E+08   9.3463844828491644E-03   1.3543598810895123E+03   4.0773879994613842E-02
   2.8000000000000000E+08   9.3657397870665401E-03   1.3515609513611321E+03   4.0890865592994631E-02
   2.9000000000000000E+08   9.3844159607118609E-03   1.3488711742747867E+03   4.1003755899075935E-02
   3.0000000000000000E+08   9.4024590445695010E-03   1.3462827242113269E+03   4.1112827948786256E-02
   3.1000000000000000E+08   9.4199105593198978E-03   1.3437885739036542E+03   4.1218331602359416E-02
   3.2000000000000000E+08   9.4368080640781643E-03   1.3413823923147675E+03   4.1320492957211290E-02
   3.3000000000000000E+08   9.4531856413859593E-03   1.3390584568010850E+03   4.1419517261763322E-02
   3.4000000000000000E+08   9.4690743454519076E-03   1.3368115736559193E+03   4.1515591467131886E-02
   3.5000000000000000E+08   9.4845025023186924E-03   1.3346370222068945E+03   4.1608886241799072E-02
   3.6000000000000000E+08   9.4994960740569633E-03   1.3325304919466566E+03   4.1699557917737717E-02
   3.7000000000000000E+08   9.5140788670661780E-03   1.3304880434223135E+03   4.1787749956283295E-02
   3.8000000000000000E+08   9.5282727796823993E-03   1.3285060650027269E+03   4.1873594354381094E-02
   3.9000000000000000E+08   9.5420980271884899E-03   1.3265812340997461E+03   4.1957212887794325E-02
   4.0000000000000000E+08   9.5555732683933643E-03   1.3247104931608969E+03   4.2038718055916878E-02
   4.1000000000000000E+08   9.5687157899164692E-03   1.3228910184737506E+03   4.2118214058240962E-02
   4.2000000000000000E+08   9.5815416208285906E-03   1.3211201994146106E+03   4.2195797557531271E-02
   4.3000000000000000E+08   9.5940656754772233E-03   1.3193956144331701E+03   4.2271558437517599E-02
   4.4000000000000000E+08   9.6063018209923221E-03   1.3177150179839821E+03   4.2345580354648450E-02
   4.5000000000000000E+08   9.6182629980255917E-03   1.3160763205796027E+03   4.2417941350785013E-02
   4.6000000000000000E+08   9.6299612943022677E-03   1.3144775757611819E+03   4.2488714330140738E-02
   4.7000000000000000E+08   9.6414080104880832E-03   1.3129169684592205E+03   4.2557967485468556E-02
   4.8000000000000000E+08   9.6526137502740798E-03   1.3113928003644642E+03   4.2625764742353113E-02
   4.9000000000000000E+08   9.6635884424675859E-03   1.3099034848359249E+03   4.2692166039199363E-02
   5.0000000000000000E+08   9.6743414251869511E-03   1.3084475335812167E+03   4.2757227708908434E-02
   5.1000000000000000E+08   9.6848814737745571E-03   1.3070235512004695E+03   4.2821002725975388E-02
   5.2000000000000000E+08   9.6952168752336022E-03   1.3056302236151330E+03   4.2883541029066705E-02
   5.3000000000000000E+08   9.7053553996086749E-03   1.3042663205634749E+03   4.2944889619085422E-02
   5.4000000000000000E+08   9.7153044204955370E-03   1.3029306781272026E+03   4.3005092943885728E-02
   5.5000000000000000E+08   9.7250708973617775E-03   1.3016222000234907E+03   4.3064192990945827E-02
   5.6000000000000000E+08   9.7346614063634831E-03   1.3003398524507249E+03   4.3122229466451438E-02
   5.7000000000000000E+08   9.7440821654532807E-03   1.2990826598001711E+03   4.3179239952514818E-02
   5.8000000000000000E+08   9.7533390918950434E-03   1.2978496961443157E+03   4.3235260120604760E-02
   5.9000000000000000E+08   9.7624377719414592E-03   1.2966400885227958E+03   4.3290323759277660E-02
   6.0000000000000000E+08   9.7713835390562977E-03   1.2954530058320665E+03   4.3344463013659039E-02
   6.1000000000000000E+08   9.7801814329826348E-03   1.2942876636336664E+03   4.3397708377561427E-02
   6.2000000000000000E+08   9.7888362827506098E-03   1.2931433125625354E+03   4.3450088929834513E-02
   6.3000000000000000E+08   9.7973526650542309E-03   1.2920192433165200E+03   4.3501632313527314E-02
   6.4000000000000000E+08   9.8057349079113277E-03   1.2909147856521809E+03   4.3552364801531192E-02
   6.5000000000000000E+08   9.8139872122886170E-03   1.2898292919067840E+03   4.3602311595955845E-02
   6.6000000000000000E+08   9.8221135220191314E-03   1.2887621537290356E+03   4.3651496615063713E-02
   6.7000000000000000E+08   9.8301176255329373E-03   1.2877127882915022E+03   4.3699942744641285E-02
   6.8000000000000000E+08   9.8380031604470772E-03   1.2866806373574302E+03   4.3747671889795371E-02
   6.9000000000000000E+08   9.8457735656471302E-03   1.2856651732246562E+03   4.3794704917596801E-02
   7.0000000000000000E+08   9.8534321777942156E-03   1.2846658857951518E+03   4.3841061888580092E-02
   7.1000000000000000E+08   9.8609821582102877E-03   1.2836822918566036E+03   4.3886761943077231E-02
   7.2000000000000000E+08   9.8684265406931582E-03   1.2827139285691369E+03   4.3931823429416539E-02
   7.3000000000000000E+08   9.8757682519369540E-03   1.2817603505758398E+03   4.3976263974602615E-02
   7.4000000000000000E+08   9.8830100585395077E-03   1.2808211366607763E+03   4.4020100404747096E-02
   7.5000000000000000E+08   9.8901546677106194E-03   1.2798958764654615E+03   4.4063348974058794E-02
   7.6000000000000000E+08   9.8972046444634910E-03   1.2789841810424286E+03   4.4106025221523334E-02
   7.7000000000000000E+08   9.9041624750538636E-03   1.2780856744517023E+03   4.4148144121375119E-02
   7.8000000000000000E+08   9.9110305196477427E-03   1.2771999997088458E+03   4.4189720008414292E-02
   7.9000000000000000E+08   9.9178110722914856E-03   1.2763268108800316E+03   4.4230766718707654E-02
   8.0000000000000000E+08   9.9245063342360256E-03   1.2754657763824059E+03   4.4271297554066349E-02
   8.1000000000000000E+08   9.9311184237811396E-03   1.2746165775746490E+03   4.4311325319138554E-02
   8.2000000000000000E+08   9.9376493879397114E-03   1.2737789071297484E+03   4.4350862361125912E-02
   8.3000000000000000E+08   9.9441011967292114E-03   1.2729524696482390E+03   4.4389920573437089E-02
   8.4000000000000000E+08   9.9504757379311366E-03   1.2721369822102934E+03   4.4428511399372865E-02
   8.5000000000000000E+08   9.9567748221719293E-03   1.2713321736091261E+03   4.4466645855819525E-02
   8.6000000000000000E+08   9.9630002389636645E-03   1.2705377770948605E+03   4.4504334659073087E-02
   8.7000000000000000E+08   9.9691537066643222E-03   1.2697535366865104E+03   4.4541588135690834E-02
   8.8000000000000000E+08   9.9752368296755836E-03   1.2689792125186202E+03   4.4578416147285298E-02
   8.9000000000000000E+08   9.9812512285077041E-03   1.2682145641875613E+03   4.4614828363805696E-02
   9.0000000000000000E+08   9.9871984085968171E-03   1.2674593673749730E+03   4.4650834008601335E-02
   9.1000000000000000E+08   9.9930798944825820E-03   1.2667133967174070E+03   4.4686442138874773E-02
   9.2000000000000000E+08   9.9988970860911131E-03   1.2659764439836852E+03   4.4721661364363820E-02
   9.3000000000000000E+08   1.0004651407246427E-02   1.2652482991701168E+03   4.4756500155735443E-02
   9.4000000000000000E+08   1.0010344170747846E-02   1.2645287675321542E+03   4.4790966580099456E-02
   9.5000000000000000E+08   1.0015976698886707E-02   1.2638176542698486E+03   4.4825068551991247E-02
   9.6000000000000000E+08   1.0021550252205786E-02   1.2631147734874949E+03   4.4858813696677831E-02
   9.7000000000000000E+08   1.0027066032584107E-02   1.2624199477368186E+03   4.4892209363197773E-02
   9.8000000000000000E+08   1.0032525254981868E-02   1.2617329989299226E+03   4.4925262775731521E-02
   9.9000000000000000E+08   1.0037929040639057E-02   1.2610537617431266E+03   4.4957980824034426E-02
   1.0000000000000000E+09   1.0043278535419286E-02   1.2603820686807228E+03   4.4990370308278127E-02
   1.1000000000000000E+09   1.0094009271237474E-02   1.2540476075129072E+03   4.5297539675731850E-02
   1.2000000000000000E+09   1.0140322860992935E-02   1.2483200338227650E+03   4.5577979448456596E-02
   1.3000000000000000E+09   1.0182927285451492E-02   1.2430971784403948E+03   4.5835971483559571E-02
   1.4000000000000000E+09   1.0222372857672753E-02   1.2383003783028014E+03   4.6074844602179116E-02
   1.5000000000000000E+09   1.0259095824301838E-02   1.2338678177489289E+03   4.6297237993420705E-02
   1.6000000000000000E+09   1.0293447879777548E-02   1.2297500628217119E+03   4.6505279499918999E-02
   1.7000000000000000E+09   1.0325716717932169E-02   1.2259069779461688E+03   4.6700709783037156E-02
   1.8000000000000000E+09   1.0356140572860030E-02   1.2223055575338360E+03   4.6884970700378677E-02
   1.9000000000000000E+09   1.0384919077398448E-02   1.2189183259364925E+03   4.7059270279224262E-02
   2.0000000000000000E+09   1.0412221126587962E-02   1.2157221809749012E+03   4.7224630593460118E-02
   2.1000000000000000E+09   1.0438190818194802E-02   1.2126975255849575E+03   4.7381923946362835E-02
   2.2000000000000000E+09   1.0462952187329953E-02   1.2098275850038797E+03   4.7531900989211701E-02
   2.3000000000000000E+09   1.0486612689503232E-02   1.2070979020212203E+03   4.7675212185860918E-02
   2.4000000000000000E+09   1.0509266025064532E-02   1.2044959321248821E+03   4.7812424875131897E-02
   2.5000000000000000E+09   1.0530994526761425E-02   1.2020107070268566E+03   4.7944037131700611E-02
   2.6000000000000000E+09   1.0551870658086958E-02   1.1996326136832506E+03   4.8070488058018272E-02
   2.7000000000000000E+09   1.0571958813557096E-02   1.1973531490281466E+03   4.8192167314491038E-02
   2.8000000000000000E+09   1.0591316401548386E-02   1.1951647648783187E+03   4.8309422128702990E-02
   2.9000000000000000E+09   1.0609994588658186E-02   1.1930607571034891E+03   4.8422562774704671E-02
   3.0000000000000000E+09   1.0628039494829352E-02   1.1910351088709147E+03   4.8531868288622548E-02
   3.1000000000000000E+09   1.0645492654625726E-02   1.1890824208410954E+03   4.8637590160731048E-02
   3.2000000000000000E+09   1.0662391635967142E-02   1.1871978266215945E+03   4.8739955907271128E-02
   3.3000000000000000E+09   1.0678770594521840E-02   1.1853769181353275E+03   4.8839172154969954E-02
   3.4000000000000000E+09   1.0694660579419563E-02   1.1836157008262410E+03   4.8935426930039536E-02
   3.5000000000000000E+09   1.0710089870295767E-02   1.1819105469802082E+03   4.9028891768139966E-02
   3.6000000000000000E+09   1.0725084507443798E-02   1.1802581292504367E+03   4.9119724012998647E-02
   3.7000000000000000E+09   1.0739668236284229E-02   1.1786554201033748E+03   4.9208067763991656E-02
   3.8000000000000000E+09   1.0753863074168032E-02   1.1770996235962182E+03   4.9294055939230058E-02
   3.9000000000000000E+09   1.0767689149711095E-02   1.1755881880327213E+03   4.9377810750214537E-02
   4.0000000000000000E+09   1.0781165176736513E-02   1.1741187496248137E+03   4.9459445356953506E-02
   4.1000000000000000E+09   1.0794308430016846E-02   1.1726891313952110E+03   4.9539064430745891E-02
   4.2000000000000000E+09   1.0807134938839393E-02   1.1712973187108066E+03   4.9616765083182544E-02
   4.3000000000000000E+09   1.0819659626682068E-02   1.1699414411884086E+03   4.9692637622985474E-02
   4.4000000000000000E+09   1.0831896273013458E-02   1.1686197742075378E+03   4.9766765899054974E-02
   4.5000000000000000E+09   1.0843858039751447E-02   1.1673306797641003E+03   4.9839228736678592E-02
   4.6000000000000000E+09   1.0855556781592638E-02   1.1660726788581476E+03   4.9910098876661577E-02
   4.7000000000000000E+09   1.0867003985153476E-02   1.1648443484609325E+03   4.9979445168287992E-02
   4.8000000000000000E+09   1.0878210255996265E-02   1.1636443752161288E+03   5.0047331798447454E-02
   4.9000000000000000E+09   1.0889185387975326E-02   1.1624715463827808E+03   5.0113818669432951E-02
   5.0000000000000000E+09   1.0899938699765856E-02   1.1613247125032342E+03   5.0178962292355848E-02
   5.1000000000000000E+09   1.0910479140461731E-02   1.1602027751342875E+03   5.0242816192997128E-02
   5.2000000000000000E+09   1.0920814883615569E-02   1.1591047290619065E+03   5.0305430265817255E-02
   5.3000000000000000E+09   1.0930953686816883E-02   1.1580296229847627E+03   5.0366851657509634E-02
   5.4000000000000000E+09   1.0940903122630975E-02   1.1569765342885592E+03   5.0427125376007645E-02
   5.5000000000000000E+09   1.0950669893139029E-02   1.1559446408606802E+03   5.0486293035678052E-02
   5.6000000000000000E+09   1.0960260634577567E-02   1.1549331351549872E+03   5.0544394600236457E-02
   5.7000000000000000E+09   1.0969681702074838E-02   1.1539412464824952E+03   5.0601468055468377E-02
   5.8000000000000000E+09   1.0978938803929809E-02   1.1529682788902617E+03   5.0657548768685799E-02
   5.9000000000000000E+09   1.0988037766866791E-02   1.1520135301116604E+03   5.0712671123968316E-02
   6.0000000000000000E+09   1.0996983792541451E-02   1.1510763692671637E+03   5.0766867102742960E-02
   6.1000000000000000E+09   1.1005781843102495E-02   1.1501561958309819E+03   5.0820167137912285E-02
   6.2000000000000000E+09   1.1014437002087500E-02   1.1492524015897857E+03   5.0872600911909018E-02
   6.3000000000000000E+09   1.1022953490252854E-02   1.1483644730971364E+03   5.0924195432832081E-02
   6.4000000000000000E+09   1.1031335960155954E-02   1.1474918561567861E+03   5.0974977707640631E-02
   6.5000000000000000E+09   1.1039588439015528E-02   1.1466340658200559E+03   5.1024972661327307E-02
   6.6000000000000000E+09   1.1047715006584732E-02   1.1457906154588288E+03   5.1074204555964738E-02
   6.7000000000000000E+09   1.1055719145760118E-02   1.1449610839348211E+03   5.1122695725443805E-02
   6.8000000000000000E+09   1.1063604846896401E-02   1.1441450008366328E+03   5.1170468848576151E-02
   6.9000000000000000E+09   1.1071375419777575E-02   1.1433419694355164E+03   5.1217544589465466E-02
   7.0000000000000000E+09   1.1079034307109770E-02   1.1425515821974827E+03   5.1263943277245448E-02
   7.1000000000000000E+09   1.1086584330303715E-02   1.1417734984623244E+03   5.1309683417156138E-02
   7.2000000000000000E+09   1.1094028872081586E-02   1.1410073222960120E+03   5.1354784110718615E-02
   7.3000000000000000E+09   1.1101370712574780E-02   1.1402527223480640E+03   5.1399262734802303E-02
   7.4000000000000000E+09   1.1108612651882989E-02   1.1395093675052910E+03   5.1443136226551049E-02
   7.5000000000000000E+09   1.1115757319708550E-02   1.1387769463412822E+03   5.1486420724671370E-02
   7.6000000000000000E+09   1.1122807498434776E-02   1.1380551338850169E+03   5.1529132246053114E-02
   7.7000000000000000E+09   1.1129765315075785E-02   1.1373436742338233E+03   5.1571285076274641E-02
   7.8000000000000000E+09   1.1136633536943776E-02   1.1366422478405707E+03   5.1612894407365252E-02
   7.9000000000000000E+09   1.1143414136776488E-02   1.1359506181352610E+03   5.1653973459676962E-02
   8.0000000000000000E+09   1.1150109616699329E-02   1.1352684961814400E+03   5.1694536174200410E-02
   8.1000000000000000E+09   1.1156721811177498E-02   1.1345956626906764E+03   5.1734594812323925E-02
   8.2000000000000000E+09   1.1163252687305020E-02   1.1339318862864855E+03   5.1774161588356994E-02
   8.3000000000000000E+09   1.1169704727043286E-02   1.1332768847649954E+03   5.1813249456760295E-02
   8.4000000000000000E+09   1.1176079295430234E-02   1.1326304907289191E+03   5.1851868830941346E-02
   8.5000000000000000E+09   1.1182378432044110E-02   1.1319924695568134E+03   5.1890031214799869E-02
   8.6000000000000000E+09   1.1188603987292246E-02   1.1313626070942842E+03   5.1927747471088546E-02
   8.7000000000000000E+09   1.1194757501541626E-02   1.1307407217231173E+03   5.1965027589272628E-02
   8.8000000000000000E+09   1.1200840688220668E-02   1.1301266154174120E+03   5.2001881672542043E-02
   8.9000000000000000E+09   1.1206855127444846E-02   1.1295201046910076E+03   5.2038319329668660E-02
   9.0000000000000000E+09   1.1212802459473351E-02   1.1289210010218092E+03   5.2074350075792836E-02
   9.1000000000000000E+09   1.1218684065318518E-02   1.1283291429821600E+03   5.2109982696914733E-02
   9.2000000000000000E+09   1.1224501258778743E-02   1.1277443767854077E+03   5.2145225646616923E-02
   9.3000000000000000E+09   1.1230255707508022E-02   1.1271665139686595E+03   5.2180087905100890E-02
   9.4000000000000000E+09   1.1235948467457818E-02   1.1265954283672920E+03   5.2214577037064190E-02
   9.5000000000000000E+09   1.1241580933798555E-02   1.1260309605342288E+03   5.2248701119898634E-02
   9.6000000000000000E+09   1.1247154632069288E-02   1.1254729387924785E+03   5.2282468329027346E-02
   9.7000000000000000E+09   1.1252670434027960E-02   1.1249212576713953E+03   5.2315885361166055E-02
   9.8000000000000000E+09   1.1258129766385015E-02   1.1243757568512251E+03   5.2348959881927906E-02
   9.9000000000000000E+09   1.1263533489693707E-02   1.1238363332777449E+03   5.2381698267819590E-02
   1.0000000000000000E+10   1.1268883253909822E-02   1.1233028057519846E+03   5.2414108349765794E-02
   1.1000000000000000E+10   1.1319614281747133E-02   1.1182685082494431E+03   5.2721458758431407E-02
   1.2000000000000000E+10   1.1365928255358733E-02   1.1137117789601016E+03   5.3002049640172702E-02
   1.3000000000000000E+10   1.1408532985284769E-02   1.1095526649338510E+03   5.3260169467125994E-02
   1.4000000000000000E+10   1.1447978784681534E-02   1.1057295278836941E+03   5.3499152029059194E-02
   1.5000000000000000E+10   1.1484701889353835E-02   1.1021938835471731E+03   5.3721640135231209E-02
   1.6000000000000000E+10   1.1519053918681263E-02   1.0989069298720349E+03   5.3929764207409782E-02
   1.7000000000000000E+10   1.1551322922780480E-02   1.0958370968787276E+03   5.4125267714034447E-02
   1.8000000000000000E+10   1.1581746953207081E-02   1.0929584481470001E+03   5.4309593767268891E-02
   1.9000000000000000E+10   1.1610525540017260E-02   1.0902493718462326E+03   5.4483951468052010E-02
   2.0000000000000000E+10   1.1637827520872123E-02   1.0876916807802852E+03   5.4649363799122171E-02
   2.1000000000000000E+10   1.1663797485257884E-02   1.0852698868278219E+03   5.4806704886236936E-02
   2.2000000000000000E+10   1.1688558529036034E-02   1.0829708509704838E+03   5.4956724162237729E-02
   2.3000000000000000E+10   1.1712219516391554E-02   1.0807830368183199E+03   5.5100075496362907E-02
   2.4000000000000000E+10   1.1734872898787106E-02   1.0786966579004707E+03   5.5237324172077482E-02
   2.5000000000000000E+10   1.1756600892930638E-02   1.0767030617174444E+03   5.5368968421913370E-02
   2.6000000000000000E+10   1.1777477491878827E-02   1.0747945122830461E+03   5.5495450769203036E-02
   2.7000000000000000E+10   1.1797565552587846E-02   1.0729644281596545E+03   5.5617158051721162E-02
   2.8000000000000000E+10   1.1816923130867168E-02   1.0712067800240943E+03   5.5734439046801434E-02
   2.9000000000000000E+10   1.1835601504811468E-02   1.0695162532856918E+03   5.5847604462445792E-02
   3.0000000000000000E+10   1.1853646572478229E-02   1.0678881050999639E+03   5.5956933067636785E-02
   3.1000000000000000E+10   1.1871099721722532E-02   1.0663180727599593E+03   5.6062676213879656E-02
   3.2000000000000000E+10   1.1887998614443986E-02   1.0648022924084521E+03   5.6165061745106042E-02
   3.3000000000000000E+10   1.1904377361373068E-02   1.0633372743947041E+03   5.6264296318417173E-02
   3.4000000000000000E+10   1.1920267434245620E-02   1.0619198140171213E+03   5.6360568920393844E-02
   3.5000000000000000E+10   1.1935696978590326E-02   1.0605470463530053E+03   5.6454050910527950E-02
   3.6000000000000000E+10   1.1950691465406968E-02   1.0592163820352960E+03   5.6544898566921561E-02
   3.7000000000000000E+10   1.1965275076550182E-02   1.0579253795524196E+03   5.6633256945459232E-02
   3.8000000000000000E+10   1.1979469832938759E-02   1.0566718188148027E+03   5.6719259038527182E-02
   3.9000000000000000E+10   1.1993296047292200E-02   1.0554536573510513E+03   5.6803027489729027E-02
   4.0000000000000000E+10   1.2006772034218675E-02   1.0542690525590699E+03   5.6884674707049290E-02
   4.1000000000000000E+10   1.2019915291925474E-02   1.0531162549300054E+03   5.6964305861884210E-02
   4.2000000000000000E+10   1.2032741512965982E-02   1.0519936926400628E+03   5.7042017430058378E-02
   4.3000000000000000E+10   1.2045266495831026E-02   1.0508998021081254E+03   5.7117901527687941E-02
   4.4000000000000000E+10   1.2057503297843159E-02   1.0498332751086853E+03   5.7192040581603390E-02
   4.5000000000000000E+10   1.2069464758057317E-02   1.0487928363482731E+03   5.7264512798420715E-02
   4.6000000000000000E+10   1.2081163232342099E-02   1.0477772655965066E+03   5.7335391961316685E-02
   4.7000000000000000E+10   1.2092611407525570E-02   1.0467853261976816E+03   5.7404749371412316E-02
   4.8000000000000000E+10   1.2103816580313115E-02   1.0458162590961037E+03   5.7472642558429946E-02
   4.9000000000000000E+10   1.2114791815277871E-02   1.0448688157269930E+03   5.7539138053638077E-02
   5.0000000000000000E+10   1.2125545986693225E-02   1.0439421194476490E+03   5.7604291492065120E-02
   5.1000000000000000E+10   1.2136085550725447E-02   1.0430355095883278E+03   5.7668151384586606E-02
   5.2000000000000000E+10   1.2146422007192121E-02   1.0421478991354988E+03   5.7730774361784400E-02
   5.3000000000000000E+10   1.2156561244568025E-02   1.0412786907534939E+03   5.7792203812364391E-02
   5.4000000000000000E+10   1.2166510380591591E-02   1.0404271874868487E+03   5.7852483841266782E-02
   5.5000000000000000E+10   1.2176276521276839E-02   1.0395926993518267E+03   5.7911656893234222E-02
   5.6000000000000000E+10   1.2185867970625930E-02   1.0387744399760027E+03   5.7969766313739665E-02
   5.7000000000000000E+10   1.2195288979702314E-02   1.0379719740858038E+03   5.8026845851582048E-02
   5.8000000000000000E+10   1.2204546691940339E-02   1.0371846244127867E+03   5.8082933784273080E-02
   5.9000000000000000E+10   1.2213645193406314E-02   1.0364119782718294E+03   5.8138060991284490E-02
   6.0000000000000000E+10   1.2222591435692095E-02   1.0356533836060182E+03   5.8192262998386902E-02
   6.1000000000000000E+10   1.2231389074296382E-02   1.0349084719583773E+03   5.8245567609088625E-02
   6.2000000000000000E+10   1.2240044596640987E-02   1.0341766385624339E+03   5.8298007349875267E-02
   6.3000000000000000E+10   1.2248560949237167E-02   1.0334575816105821E+03   5.8349606663834909E-02
   6.4000000000000000E+10   1.2256943871409316E-02   1.0327507663909198E+03   5.8400394760474185E-02
   6.5000000000000000E+10   1.2265196064048325E-02   1.0320559174681762E+03   5.8450393893449817E-02
   6.6000000000000000E+10   1.2273321495807869E-02   1.0313726550006945E+03   5.8499628107338365E-02
   6.7000000000000000E+10   1.2281326247858016E-02   1.0307004244770553E+03   5.8548124989976434E-02
   6.8000000000000000E+10   1.2289212344207575E-02   1.0300390148905583E+03   5.8595903254999235E-02
   6.9000000000000000E+10   1.2296983004370694E-02   1.0293881167689115E+03   5.8642983389901218E-02
   7.0000000000000000E+10   1.2304641090063771E-02   1.0287474526201604E+03   5.8689384555899567E-02
   7.1000000000000000E+10   1.2312190699268215E-02   1.0281166435767452E+03   5.8735127841552930E-02
   7.2000000000000000E+10   1.2319636398685749E-02   1.0274952739805572E+03   5.8780234744194110E-02
   7.3000000000000000E+10   1.2326977316987533E-02   1.0268833835983655E+03   5.8824715270819637E-02
   7.4000000000000000E+10   1.2334220449699390E-02   1.0262803578410962E+03   5.8868594836053875E-02
   7.5000000000000000E+10   1.2341364694045800E-02   1.0256862584180499E+03   5.8911882044459338E-02
   7.6000000000000000E+10   1.2348415229302951E-02   1.0251006256065948E+03   5.8954597757541853E-02
   7.7000000000000000E+10   1.2355372342286609E-02   1.0245234078041369E+03   5.8996752548093674E-02
   7.8000000000000000E+10   1.2362241015496043E-02   1.0239541650208259E+03   5.9038366085493267E-02
   7.9000000000000000E+10   1.2369022078201288E-02   1.0233928031478821E+03   5.9079449283916313E-02
   8.0000000000000000E+10   1.2375716551110196E-02   1.0228392129482722E+03   5.9120013095673336E-02
   8.1000000000000000E+10   1.2382328463042604E-02   1.0222930375809159E+03   5.9160074216840830E-02
   8.2000000000000000E+10   1.2388860283386930E-02   1.0217540505951890E+03   5.9199645878976970E-02
   8.3000000000000000E+10   1.2395311849543190E-02   1.0212222435754984E+03   5.9238735698349990E-02
   8.4000000000000000E+10   1.2401686029959478E-02   1.0206973589098207E+03   5.9277357127099653E-02
   8.5000000000000000E+10   1.2407984966062959E-02   1.0201792000417732E+03   5.9315521877332252E-02
   8.6000000000000000E+10   1.2414211012869856E-02   1.0196675538772045E+03   5.9353241833218356E-02
   8.7000000000000000E+10   1.2420364728152486E-02   1.0191623558458397E+03   5.9390525002031042E-02
   8.8000000000000000E+10   1.2426448833400050E-02   1.0186633644509163E+03   5.9427383524995804E-02
   8.9000000000000000E+10   1.2432463181948914E-02   1.0181705742099074E+03   5.9463823525340305E-02
   9.0000000000000000E+10   1.2438408754366571E-02   1.0176838876085875E+03   5.9499853188016462E-02
   9.1000000000000000E+10   1.2444291931453433E-02   1.0172027662589577E+03   5.9535491398355414E-02
   9.2000000000000000E+10   1.2450108814267495E-02   1.0167275134416739E+03   5.9570736084152115E-02
   9.3000000000000000E+10   1.2455862945384633E-02   1.0162578243122738E+03   5.9605600013719555E-02
   9.4000000000000000E+10   1.2461554836799281E-02   1.0157936423332972E+03   5.9640089654971806E-02
   9.5000000000000000E+10   1.2467188395148201E-02   1.0153346348511633E+03   5.9674218158833274E-02
   9.6000000000000000E+10   1.2472762208598043E-02   1.0148809032920125E+03   5.9707987770159517E-02
   9.7000000000000000E+10   1.2478278240295640E-02   1.0144322744728725E+03   5.9741407391034902E-02
   9.8000000000000000E+10   1.2483737466739642E-02   1.0139886560842925E+03   5.9774483779305901E-02
   9.9000000000000000E+10   1.2489139821440915E-02   1.0135500408984947E+03   5.9807221440443613E-02
   1.0000000000000000E+11   1.2494491082651117E-02   1.0131159479064249E+03   5.9839636544358983E-02
   1.1000000000000000E+11   1.2545221675215464E-02   1.0090190914534837E+03   6.0147004060418938E-02
