   0.0000000000000000E+00   0.0000000000000000E+00   1.0000000000000000E+30   0.0000000000000000E+00
   1.0000000000000001E-01   0.0000000000000000E+00   1.0000000000000000E+30   0.0000000000000000E+00
   2.0000000000000001E-01   0.0000000000000000E+00   1.0000000000000000E+30   0.0000000000000000E+00
   3.0000000000000004E-01   0.0000000000000000E+00   1.0000000000000000E+30   0.0000000000000000E+00
   4.0000000000000002E-01   0.0000000000000000E+00   1.0000000000000000E+30   0.0000000000000000E+00
   5.0000000000000000E-01   0.0000000000000000E+00   1.0000000000000000E+30   0.0000000000000000E+00
   5.9999999999999998E-01   0.0000000000000000E+00   1.0000000000000000E+30   0.0000000000000000E+00
   6.9999999999999996E-01   0.0000000000000000E+00   1.0000000000000000E+30   0.0000000000000000E+00
   7.9999999999999993E-01   0.0000000000000000E+00   1.0000000000000000E+30   0.0000000000000000E+00
   8.9999999999999991E-01   0.0000000000000000E+00   1.0000000000000000E+30   0.0000000000000000E+00
   9.9999999999999989E-01   0.0000000000000000E+00   1.0000000000000000E+30   0.0000000000000000E+00
   1.0999999999999999E+00   0.0000000000000000E+00   1.0000000000000000E+30   0.0000000000000000E+00
   1.2000000000000000E+00   0.0000000000000000E+00   1.0000000000000000E+30   0.0000000000000000E+00
   1.3000000000000000E+00   0.0000000000000000E+00   1.0000000000000000E+30   0.0000000000000000E+00
   1.4000000000000001E+00   0.0000000000000000E+00   1.0000000000000000E+30   0.0000000000000000E+00
   1.5000000000000002E+00   0.0000000000000000E+00   1.0000000000000000E+30   0.0000000000000000E+00
   1.6000000000000003E+00   0.0000000000000000E+00   1.0000000000000000E+30   0.0000000000000000E+00
   1.7000000000000004E+00   0.0000000000000000E+00   1.0000000000000000E+30   0.0000000000000000E+00
   1.8000000000000005E+00   0.0000000000000000E+00   1.0000000000000000E+30   0.0000000000000000E+00
   1.9000000000000006E+00   0.0000000000000000E+00   1.0000000000000000E+30   0.0000000000000000E+00
   2.0000000000000004E+00   0.0000000000000000E+00   1.0000000000000000E+30   0.0000000000000000E+00
   2.1000000000000005E+00   0.0000000000000000E+00   1.0000000000000000E+30   0.0000000000000000E+00
   2.2000000000000006E+00   7.1380043219910108E-02   1.7733763676508460E+02   5.6389609010335396E-03
   2.3000000000000007E+00   7.0198415480168863E-02   1.8032270515257517E+02   5.5456133444419936E-03
   2.4000000000000008E+00   6.8879000763752044E-02   1.8377688463027175E+02   5.4413807373643987E-03
   2.5000000000000009E+00   1.3087544790514458E-01   9.6720724776299861E+01   1.1618979751702873E-02
   2.6000000000000010E+00   1.2895809519124654E-01   9.8158771328282526E+01   1.1455760133113080E-02
   2.7000000000000011E+00   1.2717433482700183E-01   9.9535556400023069E+01   1.1303171968994753E-02
   2.8000000000000012E+00   1.2572156731968911E-01   1.0068573313773861E+02   1.1178847264879294E-02
   2.9000000000000012E+00   1.8183662560463387E-01   6.9613963274546578E+01   1.7910444517553314E-02
   3.0000000000000013E+00   1.8153921601128753E-01   6.9728009489814042E+01   1.7895347550176566E-02
   3.1000000000000014E+00   1.8075338127077553E-01   7.0031155643200577E+01   1.7831371444085246E-02
   3.2000000000000015E+00   1.7907786720636190E-01   7.0686391201105153E+01   1.7679857761879386E-02
   3.3000000000000016E+00   2.2958041879649232E-01   5.5136967878908060E+01   2.4816874692860324E-02
   3.4000000000000017E+00   2.2813659495434963E-01   5.5485917019763576E+01   2.4690922514387297E-02
   3.5000000000000018E+00   2.2650804729152244E-01   5.5884849691528935E+01   2.4542339525480503E-02
   3.6000000000000019E+00   2.2441665937960473E-01   5.6405652823646243E+01   2.4342487922526228E-02
   3.7000000000000020E+00   2.6944821243466716E-01   4.6978853793204216E+01   3.1706079011573525E-02
   3.8000000000000020E+00   2.6590405401033451E-01   4.7605021382323429E+01   3.1346935073098992E-02
   3.9000000000000021E+00   2.6187457603912662E-01   4.8337522367643565E+01   3.0927155108715475E-02
   4.0000000000000018E+00   3.0107522498548905E-01   4.2043871851025123E+01   3.8278875396603067E-02
   4.1000000000000014E+00   2.9753445174383136E-01   4.2544209931382838E+01   3.7910434270018924E-02
   4.2000000000000011E+00   2.9456940871073095E-01   4.2972446569423163E+01   3.7602229506106762E-02
   4.3000000000000007E+00   2.9256445554331445E-01   4.3266938060882708E+01   3.7402331628995089E-02
   4.4000000000000004E+00   3.3111825476190171E-01   3.8229146218201571E+01   4.5254673691429978E-02
   4.5000000000000000E+00   3.2997548509142277E-01   3.8361541231771632E+01   4.5173417585079485E-02
   4.5999999999999996E+00   3.2788481180627477E-01   3.8606143746260024E+01   4.4967274283674176E-02
   4.6999999999999993E+00   3.2485162953320634E-01   3.8966614374069252E+01   4.4635288828555213E-02
   4.7999999999999989E+00   3.5797386758402916E-01   3.5361151533881426E+01   5.2328558357908166E-02
   4.8999999999999986E+00   3.5386196007695242E-01   3.5772051265571783E+01   5.1860541344343203E-02
   4.9999999999999982E+00   3.8282991509558773E-01   3.3065253465492177E+01   5.9393440160986403E-02
   5.0999999999999979E+00   3.7816278327615588E-01   3.3473331423956125E+01   5.8852804384527932E-02
   5.1999999999999975E+00   3.7337648579075722E-01   3.3902424653228685E+01   5.8280240244161334E-02
   5.2999999999999972E+00   3.9946512918558347E-01   3.1688293300133427E+01   6.5750295214964102E-02
   5.3999999999999968E+00   3.9483602007478891E-01   3.2059810992955356E+01   6.5201045965519691E-02
   5.4999999999999964E+00   4.1846766504477595E-01   3.0249334020715832E+01   7.2582409245002297E-02
   5.5999999999999961E+00   4.1404537981496542E-01   3.0572417406192077E+01   7.2071593685363214E-02
   5.6999999999999957E+00   4.3549562039128692E-01   2.9066579740652926E+01   7.9344061062016843E-02
   5.7999999999999954E+00   4.3129545207723013E-01   2.9349644462612559E+01   7.8881092731421257E-02
   5.8999999999999950E+00   4.2698935905684132E-01   2.9645629120053460E+01   7.8376458173736147E-02
   5.9999999999999947E+00   4.4683328079320667E-01   2.8329063032945211E+01   8.5621907807250500E-02
   6.0999999999999943E+00   4.4273950312969768E-01   2.8591006872725949E+01   8.5165413105030563E-02
   6.1999999999999940E+00   4.6088692924968799E-01   2.7465235773589747E+01   9.2294856367755723E-02
   6.2999999999999936E+00   4.5701464987413665E-01   2.7697948370571087E+01   9.1893907730430949E-02
   6.3999999999999932E+00   4.7364080055698510E-01   2.6725670934435247E+01   9.8898799482107488E-02
   6.4999999999999929E+00   4.6998689034609853E-01   2.6933449500020803E+01   9.8557565149810941E-02
   6.5999999999999925E+00   4.6622970300069666E-01   2.7150497051856739E+01   9.8168482553723166E-02
   6.6999999999999922E+00   4.8180255813786405E-01   2.6272936834815155E+01   1.0515298004162724E-01
   6.7999999999999918E+00   4.7825711567931778E-01   2.6467704842882423E+01   1.0482540726769739E-01
   6.8999999999999915E+00   4.9262428442953110E-01   2.5695785970980104E+01   1.1169087964825944E-01
   6.9999999999999911E+00   4.8927837121305856E-01   2.5871505714476623E+01   1.1142425579153152E-01
   7.0999999999999908E+00   5.0253697805596020E-01   2.5188928834205868E+01   1.1816176619840008E-01
   7.1999999999999904E+00   4.9939715531093776E-01   2.5347297320760720E+01   1.1796376290181448E-01
   7.2999999999999901E+00   5.1165734421207798E-01   2.4739932534930375E+01   1.2457353230972559E-01
   7.3999999999999897E+00   5.0871393093379724E-01   2.4883077515830379E+01   1.2444541162339236E-01
   7.4999999999999893E+00   5.2008761429063866E-01   2.4338914884703694E+01   1.3093389284071300E-01
   7.5999999999999890E+00   5.1732314973582949E-01   2.4468976853775906E+01   1.3087357095975807E-01
   7.6999999999999886E+00   5.1444968757351217E-01   2.4605648487248121E+01   1.3075315907865021E-01
   7.7999999999999883E+00   5.2530014430846339E-01   2.4097400912525337E+01   1.3725161918092102E-01
   7.8999999999999879E+00   5.2260051386618545E-01   2.4221882376582773E+01   1.3719826442078245E-01
   7.9999999999999876E+00   5.3269742169368239E-01   2.3762773502003949E+01   1.4357546054040021E-01
   8.0999999999999872E+00   5.3018599804014432E-01   2.3875334738376093E+01   1.4360036305900503E-01
   8.1999999999999869E+00   5.3959694189921870E-01   2.3458932388042850E+01   1.4985801312500813E-01
   8.2999999999999865E+00   5.3725414476273226E-01   2.3561229448306591E+01   1.4995640248906608E-01
   8.3999999999999861E+00   5.4603466125614841E-01   2.3182352833953772E+01   1.5609525428288079E-01
   8.4999999999999858E+00   5.4385728554963386E-01   2.3275165219154214E+01   1.5627077527388109E-01
   8.5999999999999854E+00   5.5206071223953679E-01   2.2929304506124765E+01   1.6229286578668617E-01
   8.6999999999999851E+00   5.5004012495266708E-01   2.3013535926852164E+01   1.6254394810081715E-01
   8.7999999999999847E+00   5.5772257163530570E-01   2.2696531968739745E+01   1.6845591017350789E-01
   8.8999999999999844E+00   5.5585411925925043E-01   2.2772824268492279E+01   1.6878512973006182E-01
   8.9999999999999840E+00   5.5386699539764517E-01   2.2854526956820138E+01   1.6903923464066825E-01
   9.0999999999999837E+00   5.6132134154892921E-01   2.2551018890317845E+01   1.7498989508125098E-01
   9.1999999999999833E+00   5.5948071083994477E-01   2.2625209290601873E+01   1.7532008512313596E-01
   9.2999999999999829E+00   5.6647815718866779E-01   2.2345730397849284E+01   1.8116217032629475E-01
   9.3999999999999826E+00   5.6478269944256132E-01   2.2412811492459362E+01   1.8157159604158063E-01
   9.4999999999999822E+00   5.7136709357845095E-01   2.2154527831712478E+01   1.8731381844542716E-01
   9.5999999999999819E+00   5.6981351045814488E-01   2.2214931630228985E+01   1.8780426849567095E-01
   9.6999999999999815E+00   5.7599909148167927E-01   2.1976368303370982E+01   1.9343668033746939E-01
   9.7999999999999812E+00   5.7456876607971719E-01   2.2031076041909671E+01   1.9400190637380024E-01
   9.8999999999999808E+00   5.8041115443655522E-01   2.1809312381490670E+01   1.9954440215985819E-01
   9.9999999999999805E+00   5.7909664091021740E-01   2.1858818170508087E+01   2.0018254393422091E-01
   1.0099999999999980E+01   5.8460323755627430E-01   2.1652921782852694E+01   2.0562508151396203E-01
   1.0199999999999980E+01   5.8342216875301567E-01   2.1696755548154730E+01   2.0635017225319086E-01
   1.0299999999999979E+01   5.8212408291737561E-01   2.1745137417042987E+01   2.0698672032601440E-01
   1.0399999999999979E+01   5.8755344953571487E-01   2.1544198552167654E+01   2.1250086471615406E-01
   1.0499999999999979E+01   5.8636724728115164E-01   2.1587781779255856E+01   2.1321238045292232E-01
   1.0599999999999978E+01   5.9150312969878904E-01   2.1400340152476414E+01   2.1863365586614505E-01
   1.0699999999999978E+01   5.9043453744780172E-01   2.1439071351627263E+01   2.1942771222517615E-01
   1.0799999999999978E+01   5.9527902013422951E-01   2.1264596514679994E+01   2.2474516938276889E-01
   1.0899999999999977E+01   5.9433042500515432E-01   2.1298536376795248E+01   2.2562559559524939E-01
   1.0999999999999977E+01   5.9891910038804741E-01   2.1135355624168504E+01   2.3085423396014071E-01
   1.1099999999999977E+01   5.9810623124337947E-01   2.1164080084057101E+01   2.3183582506242995E-01
   1.1199999999999976E+01   6.0242827572002766E-01   2.1012241103190355E+01   2.3695713474455984E-01
   1.1299999999999976E+01   6.0171135718541580E-01   2.1037276470930589E+01   2.3801473899785328E-01
   1.1399999999999975E+01   6.0583786935332573E-01   2.0893986356977091E+01   2.4306046162697861E-01
   1.1499999999999975E+01   6.0541898526964466E-01   2.0908442722803958E+01   2.4423513719728315E-01
   1.1599999999999975E+01   6.0565516769550065E-01   2.0900289227239920E+01   2.4550431232116457E-01
   1.1699999999999974E+01   6.1200532972893240E-01   2.0683428006117310E+01   2.5110311355888254E-01
   1.1799999999999974E+01   6.1465410775173124E-01   2.0594295258368923E+01   2.5295361238147790E-01
   1.1899999999999974E+01   6.1714457655835808E-01   2.0511187584926404E+01   2.5471908187703318E-01
   1.1999999999999973E+01   6.2417260935163044E-01   2.0280236567826243E+01   2.6050227392317948E-01
   1.2099999999999973E+01   6.2700678613675520E-01   2.0188566466404346E+01   2.6239524302754391E-01
   1.2199999999999973E+01   6.2999266781293695E-01   2.0092881748533451E+01   2.6427875534431478E-01
   1.2299999999999972E+01   6.3247670875124873E-01   2.0013967315572657E+01   2.6601276639404081E-01
   1.2399999999999972E+01   6.3898972700941392E-01   1.9809971337179210E+01   2.7179754706796277E-01
   1.2499999999999972E+01   6.4022417079200133E-01   1.9771774878710353E+01   2.7334562744008645E-01
   1.2599999999999971E+01   6.4083337651885075E-01   1.9752978918750340E+01   2.7471310462711857E-01
   1.2699999999999971E+01   6.4578500562882335E-01   1.9601520732867691E+01   2.8024509653092555E-01
   1.2799999999999971E+01   6.4604735007796321E-01   1.9593561021929556E+01   2.8161524222257467E-01
   1.2899999999999970E+01   6.5061074939665642E-01   1.9456131317453931E+01   2.8701973266043068E-01
   1.2999999999999970E+01   6.5084940855300710E-01   1.9448996972972623E+01   2.8844784755463715E-01
   1.3099999999999969E+01   6.5514556449908279E-01   1.9321459020312393E+01   2.9374668041931523E-01
   1.3199999999999969E+01   6.5541107440196522E-01   1.9313631812460113E+01   2.9525785873181748E-01
   1.3299999999999969E+01   6.5550513241487485E-01   1.9310860511763114E+01   2.9667437292246279E-01
   1.3399999999999968E+01   6.5948161596031596E-01   1.9194421603968063E+01   3.0199013146094134E-01
   1.3499999999999968E+01   6.5926205074630428E-01   1.9200814247504173E+01   3.0340598090348586E-01
   1.3599999999999968E+01   6.6278253725209579E-01   1.9098825731423464E+01   3.0859635705571292E-01
   1.3699999999999967E+01   6.6253690849452962E-01   1.9105906425004811E+01   3.1008292346015170E-01
   1.3799999999999967E+01   6.6588006224084895E-01   1.9009982269494540E+01   3.1519349825054954E-01
   1.3899999999999967E+01   6.6570697352984076E-01   1.9014925004749163E+01   3.1675890272672114E-01
   1.3999999999999966E+01   6.6891791213367213E-01   1.8923649594658922E+01   3.2180508751448966E-01
   1.4099999999999966E+01   6.6882145079280897E-01   1.8926378874067893E+01   3.2345028030900297E-01
