   1.0000000000000000E+00   1.2580081526279428E-04   1.0062230638462471E+05
   2.0000000000000000E+00   5.0727117848220840E-04   2.4953848579931549E+04
   3.0000000000000000E+00   1.1568371894224222E-03   1.0942220990603219E+04
   4.0000000000000000E+00   2.0959675174225677E-03   6.0393913892208511E+03
   5.0000000000000000E+00   3.3563733679377915E-03   3.7714422053664307E+03
   6.0000000000000000E+00   4.9818183010954401E-03   2.5409132593264271E+03
   7.0000000000000000E+00   7.0306804654228913E-03   1.8004470888789092E+03
   8.0000000000000000E+00   9.5794683079758365E-03   1.3214061333935556E+03
   8.3190000000000008E+00   1.0513127780833818E-02   1.2040534882383497E+03
   8.3209999999999997E+00   1.0519180971999262E-02   1.2033606238454727E+03
   9.0000000000000000E+00   1.2727560688493903E-02   9.9456356851254338E+02
   1.0000000000000000E+01   1.6603520379668640E-02   7.6239061881773557E+02
   1.0359000000000002E+01   1.8203039396505805E-02   6.9539860355619055E+02
   1.0361000000000001E+01   1.8212288419399654E-02   6.9504544872707027E+02
   1.1000000000000000E+01   2.1373402025426449E-02   5.9224863509092654E+02
   1.2000000000000000E+01   2.7251501934393661E-02   4.6450167067058226E+02
   1.3000000000000000E+01   3.4513880700676007E-02   3.6676165994166297E+02
   1.4000000000000000E+01   4.3514511894697239E-02   2.9089992339661359E+02
   1.5000000000000000E+01   5.4702604422376684E-02   2.3140339130965432E+02
   1.6000000000000000E+01   6.8636575538080002E-02   1.8442598683824946E+02
   1.7000000000000000E+01   8.5983595237644692E-02   1.4721840999812562E+02
   1.8000000000000000E+01   1.0748092964740606E-01   1.1777315490603364E+02
   1.9000000000000000E+01   1.3381408247123697E-01   9.4596681776967273E+01
   2.0000000000000000E+01   1.6534084208442973E-01   7.6559233745432252E+01
   2.0198999999999998E+01   1.7221498381478553E-01   7.3503291620793760E+01
   2.0201000000000001E+01   1.7228501386484205E-01   7.3473414157420422E+01
   2.1000000000000000E+01   2.0158734741439152E-01   6.2793465657283441E+01
   2.2000000000000000E+01   2.4054106910888745E-01   5.2624561051893821E+01
   2.3000000000000000E+01   2.7807672183530685E-01   4.5521135653726084E+01
   2.4000000000000000E+01   3.0828840438896604E-01   4.1060150160034738E+01
   2.5000000000000000E+01   3.2539584910701091E-01   3.8901443308348959E+01
   2.6000000000000000E+01   2.9827175466178885E-01   4.2439044190294908E+01
   2.7000000000000000E+01   2.8068920686576704E-01   4.5097452510391761E+01
   2.8000000000000000E+01   2.5440380331181484E-01   4.9756992670795455E+01
   2.9000000000000000E+01   2.2453459127857456E-01   5.6376026984205446E+01
   3.0000000000000000E+01   1.9489728554145949E-01   6.4948919845862648E+01
   3.1000000000000000E+01   1.6766663898422901E-01   7.5497238171507234E+01
   3.2000000000000000E+01   1.4372571056126893E-01   8.8073095115520857E+01
   3.3000000000000000E+01   1.2322842732050657E-01   1.0272279255731415E+02
   3.4000000000000000E+01   1.0592284875605418E-01   1.1950554885434904E+02
   3.5000000000000000E+01   9.1413961919859094E-02   1.3847302874702896E+02
   3.6000000000000000E+01   7.9284205703188282E-02   1.5965813196384741E+02
   3.7000000000000000E+01   6.9142376852612208E-02   1.8307684452028241E+02
   3.8000000000000000E+01   6.0674852033076952E-02   2.0862627188456491E+02
   3.9000000000000000E+01   5.3576354441164153E-02   2.3626781457684800E+02
   4.0000000000000000E+01   4.7611207175394049E-02   2.6586950694563427E+02
   4.1000000000000000E+01   4.2569118317590610E-02   2.9736035598317073E+02
   4.1999000000000002E+01   3.8314137650677975E-02   3.3038374221596155E+02
   4.2000999999999998E+01   3.8306227356494957E-02   3.3045196696098515E+02
   4.3000000000000000E+01   3.4684728214423560E-02   3.6495509200918309E+02
   4.4000000000000000E+01   3.1570440522247382E-02   4.0095633660506672E+02
   4.4999000000000002E+01   2.8915347258922319E-02   4.3777334103786370E+02
   4.5000999999999998E+01   2.8910369119595249E-02   4.3784872218143710E+02
   4.6000000000000000E+01   2.6599866033784676E-02   4.7588089957787668E+02
   4.7000000000000000E+01   2.4575055079484251E-02   5.1509012435035879E+02
   4.8000000000000000E+01   2.2821319589208192E-02   5.5467292885177335E+02
   4.9000000000000000E+01   2.1262822808789831E-02   5.9532867722415585E+02
   5.0000000000000000E+01   1.9892710821339015E-02   6.3633198564520228E+02
   5.1000000000000000E+01   1.8676341686746017E-02   6.7777557238587485E+02
   5.2000000000000000E+01   1.7586353333320665E-02   7.1978356950356454E+02
   5.3000000000000000E+01   1.6609351694528294E-02   7.6212295396084437E+02
   5.4000000000000000E+01   1.5730610775548229E-02   8.0469654722400946E+02
   5.5000000000000000E+01   1.4932489633085877E-02   8.4770647680620823E+02
   5.6000000000000000E+01   1.4215620882340844E-02   8.9045482301326263E+02
   5.7000000000000000E+01   1.3561476238511748E-02   9.3340636035340674E+02
   5.8000000000000000E+01   1.2965772336930130E-02   9.7629110305707752E+02
   5.9000000000000000E+01   1.2423300971944188E-02   1.0189214771013862E+03
   6.0000000000000000E+01   1.1930502442291262E-02   1.0610088081401382E+03
   6.1000000000000000E+01   1.1473609789081685E-02   1.1032594283321534E+03
   6.2000000000000000E+01   1.1059125738360506E-02   1.1446083963853218E+03
   6.3000000000000000E+01   1.0674739752513743E-02   1.1858245231531382E+03
   6.4000000000000000E+01   1.0319952490834238E-02   1.2265917103834640E+03
   6.5000000000000000E+01   9.9948187512550850E-03   1.2664930192174722E+03
   6.6000000000000000E+01   9.6954703478892446E-03   1.3055960899889969E+03
   6.7000000000000000E+01   9.4150738476497797E-03   1.3444789049602919E+03
   6.7998999999999995E+01   9.1588674176236069E-03   1.3820888107246828E+03
   6.8001000000000005E+01   9.1583722520714606E-03   1.3821635360962055E+03
   6.9000000000000000E+01   8.9198877990840034E-03   1.4191174218703025E+03
   7.0000000000000000E+01   8.6952239960312924E-03   1.4557840238027268E+03
   7.1000000000000000E+01   8.4874999967157333E-03   1.4914130405545397E+03
   7.2000000000000000E+01   8.2936901535456808E-03   1.5262649004794096E+03
   7.3000000000000000E+01   8.1117987942229165E-03   1.5604884314713934E+03
   7.4000000000000000E+01   7.9420815822250409E-03   1.5938350728024263E+03
   7.5000000000000000E+01   7.7834794027849428E-03   1.6263122855158158E+03
   7.6000000000000000E+01   7.6333159009602334E-03   1.6583052949788307E+03
   7.7000000000000000E+01   7.4917159041538927E-03   1.6896487184985003E+03
   7.8000000000000000E+01   7.3574387060980993E-03   1.7204857128224210E+03
   7.9000000000000000E+01   7.2308781941737210E-03   1.7505990056654441E+03
   8.0000000000000000E+01   7.1131169571231456E-03   1.7795810547065789E+03
   8.1000000000000000E+01   7.0005648692773332E-03   1.8081923977822064E+03
   8.2000000000000000E+01   6.8933999488252230E-03   1.8363025895466437E+03
   8.3000000000000000E+01   6.7911707998152271E-03   1.8639448999210658E+03
   8.4000000000000000E+01   6.6935137182202549E-03   1.8911394985792610E+03
   8.5000000000000000E+01   6.5989992326648044E-03   1.9182254354796710E+03
   8.6000000000000000E+01   6.5079889512684817E-03   1.9450506556777725E+03
   8.7000000000000000E+01   6.4226002296647582E-03   1.9709101803257013E+03
   8.8000000000000000E+01   6.3424496791256689E-03   1.9958168873565996E+03
   8.9000000000000000E+01   6.2651718784541514E-03   2.0204343029024360E+03
   9.0000000000000000E+01   6.1902911831697941E-03   2.0448744335685074E+03
   9.1000000000000000E+01   6.1183146185883035E-03   2.0689305741732451E+03
   9.2000000000000000E+01   6.0484141924103899E-03   2.0928408296991806E+03
   9.3000000000000000E+01   5.9800947470008909E-03   2.1167504383031428E+03
   9.4000000000000000E+01   5.9132842388860624E-03   2.1406662804345469E+03
   9.5000000000000000E+01   5.8482754448327817E-03   2.1644616940867081E+03
   9.6000000000000000E+01   5.7880061755057680E-03   2.1869997703833383E+03
   9.7000000000000000E+01   5.7288379299314848E-03   2.2095874122520077E+03
   9.8000000000000000E+01   5.6706917767631471E-03   2.2322440850477515E+03
   9.9000000000000000E+01   5.6132795860783747E-03   2.2550753053888093E+03
   1.0000000000000000E+02   5.5588391497412189E-03   2.2771603631304470E+03
   1.1000000000000000E+02   5.0752467545437671E-03   2.4941384703070198E+03
   1.2000000000000000E+02   4.6699030187042842E-03   2.7106276353294934E+03
   1.3000000000000000E+02   4.3134052092901349E-03   2.9346577848853831E+03
   1.4000000000000000E+02   3.9909822005995679E-03   3.1717425787834341E+03
   1.5000000000000000E+02   3.6937514437969622E-03   3.4269680484500577E+03
   1.6000000000000000E+02   3.4246373622083366E-03   3.6962652794998012E+03
   1.6799900000000000E+02   3.2231220183667926E-03   3.9273623848788252E+03
   1.6800100000000000E+02   3.2230756811466510E-03   3.9274188474237376E+03
   1.6999900000000000E+02   3.1767847982254629E-03   3.9846476802203797E+03
   1.7000100000000000E+02   3.1767373312759548E-03   3.9847072190020044E+03
   1.8000000000000000E+02   2.9521664860945327E-03   4.2878232770518343E+03
   1.9000000000000000E+02   2.7468726541149354E-03   4.6082835903752830E+03
   2.0000000000000000E+02   2.5595892018107041E-03   4.9454686587416754E+03
   2.1000000000000000E+02   2.3885832753910738E-03   5.2995297703137239E+03
   2.2000000000000000E+02   2.2328088848116504E-03   5.6692573479598368E+03
   2.3000000000000000E+02   2.0888251901525169E-03   6.0600419012967759E+03
   2.3199900000000000E+02   2.0618102164883293E-03   6.1394439098124967E+03
   2.3200100000000000E+02   2.0617831880004210E-03   6.1395243934862629E+03
   2.3399900000000000E+02   2.0356249210128573E-03   6.2184187500072885E+03
   2.3400100000000000E+02   2.0355986681991891E-03   6.2184989480302611E+03
   2.3699900000000000E+02   1.9962665175420123E-03   6.3410211339889674E+03
   2.3700100000000000E+02   1.9962402802919678E-03   6.3411044761390449E+03
   2.4000000000000000E+02   1.9568932770481912E-03   6.4686042541382440E+03
   2.5000000000000000E+02   1.8352016101726744E-03   6.8975354569449355E+03
   2.6000000000000000E+02   1.7226237974097833E-03   7.3483068072333408E+03
   2.7000000000000000E+02   1.6186607974274466E-03   7.8202722873912353E+03
   2.8000000000000000E+02   1.5217502508274566E-03   8.3182954429778674E+03
   2.9000000000000000E+02   1.4326776353506935E-03   8.8354615612533926E+03
   3.0000000000000000E+02   1.3498138479207398E-03   9.3778621372920970E+03
   3.1000000000000000E+02   1.2732905688205018E-03   9.9414607213610270E+03
   3.2000000000000000E+02   1.2019360452676102E-03   1.0531648690168106E+04
   3.3000000000000000E+02   1.1359624801301127E-03   1.1143297774552004E+04
   3.4000000000000000E+02   1.0743538326347258E-03   1.1782308390677312E+04
   3.5000000000000000E+02   1.0171694674186249E-03   1.2444699317344724E+04
   3.6000000000000000E+02   9.6408308434075543E-04   1.3129955687858906E+04
   3.7000000000000000E+02   9.1432009116056828E-04   1.3844569641623964E+04
   3.8000000000000000E+02   8.6815432154616502E-04   1.4580781161423196E+04
   3.9000000000000000E+02   8.2464724558328469E-04   1.5350039965094425E+04
   3.9899900000000002E+02   7.8815550819167214E-04   1.6060749490733828E+04
   3.9900099999999998E+02   7.8814750222689104E-04   1.6060912635062037E+04
   4.0000000000000000E+02   7.8414852281871814E-04   1.6142819642516701E+04
   4.1000000000000000E+02   7.4650860630497487E-04   1.6956761207970685E+04
   4.1599900000000002E+02   7.2505843720992700E-04   1.7458410973767437E+04
   4.1600099999999998E+02   7.2505136537506993E-04   1.7458581255495283E+04
   4.2000000000000000E+02   7.1097173576657800E-04   1.7804319834402500E+04
   4.3000000000000000E+02   6.7783226057589708E-04   1.8674779754586638E+04
   4.4000000000000000E+02   6.4655129151096379E-04   1.9578289213878721E+04
   4.5000000000000000E+02   6.1721243753313907E-04   2.0508932430786946E+04
   4.6000000000000000E+02   5.8959883222300220E-04   2.1469459376440424E+04
   4.7000000000000000E+02   5.6370784500072509E-04   2.2455547300024140E+04
   4.8000000000000000E+02   5.3925225219043276E-04   2.3473927323233976E+04
   4.9000000000000000E+02   5.1620341218899552E-04   2.4522054441929762E+04
   5.0000000000000000E+02   4.9444727796102276E-04   2.5601047353336460E+04
   5.1000000000000000E+02   4.7401669440525352E-04   2.6704477555776491E+04
   5.1099899999999997E+02   4.7205447942709700E-04   2.6815481535459909E+04
   5.1100099999999992E+02   4.7205055106878252E-04   2.6815704691263050E+04
   5.2000000000000000E+02   4.5462423731130878E-04   2.7843584080935190E+04
   5.3000000000000000E+02   4.3621955293504232E-04   2.9018342006080187E+04
   5.4000000000000000E+02   4.1886776793603785E-04   3.0220439828020910E+04
   5.5000000000000000E+02   4.0241147843730088E-04   3.1456280089139509E+04
   5.6000000000000000E+02   3.8682944364690940E-04   3.2723383353317789E+04
   5.7000000000000000E+02   3.7208899553130666E-04   3.4019732722096625E+04
   5.8000000000000000E+02   3.5798053607035844E-04   3.5360492823890709E+04
   5.9000000000000000E+02   3.4449408278188387E-04   3.6744805816659245E+04
   6.0000000000000000E+02   3.3184829169731706E-04   3.8145045472629143E+04
   6.1000000000000000E+02   3.1990886548245701E-04   3.9568669526298610E+04
   6.2000000000000000E+02   3.0839193882064447E-04   4.1046365301300408E+04
   6.3000000000000000E+02   2.9747416351417951E-04   4.2552832243547360E+04
   6.4000000000000000E+02   2.8697629491847743E-04   4.4109455731890244E+04
   6.5000000000000000E+02   2.7702752881927429E-04   4.5693538944522938E+04
   6.6000000000000000E+02   2.6743925597331189E-04   4.7331750646478213E+04
   6.7000000000000000E+02   2.5845140112030194E-04   4.8977750253775332E+04
   6.8000000000000000E+02   2.4977025181959069E-04   5.0680047301836450E+04
   6.9000000000000000E+02   2.4147673207651938E-04   5.2420653816025893E+04
   7.0000000000000000E+02   2.3356393780460079E-04   5.4196586578354523E+04
   7.1000000000000000E+02   2.2593208584073258E-04   5.6027315154040516E+04
   7.2000000000000000E+02   2.1871238819587652E-04   5.7876777265454926E+04
   7.3000000000000000E+02   2.1180662835969754E-04   5.9763796226960229E+04
   7.4000000000000000E+02   2.0514078266352349E-04   6.1705761343277118E+04
   7.5000000000000000E+02   1.9880462162827819E-04   6.3672403956870170E+04
   7.6000000000000000E+02   1.9266453405334598E-04   6.5701600136242734E+04
   7.7000000000000000E+02   1.8673734931692491E-04   6.7787018628635793E+04
   7.8000000000000000E+02   1.8105837932044241E-04   6.9913186146471067E+04
   7.9000000000000000E+02   1.7563300831745622E-04   7.2072831286522691E+04
   8.0000000000000000E+02   1.7049474712112572E-04   7.4244915990376467E+04
   8.1000000000000000E+02   1.6550794198530238E-04   7.6481938117099911E+04
   8.2000000000000000E+02   1.6070703607523783E-04   7.8766732844741287E+04
   8.3000000000000000E+02   1.5613454822864715E-04   8.1073460809399097E+04
   8.4000000000000000E+02   1.5167921973821579E-04   8.3454860848147975E+04
   8.5000000000000000E+02   1.4734307566751701E-04   8.5910845280387337E+04
   8.6000000000000000E+02   1.4323441992565613E-04   8.8375183725941097E+04
   8.7000000000000000E+02   1.3924697095912532E-04   9.0905878164661888E+04
   8.8000000000000000E+02   1.3539629056171220E-04   9.3491247982446817E+04
   8.9000000000000000E+02   1.3173591979506174E-04   9.6088964926959670E+04
   9.0000000000000000E+02   1.2816500964438722E-04   9.8766178163064731E+04
   9.1000000000000000E+02   1.2476772350181658E-04   1.0145547118701861E+05
   9.2000000000000000E+02   1.2143747752305935E-04   1.0423773974063982E+05
   9.3000000000000000E+02   1.1826452991710228E-04   1.0703435920881233E+05
   9.4000000000000000E+02   1.1516934391139069E-04   1.0991091680219685E+05
   9.5000000000000000E+02   1.1216935159189204E-04   1.1285050681993464E+05
   9.6000000000000000E+02   1.0931890726930920E-04   1.1579303610878883E+05
   9.7000000000000000E+02   1.0653214535886453E-04   1.1882205257546854E+05
   9.8000000000000000E+02   1.0384627548642325E-04   1.2189525447605870E+05
   9.9000000000000000E+02   1.0126790347111458E-04   1.2499881742312462E+05
   1.0000000000000000E+03   9.8738412033492316E-05   1.2820105079788715E+05
   1.1000000000000000E+03   7.7661200667041578E-05   1.6299475243859459E+05
   1.2000000000000000E+03   6.2145129351102524E-05   2.0369043091522480E+05
   1.3000000000000000E+03   5.0516756469935387E-05   2.5057761149692928E+05
   1.4000000000000000E+03   4.1591792905311852E-05   3.0434774008484278E+05
   1.5000000000000000E+03   3.4659992181570946E-05   3.6521555199712468E+05
   1.6000000000000000E+03   2.9164994585294420E-05   4.3402607669919002E+05
   1.7000000000000000E+03   2.4780459113885012E-05   5.1082056706995022E+05
   1.8000000000000000E+03   2.1223190868345760E-05   5.9644038709034678E+05
   1.9000000000000000E+03   1.8309604853663402E-05   6.9135124859211582E+05
   2.0000000000000000E+03   1.5906386890491862E-05   7.9580411717352818E+05
   2.1000000000000000E+03   1.3911615015505355E-05   9.0991363423297193E+05
   2.2000000000000000E+03   1.2225966909249814E-05   1.0353674495251171E+06
   2.3000000000000000E+03   1.0811154525617820E-05   1.1708618304190852E+06
   2.4000000000000000E+03   9.6027630435627480E-06   1.3182006178205188E+06
   2.4759989999999998E+03   8.8064989567022779E-06   1.4373893915214371E+06
   2.4760010000000002E+03   8.8064785499153033E-06   1.4373927223078515E+06
   2.5000000000000000E+03   8.5678921993202114E-06   1.4774191694210146E+06
   2.5269989999999998E+03   8.3210736882504313E-06   1.5212421679046536E+06
   2.5270010000000002E+03   8.3210556282402688E-06   1.5212454696070144E+06
   2.6000000000000000E+03   7.6760900109342706E-06   1.6490645835024265E+06
   2.6319989999999998E+03   7.4239160656366464E-06   1.7050796459567631E+06
   2.6320010000000002E+03   7.4239005025885351E-06   1.7050832203899811E+06
   2.7000000000000000E+03   6.9047044105686004E-06   1.8332961737555461E+06
   2.8000000000000000E+03   6.2332016691909084E-06   2.0307971486588463E+06
   2.8719989999999998E+03   5.8075449272195678E-06   2.1796418857613220E+06
   2.8720010000000002E+03   5.8075333270904701E-06   2.1796462394388369E+06
   2.9000000000000000E+03   5.6455954352766192E-06   2.2421670702283029E+06
   3.0000000000000000E+03   5.1288817071125825E-06   2.4680561767010936E+06
   3.1000000000000000E+03   4.6739517326093185E-06   2.7082796102692513E+06
   3.2000000000000000E+03   4.2731529114840226E-06   2.9623017100065197E+06
   3.3000000000000000E+03   3.9129658191556951E-06   3.2349805139723327E+06
   3.4000000000000000E+03   3.5935670252019711E-06   3.5225078836805648E+06
   3.5000000000000000E+03   3.3073042059088956E-06   3.8273975989849274E+06
   3.6000000000000000E+03   3.0521206102790194E-06   4.1474010346043478E+06
   3.7000000000000000E+03   2.8217524434503926E-06   4.4859952921064943E+06
   3.8000000000000000E+03   2.6138712809187428E-06   4.8427664626083663E+06
   3.9000000000000000E+03   2.4260264043589054E-06   5.2177371829361944E+06
   4.0000000000000000E+03   2.2553148202684368E-06   5.6126834546769876E+06
   4.1000000000000000E+03   2.1017515759021182E-06   6.0227708745146096E+06
   4.2000000000000000E+03   1.9606173334413042E-06   6.4563175898227459E+06
   4.3000000000000000E+03   1.8325430311517319E-06   6.9075421213180581E+06
   4.4000000000000000E+03   1.7142304576397755E-06   7.3842861211537635E+06
   4.5000000000000000E+03   1.6070218046508338E-06   7.8769112778521441E+06
   4.6000000000000000E+03   1.5076000289668480E-06   8.3963703459751103E+06
   4.7000000000000000E+03   1.4166953490497707E-06   8.9351378087737001E+06
   4.8000000000000000E+03   1.3336209306813676E-06   9.4917287855860982E+06
   4.9000000000000000E+03   1.2561290347927782E-06   1.0077283325352551E+07
   5.0000000000000000E+03   1.1851634222603516E-06   1.0680694273087110E+07
   5.1000000000000000E+03   1.1189915497552279E-06   1.1312300061226910E+07
   5.2000000000000000E+03   1.0572537261705917E-06   1.1972876390473923E+07
   5.3000000000000000E+03   1.0004815426173978E-06   1.2652275566915927E+07
   5.4000000000000000E+03   9.4783391233238191E-07   1.3355048824597744E+07
   5.5000000000000000E+03   8.9855753921190010E-07   1.4087431938872565E+07
   5.6000000000000000E+03   8.5268593297555898E-07   1.4845287915839575E+07
   5.7000000000000000E+03   8.1026911632545948E-07   1.5622424601610996E+07
   5.8000000000000000E+03   7.7040851303395134E-07   1.6430722094383987E+07
   5.9000000000000000E+03   7.3296186457600173E-07   1.7270159320131857E+07
   6.0000000000000000E+03   6.9778803188260866E-07   1.8140706917337932E+07
   6.1000000000000000E+03   6.6498540893373502E-07   1.9035557783298444E+07
   6.2000000000000000E+03   6.3401786410041151E-07   1.9965317846002694E+07
   6.3000000000000000E+03   6.0542052818780413E-07   2.0908389437501494E+07
   6.4000000000000000E+03   5.7804290519211502E-07   2.1898665415850740E+07
   6.5000000000000000E+03   5.5250841814003005E-07   2.2910724545015473E+07
   6.6000000000000000E+03   5.2850610178589655E-07   2.3951224279216550E+07
   6.7000000000000000E+03   5.0600821836948939E-07   2.5016131590900887E+07
   6.8000000000000000E+03   4.8465706101807407E-07   2.6118196132783458E+07
   6.9000000000000000E+03   4.6444631783657880E-07   2.7254749775543410E+07
   7.0000000000000000E+03   4.4531886418129393E-07   2.8425402997648682E+07
   7.1000000000000000E+03   4.2711965672560468E-07   2.9636585386517573E+07
   7.2000000000000000E+03   4.0994061240751059E-07   3.0878541412298825E+07
   7.3000000000000000E+03   3.9368834817987800E-07   3.2153271071728013E+07
   7.4000000000000000E+03   3.7852991670077768E-07   3.3440865882246006E+07
   7.5000000000000000E+03   3.6373402042215260E-07   3.4801166418574363E+07
   7.6000000000000000E+03   3.5003391366172397E-07   3.6163262137627110E+07
   7.7000000000000000E+03   3.3689573468103894E-07   3.7573548352557682E+07
   7.8000000000000000E+03   3.2445749554809739E-07   3.9013948977893129E+07
   7.9000000000000000E+03   3.1264170328895000E-07   4.0488418671098813E+07
   8.0000000000000000E+03   3.0137309761362218E-07   4.2002316321668573E+07
   8.1000000000000000E+03   2.9060590239895500E-07   4.3558537773367599E+07
   8.2000000000000000E+03   2.8037321577186108E-07   4.5148279025014065E+07
   8.3000000000000000E+03   2.7045798111363649E-07   4.6803455844365999E+07
   8.4000000000000000E+03   2.6117797781804503E-07   4.8466445305075340E+07
   8.5000000000000000E+03   2.5221442198277819E-07   5.0188914960908942E+07
   8.6000000000000000E+03   2.4365476669592107E-07   5.1952064589017406E+07
   8.7000000000000000E+03   2.3553605986877845E-07   5.3742803475020647E+07
   8.8000000000000000E+03   2.2786863717499277E-07   5.5551164625991978E+07
   8.9000000000000000E+03   2.2042080690793252E-07   5.7428190897131264E+07
   9.0000000000000000E+03   2.1327365280658015E-07   5.9352704894534953E+07
   9.1000000000000000E+03   2.0647325630248513E-07   6.1307543666884579E+07
   9.2000000000000000E+03   1.9996503236023008E-07   6.3302908650572695E+07
   9.3000000000000000E+03   1.9375733102037807E-07   6.5331041205749981E+07
   9.4000000000000000E+03   1.8780908744994560E-07   6.7400189994438544E+07
   9.5000000000000000E+03   1.8208000163938497E-07   6.9520914229113117E+07
   9.6000000000000000E+03   1.7662129191296747E-07   7.1669548103215322E+07
   9.7000000000000000E+03   1.7131426242160691E-07   7.3889750905012384E+07
   9.8000000000000000E+03   1.6622471890921330E-07   7.6152140667610690E+07
   9.9000000000000000E+03   1.6130365059165956E-07   7.8475397986206383E+07
   1.0000000000000000E+04   1.5661090520186973E-07   8.0826862985639229E+07
   1.1000000000000000E+04   1.1839015075870632E-07   1.0692078771491532E+08
   1.2000000000000000E+04   9.1747087089041803E-08   1.3797024601471367E+08
   1.3000000000000000E+04   7.2508338147430768E-08   1.7457810370815939E+08
   1.4000000000000000E+04   5.8304672537322993E-08   2.1710726818172875E+08
   1.5000000000000000E+04   4.7539171784789014E-08   2.6627237500293860E+08
   1.6000000000000000E+04   3.9299612595270003E-08   3.2209905749381322E+08
   1.7000000000000000E+04   3.2806067094219876E-08   3.8585448662448007E+08
   1.8000000000000000E+04   2.7676242501475970E-08   4.5737307642586917E+08
   1.9000000000000000E+04   2.3558896498313165E-08   5.3730734704466343E+08
   2.0000000000000000E+04   2.0206938483956933E-08   6.2643671562906098E+08
   2.0005999000000000E+04   2.0190021096931067E-08   6.2696161217645097E+08
   2.0006001000000000E+04   2.0190015456862042E-08   6.2696178731781113E+08
   2.1000000000000000E+04   1.7469772800677012E-08   7.2458688050699234E+08
   2.2000000000000000E+04   1.5220553581372182E-08   8.3166279788276041E+08
   2.3000000000000000E+04   1.3332179073765437E-08   9.4945980749066901E+08
   2.4000000000000000E+04   1.1741602810106707E-08   1.0780783834650440E+09
   2.5000000000000000E+04   1.0388728348009762E-08   1.2184713809783568E+09
   2.6000000000000000E+04   9.2393460108877502E-09   1.3700502353620801E+09
   2.7000000000000000E+04   8.2464270590109031E-09   1.5350124467513006E+09
   2.8000000000000000E+04   7.3956875758988936E-09   1.7115877390575037E+09
   2.9000000000000000E+04   6.6558497015214484E-09   1.9018410487717152E+09
   3.0000000000000000E+04   6.0072214451273262E-09   2.1071918677271531E+09
   3.1000000000000000E+04   5.4390902688861073E-09   2.3272951083786325E+09
   3.2000000000000000E+04   4.9427706937519943E-09   2.5609863295518675E+09
   3.3000000000000000E+04   4.5029795269747989E-09   2.8111094223234520E+09
   3.4000000000000000E+04   4.1159662671239310E-09   3.0754304956084123E+09
   3.5000000000000000E+04   3.7696667294299617E-09   3.3579541867677569E+09
   3.6000000000000000E+04   3.4595022948617933E-09   3.6590142447973604E+09
   3.7000000000000000E+04   3.1844044313370183E-09   3.9751132275285964E+09
   3.8000000000000000E+04   2.9352137605273860E-09   4.3125881825158997E+09
   3.9000000000000000E+04   2.7123900563045795E-09   4.6668686708188648E+09
   4.0000000000000000E+04   2.5112201470122935E-09   5.0407242040761194E+09
   4.1000000000000000E+04   2.3299189806495541E-09   5.4329649579829826E+09
   4.2000000000000000E+04   2.1659385874487812E-09   5.8442876682475634E+09
   4.3000000000000000E+04   2.0173234650361720E-09   6.2748331619597178E+09
   4.4000000000000000E+04   1.8811509190994206E-09   6.7290550950949249E+09
   4.5000000000000000E+04   1.7560854726892655E-09   7.2082870530347595E+09
   4.6000000000000000E+04   1.6422146266967136E-09   7.7081082892743120E+09
   4.7000000000000000E+04   1.5378737706789304E-09   8.2310839928169947E+09
   4.8000000000000000E+04   1.4428102870815357E-09   8.7734113695663662E+09
   4.9000000000000000E+04   1.3545830060321733E-09   9.3448449599904442E+09
   5.0000000000000000E+04   1.2736905971273125E-09   9.9383384044431190E+09
   5.1000000000000000E+04   1.1990564953250927E-09   1.0556940583001032E+10
   5.2000000000000000E+04   1.1300008556386145E-09   1.1202087249442518E+10
   5.3000000000000000E+04   1.0666435130562585E-09   1.1867477767279882E+10
   5.4000000000000000E+04   1.0072824939678489E-09   1.2566850166277679E+10
   5.5000000000000000E+04   9.5228792141121486E-10   1.3292585038829185E+10
   5.6000000000000000E+04   9.0171786844410521E-10   1.4038058487906202E+10
   5.7000000000000000E+04   8.5439290159491638E-10   1.4815628914026285E+10
   5.8000000000000000E+04   8.1006790481130837E-10   1.5626305031498577E+10
   5.9000000000000000E+04   7.6859577869198905E-10   1.6469473978052172E+10
   6.0000000000000000E+04   7.3003021376743754E-10   1.7339512718909164E+10
   6.1000000000000000E+04   6.9395705887746957E-10   1.8240852247089138E+10
   6.2000000000000000E+04   6.6013854792665588E-10   1.9175320418062992E+10
   6.3000000000000000E+04   6.2834125410522604E-10   2.0145690091341045E+10
   6.4000000000000000E+04   5.9903028916137669E-10   2.1131432593383167E+10
   6.5000000000000000E+04   5.7095745629286272E-10   2.2170422747427204E+10
   6.6000000000000000E+04   5.4461768693260044E-10   2.3242668169855091E+10
   6.7000000000000000E+04   5.2012238422110578E-10   2.4337287839985260E+10
   6.8000000000000000E+04   4.9700692241225911E-10   2.5469198930610767E+10
   6.9000000000000000E+04   4.7524837018693255E-10   2.6635268989622120E+10
   7.0000000000000000E+04   4.5464384252139017E-10   2.7842383406331753E+10
   7.1000000000000000E+04   4.3541454597985001E-10   2.9071991952685612E+10
   7.2000000000000000E+04   4.1696493176680207E-10   3.0358352015770870E+10
   7.3000000000000000E+04   3.9969345330267597E-10   3.1670191423482368E+10
   7.4000000000000000E+04   3.8362387426897284E-10   3.2996820651295570E+10
   7.5000000000000000E+04   3.6791871571797418E-10   3.4405339103519951E+10
   7.6000000000000000E+04   3.5350587092791225E-10   3.5808084724538513E+10
   7.7000000000000000E+04   3.3934404148652555E-10   3.7302461894888138E+10
   7.8000000000000000E+04   3.2616306753013807E-10   3.8809937227607170E+10
   7.9000000000000000E+04   3.1360552692221775E-10   4.0363983061905853E+10
   8.0000000000000000E+04   3.0168579940448380E-10   4.1958780299886810E+10
   8.1000000000000000E+04   2.9030024668267078E-10   4.3604400345706245E+10
   8.2000000000000000E+04   2.7957897971170216E-10   4.5276537563237358E+10
   8.3000000000000000E+04   2.6934213235467125E-10   4.6997356359159760E+10
   8.4000000000000000E+04   2.5953461251970267E-10   4.8773333367423172E+10
   8.5000000000000000E+04   2.5030471066638001E-10   5.0571833598770073E+10
   8.6000000000000000E+04   2.4149141855712237E-10   5.2417465814894989E+10
   8.7000000000000000E+04   2.3300464813780422E-10   5.4326676647763756E+10
   8.8000000000000000E+04   2.2491357476497036E-10   5.6281032347808128E+10
   8.9000000000000000E+04   2.1726771923994765E-10   5.8261614845916069E+10
   9.0000000000000000E+04   2.0995296766510899E-10   6.0291446782498077E+10
   9.1000000000000000E+04   2.0293244450419931E-10   6.2377251738799789E+10
   9.2000000000000000E+04   1.9621310026651374E-10   6.4513369186943985E+10
   9.3000000000000000E+04   1.8978923266429243E-10   6.6696977479218422E+10
   9.4000000000000000E+04   1.8367810107492601E-10   6.8916044442580856E+10
   9.5000000000000000E+04   1.7779186774329037E-10   7.1197678147380661E+10
   9.6000000000000000E+04   1.7216080211891395E-10   7.3526424255767242E+10
   9.7000000000000000E+04   1.6680529410136874E-10   7.5887088866111649E+10
   9.8000000000000000E+04   1.6149950675161396E-10   7.8380228097396057E+10
   9.9000000000000000E+04   1.5662491815071940E-10   8.0819631552032944E+10
   1.0000000000000000E+05   1.5176141064469480E-10   8.3409663385670197E+10
   1.1000000000000000E+05   1.1316816092859119E-10   1.1185450106232489E+11
   1.2000000000000000E+05   8.6607980181689597E-11   1.4615706485999603E+11
   1.3000000000000000E+05   6.7678876013731201E-11   1.8703573289604031E+11
   1.4000000000000000E+05   5.3905773800521151E-11   2.3482397680906827E+11
   1.5000000000000000E+05   4.3630893069563247E-11   2.9012397606958203E+11
   1.6000000000000000E+05   3.5811665778533845E-11   3.5347052145214960E+11
   1.7000000000000000E+05   2.9759264359146937E-11   4.2535890753353680E+11
   1.8000000000000000E+05   2.5008052667803675E-11   5.0617168577485150E+11
   1.9000000000000000E+05   2.1214694122321090E-11   5.9667926880406567E+11
   2.0000000000000000E+05   1.8163676807439150E-11   6.9690560512638464E+11
   2.1000000000000000E+05   1.5673623643315210E-11   8.0762231280239050E+11
   2.2000000000000000E+05   1.3624832430924827E-11   9.2906597134194873E+11
   2.3000000000000000E+05   1.1927230200840401E-11   1.0612998964266272E+12
   2.4000000000000000E+05   1.0508217526269387E-11   1.2046161154509727E+12
   2.5000000000000000E+05   9.3041261173865739E-12   1.3605112416902678E+12
   2.6000000000000000E+05   8.2790765948074201E-12   1.5289589402697036E+12
   2.7000000000000000E+05   7.4125403252930938E-12   1.7076963660643481E+12
   2.8000000000000000E+05   6.6636968728217283E-12   1.8996014402210193E+12
   2.9000000000000000E+05   6.0126821048534824E-12   2.1052781364560298E+12
   3.0000000000000000E+05   5.4475380233478716E-12   2.3236860619522681E+12
   3.1000000000000000E+05   4.9573101536533907E-12   2.5534751275305249E+12
   3.2000000000000000E+05   4.5256372768238789E-12   2.7970355118013750E+12
   3.3000000000000000E+05   4.1423187225905317E-12   3.0558653316015586E+12
   3.4000000000000000E+05   3.8040716935347545E-12   3.3275840195972397E+12
   3.5000000000000000E+05   3.5044760885075874E-12   3.6120572254208584E+12
   3.6000000000000000E+05   3.2371203877562306E-12   3.9103791828954644E+12
   3.7000000000000000E+05   2.9982610876117312E-12   4.2219032322136758E+12
   3.8000000000000000E+05   2.7841922206995669E-12   4.5465137366226348E+12
   3.9000000000000000E+05   2.5903221531125698E-12   4.8867930043365352E+12
   4.0000000000000000E+05   2.4143951197001059E-12   5.2428734938715273E+12
   4.1000000000000000E+05   2.2573353786600285E-12   5.6076594982188965E+12
   4.2000000000000000E+05   2.1137667513065341E-12   5.9885359484362363E+12
   4.3000000000000000E+05   1.9832124341041992E-12   6.3827595869860205E+12
   4.4000000000000000E+05   1.8639385252539842E-12   6.7911940256096182E+12
   4.5000000000000000E+05   1.7545178685205734E-12   7.2147274210903984E+12
   4.6000000000000000E+05   1.6544663364377216E-12   7.6510279466087842E+12
   4.7000000000000000E+05   1.5631281767921120E-12   8.0980999285588047E+12
   4.8000000000000000E+05   1.4790714608852636E-12   8.5583208868299639E+12
   4.9000000000000000E+05   1.4013535842316530E-12   9.0329580765648848E+12
   5.0000000000000000E+05   1.3288169827721485E-12   9.5260433460150781E+12
   5.1000000000000000E+05   1.2622961822256321E-12   1.0028049165521289E+13
   5.2000000000000000E+05   1.2008655224426273E-12   1.0541037227099861E+13
   5.3000000000000000E+05   1.1442029939779464E-12   1.1063044095698668E+13
   5.4000000000000000E+05   1.0904484954231848E-12   1.1608405376263055E+13
   5.5000000000000000E+05   1.0411284532162359E-12   1.2158315467898748E+13
   5.6000000000000000E+05   9.9456904381999827E-13   1.2727490620650594E+13
   5.7000000000000000E+05   9.5147293530191986E-13   1.3303970830018119E+13
   5.8000000000000000E+05   9.1140102491572766E-13   1.3888911500817010E+13
   5.9000000000000000E+05   8.7399517016754983E-13   1.4483338820261189E+13
   6.0000000000000000E+05   8.3816193070412364E-13   1.5102532951090260E+13
   6.1000000000000000E+05   8.0443213172065108E-13   1.5735781401139051E+13
   6.2000000000000000E+05   7.7344099673103771E-13   1.6366301024007363E+13
   6.3000000000000000E+05   7.4422756556777859E-13   1.7008733299405891E+13
   6.4000000000000000E+05   7.1674776443901483E-13   1.7660840821339605E+13
   6.5000000000000000E+05   6.9046888504330241E-13   1.8333003051997914E+13
   6.6000000000000000E+05   6.6581624533101966E-13   1.9011804331261363E+13
   6.7000000000000000E+05   6.4213013449537264E-13   1.9713088510876727E+13
   6.8000000000000000E+05   6.2018869156780673E-13   2.0410511105593883E+13
   6.9000000000000000E+05   5.9939604833868679E-13   2.1118537921451039E+13
   7.0000000000000000E+05   5.7969973275236092E-13   2.1836077302826574E+13
   7.1000000000000000E+05   5.6095492835201379E-13   2.2565749112850297E+13
   7.2000000000000000E+05   5.4311797521626487E-13   2.3306848151670926E+13
   7.3000000000000000E+05   5.2598145949149856E-13   2.4066187026908039E+13
   7.4000000000000000E+05   5.0986508495802735E-13   2.4826897448470137E+13
   7.5000000000000000E+05   4.9449592753390487E-13   2.5598528667236688E+13
   7.6000000000000000E+05   4.7981247283423907E-13   2.6381907293980555E+13
   7.7000000000000000E+05   4.6615344629864854E-13   2.7154938523609406E+13
   7.8000000000000000E+05   4.5272966610454760E-13   2.7960103179731316E+13
   7.9000000000000000E+05   4.4008481519026235E-13   2.8763474084730355E+13
   8.0000000000000000E+05   4.2787001289307829E-13   2.9584611670301129E+13
   8.1000000000000000E+05   4.1629167546729161E-13   3.0407449686807484E+13
   8.2000000000000000E+05   4.0510398802543058E-13   3.1247207015927539E+13
   8.3000000000000000E+05   3.9472186390317011E-13   3.2069082902166535E+13
   8.4000000000000000E+05   3.8434087784175088E-13   3.2935263737469098E+13
   8.5000000000000000E+05   3.7464536387335854E-13   3.3787601282281902E+13
   8.6000000000000000E+05   3.6530079687102043E-13   3.4651904088996133E+13
   8.7000000000000000E+05   3.5624788941415240E-13   3.5532472059343484E+13
   8.8000000000000000E+05   3.4777703907856890E-13   3.6397941078418094E+13
   8.9000000000000000E+05   3.3941578601327081E-13   3.7294577030408156E+13
   9.0000000000000000E+05   3.3168534367279050E-13   3.8163785100182211E+13
   9.1000000000000000E+05   3.2399981552042408E-13   3.9069059827938414E+13
   9.2000000000000000E+05   3.1648358832892805E-13   3.9996918145570156E+13
   9.3000000000000000E+05   3.0948283172830879E-13   4.0901681382833812E+13
   9.4000000000000000E+05   3.0257701197820231E-13   4.1835194597401766E+13
   9.5000000000000000E+05   2.9609250502619743E-13   4.2751396816641750E+13
   9.6000000000000000E+05   2.8989602515449974E-13   4.3665200894224734E+13
   9.7000000000000000E+05   2.8382319396293395E-13   4.4599484630074258E+13
   9.8000000000000000E+05   2.7800574901580433E-13   4.5532756864279250E+13
   9.9000000000000000E+05   2.7236777125558541E-13   4.6475279062771547E+13
   1.0000000000000000E+06   2.6673203567307345E-13   4.7457247288898930E+13
   1.1000000000000000E+06   2.2056901428245068E-13   5.7389603059107508E+13
   1.2000000000000000E+06   1.8606207298271346E-13   6.8033038511747172E+13
   1.3000000000000000E+06   1.5990984686057022E-13   7.9159404034985016E+13
   1.4000000000000000E+06   1.3962196655729428E-13   9.0661723860006375E+13
   1.5000000000000000E+06   1.2331632680847140E-13   1.0264957207547048E+14
   1.6000000000000000E+06   1.1012462931468794E-13   1.1494584141242727E+14
   1.7000000000000000E+06   9.9410451825527479E-14   1.2733437927658561E+14
   1.8000000000000000E+06   9.0327892184115105E-14   1.4013797810101602E+14
   1.9000000000000000E+06   8.2732360911470699E-14   1.5300383111698916E+14
   2.0000000000000000E+06   7.6163594152405627E-14   1.6619972202833138E+14
   2.1000000000000000E+06   7.0522607394074648E-14   1.7949376298687478E+14
   2.2000000000000000E+06   6.5565828438912929E-14   1.9306349783412166E+14
   2.3000000000000000E+06   6.1228338674460263E-14   2.0674035015241322E+14
   2.4000000000000000E+06   5.7414169039830021E-14   2.2047463872597284E+14
   2.5000000000000000E+06   5.3989984861736527E-14   2.3445770931822625E+14
   2.6000000000000000E+06   5.0938888259555597E-14   2.4850106881619822E+14
   2.7000000000000000E+06   4.8222793498954754E-14   2.6249761281628847E+14
   2.8000000000000000E+06   4.5734683775897750E-14   2.7677830328586284E+14
   2.9000000000000000E+06   4.3464803458399138E-14   2.9123261051724269E+14
   3.0000000000000000E+06   4.1422610804274735E-14   3.0559078558858344E+14
   3.1000000000000000E+06   3.9569229587521573E-14   3.1990433750573606E+14
   3.2000000000000000E+06   3.7843364856135752E-14   3.3449372763046169E+14
   3.3000000000000000E+06   3.6265733183435837E-14   3.4904487144327456E+14
   3.4000000000000000E+06   3.4792729880823157E-14   3.6382221861198131E+14
   3.5000000000000000E+06   3.3428152023858827E-14   3.7867388444846562E+14
   3.6000000000000000E+06   3.2189484343918273E-14   3.9324544753697088E+14
   3.7000000000000000E+06   3.1020604688374006E-14   4.0806323100312094E+14
   3.8000000000000000E+06   2.9931722321313053E-14   4.2290811203319881E+14
   3.9000000000000000E+06   2.8894785203673309E-14   4.3808486851804794E+14
   4.0000000000000000E+06   2.7955243909428462E-14   4.5280836102950869E+14
   4.1000000000000000E+06   2.7049380793784442E-14   4.6797256740594850E+14
   4.2000000000000000E+06   2.6210555210207192E-14   4.8294925747619806E+14
   4.3000000000000000E+06   2.5426925978892865E-14   4.9783320985463562E+14
   4.4000000000000000E+06   2.4666410167324324E-14   5.1318242463903569E+14
   4.5000000000000000E+06   2.3971708759494093E-14   5.2805447887794238E+14
   4.6000000000000000E+06   2.3284927289083303E-14   5.4362927655535750E+14
   4.7000000000000000E+06   2.2660254520846817E-14   5.5861544561042350E+14
   4.8000000000000000E+06   2.2056347366217702E-14   5.7391044703061175E+14
   4.9000000000000000E+06   2.1485273740346005E-14   5.8916485448533100E+14
   5.0000000000000000E+06   2.0945566262947962E-14   6.0434595168719350E+14
   5.1000000000000000E+06   2.0428030310228089E-14   6.1965681392544988E+14
   5.2000000000000000E+06   1.9933678992459863E-14   6.3502418101528712E+14
   5.3000000000000000E+06   1.9470332195385143E-14   6.5013622005939600E+14
   5.4000000000000000E+06   1.9011818293860450E-14   6.6581575634437175E+14
   5.5000000000000000E+06   1.8580552600588187E-14   6.8126973663892775E+14
   5.6000000000000000E+06   1.8164588062943864E-14   6.9687064374621250E+14
   5.7000000000000000E+06   1.7773261170962812E-14   7.1221415445631075E+14
   5.8000000000000000E+06   1.7399085914609112E-14   7.2753064378973388E+14
   5.9000000000000000E+06   1.7036330006532368E-14   7.4302201072383338E+14
   6.0000000000000000E+06   1.6692577469502249E-14   7.5832316488784362E+14
   6.1000000000000000E+06   1.6357183849260903E-14   7.7387209763375162E+14
   6.2000000000000000E+06   1.6041706790088366E-14   7.8909110747677050E+14
   6.3000000000000000E+06   1.5734038894356658E-14   8.0452122063513188E+14
   6.4000000000000000E+06   1.5432516904374172E-14   8.2024003312256775E+14
   6.5000000000000000E+06   1.5141503582827337E-14   8.3600470108958575E+14
   6.6000000000000000E+06   1.4869660873836360E-14   8.5128828990856538E+14
   6.7000000000000000E+06   1.4597882955978925E-14   8.6713725647621450E+14
   6.8000000000000000E+06   1.4334091990992435E-14   8.8309522394323938E+14
   6.9000000000000000E+06   1.4085248485890912E-14   8.9869683090704800E+14
   7.0000000000000000E+06   1.3845005454152462E-14   9.1429131022927100E+14
   7.1000000000000000E+06   1.3617147173547675E-14   9.2959031840371700E+14
   7.2000000000000000E+06   1.3389315472375298E-14   9.4540816540808800E+14
   7.3000000000000000E+06   1.3174329298806579E-14   9.6083587177034812E+14
   7.4000000000000000E+06   1.2963556711952219E-14   9.7645796273931662E+14
   7.5000000000000000E+06   1.2757792260243298E-14   9.9220679554842162E+14
   7.6000000000000000E+06   1.2560044812142861E-14   1.0078282654350516E+15
   7.7000000000000000E+06   1.2366344445065351E-14   1.0236143941356604E+15
   7.8000000000000000E+06   1.2182166507677989E-14   1.0390900640563676E+15
   7.9000000000000000E+06   1.2002164486482006E-14   1.0546737791392154E+15
   8.0000000000000000E+06   1.1824161954763748E-14   1.0705509807152652E+15
   8.1000000000000000E+06   1.1650753203948741E-14   1.0864849641238828E+15
   8.2000000000000000E+06   1.1484649393026311E-14   1.1021989216749490E+15
   8.3000000000000000E+06   1.1322511787734156E-14   1.1179823359090210E+15
   8.4000000000000000E+06   1.1160393563372303E-14   1.1342223824751498E+15
   8.5000000000000000E+06   1.1008883028887671E-14   1.1498321985611515E+15
   8.6000000000000000E+06   1.0865916331267121E-14   1.1649609467710960E+15
   8.7000000000000000E+06   1.0723825786754635E-14   1.1803966633291678E+15
   8.8000000000000000E+06   1.0581740707497375E-14   1.1962463007470738E+15
   8.9000000000000000E+06   1.0440782168076846E-14   1.2123965401281890E+15
   9.0000000000000000E+06   1.0307783010295948E-14   1.2280398378744122E+15
   9.1000000000000000E+06   1.0179582631565887E-14   1.2435056165815778E+15
   9.2000000000000000E+06   1.0051389088558099E-14   1.2593650554447235E+15
   9.3000000000000000E+06   9.9255949353017933E-15   1.2753258882031512E+15
   9.4000000000000000E+06   9.8045026582149768E-15   1.2910770304297170E+15
   9.5000000000000000E+06   9.6858462268398588E-15   1.3068933658818190E+15
   9.6000000000000000E+06   9.5701835521747891E-15   1.3226881289995625E+15
   9.7000000000000000E+06   9.4588037752791983E-15   1.3382631120746362E+15
   9.8000000000000000E+06   9.3495364984205166E-15   1.3539032848256088E+15
   9.9000000000000000E+06   9.2402749211161385E-15   1.3699125063780512E+15
   1.0000000000000000E+07   9.1310837057091112E-15   1.3862941776444290E+15
   1.1000000000000000E+07   8.1951063057584967E-15   1.5446252561621730E+15
   1.2000000000000000E+07   7.4345600246710401E-15   1.7026385064889642E+15
   1.3000000000000000E+07   6.7972134147786827E-15   1.8622878824558160E+15
   1.4000000000000000E+07   6.2592652409304367E-15   2.0223409121622075E+15
   1.5000000000000000E+07   5.8053945182339126E-15   2.1804492592278330E+15
   1.6000000000000000E+07   5.4111966373850672E-15   2.3392918470849635E+15
   1.7000000000000000E+07   5.0631169228531512E-15   2.5001137381744005E+15
   1.8000000000000000E+07   4.7579326862984460E-15   2.6604765160425915E+15
   1.9000000000000000E+07   4.4879975268609663E-15   2.8204935722551710E+15
   2.0000000000000000E+07   4.2487948748212284E-15   2.9792843735109875E+15
   2.1000000000000000E+07   4.0318495827216312E-15   3.1395933595974190E+15
   2.2000000000000000E+07   3.8365322481562937E-15   3.2994296302061940E+15
   2.3000000000000000E+07   3.6606058466464293E-15   3.4579981312123785E+15
   2.4000000000000000E+07   3.4972667440352562E-15   3.6195032015781660E+15
   2.5000000000000000E+07   3.3481813609645927E-15   3.7806698061187620E+15
   2.6000000000000000E+07   3.2125011284691928E-15   3.9403466864587125E+15
   2.7000000000000000E+07   3.0862274936407297E-15   4.1015667843318195E+15
   2.8000000000000000E+07   2.9695004424736415E-15   4.2627938341924725E+15
   2.9000000000000000E+07   2.8631795645878705E-15   4.4210877771581605E+15
   3.0000000000000000E+07   2.7626868255448797E-15   4.5819048542760080E+15
   3.1000000000000000E+07   2.6693999366143474E-15   4.7420276007286180E+15
   3.2000000000000000E+07   2.5826517089805018E-15   4.9013067200630520E+15
   3.3000000000000000E+07   2.5000222515561318E-15   5.0633022041821000E+15
   3.4000000000000000E+07   2.4229375253298538E-15   5.2243890089923690E+15
   3.5000000000000000E+07   2.3514688590999868E-15   5.3831749154668320E+15
   3.6000000000000000E+07   2.2841619653309844E-15   5.5417997361558420E+15
   3.7000000000000000E+07   2.2199522191499867E-15   5.7020903727627570E+15
   3.8000000000000000E+07   2.1586129535366970E-15   5.8641212895849800E+15
   3.9000000000000000E+07   2.1010675459982270E-15   6.0247316660133400E+15
   4.0000000000000000E+07   2.0462093798445758E-15   6.1862526393901840E+15
   4.1000000000000000E+07   1.9944771926161366E-15   6.3467099165995470E+15
   4.2000000000000000E+07   1.9453610351216553E-15   6.5069506113639480E+15
   4.3000000000000000E+07   1.8977605840525625E-15   6.6701607585173970E+15
   4.4000000000000000E+07   1.8536271257256130E-15   6.8289722356395000E+15
   4.5000000000000000E+07   1.8102713010362547E-15   6.9925254681784010E+15
   4.6000000000000000E+07   1.7701441980581517E-15   7.1510378593420190E+15
   4.7000000000000000E+07   1.7307450344993381E-15   7.3138260832683610E+15
   4.8000000000000000E+07   1.6938913606982515E-15   7.4729516133729260E+15
   4.9000000000000000E+07   1.6580982842715599E-15   7.6342689072678020E+15
   5.0000000000000000E+07   1.6241364884951427E-15   7.7939066491494050E+15
   5.1000000000000000E+07   1.5921684673274466E-15   7.9503949717433570E+15
   5.2000000000000000E+07   1.5604071195779568E-15   8.1122214952673160E+15
   5.3000000000000000E+07   1.5296421621996155E-15   8.2753787059620580E+15
   5.4000000000000000E+07   1.5009381264410996E-15   8.4336375722715060E+15
   5.5000000000000000E+07   1.4727237150749794E-15   8.5952090315623080E+15
   5.6000000000000000E+07   1.4450817918952151E-15   8.7596205611359160E+15
   5.7000000000000000E+07   1.4197269129137596E-15   8.9160584769286420E+15
   5.8000000000000000E+07   1.3945782409098055E-15   9.0768433103834300E+15
   5.9000000000000000E+07   1.3697245910748086E-15   9.2415426132311520E+15
   6.0000000000000000E+07   1.3468580816822856E-15   9.3984424557913280E+15
   6.1000000000000000E+07   1.3240493290577516E-15   9.5603448444150320E+15
   6.2000000000000000E+07   1.3020879345435420E-15   9.7215924063116040E+15
   6.3000000000000000E+07   1.2809390477899896E-15   9.8821003221410120E+15
   6.4000000000000000E+07   1.2607285588227722E-15   1.0040518308420360E+16
   6.5000000000000000E+07   1.2410476424350962E-15   1.0199743945342098E+16
   6.6000000000000000E+07   1.2218650062868542E-15   1.0359874545614644E+16
   6.7000000000000000E+07   1.2028174237657959E-15   1.0523931501738210E+16
   6.8000000000000000E+07   1.1844781146978647E-15   1.0686873838979574E+16
   6.9000000000000000E+07   1.1672037497514422E-15   1.0845037277770978E+16
   7.0000000000000000E+07   1.1499317034291985E-15   1.1007930418006634E+16
   7.1000000000000000E+07   1.1333098427751751E-15   1.1169379898626376E+16
   7.2000000000000000E+07   1.1174955108349122E-15   1.1327444319978554E+16
   7.3000000000000000E+07   1.1016830830915398E-15   1.1490026824489836E+16
   7.4000000000000000E+07   1.0865459988049185E-15   1.1650098744766698E+16
   7.5000000000000000E+07   1.0716694868077357E-15   1.1811821025636284E+16
   7.6000000000000000E+07   1.0573037989492124E-15   1.1972309367836202E+16
   7.7000000000000000E+07   1.0429406976668269E-15   1.2137188821115736E+16
   7.8000000000000000E+07   1.0293731452424562E-15   1.2297161855555240E+16
   7.9000000000000000E+07   1.0161710793763651E-15   1.2456926233894624E+16
   8.0000000000000000E+07   1.0031401975824686E-15   1.2618742831076518E+16
   8.1000000000000000E+07   9.9011124836367983E-16   1.2784793827692064E+16
   8.2000000000000000E+07   9.7800484008263499E-16   1.2943052690556122E+16
   8.3000000000000000E+07   9.6621728011683114E-16   1.3100954037251184E+16
   8.4000000000000000E+07   9.5442994131867549E-16   1.3262752590639802E+16
   8.5000000000000000E+07   9.4272307125775303E-16   1.3427451351031476E+16
   8.6000000000000000E+07   9.3172765401817197E-16   1.3585910133951628E+16
   8.7000000000000000E+07   9.2097767237889787E-16   1.3744489748716406E+16
   8.8000000000000000E+07   9.1022909490155348E-16   1.3906793627792720E+16
   8.9000000000000000E+07   8.9980466912406926E-16   1.4067906748173436E+16
   9.0000000000000000E+07   8.8957441679598579E-16   1.4229689993109948E+16
   9.1000000000000000E+07   8.7968092069577341E-16   1.4389726864595936E+16
   9.2000000000000000E+07   8.6994441706294905E-16   1.4550778105507976E+16
   9.3000000000000000E+07   8.6056384968072376E-16   1.4709388712417812E+16
   9.4000000000000000E+07   8.5118328229849826E-16   1.4871495293735508E+16
   9.5000000000000000E+07   8.4204878777814394E-16   1.5032820378744588E+16
   9.6000000000000000E+07   8.3329948039156486E-16   1.5190658910359970E+16
   9.7000000000000000E+07   8.2459602982381635E-16   1.5350993357939224E+16
   9.8000000000000000E+07   8.1589398208626800E-16   1.5514721832413314E+16
   9.9000000000000000E+07   8.0776083285063051E-16   1.5670935829032972E+16
   1.0000000000000000E+08   7.9980541647374473E-16   1.5826809766577764E+16
   1.1000000000000000E+08   7.2599413201059152E-16   1.7435909766587184E+16
   1.2000000000000000E+08   6.6481945136496851E-16   1.9040309592053956E+16
   1.3000000000000000E+08   6.1291378002749402E-16   2.0652771383669384E+16
   1.4000000000000000E+08   5.6865207397965703E-16   2.2260304245828352E+16
   1.5000000000000000E+08   5.3037527869643429E-16   2.3866814094202164E+16
   1.6000000000000000E+08   4.9672816701261316E-16   2.5483491811904900E+16
   1.7000000000000000E+08   4.6717149401517469E-16   2.7095763202532408E+16
   1.8000000000000000E+08   4.4101663938171427E-16   2.8702699731590460E+16
   1.9000000000000000E+08   4.1763069859792247E-16   3.0309956186902368E+16
   2.0000000000000000E+08   3.9683306939232301E-16   3.1898471052809248E+16
   2.1000000000000000E+08   3.7765110794351025E-16   3.3518684072553864E+16
   2.2000000000000000E+08   3.6044603749757178E-16   3.5118622095807432E+16
   2.3000000000000000E+08   3.4469160498876154E-16   3.6723749559323256E+16
   2.4000000000000000E+08   3.3026899291007068E-16   3.8327449589720400E+16
   2.5000000000000000E+08   3.1693877589591500E-16   3.9939474559482608E+16
   2.6000000000000000E+08   3.0467913534310214E-16   4.1546554090596808E+16
   2.7000000000000000E+08   2.9339158998352580E-16   4.3144959190954440E+16
   2.8000000000000000E+08   2.8281931509470404E-16   4.4757792347279088E+16
   2.9000000000000000E+08   2.7300774510855311E-16   4.6366333569676744E+16
   3.0000000000000000E+08   2.6390088308438692E-16   4.7966372938436608E+16
   3.1000000000000000E+08   2.5526672144254833E-16   4.9588791305322648E+16
   3.2000000000000000E+08   2.4728188949352206E-16   5.1190033377434480E+16
   3.3000000000000000E+08   2.3975664016667185E-16   5.2796736590939584E+16
   3.4000000000000000E+08   2.3261192533050476E-16   5.4418397332049592E+16
   3.5000000000000000E+08   2.2596497227731681E-16   5.6019161063925448E+16
   3.6000000000000000E+08   2.1963342959025631E-16   5.7634068731812160E+16
   3.7000000000000000E+08   2.1368344675410911E-16   5.9238880545458248E+16
   3.8000000000000000E+08   2.0800852501145036E-16   6.0855045129095776E+16
   3.9000000000000000E+08   2.0264341938201647E-16   6.2466218816340320E+16
   4.0000000000000000E+08   1.9766426599169697E-16   6.4039739875593808E+16
   4.1000000000000000E+08   1.9281660634954906E-16   6.5649782020645248E+16
   4.2000000000000000E+08   1.8812965040278927E-16   6.7285343643102736E+16
   4.3000000000000000E+08   1.8380427573190697E-16   6.8868736194536008E+16
   4.4000000000000000E+08   1.7956190866768690E-16   7.0495843304022512E+16
   4.5000000000000000E+08   1.7563078016894323E-16   7.2073745642034320E+16
   4.6000000000000000E+08   1.7172129567460396E-16   7.3714609053468240E+16
   4.7000000000000000E+08   1.6809078364775354E-16   7.5306735456329296E+16
   4.8000000000000000E+08   1.6455251093998964E-16   7.6926010454041728E+16
   4.9000000000000000E+08   1.6116539703332550E-16   7.8542717046085168E+16
   5.0000000000000000E+08   1.5792369959369242E-16   8.0154962234142352E+16
   5.1000000000000000E+08   1.5481969237650506E-16   8.1762003156708576E+16
   5.2000000000000000E+08   1.5184947524840531E-16   8.3361290225738832E+16
   5.3000000000000000E+08   1.4900943206700471E-16   8.4950113568088768E+16
   5.4000000000000000E+08   1.4621069924537301E-16   8.6576209826922400E+16
   5.5000000000000000E+08   1.4351931287742221E-16   8.8199754604593104E+16
   5.6000000000000000E+08   1.4095940970552225E-16   8.9801512387523520E+16
   5.7000000000000000E+08   1.3844285818865641E-16   9.1433883570641616E+16
   5.8000000000000000E+08   1.3612970868920627E-16   9.2987550614013328E+16
   5.9000000000000000E+08   1.3384043513859201E-16   9.4578056053842736E+16
   6.0000000000000000E+08   1.3155132449283587E-16   9.6223798776711056E+16
   6.1000000000000000E+08   1.2935562086448377E-16   9.7857117396310800E+16
   6.2000000000000000E+08   1.2731704665305212E-16   9.9423985315206064E+16
   6.3000000000000000E+08   1.2527857699090733E-16   1.0104176213405742E+17
   6.4000000000000000E+08   1.2328101724202051E-16   1.0267897248088115E+17
   6.5000000000000000E+08   1.2135487459142076E-16   1.0430869150849378E+17
   6.6000000000000000E+08   1.1954298132424874E-16   1.0588968115554909E+17
   6.7000000000000000E+08   1.1774596319661529E-16   1.0750575079734312E+17
   6.8000000000000000E+08   1.1600250315290613E-16   1.0912150887057248E+17
   6.9000000000000000E+08   1.1433044756262495E-16   1.1071738497196722E+17
   7.0000000000000000E+08   1.1268512491728355E-16   1.1233397652174877E+17
   7.1000000000000000E+08   1.1110199801107089E-16   1.1393465827272611E+17
   7.2000000000000000E+08   1.0954736015601491E-16   1.1555155832856851E+17
   7.3000000000000000E+08   1.0803681428619695E-16   1.1716717361986971E+17
   7.4000000000000000E+08   1.0659181862621891E-16   1.1875553245973813E+17
   7.5000000000000000E+08   1.0514941664945551E-16   1.2038457825218954E+17
   7.6000000000000000E+08   1.0377198380325044E-16   1.2198252083923216E+17
   7.7000000000000000E+08   1.0243058617970663E-16   1.2357996423646662E+17
   7.8000000000000000E+08   1.0108933811023551E-16   1.2521961676121384E+17
   7.9000000000000000E+08   9.9848917782714617E-17   1.2677521657625634E+17
   8.0000000000000000E+08   9.8622410241493691E-17   1.2835184362065678E+17
   8.1000000000000000E+08   9.7395968969223300E-17   1.2996809119285467E+17
   8.2000000000000000E+08   9.6200910917461995E-17   1.3158262282639947E+17
   8.3000000000000000E+08   9.5007062083677327E-17   1.3323607634198413E+17
   8.4000000000000000E+08   9.3880070334217867E-17   1.3483552080589650E+17
   8.5000000000000000E+08   9.2799469637291871E-17   1.3640560906526600E+17
   8.6000000000000000E+08   9.1719033557962540E-17   1.3801244611685651E+17
   8.7000000000000000E+08   9.0646081493882173E-17   1.3964606046057035E+17
   8.8000000000000000E+08   8.9606884593183676E-17   1.4126557612484355E+17
   8.9000000000000000E+08   8.8629416589746742E-17   1.4282355299033824E+17
   9.0000000000000000E+08   8.7652053518318286E-17   1.4441610514194061E+17
   9.1000000000000000E+08   8.6674743232920863E-17   1.4604448429448070E+17
   9.2000000000000000E+08   8.5697542260656844E-17   1.4770981574135328E+17
   9.3000000000000000E+08   8.4784707219990651E-17   1.4930013432686422E+17
   9.4000000000000000E+08   8.3900280141944061E-17   1.5087396794614746E+17
   9.5000000000000000E+08   8.3015880843443849E-17   1.5248128488427824E+17
   9.6000000000000000E+08   8.2131583088667336E-17   1.5412302674286432E+17
   9.7000000000000000E+08   8.1280758919838176E-17   1.5573634332440928E+17
   9.8000000000000000E+08   8.0453121453565148E-17   1.5733843445856163E+17
   9.9000000000000000E+08   7.9642690706907866E-17   1.5893948414415542E+17
   1.0000000000000000E+09   7.8838593742400234E-17   1.6056055259139728E+17
   1.1000000000000000E+09   7.1662584856122894E-17   1.7663845369550496E+17
   1.2000000000000000E+09   6.5698327229585673E-17   1.9267413206082461E+17
   1.3000000000000000E+09   6.0640248907268496E-17   2.0874532022725904E+17
   1.4000000000000000E+09   5.6296339153141798E-17   2.2485242144030278E+17
   1.5000000000000000E+09   5.2530900182137985E-17   2.4096994593503402E+17
   1.6000000000000000E+09   4.9269218583897758E-17   2.5692244652212701E+17
   1.7000000000000000E+09   4.6364151825386764E-17   2.7302059195391882E+17
   1.8000000000000000E+09   4.3793898713691733E-17   2.8904410314240749E+17
   1.9000000000000000E+09   4.1480076125764339E-17   3.0516742877783731E+17
   2.0000000000000000E+09   3.9394597217803773E-17   3.2132244192834918E+17
   2.1000000000000000E+09   3.7530690979207706E-17   3.3728044559108416E+17
   2.2000000000000000E+09   3.5811519839247022E-17   3.5347196191700685E+17
   2.3000000000000000E+09   3.4255648133899031E-17   3.6952645377863597E+17
   2.4000000000000000E+09   3.2833574076242240E-17   3.8553122932686810E+17
   2.5000000000000000E+09   3.1517695371860095E-17   4.0162734068780339E+17
   2.6000000000000000E+09   3.0297836681212358E-17   4.1779775599153229E+17
   2.7000000000000000E+09   2.9175163594227251E-17   4.3387479682592448E+17
   2.8000000000000000E+09   2.8136143772037437E-17   4.4989705339040576E+17
   2.9000000000000000E+09   2.7165443395372578E-17   4.6597318485015834E+17
   3.0000000000000000E+09   2.6257677475568007E-17   4.8208255237298490E+17
   3.1000000000000000E+09   2.5409497356039942E-17   4.9817467852426893E+17
   3.2000000000000000E+09   2.4627398832924786E-17   5.1399533757845638E+17
   3.3000000000000000E+09   2.3874780316839511E-17   5.3019831005021562E+17
   3.4000000000000000E+09   2.3175337992033821E-17   5.4619993810487622E+17
   3.5000000000000000E+09   2.2508834588747882E-17   5.6237332621104909E+17
   3.6000000000000000E+09   2.1890552377834402E-17   5.7825713843684800E+17
   3.7000000000000000E+09   2.1286780134965051E-17   5.9465866122308403E+17
   3.8000000000000000E+09   2.0733967545191571E-17   6.1051355218042048E+17
   3.9000000000000000E+09   2.0196519549883592E-17   6.2675988036173389E+17
   4.0000000000000000E+09   1.9691623639516948E-17   6.4283008900321318E+17
   4.1000000000000000E+09   1.9209423000625648E-17   6.5896660073528384E+17
   4.2000000000000000E+09   1.8759899306853010E-17   6.7475672282443136E+17
   4.3000000000000000E+09   1.8321615880862440E-17   6.9089802226617792E+17
   4.4000000000000000E+09   1.7900578449557369E-17   7.0714855458324390E+17
   4.5000000000000000E+09   1.7504069280691422E-17   7.2316716609273190E+17
   4.6000000000000000E+09   1.7122848325416547E-17   7.3926766950442624E+17
   4.7000000000000000E+09   1.6758844672573441E-17   7.5532463150782784E+17
   4.8000000000000000E+09   1.6412035259388077E-17   7.7128570446907674E+17
   4.9000000000000000E+09   1.6074212172384899E-17   7.8749540201760077E+17
   5.0000000000000000E+09   1.5754279122633231E-17   8.0348761617552768E+17
   5.1000000000000000E+09   1.5444815679399272E-17   8.1958687235695181E+17
   5.2000000000000000E+09   1.5144519557611289E-17   8.3583821386044902E+17
   5.3000000000000000E+09   1.4863462029567223E-17   8.5164332183361664E+17
   5.4000000000000000E+09   1.4583339114231742E-17   8.6800204518698176E+17
   5.5000000000000000E+09   1.4321332372768268E-17   8.8388201930695334E+17
   5.6000000000000000E+09   1.4063995530064401E-17   9.0005490614305498E+17
   5.7000000000000000E+09   1.3816943158407223E-17   9.1614824145138035E+17
   5.8000000000000000E+09   1.3578845420663924E-17   9.3221240721580749E+17
   5.9000000000000000E+09   1.3348961188632416E-17   9.4826616078470246E+17
   6.0000000000000000E+09   1.3125051036022784E-17   9.6444334898710285E+17
   6.1000000000000000E+09   1.2910802712392584E-17   9.8044780474092275E+17
   6.2000000000000000E+09   1.2701078019117557E-17   9.9663730572752858E+17
   6.3000000000000000E+09   1.3502525965135354E-18   9.3748149120345477E+18
   6.4000000000000000E+09   1.3083868543853081E-18   9.6747900931452518E+18
   6.5000000000000000E+09   1.2684384746892835E-18   9.9794892928561254E+18
   6.6000000000000000E+09   1.2302921385588204E-18   1.0288912511167169E+19
   6.7000000000000000E+09   1.1938410682918740E-18   1.0603059748078377E+19
   6.8000000000000000E+09   1.1589862793170895E-18   1.0921931003589757E+19
   6.9000000000000000E+09   1.1256359074904898E-18   1.1245526277701306E+19
   7.0000000000000000E+09   1.0937046031759636E-18   1.1573845570413023E+19
   7.1000000000000000E+09   1.0631129846384093E-18   1.1906888881724908E+19
   7.2000000000000000E+09   1.0337871442056754E-18   1.2244656211636961E+19
   7.3000000000000000E+09   1.0056582014566002E-18   1.2587147560149180E+19
   7.4000000000000000E+09   9.7866189838608869E-19   1.2934362927261573E+19
   7.5000000000000000E+09   9.5273823209995061E-19   1.3286302312974131E+19
   7.6000000000000000E+09   9.2783112111534307E-19   1.3642965717286861E+19
   7.7000000000000000E+09   9.0388810179831722E-19   1.4004353140199754E+19
   7.8000000000000000E+09   8.8086005186755805E-19   1.4370464581712818E+19
   7.9000000000000000E+09   8.5870093824102257E-19   1.4741300041826056E+19
   8.0000000000000000E+09   8.3736758680659716E-19   1.5116859520539455E+19
   8.1000000000000000E+09   8.1681947196497829E-19   1.5497143017853026E+19
   8.2000000000000000E+09   7.9701852402769523E-19   1.5882150533766765E+19
   8.3000000000000000E+09   7.7792895275979425E-19   1.6271882068280674E+19
   8.4000000000000000E+09   7.5951708553886371E-19   1.6666337621394749E+19
   8.5000000000000000E+09   7.4175121876293729E-19   1.7065517193108996E+19
   8.6000000000000000E+09   7.2460148128207447E-19   1.7469420783423408E+19
   8.7000000000000000E+09   7.0803970875442217E-19   1.7878048392337992E+19
   8.8000000000000000E+09   6.9203932793933654E-19   1.8291400019852741E+19
   8.9000000000000000E+09   6.7657525003941702E-19   1.8709475665967661E+19
   9.0000000000000000E+09   6.6162377229163230E-19   1.9132275330682753E+19
   9.1000000000000000E+09   6.4716248708636915E-19   1.9559799013998002E+19
   9.2000000000000000E+09   6.3317019796340053E-19   1.9992046715913433E+19
   9.3000000000000000E+09   6.1962684189642984E-19   2.0429018436429025E+19
   9.4000000000000000E+09   6.0651341733388665E-19   2.0870714175544783E+19
   9.5000000000000000E+09   5.9381191751381956E-19   2.1317133933260722E+19
   9.6000000000000000E+09   5.8150526861569255E-19   2.1768277709576815E+19
   9.7000000000000000E+09   5.6957727235223968E-19   2.2224145504493081E+19
   9.8000000000000000E+09   5.5801255264079779E-19   2.2684737318009524E+19
   9.9000000000000000E+09   5.4679650602614238E-19   2.3150053150126129E+19
   1.0000000000000000E+10   5.3591525555622223E-19   2.3620093000842899E+19
   1.1000000000000000E+10   4.4290516988117536E-19   2.8580312531019911E+19
   1.2000000000000000E+10   3.7216337191404321E-19   3.4012933921213776E+19
   1.3000000000000000E+10   3.1710961867232087E-19   3.9917957171424502E+19
   1.4000000000000000E+10   2.7342615079399090E-19   4.6295382281652093E+19
   1.5000000000000000E+10   2.3818455802498765E-19   5.3145209251896525E+19
   1.6000000000000000E+10   2.0934189670164929E-19   6.0467438082157822E+19
   1.7000000000000000E+10   1.8543780469073432E-19   6.8262068772435984E+19
   1.8000000000000000E+10   1.6540594307290807E-19   7.6529101322731012E+19
   1.9000000000000000E+10   1.4845297937845489E-19   8.5268535733042889E+19
   2.0000000000000000E+10   1.3397881388905556E-19   9.4480372003371598E+19
   2.1000000000000000E+10   1.2152273368621818E-19   1.0416461013371719E+20
   2.2000000000000000E+10   1.1072629247029384E-19   1.1432125012407964E+20
   2.3000000000000000E+10   1.0130723167414410E-19   1.2495029197445892E+20
   2.4000000000000000E+10   9.3040842978510802E-20   1.3605173568485510E+20
   2.5000000000000000E+10   8.5746440888995536E-20   1.4762558125526814E+20
   2.6000000000000000E+10   7.9277404668080217E-20   1.5967182868569801E+20
   2.7000000000000000E+10   7.3513752476848044E-20   1.7219047797614474E+20
   2.8000000000000000E+10   6.8356537698497724E-20   1.8518152912660837E+20
   2.9000000000000000E+10   6.3723573787898010E-20   1.9864498213708877E+20
   3.0000000000000000E+10   5.9546139506246913E-20   2.1258083700758610E+20
   3.1000000000000000E+10   5.5766415770678696E-20   2.2698909373810023E+20
   3.2000000000000000E+10   5.2335474175412322E-20   2.4186975232863129E+20
   3.3000000000000000E+10   4.9211685542352820E-20   2.5722281277917921E+20
   3.4000000000000000E+10   4.6359451172683581E-20   2.7304827508974394E+20
   3.5000000000000000E+10   4.3748184127038555E-20   2.8934613926032546E+20
   3.6000000000000000E+10   4.1351485768227018E-20   3.0611640529092405E+20
   3.7000000000000000E+10   3.9146475935443552E-20   3.2335907318153930E+20
   3.8000000000000000E+10   3.7113244844613723E-20   3.4107414293217155E+20
   3.9000000000000000E+10   3.5234402074702315E-20   3.5926161454282054E+20
   4.0000000000000000E+10   3.3494703472263889E-20   3.7792148801348639E+20
   4.1000000000000000E+10   3.1880740961107805E-20   3.9705376334416917E+20
   4.2000000000000000E+10   3.0380683421554545E-20   4.1665844053486875E+20
   4.3000000000000000E+10   2.8984059251282970E-20   4.3673551958558527E+20
   4.4000000000000000E+10   2.7681573117573460E-20   4.5728500049631858E+20
   4.5000000000000000E+10   2.6464950891665296E-20   4.7830688326706876E+20
   4.6000000000000000E+10   2.5326807918536024E-20   4.9980116789783567E+20
   4.7000000000000000E+10   2.4260536693355469E-20   5.2176785438861958E+20
   4.8000000000000000E+10   2.3260210744627701E-20   5.4420694273942041E+20
   4.9000000000000000E+10   2.2320502105631917E-20   5.6711843295023786E+20
   5.0000000000000000E+10   2.1436610222248884E-20   5.9050232502107256E+20
   5.1000000000000000E+10   2.0604200521192709E-20   6.1435861895192366E+20
   5.2000000000000000E+10   1.9819351167020054E-20   6.3868731474279203E+20
   5.3000000000000000E+10   1.9078506783774377E-20   6.6348841239367713E+20
   5.4000000000000000E+10   1.8378438119212011E-20   6.8876191190457896E+20
   5.5000000000000000E+10   1.7716206795247017E-20   7.1450781327549766E+20
   5.6000000000000000E+10   1.7089134424624431E-20   7.4072611650643349E+20
   5.7000000000000000E+10   1.6494775486494996E-20   7.6741682159738565E+20
   5.8000000000000000E+10   1.5930893446974503E-20   7.9457992854835508E+20
   5.9000000000000000E+10   1.5395439688486711E-20   8.2221543735934111E+20
   6.0000000000000000E+10   1.4886534876561728E-20   8.5032334803034440E+20
   6.1000000000000000E+10   1.4402452447090089E-20   8.7890366056136442E+20
   6.2000000000000000E+10   1.3941603942669674E-20   9.0795637495240091E+20
   6.3000000000000000E+10   1.3502525965135357E-20   9.3748149120345453E+20
   6.4000000000000000E+10   1.3083868543853081E-20   9.6747900931452515E+20
   6.5000000000000000E+10   1.2684384746892835E-20   9.9794892928561237E+20
   6.6000000000000000E+10   1.2302921385588205E-20   1.0288912511167169E+21
   6.7000000000000000E+10   1.1938410682918737E-20   1.0603059748078381E+21
   6.8000000000000000E+10   1.1589862793170895E-20   1.0921931003589758E+21
   6.9000000000000000E+10   1.1256359074904899E-20   1.1245526277701303E+21
   7.0000000000000000E+10   1.0937046031759639E-20   1.1573845570413018E+21
   7.1000000000000000E+10   1.0631129846384094E-20   1.1906888881724905E+21
   7.2000000000000000E+10   1.0337871442056755E-20   1.2244656211636962E+21
   7.3000000000000000E+10   1.0056582014566005E-20   1.2587147560149178E+21
   7.4000000000000000E+10   9.7866189838608879E-21   1.2934362927261572E+21
   7.5000000000000000E+10   9.5273823209995065E-21   1.3286302312974131E+21
   7.6000000000000000E+10   9.2783112111534306E-21   1.3642965717286862E+21
   7.7000000000000000E+10   9.0388810179831736E-21   1.4004353140199750E+21
   7.8000000000000000E+10   8.8086005186755788E-21   1.4370464581712822E+21
   7.9000000000000000E+10   8.5870093824102253E-21   1.4741300041826055E+21
   8.0000000000000000E+10   8.3736758680659723E-21   1.5116859520539456E+21
   8.1000000000000000E+10   8.1681947196497831E-21   1.5497143017853026E+21
   8.2000000000000000E+10   7.9701852402769512E-21   1.5882150533766767E+21
   8.3000000000000000E+10   7.7792895275979409E-21   1.6271882068280675E+21
   8.4000000000000000E+10   7.5951708553886362E-21   1.6666337621394750E+21
   8.5000000000000000E+10   7.4175121876293743E-21   1.7065517193108993E+21
   8.6000000000000000E+10   7.2460148128207426E-21   1.7469420783423411E+21
   8.7000000000000000E+10   7.0803970875442237E-21   1.7878048392337988E+21
   8.8000000000000000E+10   6.9203932793933651E-21   1.8291400019852743E+21
   8.9000000000000000E+10   6.7657525003941701E-21   1.8709475665967663E+21
   9.0000000000000000E+10   6.6162377229163241E-21   1.9132275330682750E+21
   9.1000000000000000E+10   6.4716248708636910E-21   1.9559799013998005E+21
   9.2000000000000000E+10   6.3317019796340060E-21   1.9992046715913427E+21
   9.3000000000000000E+10   6.1962684189642986E-21   2.0429018436429026E+21
   9.4000000000000000E+10   6.0651341733388672E-21   2.0870714175544783E+21
   9.5000000000000000E+10   5.9381191751381959E-21   2.1317133933260720E+21
   9.6000000000000000E+10   5.8150526861569251E-21   2.1768277709576817E+21
   9.7000000000000000E+10   5.6957727235223966E-21   2.2224145504493083E+21
   9.8000000000000000E+10   5.5801255264079793E-21   2.2684737318009514E+21
   9.9000000000000000E+10   5.4679650602614252E-21   2.3150053150126121E+21
   1.0000000000000000E+11   5.3591525555622210E-21   2.3620093000842902E+21
   1.1000000000000000E+11   4.4290516988117543E-21   2.8580312531019906E+21
