   1.0000000000000000E+00   5.0469970477874409E-06   2.5080989857835919E+06
   2.0000000000000000E+00   5.0469925356371990E-06   2.5081012280931184E+06
   3.0000000000000000E+00   5.0469850172813474E-06   2.5081049643430728E+06
   4.0000000000000000E+00   5.0469744942845126E-06   2.5081101937692636E+06
   5.0000000000000000E+00   5.0469609682240936E-06   2.5081169156064708E+06
   6.0000000000000000E+00   5.0469444406902677E-06   2.5081251290884395E+06
   7.0000000000000000E+00   5.0469249132859388E-06   2.5081348334478945E+06
   8.0000000000000000E+00   5.0469023876267521E-06   2.5081460279165246E+06
   8.3190000000000008E+00   5.0468944884496384E-06   2.5081499535602876E+06
   8.3209999999999997E+00   5.0468944382084254E-06   2.5081499785286253E+06
   9.0000000000000000E+00   5.0468768653410664E-06   2.5081587117249812E+06
   1.0000000000000000E+01   5.0468483480699227E-06   2.5081728841028926E+06
   1.0359000000000002E+01   5.0468371237287488E-06   2.5081784623827068E+06
   1.0361000000000001E+01   5.0468370609216302E-06   2.5081784935966455E+06
   1.1000000000000000E+01   5.0468168374670511E-06   2.5081885442788475E+06
   1.2000000000000000E+01   5.0467823351988517E-06   2.5082056914803912E+06
   1.3000000000000000E+01   5.0467448429443462E-06   2.5082243249340453E+06
   1.4000000000000000E+01   5.0467043623952051E-06   2.5082444438652829E+06
   1.5000000000000000E+01   5.0466608952557019E-06   2.5082660474985391E+06
   1.6000000000000000E+01   5.0466144432426903E-06   2.5082891350572156E+06
   1.7000000000000000E+01   5.0465650080856192E-06   2.5083137057636613E+06
   1.8000000000000000E+01   5.0465125915264762E-06   2.5083397588391905E+06
   1.9000000000000000E+01   5.0464571953197970E-06   2.5083672935040696E+06
   2.0000000000000000E+01   5.0463988212326447E-06   2.5083963089775178E+06
   2.0198999999999998E+01   5.0463866736706476E-06   2.5084023471816760E+06
   2.0201000000000001E+01   5.0463865514304517E-06   2.5084024079438071E+06
   2.1000000000000000E+01   5.0463374710445518E-06   2.5084268044777191E+06
   2.2000000000000000E+01   5.0462731465475806E-06   2.5084587792217932E+06
   2.3000000000000000E+01   5.0462058495462223E-06   2.5084922324258252E+06
   2.4000000000000000E+01   5.0461355818574320E-06   2.5085271633048430E+06
   2.5000000000000000E+01   5.0460623453105883E-06   2.5085635710728285E+06
   2.6000000000000000E+01   5.0459861417474787E-06   2.5086014549427065E+06
   2.7000000000000000E+01   5.0459069730222711E-06   2.5086408141263584E+06
   2.8000000000000000E+01   5.0458248410015245E-06   2.5086816478346004E+06
   2.9000000000000000E+01   5.0457397475641249E-06   2.5087239552772017E+06
   3.0000000000000000E+01   5.0456516946013097E-06   2.5087677356628720E+06
   3.1000000000000000E+01   5.0455606840166100E-06   2.5088129881992685E+06
   3.2000000000000000E+01   5.0454667177258713E-06   2.5088597120929835E+06
   3.3000000000000000E+01   5.0453697976571828E-06   2.5089079065495599E+06
   3.4000000000000000E+01   5.0452699257509157E-06   2.5089575707734688E+06
   3.5000000000000000E+01   5.0451671039596470E-06   2.5090087039681342E+06
   3.6000000000000000E+01   5.0450613342481814E-06   2.5090613053359082E+06
   3.7000000000000000E+01   5.0449526185935124E-06   2.5091153740780815E+06
   3.8000000000000000E+01   5.0448409589847979E-06   2.5091709093948873E+06
   3.9000000000000000E+01   5.0447263574233487E-06   2.5092279104854884E+06
   4.0000000000000000E+01   5.0446088159226106E-06   2.5092863765479838E+06
   4.1000000000000000E+01   5.0444883365081264E-06   2.5093463067794065E+06
   4.1999000000000002E+01   5.0443650457137537E-06   2.5094076384433429E+06
   4.2000999999999998E+01   5.0443647959486242E-06   2.5094077626934038E+06
   4.3000000000000000E+01   5.0442385721005467E-06   2.5094705565318256E+06
   4.4000000000000000E+01   5.0441092912188984E-06   2.5095348744415469E+06
   4.4999000000000002E+01   5.0439772139345905E-06   2.5096005869813953E+06
   4.5000999999999998E+01   5.0439769465851129E-06   2.5096007199995536E+06
   4.6000000000000000E+01   5.0438419424687004E-06   2.5096678922918113E+06
   4.7000000000000000E+01   5.0437038787836812E-06   2.5097365906146537E+06
   4.8000000000000000E+01   5.0435628917009982E-06   2.5098067474557222E+06
   4.9000000000000000E+01   5.0434189833423095E-06   2.5098783620034810E+06
   5.0000000000000000E+01   5.0432721558411651E-06   2.5099514334453312E+06
   5.1000000000000000E+01   5.0431224113430205E-06   2.5100259609675906E+06
   5.2000000000000000E+01   5.0429697520051908E-06   2.5101019437555075E+06
   5.3000000000000000E+01   5.0428141799968452E-06   2.5101793809932494E+06
   5.4000000000000000E+01   5.0426556974989741E-06   2.5102582718639071E+06
   5.5000000000000000E+01   5.0424943067043696E-06   2.5103386155494954E+06
   5.6000000000000000E+01   5.0423300098176027E-06   2.5104204112309483E+06
   5.7000000000000000E+01   5.0421628090549816E-06   2.5105036580881313E+06
   5.8000000000000000E+01   5.0419927066446012E-06   2.5105883552998006E+06
   5.9000000000000000E+01   5.0418197048262129E-06   2.5106745020436589E+06
   6.0000000000000000E+01   5.0416438058512712E-06   2.5107620974963182E+06
   6.1000000000000000E+01   5.0414650119828879E-06   2.5108511408333117E+06
   6.2000000000000000E+01   5.0412833254958301E-06   2.5109416312290798E+06
   6.3000000000000000E+01   5.0410987486764566E-06   2.5110335678569917E+06
   6.4000000000000000E+01   5.0409112838227306E-06   2.5111269498893260E+06
   6.5000000000000000E+01   5.0407209332441923E-06   2.5112217764972704E+06
   6.6000000000000000E+01   5.0405276992619137E-06   2.5113180468509332E+06
   6.7000000000000000E+01   5.0403315842084743E-06   2.5114157601193436E+06
   6.7998999999999995E+01   5.0401327904733948E-06   2.5115148157883114E+06
   6.8001000000000005E+01   5.0401323896086820E-06   2.5115150155405733E+06
   6.9000000000000000E+01   5.0399307202759602E-06   2.5116155120710377E+06
   7.0000000000000000E+01   5.0397259761194448E-06   2.5117175490869284E+06
   7.1000000000000000E+01   5.0395183603368391E-06   2.5118210256827758E+06
   7.2000000000000000E+01   5.0393078753179161E-06   2.5119259410221842E+06
   7.3000000000000000E+01   5.0390945234639829E-06   2.5120322942675869E+06
   7.4000000000000000E+01   5.0388783071875063E-06   2.5121400845804182E+06
   7.5000000000000000E+01   5.0386592289123591E-06   2.5122493111209827E+06
   7.6000000000000000E+01   5.0384372910736628E-06   2.5123599730485147E+06
   7.7000000000000000E+01   5.0382124961178476E-06   2.5124720695211361E+06
   7.8000000000000000E+01   5.0379848465026583E-06   2.5125855996958450E+06
   7.9000000000000000E+01   5.0377543446969360E-06   2.5127005627286034E+06
   8.0000000000000000E+01   5.0375209931807660E-06   2.5128169577742596E+06
   8.1000000000000000E+01   5.0372847944453205E-06   2.5129347839866043E+06
   8.2000000000000000E+01   5.0370457509931457E-06   2.5130540405182210E+06
   8.3000000000000000E+01   5.0368038653376719E-06   2.5131747265207102E+06
   8.4000000000000000E+01   5.0365591400034980E-06   2.5132968411445413E+06
   8.5000000000000000E+01   5.0363115775262941E-06   2.5134203835390825E+06
   8.6000000000000000E+01   5.0360611804527469E-06   2.5135453528526155E+06
   8.7000000000000000E+01   5.0358079513405766E-06   2.5136717482323148E+06
   8.8000000000000000E+01   5.0355518927584639E-06   2.5137995688242698E+06
   8.9000000000000000E+01   5.0352930072860689E-06   2.5139288137734588E+06
   9.0000000000000000E+01   5.0350312975139665E-06   2.5140594822237738E+06
   9.1000000000000000E+01   5.0347667660436379E-06   2.5141915733180051E+06
   9.2000000000000000E+01   5.0344994154874462E-06   2.5143250861978424E+06
   9.3000000000000000E+01   5.0342292484685975E-06   2.5144600200038785E+06
   9.4000000000000000E+01   5.0339562676210897E-06   2.5145963738756240E+06
   9.5000000000000000E+01   5.0336804755898045E-06   2.5147341469514426E+06
   9.6000000000000000E+01   5.0334018750303027E-06   2.5148733383686463E+06
   9.7000000000000000E+01   5.0331204686089102E-06   2.5150139472634303E+06
   9.8000000000000000E+01   5.0328362590026773E-06   2.5151559727708846E+06
   9.9000000000000000E+01   5.0325492488993114E-06   2.5152994140250133E+06
   1.0000000000000000E+02   5.0322594409971978E-06   2.5154442701587072E+06
   1.1000000000000000E+02   5.0292080842503484E-06   2.5169704583212347E+06
   1.2000000000000000E+02   5.0258799938682386E-06   2.5186371724458486E+06
   1.3000000000000000E+02   5.0222780395484265E-06   2.5204435272457800E+06
   1.4000000000000000E+02   5.0184051911197137E-06   2.5223886264122305E+06
   1.5000000000000000E+02   5.0142645154763626E-06   2.5244715626267465E+06
   1.6000000000000000E+02   5.0098591734191086E-06   2.5266914175891746E+06
   1.6799900000000000E+02   5.0061322055767456E-06   2.5285727313098717E+06
   1.6800100000000000E+02   5.0061312677460381E-06   2.5285732048227945E+06
   1.6999900000000000E+02   5.0051928868221715E-06   2.5290470245193099E+06
   1.7000100000000000E+02   5.0051919276459058E-06   2.5290475091934297E+06
   1.8000000000000000E+02   5.0002675832962591E-06   2.5315381558968201E+06
   1.9000000000000000E+02   4.9950880968388064E-06   2.5341631481573745E+06
   2.0000000000000000E+02   4.9896574603358360E-06   2.5369212771484465E+06
   2.1000000000000000E+02   4.9839792540698891E-06   2.5398115705380817E+06
   2.2000000000000000E+02   4.9780571317252223E-06   2.5428330454740096E+06
   2.3000000000000000E+02   4.9718948167939685E-06   2.5459847086972296E+06
   2.3199900000000000E+02   4.9706311916086386E-06   2.5466320558551406E+06
   2.3200100000000000E+02   4.9706299259426642E-06   2.5466327043011775E+06
   2.3399900000000000E+02   4.9693599198521069E-06   2.5472836034370316E+06
   2.3400100000000000E+02   4.9693586419693424E-06   2.5472842585936347E+06
   2.3699900000000000E+02   4.9674357034547522E-06   2.5482703786174641E+06
   2.3700100000000000E+02   4.9674344157182484E-06   2.5482710391620249E+06
   2.4000000000000000E+02   4.9654960989241165E-06   2.5492655566784502E+06
   2.5000000000000000E+02   4.9588648301822618E-06   2.5526745757946386E+06
   2.6000000000000000E+02   4.9520049213694247E-06   2.5562107424780023E+06
   2.7000000000000000E+02   4.9449203382575367E-06   2.5598730234082886E+06
   2.8000000000000000E+02   4.9376150978304540E-06   2.5636603757085963E+06
   2.9000000000000000E+02   4.9300932645035998E-06   2.5675717471610554E+06
   3.0000000000000000E+02   4.9223589463463285E-06   2.5716060764329801E+06
   3.1000000000000000E+02   4.9144162913424612E-06   2.5757622932978272E+06
   3.2000000000000000E+02   4.9062694835851442E-06   2.5800393189080688E+06
   3.3000000000000000E+02   4.8979227395659744E-06   2.5844360660393289E+06
   3.4000000000000000E+02   4.8893803043425755E-06   2.5889514394218302E+06
   3.5000000000000000E+02   4.8806464480161955E-06   2.5935843359343559E+06
   3.6000000000000000E+02   4.8717254618796473E-06   2.5983336450006994E+06
   3.7000000000000000E+02   4.8626216549396431E-06   2.6031982488190481E+06
   3.8000000000000000E+02   4.8533393501849916E-06   2.6081770227597966E+06
   3.9000000000000000E+02   4.8438828811363202E-06   2.6132688356492529E+06
   3.9899900000000002E+02   4.8352253179600298E-06   2.6179482894362672E+06
   3.9900099999999998E+02   4.8352233835665385E-06   2.6179493361655036E+06
   4.0000000000000000E+02   4.8342565882924687E-06   2.6184725501464503E+06
   4.1000000000000000E+02   4.8244648157782802E-06   2.6237870230516782E+06
   4.1599900000000002E+02   4.8185070556447475E-06   2.6270321649256954E+06
   4.1600099999999998E+02   4.8185050628740284E-06   2.6270332512096441E+06
   4.2000000000000000E+02   4.8145119079115662E-06   2.6292111057005143E+06
   4.3000000000000000E+02   4.8044022058897068E-06   2.6347436443373938E+06
   4.4000000000000000E+02   4.7941400445351990E-06   2.6403834805029589E+06
   4.5000000000000000E+02   4.7837297492714349E-06   2.6461294513420910E+06
   4.6000000000000000E+02   4.7731756328716418E-06   2.6519803900852744E+06
   4.7000000000000000E+02   4.7624819925449984E-06   2.6579351263948865E+06
   4.8000000000000000E+02   4.7516531067959455E-06   2.6639924868892706E+06
   4.9000000000000000E+02   4.7406932330830547E-06   2.6701512952729566E+06
   5.0000000000000000E+02   4.7296066046219528E-06   2.6764103729976648E+06
   5.1000000000000000E+02   4.7183974278411830E-06   2.6827685396141089E+06
   5.1099899999999997E+02   4.7172693716247424E-06   2.6834106182557005E+06
   5.1100099999999992E+02   4.7172671124516378E-06   2.6834119043426574E+06
   5.2000000000000000E+02   4.7070698796076723E-06   2.6892246133094411E+06
   5.3000000000000000E+02   4.6956281055375010E-06   2.6957774108815365E+06
   5.4000000000000000E+02   4.6840762166638586E-06   2.7024257487048609E+06
   5.5000000000000000E+02   4.6724182876024491E-06   2.7091684429015084E+06
   5.6000000000000000E+02   4.6606583543048722E-06   2.7160043098023715E+06
   5.7000000000000000E+02   4.6488004121621785E-06   2.7229321662620045E+06
   5.8000000000000000E+02   4.6368484138796924E-06   2.7299508301624828E+06
   5.9000000000000000E+02   4.6248062671772850E-06   2.7370591210806328E+06
   6.0000000000000000E+02   4.6126778339042173E-06   2.7442558601787910E+06
   6.1000000000000000E+02   4.6004669276035239E-06   2.7515398710631439E+06
   6.2000000000000000E+02   4.5881773120291907E-06   2.7589099801398269E+06
   6.3000000000000000E+02   4.5758127000458526E-06   2.7663650167939817E+06
   6.4000000000000000E+02   4.5633767518462412E-06   2.7739038140313891E+06
   6.5000000000000000E+02   4.5508730739211593E-06   2.7815252087225663E+06
   6.6000000000000000E+02   4.5383052177867784E-06   2.7892280420446550E+06
   6.7000000000000000E+02   4.5256766783225900E-06   2.7970111602184079E+06
   6.8000000000000000E+02   4.5129908939131105E-06   2.8048734141877871E+06
   6.9000000000000000E+02   4.5002512448059142E-06   2.8128136604413930E+06
   7.0000000000000000E+02   4.4874610518484433E-06   2.8208307616607198E+06
   7.1000000000000000E+02   4.4746235768324956E-06   2.8289235864101639E+06
   7.2000000000000000E+02   4.4617420209050187E-06   2.8370910100805969E+06
   7.3000000000000000E+02   4.4488195247481687E-06   2.8453319147678851E+06
   7.4000000000000000E+02   4.4358591674350742E-06   2.8536451900315508E+06
   7.5000000000000000E+02   4.4228639662578008E-06   2.8620297330823736E+06
   7.6000000000000000E+02   4.4098368767239083E-06   2.8704844488969916E+06
   7.7000000000000000E+02   4.3967807913548614E-06   2.8790082511499966E+06
   7.8000000000000000E+02   4.3836985408641941E-06   2.8876000616395059E+06
   7.9000000000000000E+02   4.3705928934367485E-06   2.8962588109767293E+06
   8.0000000000000000E+02   4.3574665540372574E-06   2.9049834393061022E+06
   8.1000000000000000E+02   4.3443221652455115E-06   2.9137728960515740E+06
   8.2000000000000000E+02   4.3311623072844361E-06   2.9226261402207850E+06
   8.3000000000000000E+02   4.3179894976964816E-06   2.9315421409805007E+06
   8.4000000000000000E+02   4.3048061920097047E-06   2.9405198775972966E+06
   8.5000000000000000E+02   4.2916147837682297E-06   2.9495583398316680E+06
   8.6000000000000000E+02   4.2784176052023390E-06   2.9586565279220352E+06
   8.7000000000000000E+02   4.2652169264486666E-06   2.9678134535933570E+06
   8.8000000000000000E+02   4.2520149578769096E-06   2.9770281389435567E+06
   8.9000000000000000E+02   4.2388138490008586E-06   2.9862996177084292E+06
   9.0000000000000000E+02   4.2256156898674323E-06   2.9956269348303135E+06
   9.1000000000000000E+02   4.2124225098889339E-06   3.0050091478459542E+06
   9.2000000000000000E+02   4.1992362816759655E-06   3.0144453247475638E+06
   9.3000000000000000E+02   4.1860589185187593E-06   3.0239345463602873E+06
   9.4000000000000000E+02   4.1728922768086368E-06   3.0334759052273892E+06
   9.5000000000000000E+02   4.1597381559366031E-06   3.0430685063056126E+06
   9.6000000000000000E+02   4.1465982988362712E-06   3.0527114672190426E+06
   9.7000000000000000E+02   4.1334743936624120E-06   3.0624039176864666E+06
   9.8000000000000000E+02   4.1203680743893611E-06   3.0721449997363235E+06
   9.9000000000000000E+02   4.1072809209084673E-06   3.0819338683093106E+06
   1.0000000000000000E+03   4.0942144594296174E-06   3.0917696916570291E+06
   1.1000000000000000E+03   3.9649877148115569E-06   3.1925365441920599E+06
   1.2000000000000000E+03   3.8391504844076676E-06   3.2971794745267686E+06
   1.3000000000000000E+03   3.7174960566919392E-06   3.4050791134053469E+06
   1.4000000000000000E+03   3.6004859033680103E-06   3.5157388520719982E+06
   1.5000000000000000E+03   3.4883320994085259E-06   3.6287738139825575E+06
   1.6000000000000000E+03   3.3810675951442023E-06   3.7438968079159572E+06
   1.7000000000000000E+03   3.2786029191203493E-06   3.8609031008258569E+06
   1.8000000000000000E+03   3.1807699589495508E-06   3.9796553476595609E+06
   1.9000000000000000E+03   3.0873544399590542E-06   4.1000696301576379E+06
   2.0000000000000000E+03   2.9981191739299847E-06   4.2221030727793444E+06
   2.1000000000000000E+03   2.9128200033413514E-06   4.3457433560219323E+06
   2.2000000000000000E+03   2.8312162929016008E-06   4.4710000463565439E+06
   2.3000000000000000E+03   2.7530774001719707E-06   4.5978976748048402E+06
   2.4000000000000000E+03   2.6781863137313467E-06   4.7264703399863020E+06
   2.4759989999999998E+03   2.6235022109798398E-06   4.8254812165690614E+06
   2.4760010000000002E+03   2.6235007788443322E-06   4.8254838226583600E+06
   2.5000000000000000E+03   2.6063413329872702E-06   4.8567576382253859E+06
   2.5269989999999998E+03   2.5875240674581876E-06   4.8922451483482495E+06
   2.5270010000000002E+03   2.5875226788574058E-06   4.8922477815980446E+06
   2.6000000000000000E+03   2.5373564902213221E-06   4.9888016231035497E+06
   2.6319989999999998E+03   2.5159403968787462E-06   5.0314472682605442E+06
   2.6320010000000002E+03   2.5159390643414951E-06   5.0314499390551569E+06
   2.7000000000000000E+03   2.4710611341327349E-06   5.1226446816546079E+06
   2.8000000000000000E+03   2.4072990680406523E-06   5.2583280344603593E+06
   2.8719989999999998E+03   2.3629416685835949E-06   5.3571985193834230E+06
   2.8720010000000002E+03   2.3629404486394981E-06   5.3572012781920973E+06
   2.9000000000000000E+03   2.3459274354514456E-06   5.3958907618012102E+06
   3.0000000000000000E+03   2.2868155049618590E-06   5.5353692282314589E+06
   3.1000000000000000E+03   2.2298434679801933E-06   5.6767967611083006E+06
   3.2000000000000000E+03   2.1749012896916994E-06   5.8202035360431615E+06
   3.3000000000000000E+03   2.1218876535178276E-06   5.9656165847529434E+06
   3.4000000000000000E+03   2.0707089994856396E-06   6.1130599132725922E+06
   3.5000000000000000E+03   2.0212786758800806E-06   6.2625546530821174E+06
   3.6000000000000000E+03   1.9735161871641154E-06   6.4141192553369245E+06
   3.7000000000000000E+03   1.9273465429473291E-06   6.5677696743892673E+06
   3.8000000000000000E+03   1.8826996822005712E-06   6.7235195801450796E+06
   3.9000000000000000E+03   1.8395099738862338E-06   6.8813805614034301E+06
   4.0000000000000000E+03   1.7977157911865573E-06   7.0413622881142301E+06
   4.1000000000000000E+03   1.7572591333828866E-06   7.2034726901318915E+06
   4.2000000000000000E+03   1.7180852983210813E-06   7.3677181157293301E+06
   4.3000000000000000E+03   1.6801425953058188E-06   7.5341034815585930E+06
   4.4000000000000000E+03   1.6433820987158361E-06   7.7026323864059988E+06
   4.5000000000000000E+03   1.6077574285064730E-06   7.8733072243164545E+06
   4.6000000000000000E+03   1.5732245517275569E-06   8.0461293099629758E+06
   4.7000000000000000E+03   1.5397416067244370E-06   8.2210989957835758E+06
   4.8000000000000000E+03   1.5072687673850686E-06   8.3982156671163682E+06
   4.9000000000000000E+03   1.4757680871872700E-06   8.5774779158794452E+06
   5.0000000000000000E+03   1.4452033798231820E-06   8.7588835962708499E+06
   5.1000000000000000E+03   1.4155401188132345E-06   8.9424298248932902E+06
   5.2000000000000000E+03   1.3867453188558449E-06   9.1281131471584383E+06
   5.3000000000000000E+03   1.3587874592855242E-06   9.3159295004565790E+06
   5.4000000000000000E+03   1.3316363915046877E-06   9.5058743194191977E+06
   5.5000000000000000E+03   1.3052632652188708E-06   9.6979425638596080E+06
   5.6000000000000000E+03   1.2796404526043631E-06   9.8921288015284017E+06
   5.7000000000000000E+03   1.2547414924488887E-06   1.0088427180409111E+07
   5.8000000000000000E+03   1.2305410184991665E-06   1.0286831553366082E+07
   5.9000000000000000E+03   1.2070147128425257E-06   1.0487335441833964E+07
   6.0000000000000000E+03   1.1841392460585739E-06   1.0689932133355124E+07
   6.1000000000000000E+03   1.1618922310680224E-06   1.0894614696900735E+07
   6.2000000000000000E+03   1.1402521818170759E-06   1.1101375975125443E+07
   6.3000000000000000E+03   1.1191984624509484E-06   1.1310208690858740E+07
   6.4000000000000000E+03   1.0987112551245776E-06   1.1521105402140608E+07
   6.5000000000000000E+03   1.0787715158473511E-06   1.1734058594294263E+07
   6.6000000000000000E+03   1.0593609445459023E-06   1.1949060650177641E+07
   6.7000000000000000E+03   1.0404619485019342E-06   1.2166103907052137E+07
   6.8000000000000000E+03   1.0220576116659496E-06   1.2385180671151573E+07
   6.9000000000000000E+03   1.0041316643639018E-06   1.2606283245561523E+07
   7.0000000000000000E+03   9.8666845658244160E-07   1.2829403932354033E+07
   7.1000000000000000E+03   9.6965292862946993E-07   1.3054535084733972E+07
   7.2000000000000000E+03   9.5307059065596568E-07   1.3281669060941372E+07
   7.3000000000000000E+03   9.3690749368663365E-07   1.3510798304109083E+07
   7.4000000000000000E+03   9.2115020824923847E-07   1.3741915339591878E+07
   7.5000000000000000E+03   9.0578580508699191E-07   1.3975012752151428E+07
   7.6000000000000000E+03   8.9080183059813558E-07   1.4210083255339634E+07
   7.7000000000000000E+03   8.7618629125722094E-07   1.4447119640099868E+07
   7.8000000000000000E+03   8.6192763160748602E-07   1.4686114834491076E+07
   7.9000000000000000E+03   8.4801471817973192E-07   1.4927061883996205E+07
   8.0000000000000000E+03   8.3443682109380345E-07   1.5169953981915027E+07
   8.1000000000000000E+03   8.2118359954092157E-07   1.5414784445141200E+07
   8.2000000000000000E+03   8.0824508605873212E-07   1.5661546720357822E+07
   8.3000000000000000E+03   7.9561166988170998E-07   1.5910234422140243E+07
   8.4000000000000000E+03   7.8327408317222847E-07   1.6160841330971377E+07
   8.5000000000000000E+03   7.7122338919365095E-07   1.6413361360893577E+07
   8.6000000000000000E+03   7.5945096781298731E-07   1.6667788591093805E+07
   8.7000000000000000E+03   7.4794850474788631E-07   1.6924117230604347E+07
   8.8000000000000000E+03   7.3670797658265787E-07   1.7182341686493475E+07
   8.9000000000000000E+03   7.2572164192326076E-07   1.7442456508892395E+07
   9.0000000000000000E+03   7.1498202958926384E-07   1.7704456410016790E+07
   9.1000000000000000E+03   7.0448192810428699E-07   1.7968336265021399E+07
   9.2000000000000000E+03   6.9421437634383197E-07   1.8234091093698408E+07
   9.3000000000000000E+03   6.8417265287281414E-07   1.8501716085342593E+07
   9.4000000000000000E+03   6.7434927147498384E-07   1.8771234302843086E+07
   9.5000000000000000E+03   6.6474596522245843E-07   1.9042414454629015E+07
   9.6000000000000000E+03   6.5536224435232267E-07   1.9315070841956105E+07
   9.7000000000000000E+03   6.4619166315446703E-07   1.9589185219467271E+07
   9.8000000000000000E+03   6.3722684159964096E-07   1.9864775540578220E+07
   9.9000000000000000E+03   6.2846076968607815E-07   2.0141858947108869E+07
   1.0000000000000000E+04   6.1988693042757218E-07   2.0420446948409200E+07
   1.1000000000000000E+04   5.4347199227264901E-07   2.3291666096489497E+07
   1.2000000000000000E+04   4.8088353021864959E-07   2.6323147667488039E+07
   1.3000000000000000E+04   4.2882299238697341E-07   2.9518865362950135E+07
   1.4000000000000000E+04   3.8497969349175064E-07   3.2880612642182656E+07
   1.5000000000000000E+04   3.4766885362930261E-07   3.6409267165201060E+07
   1.6000000000000000E+04   3.1562791840803525E-07   4.0105350124459088E+07
   1.7000000000000000E+04   2.8789130482821668E-07   4.3969261886397183E+07
   1.8000000000000000E+04   2.6370846235168549E-07   4.8001372667089753E+07
   1.9000000000000000E+04   2.4248789687114611E-07   5.2202061794180594E+07
   2.0000000000000000E+04   2.2375788779285410E-07   5.6571718215927482E+07
   2.0005999000000000E+04   2.2365318919930907E-07   5.6598530469587870E+07
   2.0006001000000000E+04   2.2365315430455641E-07   5.6598539409333855E+07
   2.1000000000000000E+04   2.0713819023027341E-07   6.1110740432444073E+07
   2.2000000000000000E+04   1.9231933674146995E-07   6.5819529077436388E+07
   2.3000000000000000E+04   1.7904724080190647E-07   7.0698482255939215E+07
   2.4000000000000000E+04   1.6711161379959650E-07   7.5747985965766683E+07
   2.5000000000000000E+04   1.5633710044504921E-07   8.0968421064312518E+07
   2.6000000000000000E+04   1.4657650441112558E-07   8.6360145015490294E+07
   2.7000000000000000E+04   1.3770543799996856E-07   9.1923517042307019E+07
   2.8000000000000000E+04   1.2961820574898911E-07   9.7658875183952942E+07
   2.9000000000000000E+04   1.2222448921619867E-07   1.0356654593513997E+08
   3.0000000000000000E+04   1.1544671258285871E-07   1.0964684826103874E+08
   3.1000000000000000E+04   1.0921792763353895E-07   1.1590009489359047E+08
   3.2000000000000000E+04   1.0348010720648232E-07   1.2232658545231484E+08
   3.3000000000000000E+04   9.8182746712877015E-08   1.2892660473052616E+08
   3.4000000000000000E+04   9.3281683737696812E-08   1.3570046840495640E+08
   3.5000000000000000E+04   8.8738209181443577E-08   1.4264845204308569E+08
   3.6000000000000000E+04   8.4518251519482421E-08   1.4977082404373407E+08
   3.7000000000000000E+04   8.0591712113484586E-08   1.5706786522891682E+08
   3.8000000000000000E+04   7.6931929449884289E-08   1.6453985058381373E+08
   3.9000000000000000E+04   7.3515224887609358E-08   1.7218702923320535E+08
   4.0000000000000000E+04   7.0320589744161924E-08   1.8000941435306108E+08
   4.1000000000000000E+04   6.7335840092886709E-08   1.8798856833666617E+08
   4.2000000000000000E+04   6.4545600101685795E-08   1.9611512104413524E+08
   4.3000000000000000E+04   6.1931961066645273E-08   2.0439152836104655E+08
   4.4000000000000000E+04   5.9479227436200364E-08   2.1281998308377993E+08
   4.5000000000000000E+04   5.7173586750777076E-08   2.2140237994840187E+08
   4.6000000000000000E+04   5.5002790407327251E-08   2.3014047256631842E+08
   4.7000000000000000E+04   5.2955978958940777E-08   2.3903567502024806E+08
   4.8000000000000000E+04   5.1023408726051652E-08   2.4808942587062639E+08
   4.9000000000000000E+04   4.9196376055486653E-08   2.5730285829451314E+08
   5.0000000000000000E+04   4.7467006511826613E-08   2.6667719553063813E+08
   5.1000000000000000E+04   4.5828244853359169E-08   2.7621324397896093E+08
   5.2000000000000000E+04   4.4273640396205274E-08   2.8591207010601777E+08
   5.3000000000000000E+04   4.2797368040469812E-08   2.9577445428042495E+08
   5.4000000000000000E+04   4.1394133658725373E-08   3.0580101714824098E+08
   5.5000000000000000E+04   4.0059065281425796E-08   3.1599259962457919E+08
   5.6000000000000000E+04   3.8787725672121343E-08   3.2634984282944572E+08
   5.7000000000000000E+04   3.7576061677273795E-08   3.3687320096305650E+08
   5.8000000000000000E+04   3.6420325459618711E-08   3.4756329102120495E+08
   5.9000000000000000E+04   3.5317090891985528E-08   3.5842046604356670E+08
   6.0000000000000000E+04   3.4263182902496571E-08   3.6944519173337263E+08
   6.1000000000000000E+04   3.3255647591205320E-08   3.8063815001924825E+08
   6.2000000000000000E+04   3.2291761315180763E-08   3.9199993005205321E+08
   6.3000000000000000E+04   3.1369071240905621E-08   4.0353021865377402E+08
   6.4000000000000000E+04   3.0485220225366769E-08   4.1522967796294361E+08
   6.5000000000000000E+04   2.9638065207240118E-08   4.2709833075460738E+08
   6.6000000000000000E+04   2.8825525999792329E-08   4.3913745674232131E+08
   6.7000000000000000E+04   2.8045862906892972E-08   4.5134529177554208E+08
   6.8000000000000000E+04   2.7297164875527379E-08   4.6372464812845886E+08
   6.9000000000000000E+04   2.6577935318820267E-08   4.7627357147809994E+08
   7.0000000000000000E+04   2.5886582457284949E-08   4.8899340798252690E+08
   7.1000000000000000E+04   2.5221691302926424E-08   5.0188419264887828E+08
   7.2000000000000000E+04   2.4581929317688500E-08   5.1494608145748097E+08
   7.3000000000000000E+04   2.3966083348026787E-08   5.2817842586075580E+08
   7.4000000000000000E+04   2.3372919425151930E-08   5.4158267294528091E+08
   7.5000000000000000E+04   2.2801381767801445E-08   5.5515794199296033E+08
   7.6000000000000000E+04   2.2250419170780178E-08   5.6890470600355053E+08
   7.7000000000000000E+04   2.1719065967207654E-08   5.8282286153191805E+08
   7.8000000000000000E+04   2.1206375837798116E-08   5.9691331859950626E+08
   7.9000000000000000E+04   2.0711532959145649E-08   6.1117485614307797E+08
   8.0000000000000000E+04   2.0233680760733450E-08   6.2560877215054011E+08
   8.1000000000000000E+04   1.9772103904333310E-08   6.4021351688497949E+08
   8.2000000000000000E+04   1.9326108962407995E-08   6.5498793375483763E+08
   8.3000000000000000E+04   1.8894785491820339E-08   6.6993976630686486E+08
   8.4000000000000000E+04   1.8477712728373610E-08   6.8506142307163334E+08
   8.5000000000000000E+04   1.8074273011373659E-08   7.0035282574535012E+08
   8.6000000000000000E+04   1.7683779185710823E-08   7.1581804114795268E+08
   8.7000000000000000E+04   1.7305782661164669E-08   7.3145308852252507E+08
   8.8000000000000000E+04   1.6939615315871541E-08   7.4726420528264451E+08
   8.9000000000000000E+04   1.6584977243164427E-08   7.6324302356372929E+08
   9.0000000000000000E+04   1.6241285641593180E-08   7.7939446766399872E+08
   9.1000000000000000E+04   1.5908018194541414E-08   7.9572251062372935E+08
   9.2000000000000000E+04   1.5584926809585802E-08   8.1221864763732445E+08
   9.3000000000000000E+04   1.5271509398009507E-08   8.2888782286696267E+08
   9.4000000000000000E+04   1.4967649149279706E-08   8.4571518550176740E+08
   9.5000000000000000E+04   1.4672374085247496E-08   8.6273483100025117E+08
   9.6000000000000000E+04   1.4385716289717847E-08   8.7992616577987123E+08
   9.7000000000000000E+04   1.4107435150683841E-08   8.9728345667389882E+08
   9.8000000000000000E+04   1.3837150114003681E-08   9.1481035274725735E+08
   9.9000000000000000E+04   1.3574498643787667E-08   9.3251091690237331E+08
   1.0000000000000000E+05   1.3319314862418450E-08   9.5037682550212061E+08
   1.1000000000000000E+05   1.1117886113927846E-08   1.1385588993352602E+09
   1.2000000000000000E+05   9.4191770413345775E-09   1.3438932213779612E+09
   1.3000000000000000E+05   8.0811361023826111E-09   1.5664094771372945E+09
   1.4000000000000000E+05   7.0089682597730148E-09   1.8060244686025162E+09
   1.5000000000000000E+05   6.1362535913109103E-09   2.0628821785874419E+09
   1.6000000000000000E+05   5.4171544404718738E-09   2.3367190867288294E+09
   1.7000000000000000E+05   4.8174059052536290E-09   2.6276316394688392E+09
   1.8000000000000000E+05   4.3130695985909021E-09   2.9348861379246006E+09
   1.9000000000000000E+05   3.8807506128233286E-09   3.2618350004199901E+09
   2.0000000000000000E+05   3.5129382648355901E-09   3.6033562853974285E+09
   2.1000000000000000E+05   3.1934523161768336E-09   3.9638506930840664E+09
   2.2000000000000000E+05   2.9166773604080508E-09   4.3399960340616903E+09
   2.3000000000000000E+05   2.6775745215580275E-09   4.7275502791394968E+09
   2.4000000000000000E+05   2.4608609336015600E-09   5.1438779022276869E+09
   2.5000000000000000E+05   2.2738648274947785E-09   5.5668956323823185E+09
   2.6000000000000000E+05   2.1019272947748787E-09   6.0222673773139248E+09
   2.7000000000000000E+05   1.9521008937811836E-09   6.4844845966385660E+09
   2.8000000000000000E+05   1.8183389626042678E-09   6.9615008186806087E+09
   2.9000000000000000E+05   1.6986285978020805E-09   7.4521105986250334E+09
   3.0000000000000000E+05   1.5867345823829261E-09   7.9776216623440437E+09
   3.1000000000000000E+05   1.4874681283418641E-09   8.5100096839851036E+09
   3.2000000000000000E+05   1.3963637407095047E-09   9.0652369492039604E+09
   3.3000000000000000E+05   1.3246102925532539E-09   9.5562961030665169E+09
   3.4000000000000000E+05   1.2402841670176093E-09   1.0206022549853882E+10
   3.5000000000000000E+05   1.1733566109168798E-09   1.0788167944029400E+10
   3.6000000000000000E+05   1.1092124493784760E-09   1.1412032189055677E+10
   3.7000000000000000E+05   1.0484570844109949E-09   1.2073329814848560E+10
   3.8000000000000000E+05   9.9439193082306211E-10   1.2729757537685446E+10
   3.9000000000000000E+05   9.4940049661517983E-10   1.3333011960640747E+10
   4.0000000000000000E+05   8.9955444750454585E-10   1.4071819901423470E+10
   4.1000000000000000E+05   8.5614579686331715E-10   1.4785295008379696E+10
   4.2000000000000000E+05   8.1846579564810568E-10   1.5465970898374411E+10
   4.3000000000000000E+05   7.8177196387200032E-10   1.6191893239703104E+10
   4.4000000000000000E+05   7.5391364446617789E-10   1.6790209687439003E+10
   4.5000000000000000E+05   7.2623784322554764E-10   1.7430058616316353E+10
   4.6000000000000000E+05   6.9425594900406068E-10   1.8232999220197422E+10
   4.7000000000000000E+05   6.5433014105763484E-10   1.9345537340443993E+10
   4.8000000000000000E+05   6.4277514579417787E-10   1.9693306842423836E+10
   4.9000000000000000E+05   6.0635687452244258E-10   2.0876102356022598E+10
   5.0000000000000000E+05   5.8508057225631076E-10   2.1635256368182930E+10
   5.1000000000000000E+05   5.6370336165755890E-10   2.2455725897370506E+10
   5.2000000000000000E+05   5.5165540924493543E-10   2.2946150739524673E+10
   5.3000000000000000E+05   5.2740207304512230E-10   2.4001362193594303E+10
   5.4000000000000000E+05   5.0402266081536345E-10   2.5114680669973976E+10
   5.5000000000000000E+05   4.9113957689687620E-10   2.5773463944377502E+10
   5.6000000000000000E+05   4.7420238272662918E-10   2.6694020607875828E+10
   5.7000000000000000E+05   4.6513480057347771E-10   2.7214407868862106E+10
   5.8000000000000000E+05   4.4256312626996402E-10   2.8602401387337540E+10
   5.9000000000000000E+05   4.3081708066772934E-10   2.9382233771207676E+10
   6.0000000000000000E+05   4.1946179819409740E-10   3.0177642472583542E+10
   6.1000000000000000E+05   3.9730770454908607E-10   3.1860364226197792E+10
   6.2000000000000000E+05   3.9474667452232117E-10   3.2067067296073406E+10
   6.3000000000000000E+05   3.6947031993032161E-10   3.4260852615159187E+10
   6.4000000000000000E+05   3.6668517327470629E-10   3.4521079932853745E+10
   6.5000000000000000E+05   3.6255747601352803E-10   3.4914100561358009E+10
   6.6000000000000000E+05   3.4075014527203061E-10   3.7148533470772026E+10
   6.7000000000000000E+05   3.5010135475170478E-10   3.6156295898328918E+10
   6.8000000000000000E+05   3.1896170518635092E-10   3.9686169126205620E+10
   6.9000000000000000E+05   3.2148656463097399E-10   3.9374485808881836E+10
   7.0000000000000000E+05   3.2662260222545603E-10   3.8755334415194069E+10
   7.1000000000000000E+05   2.9964303783888602E-10   4.2244826604697197E+10
   7.2000000000000000E+05   2.9190997565631205E-10   4.3363945162710457E+10
   7.3000000000000000E+05   3.0381203823457168E-10   4.1665130356141457E+10
   7.4000000000000000E+05   2.9340013127323714E-10   4.3143703180623314E+10
   7.5000000000000000E+05   2.6462133568855550E-10   4.7835780678345039E+10
   7.6000000000000000E+05   2.7024086501208083E-10   4.6841058535845718E+10
   7.7000000000000000E+05   2.5143740151224644E-10   5.0344014457180611E+10
   7.8000000000000000E+05   2.4802276787560370E-10   5.1037121653110855E+10
   7.9000000000000000E+05   2.4705919501532797E-10   5.1236175103796944E+10
   8.0000000000000000E+05   2.4743654240283676E-10   5.1158038557619850E+10
   8.1000000000000000E+05   2.2899799044108680E-10   5.5277202006997589E+10
   8.2000000000000000E+05   2.2941710790409438E-10   5.5176217207394005E+10
   8.3000000000000000E+05   2.2223503203570760E-10   5.6959373420364166E+10
   8.4000000000000000E+05   2.3658793064886941E-10   5.3503862779861336E+10
   8.5000000000000000E+05   2.1153014881502439E-10   5.9841910232274986E+10
   8.6000000000000000E+05   2.0969203830499072E-10   6.0366470177552711E+10
   8.7000000000000000E+05   2.1363010390521836E-10   5.9253672330865036E+10
   8.8000000000000000E+05   2.0090328880361078E-10   6.3007272067021309E+10
   8.9000000000000000E+05   2.1277198791114813E-10   5.9492644220133408E+10
   9.0000000000000000E+05   1.8811529666826049E-10   6.7290477707038200E+10
   9.1000000000000000E+05   1.9168913905970759E-10   6.6035917521991776E+10
   9.2000000000000000E+05   1.8934560709089570E-10   6.6853244557882904E+10
   9.3000000000000000E+05   1.8458332670242153E-10   6.8578069335676315E+10
   9.4000000000000000E+05   1.9681027901714399E-10   6.4317617148979309E+10
   9.5000000000000000E+05   1.8445610413236759E-10   6.8625368817963776E+10
   9.6000000000000000E+05   1.9349090067727542E-10   6.5420999811879646E+10
   9.7000000000000000E+05   1.8451121608003866E-10   6.8604870997746910E+10
   9.8000000000000000E+05   1.9434828263932351E-10   6.5132390185820076E+10
   9.9000000000000000E+05   1.7156539155970100E-10   7.3781594654558426E+10
   1.0000000000000000E+06   1.8498623486431377E-10   6.8428703282129570E+10
   1.1000000000000000E+06   0.0000000000000000E+00   1.2658368176808458E+31
   1.2000000000000000E+06   0.0000000000000000E+00   1.2658368176808458E+31
   1.3000000000000000E+06   0.0000000000000000E+00   1.2658368176808458E+31
   1.4000000000000000E+06   0.0000000000000000E+00   1.2658368176808458E+31
   1.5000000000000000E+06   0.0000000000000000E+00   1.2658368176808458E+31
   1.6000000000000000E+06   0.0000000000000000E+00   1.2658368176808458E+31
   1.7000000000000000E+06   0.0000000000000000E+00   1.2658368176808458E+31
   1.8000000000000000E+06   0.0000000000000000E+00   1.2658368176808458E+31
   1.9000000000000000E+06   0.0000000000000000E+00   1.2658368176808458E+31
   2.0000000000000000E+06   0.0000000000000000E+00   1.2658368176808458E+31
   2.1000000000000000E+06   0.0000000000000000E+00   1.2658368176808458E+31
   2.2000000000000000E+06   0.0000000000000000E+00   1.2658368176808458E+31
   2.3000000000000000E+06   0.0000000000000000E+00   1.2658368176808458E+31
   2.4000000000000000E+06   0.0000000000000000E+00   1.2658368176808458E+31
   2.5000000000000000E+06   0.0000000000000000E+00   1.2658368176808458E+31
   2.6000000000000000E+06   0.0000000000000000E+00   1.2658368176808458E+31
   2.7000000000000000E+06   0.0000000000000000E+00   1.2658368176808458E+31
   2.8000000000000000E+06   0.0000000000000000E+00   1.2658368176808458E+31
   2.9000000000000000E+06   0.0000000000000000E+00   1.2658368176808458E+31
   3.0000000000000000E+06   0.0000000000000000E+00   1.2658368176808458E+31
   3.1000000000000000E+06   0.0000000000000000E+00   1.2658368176808458E+31
   3.2000000000000000E+06   0.0000000000000000E+00   1.2658368176808458E+31
   3.3000000000000000E+06   0.0000000000000000E+00   1.2658368176808458E+31
   3.4000000000000000E+06   0.0000000000000000E+00   1.2658368176808458E+31
   3.5000000000000000E+06   0.0000000000000000E+00   1.2658368176808458E+31
   3.6000000000000000E+06   0.0000000000000000E+00   1.2658368176808458E+31
   3.7000000000000000E+06   0.0000000000000000E+00   1.2658368176808458E+31
   3.8000000000000000E+06   0.0000000000000000E+00   1.2658368176808458E+31
   3.9000000000000000E+06   0.0000000000000000E+00   1.2658368176808458E+31
   4.0000000000000000E+06   0.0000000000000000E+00   1.2658368176808458E+31
   4.1000000000000000E+06   0.0000000000000000E+00   1.2658368176808458E+31
   4.2000000000000000E+06   0.0000000000000000E+00   1.2658368176808458E+31
   4.3000000000000000E+06   0.0000000000000000E+00   1.2658368176808458E+31
   4.4000000000000000E+06   0.0000000000000000E+00   1.2658368176808458E+31
   4.5000000000000000E+06   0.0000000000000000E+00   1.2658368176808458E+31
   4.6000000000000000E+06   0.0000000000000000E+00   1.2658368176808458E+31
   4.7000000000000000E+06   0.0000000000000000E+00   1.2658368176808458E+31
   4.8000000000000000E+06   0.0000000000000000E+00   1.2658368176808458E+31
   4.9000000000000000E+06   0.0000000000000000E+00   1.2658368176808458E+31
   5.0000000000000000E+06   0.0000000000000000E+00   1.2658368176808458E+31
   5.1000000000000000E+06   0.0000000000000000E+00   1.2658368176808458E+31
   5.2000000000000000E+06   0.0000000000000000E+00   1.2658368176808458E+31
   5.3000000000000000E+06   0.0000000000000000E+00   1.2658368176808458E+31
   5.4000000000000000E+06   0.0000000000000000E+00   1.2658368176808458E+31
   5.5000000000000000E+06   0.0000000000000000E+00   1.2658368176808458E+31
   5.6000000000000000E+06   0.0000000000000000E+00   1.2658368176808458E+31
   5.7000000000000000E+06   0.0000000000000000E+00   1.2658368176808458E+31
   5.8000000000000000E+06   0.0000000000000000E+00   1.2658368176808458E+31
   5.9000000000000000E+06   0.0000000000000000E+00   1.2658368176808458E+31
   6.0000000000000000E+06   0.0000000000000000E+00   1.2658368176808458E+31
   6.1000000000000000E+06   0.0000000000000000E+00   1.2658368176808458E+31
   6.2000000000000000E+06   0.0000000000000000E+00   1.2658368176808458E+31
   6.3000000000000000E+06   0.0000000000000000E+00   1.2658368176808458E+31
   6.4000000000000000E+06   0.0000000000000000E+00   1.2658368176808458E+31
   6.5000000000000000E+06   0.0000000000000000E+00   1.2658368176808458E+31
   6.6000000000000000E+06   0.0000000000000000E+00   1.2658368176808458E+31
   6.7000000000000000E+06   0.0000000000000000E+00   1.2658368176808458E+31
   6.8000000000000000E+06   0.0000000000000000E+00   1.2658368176808458E+31
   6.9000000000000000E+06   0.0000000000000000E+00   1.2658368176808458E+31
   7.0000000000000000E+06   0.0000000000000000E+00   1.2658368176808458E+31
   7.1000000000000000E+06   0.0000000000000000E+00   1.2658368176808458E+31
   7.2000000000000000E+06   0.0000000000000000E+00   1.2658368176808458E+31
   7.3000000000000000E+06   0.0000000000000000E+00   1.2658368176808458E+31
   7.4000000000000000E+06   0.0000000000000000E+00   1.2658368176808458E+31
   7.5000000000000000E+06   0.0000000000000000E+00   1.2658368176808458E+31
   7.6000000000000000E+06   0.0000000000000000E+00   1.2658368176808458E+31
   7.7000000000000000E+06   0.0000000000000000E+00   1.2658368176808458E+31
   7.8000000000000000E+06   0.0000000000000000E+00   1.2658368176808458E+31
   7.9000000000000000E+06   0.0000000000000000E+00   1.2658368176808458E+31
   8.0000000000000000E+06   0.0000000000000000E+00   1.2658368176808458E+31
   8.1000000000000000E+06   0.0000000000000000E+00   1.2658368176808458E+31
   8.2000000000000000E+06   0.0000000000000000E+00   1.2658368176808458E+31
   8.3000000000000000E+06   0.0000000000000000E+00   1.2658368176808458E+31
   8.4000000000000000E+06   0.0000000000000000E+00   1.2658368176808458E+31
   8.5000000000000000E+06   0.0000000000000000E+00   1.2658368176808458E+31
   8.6000000000000000E+06   0.0000000000000000E+00   1.2658368176808458E+31
   8.7000000000000000E+06   0.0000000000000000E+00   1.2658368176808458E+31
   8.8000000000000000E+06   0.0000000000000000E+00   1.2658368176808458E+31
   8.9000000000000000E+06   0.0000000000000000E+00   1.2658368176808458E+31
   9.0000000000000000E+06   0.0000000000000000E+00   1.2658368176808458E+31
   9.1000000000000000E+06   0.0000000000000000E+00   1.2658368176808458E+31
   9.2000000000000000E+06   0.0000000000000000E+00   1.2658368176808458E+31
   9.3000000000000000E+06   0.0000000000000000E+00   1.2658368176808458E+31
   9.4000000000000000E+06   0.0000000000000000E+00   1.2658368176808458E+31
   9.5000000000000000E+06   0.0000000000000000E+00   1.2658368176808458E+31
   9.6000000000000000E+06   0.0000000000000000E+00   1.2658368176808458E+31
   9.7000000000000000E+06   0.0000000000000000E+00   1.2658368176808458E+31
   9.8000000000000000E+06   0.0000000000000000E+00   1.2658368176808458E+31
   9.9000000000000000E+06   0.0000000000000000E+00   1.2658368176808458E+31
   1.0000000000000000E+07   0.0000000000000000E+00   1.2658368176808458E+31
   1.1000000000000000E+07   0.0000000000000000E+00   1.2658368176808458E+31
   1.2000000000000000E+07   0.0000000000000000E+00   1.2658368176808458E+31
   1.3000000000000000E+07   0.0000000000000000E+00   1.2658368176808458E+31
   1.4000000000000000E+07   0.0000000000000000E+00   1.2658368176808458E+31
   1.5000000000000000E+07   0.0000000000000000E+00   1.2658368176808458E+31
   1.6000000000000000E+07   0.0000000000000000E+00   1.2658368176808458E+31
   1.7000000000000000E+07   0.0000000000000000E+00   1.2658368176808458E+31
   1.8000000000000000E+07   0.0000000000000000E+00   1.2658368176808458E+31
   1.9000000000000000E+07   0.0000000000000000E+00   1.2658368176808458E+31
   2.0000000000000000E+07   0.0000000000000000E+00   1.2658368176808458E+31
   2.1000000000000000E+07   0.0000000000000000E+00   1.2658368176808458E+31
   2.2000000000000000E+07   0.0000000000000000E+00   1.2658368176808458E+31
   2.3000000000000000E+07   0.0000000000000000E+00   1.2658368176808458E+31
   2.4000000000000000E+07   0.0000000000000000E+00   1.2658368176808458E+31
   2.5000000000000000E+07   0.0000000000000000E+00   1.2658368176808458E+31
   2.6000000000000000E+07   0.0000000000000000E+00   1.2658368176808458E+31
   2.7000000000000000E+07   0.0000000000000000E+00   1.2658368176808458E+31
   2.8000000000000000E+07   0.0000000000000000E+00   1.2658368176808458E+31
   2.9000000000000000E+07   0.0000000000000000E+00   1.2658368176808458E+31
   3.0000000000000000E+07   0.0000000000000000E+00   1.2658368176808458E+31
   3.1000000000000000E+07   0.0000000000000000E+00   1.2658368176808458E+31
   3.2000000000000000E+07   0.0000000000000000E+00   1.2658368176808458E+31
   3.3000000000000000E+07   0.0000000000000000E+00   1.2658368176808458E+31
   3.4000000000000000E+07   0.0000000000000000E+00   1.2658368176808458E+31
   3.5000000000000000E+07   0.0000000000000000E+00   1.2658368176808458E+31
   3.6000000000000000E+07   0.0000000000000000E+00   1.2658368176808458E+31
   3.7000000000000000E+07   0.0000000000000000E+00   1.2658368176808458E+31
   3.8000000000000000E+07   0.0000000000000000E+00   1.2658368176808458E+31
   3.9000000000000000E+07   0.0000000000000000E+00   1.2658368176808458E+31
   4.0000000000000000E+07   0.0000000000000000E+00   1.2658368176808458E+31
   4.1000000000000000E+07   0.0000000000000000E+00   1.2658368176808458E+31
   4.2000000000000000E+07   0.0000000000000000E+00   1.2658368176808458E+31
   4.3000000000000000E+07   0.0000000000000000E+00   1.2658368176808458E+31
   4.4000000000000000E+07   0.0000000000000000E+00   1.2658368176808458E+31
   4.5000000000000000E+07   0.0000000000000000E+00   1.2658368176808458E+31
   4.6000000000000000E+07   0.0000000000000000E+00   1.2658368176808458E+31
   4.7000000000000000E+07   0.0000000000000000E+00   1.2658368176808458E+31
   4.8000000000000000E+07   0.0000000000000000E+00   1.2658368176808458E+31
   4.9000000000000000E+07   0.0000000000000000E+00   1.2658368176808458E+31
   5.0000000000000000E+07   0.0000000000000000E+00   1.2658368176808458E+31
   5.1000000000000000E+07   0.0000000000000000E+00   1.2658368176808458E+31
   5.2000000000000000E+07   0.0000000000000000E+00   1.2658368176808458E+31
   5.3000000000000000E+07   0.0000000000000000E+00   1.2658368176808458E+31
   5.4000000000000000E+07   0.0000000000000000E+00   1.2658368176808458E+31
   5.5000000000000000E+07   0.0000000000000000E+00   1.2658368176808458E+31
   5.6000000000000000E+07   0.0000000000000000E+00   1.2658368176808458E+31
   5.7000000000000000E+07   0.0000000000000000E+00   1.2658368176808458E+31
   5.8000000000000000E+07   0.0000000000000000E+00   1.2658368176808458E+31
   5.9000000000000000E+07   0.0000000000000000E+00   1.2658368176808458E+31
   6.0000000000000000E+07   0.0000000000000000E+00   1.2658368176808458E+31
   6.1000000000000000E+07   0.0000000000000000E+00   1.2658368176808458E+31
   6.2000000000000000E+07   0.0000000000000000E+00   1.2658368176808458E+31
   6.3000000000000000E+07   0.0000000000000000E+00   1.2658368176808458E+31
   6.4000000000000000E+07   0.0000000000000000E+00   1.2658368176808458E+31
   6.5000000000000000E+07   0.0000000000000000E+00   1.2658368176808458E+31
   6.6000000000000000E+07   0.0000000000000000E+00   1.2658368176808458E+31
   6.7000000000000000E+07   0.0000000000000000E+00   1.2658368176808458E+31
   6.8000000000000000E+07   0.0000000000000000E+00   1.2658368176808458E+31
   6.9000000000000000E+07   0.0000000000000000E+00   1.2658368176808458E+31
   7.0000000000000000E+07   0.0000000000000000E+00   1.2658368176808458E+31
   7.1000000000000000E+07   0.0000000000000000E+00   1.2658368176808458E+31
   7.2000000000000000E+07   0.0000000000000000E+00   1.2658368176808458E+31
   7.3000000000000000E+07   0.0000000000000000E+00   1.2658368176808458E+31
   7.4000000000000000E+07   0.0000000000000000E+00   1.2658368176808458E+31
   7.5000000000000000E+07   0.0000000000000000E+00   1.2658368176808458E+31
   7.6000000000000000E+07   0.0000000000000000E+00   1.2658368176808458E+31
   7.7000000000000000E+07   0.0000000000000000E+00   1.2658368176808458E+31
   7.8000000000000000E+07   0.0000000000000000E+00   1.2658368176808458E+31
   7.9000000000000000E+07   0.0000000000000000E+00   1.2658368176808458E+31
   8.0000000000000000E+07   0.0000000000000000E+00   1.2658368176808458E+31
   8.1000000000000000E+07   0.0000000000000000E+00   1.2658368176808458E+31
   8.2000000000000000E+07   0.0000000000000000E+00   1.2658368176808458E+31
   8.3000000000000000E+07   0.0000000000000000E+00   1.2658368176808458E+31
   8.4000000000000000E+07   0.0000000000000000E+00   1.2658368176808458E+31
   8.5000000000000000E+07   0.0000000000000000E+00   1.2658368176808458E+31
   8.6000000000000000E+07   0.0000000000000000E+00   1.2658368176808458E+31
   8.7000000000000000E+07   0.0000000000000000E+00   1.2658368176808458E+31
   8.8000000000000000E+07   0.0000000000000000E+00   1.2658368176808458E+31
   8.9000000000000000E+07   0.0000000000000000E+00   1.2658368176808458E+31
   9.0000000000000000E+07   0.0000000000000000E+00   1.2658368176808458E+31
   9.1000000000000000E+07   0.0000000000000000E+00   1.2658368176808458E+31
   9.2000000000000000E+07   0.0000000000000000E+00   1.2658368176808458E+31
   9.3000000000000000E+07   0.0000000000000000E+00   1.2658368176808458E+31
   9.4000000000000000E+07   0.0000000000000000E+00   1.2658368176808458E+31
   9.5000000000000000E+07   0.0000000000000000E+00   1.2658368176808458E+31
   9.6000000000000000E+07   0.0000000000000000E+00   1.2658368176808458E+31
   9.7000000000000000E+07   0.0000000000000000E+00   1.2658368176808458E+31
   9.8000000000000000E+07   0.0000000000000000E+00   1.2658368176808458E+31
   9.9000000000000000E+07   0.0000000000000000E+00   1.2658368176808458E+31
   1.0000000000000000E+08   0.0000000000000000E+00   1.2658368176808458E+31
   1.1000000000000000E+08   0.0000000000000000E+00   1.2658368176808458E+31
   1.2000000000000000E+08   0.0000000000000000E+00   1.2658368176808458E+31
   1.3000000000000000E+08   0.0000000000000000E+00   1.2658368176808458E+31
   1.4000000000000000E+08   0.0000000000000000E+00   1.2658368176808458E+31
   1.5000000000000000E+08   0.0000000000000000E+00   1.2658368176808458E+31
   1.6000000000000000E+08   0.0000000000000000E+00   1.2658368176808458E+31
   1.7000000000000000E+08   0.0000000000000000E+00   1.2658368176808458E+31
   1.8000000000000000E+08   0.0000000000000000E+00   1.2658368176808458E+31
   1.9000000000000000E+08   0.0000000000000000E+00   1.2658368176808458E+31
   2.0000000000000000E+08   0.0000000000000000E+00   1.2658368176808458E+31
   2.1000000000000000E+08   0.0000000000000000E+00   1.2658368176808458E+31
   2.2000000000000000E+08   0.0000000000000000E+00   1.2658368176808458E+31
   2.3000000000000000E+08   0.0000000000000000E+00   1.2658368176808458E+31
   2.4000000000000000E+08   0.0000000000000000E+00   1.2658368176808458E+31
   2.5000000000000000E+08   0.0000000000000000E+00   1.2658368176808458E+31
   2.6000000000000000E+08   0.0000000000000000E+00   1.2658368176808458E+31
   2.7000000000000000E+08   0.0000000000000000E+00   1.2658368176808458E+31
   2.8000000000000000E+08   0.0000000000000000E+00   1.2658368176808458E+31
   2.9000000000000000E+08   0.0000000000000000E+00   1.2658368176808458E+31
   3.0000000000000000E+08   0.0000000000000000E+00   1.2658368176808458E+31
   3.1000000000000000E+08   0.0000000000000000E+00   1.2658368176808458E+31
   3.2000000000000000E+08   0.0000000000000000E+00   1.2658368176808458E+31
   3.3000000000000000E+08   0.0000000000000000E+00   1.2658368176808458E+31
   3.4000000000000000E+08   0.0000000000000000E+00   1.2658368176808458E+31
   3.5000000000000000E+08   0.0000000000000000E+00   1.2658368176808458E+31
   3.6000000000000000E+08   0.0000000000000000E+00   1.2658368176808458E+31
   3.7000000000000000E+08   0.0000000000000000E+00   1.2658368176808458E+31
   3.8000000000000000E+08   0.0000000000000000E+00   1.2658368176808458E+31
   3.9000000000000000E+08   0.0000000000000000E+00   1.2658368176808458E+31
   4.0000000000000000E+08   0.0000000000000000E+00   1.2658368176808458E+31
   4.1000000000000000E+08   0.0000000000000000E+00   1.2658368176808458E+31
   4.2000000000000000E+08   0.0000000000000000E+00   1.2658368176808458E+31
   4.3000000000000000E+08   0.0000000000000000E+00   1.2658368176808458E+31
   4.4000000000000000E+08   0.0000000000000000E+00   1.2658368176808458E+31
   4.5000000000000000E+08   0.0000000000000000E+00   1.2658368176808458E+31
   4.6000000000000000E+08   0.0000000000000000E+00   1.2658368176808458E+31
   4.7000000000000000E+08   0.0000000000000000E+00   1.2658368176808458E+31
   4.8000000000000000E+08   0.0000000000000000E+00   1.2658368176808458E+31
   4.9000000000000000E+08   0.0000000000000000E+00   1.2658368176808458E+31
   5.0000000000000000E+08   0.0000000000000000E+00   1.2658368176808458E+31
   5.1000000000000000E+08   0.0000000000000000E+00   1.2658368176808458E+31
   5.2000000000000000E+08   0.0000000000000000E+00   1.2658368176808458E+31
   5.3000000000000000E+08   0.0000000000000000E+00   1.2658368176808458E+31
   5.4000000000000000E+08   0.0000000000000000E+00   1.2658368176808458E+31
   5.5000000000000000E+08   0.0000000000000000E+00   1.2658368176808458E+31
   5.6000000000000000E+08   0.0000000000000000E+00   1.2658368176808458E+31
   5.7000000000000000E+08   0.0000000000000000E+00   1.2658368176808458E+31
   5.8000000000000000E+08   0.0000000000000000E+00   1.2658368176808458E+31
   5.9000000000000000E+08   0.0000000000000000E+00   1.2658368176808458E+31
   6.0000000000000000E+08   0.0000000000000000E+00   1.2658368176808458E+31
   6.1000000000000000E+08   0.0000000000000000E+00   1.2658368176808458E+31
   6.2000000000000000E+08   0.0000000000000000E+00   1.2658368176808458E+31
   6.3000000000000000E+08   0.0000000000000000E+00   1.2658368176808458E+31
   6.4000000000000000E+08   0.0000000000000000E+00   1.2658368176808458E+31
   6.5000000000000000E+08   0.0000000000000000E+00   1.2658368176808458E+31
   6.6000000000000000E+08   0.0000000000000000E+00   1.2658368176808458E+31
   6.7000000000000000E+08   0.0000000000000000E+00   1.2658368176808458E+31
   6.8000000000000000E+08   0.0000000000000000E+00   1.2658368176808458E+31
   6.9000000000000000E+08   0.0000000000000000E+00   1.2658368176808458E+31
   7.0000000000000000E+08   0.0000000000000000E+00   1.2658368176808458E+31
   7.1000000000000000E+08   0.0000000000000000E+00   1.2658368176808458E+31
   7.2000000000000000E+08   0.0000000000000000E+00   1.2658368176808458E+31
   7.3000000000000000E+08   0.0000000000000000E+00   1.2658368176808458E+31
   7.4000000000000000E+08   0.0000000000000000E+00   1.2658368176808458E+31
   7.5000000000000000E+08   0.0000000000000000E+00   1.2658368176808458E+31
   7.6000000000000000E+08   0.0000000000000000E+00   1.2658368176808458E+31
   7.7000000000000000E+08   0.0000000000000000E+00   1.2658368176808458E+31
   7.8000000000000000E+08   0.0000000000000000E+00   1.2658368176808458E+31
   7.9000000000000000E+08   0.0000000000000000E+00   1.2658368176808458E+31
   8.0000000000000000E+08   0.0000000000000000E+00   1.2658368176808458E+31
   8.1000000000000000E+08   0.0000000000000000E+00   1.2658368176808458E+31
   8.2000000000000000E+08   0.0000000000000000E+00   1.2658368176808458E+31
   8.3000000000000000E+08   0.0000000000000000E+00   1.2658368176808458E+31
   8.4000000000000000E+08   0.0000000000000000E+00   1.2658368176808458E+31
   8.5000000000000000E+08   0.0000000000000000E+00   1.2658368176808458E+31
   8.6000000000000000E+08   0.0000000000000000E+00   1.2658368176808458E+31
   8.7000000000000000E+08   0.0000000000000000E+00   1.2658368176808458E+31
   8.8000000000000000E+08   0.0000000000000000E+00   1.2658368176808458E+31
   8.9000000000000000E+08   0.0000000000000000E+00   1.2658368176808458E+31
   9.0000000000000000E+08   0.0000000000000000E+00   1.2658368176808458E+31
   9.1000000000000000E+08   0.0000000000000000E+00   1.2658368176808458E+31
   9.2000000000000000E+08   0.0000000000000000E+00   1.2658368176808458E+31
   9.3000000000000000E+08   0.0000000000000000E+00   1.2658368176808458E+31
   9.4000000000000000E+08   0.0000000000000000E+00   1.2658368176808458E+31
   9.5000000000000000E+08   0.0000000000000000E+00   1.2658368176808458E+31
   9.6000000000000000E+08   0.0000000000000000E+00   1.2658368176808458E+31
   9.7000000000000000E+08   0.0000000000000000E+00   1.2658368176808458E+31
   9.8000000000000000E+08   0.0000000000000000E+00   1.2658368176808458E+31
   9.9000000000000000E+08   0.0000000000000000E+00   1.2658368176808458E+31
   1.0000000000000000E+09   0.0000000000000000E+00   1.2658368176808458E+31
   1.1000000000000000E+09   0.0000000000000000E+00   1.2658368176808458E+31
   1.2000000000000000E+09   0.0000000000000000E+00   1.2658368176808458E+31
   1.3000000000000000E+09   0.0000000000000000E+00   1.2658368176808458E+31
   1.4000000000000000E+09   0.0000000000000000E+00   1.2658368176808458E+31
   1.5000000000000000E+09   0.0000000000000000E+00   1.2658368176808458E+31
   1.6000000000000000E+09   0.0000000000000000E+00   1.2658368176808458E+31
   1.7000000000000000E+09   0.0000000000000000E+00   1.2658368176808458E+31
   1.8000000000000000E+09   0.0000000000000000E+00   1.2658368176808458E+31
   1.9000000000000000E+09   0.0000000000000000E+00   1.2658368176808458E+31
   2.0000000000000000E+09   0.0000000000000000E+00   1.2658368176808458E+31
   2.1000000000000000E+09   0.0000000000000000E+00   1.2658368176808458E+31
   2.2000000000000000E+09   0.0000000000000000E+00   1.2658368176808458E+31
   2.3000000000000000E+09   0.0000000000000000E+00   1.2658368176808458E+31
   2.4000000000000000E+09   0.0000000000000000E+00   1.2658368176808458E+31
   2.5000000000000000E+09   0.0000000000000000E+00   1.2658368176808458E+31
   2.6000000000000000E+09   0.0000000000000000E+00   1.2658368176808458E+31
   2.7000000000000000E+09   0.0000000000000000E+00   1.2658368176808458E+31
   2.8000000000000000E+09   0.0000000000000000E+00   1.2658368176808458E+31
   2.9000000000000000E+09   0.0000000000000000E+00   1.2658368176808458E+31
   3.0000000000000000E+09   0.0000000000000000E+00   1.2658368176808458E+31
   3.1000000000000000E+09   0.0000000000000000E+00   1.2658368176808458E+31
   3.2000000000000000E+09   0.0000000000000000E+00   1.2658368176808458E+31
   3.3000000000000000E+09   0.0000000000000000E+00   1.2658368176808458E+31
   3.4000000000000000E+09   0.0000000000000000E+00   1.2658368176808458E+31
   3.5000000000000000E+09   0.0000000000000000E+00   1.2658368176808458E+31
   3.6000000000000000E+09   0.0000000000000000E+00   1.2658368176808458E+31
   3.7000000000000000E+09   0.0000000000000000E+00   1.2658368176808458E+31
   3.8000000000000000E+09   0.0000000000000000E+00   1.2658368176808458E+31
   3.9000000000000000E+09   0.0000000000000000E+00   1.2658368176808458E+31
   4.0000000000000000E+09   0.0000000000000000E+00   1.2658368176808458E+31
   4.1000000000000000E+09   0.0000000000000000E+00   1.2658368176808458E+31
   4.2000000000000000E+09   0.0000000000000000E+00   1.2658368176808458E+31
   4.3000000000000000E+09   0.0000000000000000E+00   1.2658368176808458E+31
   4.4000000000000000E+09   0.0000000000000000E+00   1.2658368176808458E+31
   4.5000000000000000E+09   0.0000000000000000E+00   1.2658368176808458E+31
   4.6000000000000000E+09   0.0000000000000000E+00   1.2658368176808458E+31
   4.7000000000000000E+09   0.0000000000000000E+00   1.2658368176808458E+31
   4.8000000000000000E+09   0.0000000000000000E+00   1.2658368176808458E+31
   4.9000000000000000E+09   0.0000000000000000E+00   1.2658368176808458E+31
   5.0000000000000000E+09   0.0000000000000000E+00   1.2658368176808458E+31
   5.1000000000000000E+09   0.0000000000000000E+00   1.2658368176808458E+31
   5.2000000000000000E+09   0.0000000000000000E+00   1.2658368176808458E+31
   5.3000000000000000E+09   0.0000000000000000E+00   1.2658368176808458E+31
   5.4000000000000000E+09   0.0000000000000000E+00   1.2658368176808458E+31
   5.5000000000000000E+09   0.0000000000000000E+00   1.2658368176808458E+31
   5.6000000000000000E+09   0.0000000000000000E+00   1.2658368176808458E+31
   5.7000000000000000E+09   0.0000000000000000E+00   1.2658368176808458E+31
   5.8000000000000000E+09   0.0000000000000000E+00   1.2658368176808458E+31
   5.9000000000000000E+09   0.0000000000000000E+00   1.2658368176808458E+31
   6.0000000000000000E+09   0.0000000000000000E+00   1.2658368176808458E+31
   6.1000000000000000E+09   0.0000000000000000E+00   1.2658368176808458E+31
   6.2000000000000000E+09   0.0000000000000000E+00   1.2658368176808458E+31
   6.3000000000000000E+09   0.0000000000000000E+00   1.2658368176808458E+31
   6.4000000000000000E+09   0.0000000000000000E+00   1.2658368176808458E+31
   6.5000000000000000E+09   0.0000000000000000E+00   1.2658368176808458E+31
   6.6000000000000000E+09   0.0000000000000000E+00   1.2658368176808458E+31
   6.7000000000000000E+09   0.0000000000000000E+00   1.2658368176808458E+31
   6.8000000000000000E+09   0.0000000000000000E+00   1.2658368176808458E+31
   6.9000000000000000E+09   0.0000000000000000E+00   1.2658368176808458E+31
   7.0000000000000000E+09   0.0000000000000000E+00   1.2658368176808458E+31
   7.1000000000000000E+09   0.0000000000000000E+00   1.2658368176808458E+31
   7.2000000000000000E+09   0.0000000000000000E+00   1.2658368176808458E+31
   7.3000000000000000E+09   0.0000000000000000E+00   1.2658368176808458E+31
   7.4000000000000000E+09   0.0000000000000000E+00   1.2658368176808458E+31
   7.5000000000000000E+09   0.0000000000000000E+00   1.2658368176808458E+31
   7.6000000000000000E+09   0.0000000000000000E+00   1.2658368176808458E+31
   7.7000000000000000E+09   0.0000000000000000E+00   1.2658368176808458E+31
   7.8000000000000000E+09   0.0000000000000000E+00   1.2658368176808458E+31
   7.9000000000000000E+09   0.0000000000000000E+00   1.2658368176808458E+31
   8.0000000000000000E+09   0.0000000000000000E+00   1.2658368176808458E+31
   8.1000000000000000E+09   0.0000000000000000E+00   1.2658368176808458E+31
   8.2000000000000000E+09   0.0000000000000000E+00   1.2658368176808458E+31
   8.3000000000000000E+09   0.0000000000000000E+00   1.2658368176808458E+31
   8.4000000000000000E+09   0.0000000000000000E+00   1.2658368176808458E+31
   8.5000000000000000E+09   0.0000000000000000E+00   1.2658368176808458E+31
   8.6000000000000000E+09   0.0000000000000000E+00   1.2658368176808458E+31
   8.7000000000000000E+09   0.0000000000000000E+00   1.2658368176808458E+31
   8.8000000000000000E+09   0.0000000000000000E+00   1.2658368176808458E+31
   8.9000000000000000E+09   0.0000000000000000E+00   1.2658368176808458E+31
   9.0000000000000000E+09   0.0000000000000000E+00   1.2658368176808458E+31
   9.1000000000000000E+09   0.0000000000000000E+00   1.2658368176808458E+31
   9.2000000000000000E+09   0.0000000000000000E+00   1.2658368176808458E+31
   9.3000000000000000E+09   0.0000000000000000E+00   1.2658368176808458E+31
   9.4000000000000000E+09   0.0000000000000000E+00   1.2658368176808458E+31
   9.5000000000000000E+09   0.0000000000000000E+00   1.2658368176808458E+31
   9.6000000000000000E+09   0.0000000000000000E+00   1.2658368176808458E+31
   9.7000000000000000E+09   0.0000000000000000E+00   1.2658368176808458E+31
   9.8000000000000000E+09   0.0000000000000000E+00   1.2658368176808458E+31
   9.9000000000000000E+09   0.0000000000000000E+00   1.2658368176808458E+31
   1.0000000000000000E+10   0.0000000000000000E+00   1.2658368176808458E+31
   1.1000000000000000E+10   0.0000000000000000E+00   1.2658368176808458E+31
   1.2000000000000000E+10   0.0000000000000000E+00   1.2658368176808458E+31
   1.3000000000000000E+10   0.0000000000000000E+00   1.2658368176808458E+31
   1.4000000000000000E+10   0.0000000000000000E+00   1.2658368176808458E+31
   1.5000000000000000E+10   0.0000000000000000E+00   1.2658368176808458E+31
   1.6000000000000000E+10   0.0000000000000000E+00   1.2658368176808458E+31
   1.7000000000000000E+10   0.0000000000000000E+00   1.2658368176808458E+31
   1.8000000000000000E+10   0.0000000000000000E+00   1.2658368176808458E+31
   1.9000000000000000E+10   0.0000000000000000E+00   1.2658368176808458E+31
   2.0000000000000000E+10   0.0000000000000000E+00   1.2658368176808458E+31
   2.1000000000000000E+10   0.0000000000000000E+00   1.2658368176808458E+31
   2.2000000000000000E+10   0.0000000000000000E+00   1.2658368176808458E+31
   2.3000000000000000E+10   0.0000000000000000E+00   1.2658368176808458E+31
   2.4000000000000000E+10   0.0000000000000000E+00   1.2658368176808458E+31
   2.5000000000000000E+10   0.0000000000000000E+00   1.2658368176808458E+31
   2.6000000000000000E+10   0.0000000000000000E+00   1.2658368176808458E+31
   2.7000000000000000E+10   0.0000000000000000E+00   1.2658368176808458E+31
   2.8000000000000000E+10   0.0000000000000000E+00   1.2658368176808458E+31
   2.9000000000000000E+10   0.0000000000000000E+00   1.2658368176808458E+31
   3.0000000000000000E+10   0.0000000000000000E+00   1.2658368176808458E+31
   3.1000000000000000E+10   0.0000000000000000E+00   1.2658368176808458E+31
   3.2000000000000000E+10   0.0000000000000000E+00   1.2658368176808458E+31
   3.3000000000000000E+10   0.0000000000000000E+00   1.2658368176808458E+31
   3.4000000000000000E+10   0.0000000000000000E+00   1.2658368176808458E+31
   3.5000000000000000E+10   0.0000000000000000E+00   1.2658368176808458E+31
   3.6000000000000000E+10   0.0000000000000000E+00   1.2658368176808458E+31
   3.7000000000000000E+10   0.0000000000000000E+00   1.2658368176808458E+31
   3.8000000000000000E+10   0.0000000000000000E+00   1.2658368176808458E+31
   3.9000000000000000E+10   0.0000000000000000E+00   1.2658368176808458E+31
   4.0000000000000000E+10   0.0000000000000000E+00   1.2658368176808458E+31
   4.1000000000000000E+10   0.0000000000000000E+00   1.2658368176808458E+31
   4.2000000000000000E+10   0.0000000000000000E+00   1.2658368176808458E+31
   4.3000000000000000E+10   0.0000000000000000E+00   1.2658368176808458E+31
   4.4000000000000000E+10   0.0000000000000000E+00   1.2658368176808458E+31
   4.5000000000000000E+10   0.0000000000000000E+00   1.2658368176808458E+31
   4.6000000000000000E+10   0.0000000000000000E+00   1.2658368176808458E+31
   4.7000000000000000E+10   0.0000000000000000E+00   1.2658368176808458E+31
   4.8000000000000000E+10   0.0000000000000000E+00   1.2658368176808458E+31
   4.9000000000000000E+10   0.0000000000000000E+00   1.2658368176808458E+31
   5.0000000000000000E+10   0.0000000000000000E+00   1.2658368176808458E+31
   5.1000000000000000E+10   0.0000000000000000E+00   1.2658368176808458E+31
   5.2000000000000000E+10   0.0000000000000000E+00   1.2658368176808458E+31
   5.3000000000000000E+10   0.0000000000000000E+00   1.2658368176808458E+31
   5.4000000000000000E+10   0.0000000000000000E+00   1.2658368176808458E+31
   5.5000000000000000E+10   0.0000000000000000E+00   1.2658368176808458E+31
   5.6000000000000000E+10   0.0000000000000000E+00   1.2658368176808458E+31
   5.7000000000000000E+10   0.0000000000000000E+00   1.2658368176808458E+31
   5.8000000000000000E+10   0.0000000000000000E+00   1.2658368176808458E+31
   5.9000000000000000E+10   0.0000000000000000E+00   1.2658368176808458E+31
   6.0000000000000000E+10   0.0000000000000000E+00   1.2658368176808458E+31
   6.1000000000000000E+10   0.0000000000000000E+00   1.2658368176808458E+31
   6.2000000000000000E+10   0.0000000000000000E+00   1.2658368176808458E+31
   6.3000000000000000E+10   0.0000000000000000E+00   1.2658368176808458E+31
   6.4000000000000000E+10   0.0000000000000000E+00   1.2658368176808458E+31
   6.5000000000000000E+10   0.0000000000000000E+00   1.2658368176808458E+31
   6.6000000000000000E+10   0.0000000000000000E+00   1.2658368176808458E+31
   6.7000000000000000E+10   0.0000000000000000E+00   1.2658368176808458E+31
   6.8000000000000000E+10   0.0000000000000000E+00   1.2658368176808458E+31
   6.9000000000000000E+10   0.0000000000000000E+00   1.2658368176808458E+31
   7.0000000000000000E+10   0.0000000000000000E+00   1.2658368176808458E+31
   7.1000000000000000E+10   0.0000000000000000E+00   1.2658368176808458E+31
   7.2000000000000000E+10   0.0000000000000000E+00   1.2658368176808458E+31
   7.3000000000000000E+10   0.0000000000000000E+00   1.2658368176808458E+31
   7.4000000000000000E+10   0.0000000000000000E+00   1.2658368176808458E+31
   7.5000000000000000E+10   0.0000000000000000E+00   1.2658368176808458E+31
   7.6000000000000000E+10   0.0000000000000000E+00   1.2658368176808458E+31
   7.7000000000000000E+10   0.0000000000000000E+00   1.2658368176808458E+31
   7.8000000000000000E+10   0.0000000000000000E+00   1.2658368176808458E+31
   7.9000000000000000E+10   0.0000000000000000E+00   1.2658368176808458E+31
   8.0000000000000000E+10   0.0000000000000000E+00   1.2658368176808458E+31
   8.1000000000000000E+10   0.0000000000000000E+00   1.2658368176808458E+31
   8.2000000000000000E+10   0.0000000000000000E+00   1.2658368176808458E+31
   8.3000000000000000E+10   0.0000000000000000E+00   1.2658368176808458E+31
   8.4000000000000000E+10   0.0000000000000000E+00   1.2658368176808458E+31
   8.5000000000000000E+10   0.0000000000000000E+00   1.2658368176808458E+31
   8.6000000000000000E+10   0.0000000000000000E+00   1.2658368176808458E+31
   8.7000000000000000E+10   0.0000000000000000E+00   1.2658368176808458E+31
   8.8000000000000000E+10   0.0000000000000000E+00   1.2658368176808458E+31
   8.9000000000000000E+10   0.0000000000000000E+00   1.2658368176808458E+31
   9.0000000000000000E+10   0.0000000000000000E+00   1.2658368176808458E+31
   9.1000000000000000E+10   0.0000000000000000E+00   1.2658368176808458E+31
   9.2000000000000000E+10   0.0000000000000000E+00   1.2658368176808458E+31
   9.3000000000000000E+10   0.0000000000000000E+00   1.2658368176808458E+31
   9.4000000000000000E+10   0.0000000000000000E+00   1.2658368176808458E+31
   9.5000000000000000E+10   0.0000000000000000E+00   1.2658368176808458E+31
   9.6000000000000000E+10   0.0000000000000000E+00   1.2658368176808458E+31
   9.7000000000000000E+10   0.0000000000000000E+00   1.2658368176808458E+31
   9.8000000000000000E+10   0.0000000000000000E+00   1.2658368176808458E+31
   9.9000000000000000E+10   0.0000000000000000E+00   1.2658368176808458E+31
   1.0000000000000000E+11   0.0000000000000000E+00   1.2658368176808458E+31
   1.1000000000000000E+11   0.0000000000000000E+00   1.2658368176808458E+31
