   1.0000000000000000E+00   0.0000000000000000E+00   1.0000000000000000E+30   0.0000000000000000E+00
   2.0000000000000000E+00   7.4438686646371557E-02   1.7005093382347414E+02   7.2716300451147230E-03
   3.0000000000000000E+00   1.5577758259499150E-01   8.1259241323054439E+01   2.1053468845467542E-02
   4.0000000000000000E+00   2.2068924153323946E-01   5.7358338308040715E+01   3.8087574037170210E-02
   5.0000000000000000E+00   2.7491967747687396E-01   4.6043878317416073E+01   5.7653526437436750E-02
   6.0000000000000000E+00   3.2175288584412842E-01   3.9341894769953178E+01   7.9275316576159896E-02
   7.0000000000000000E+00   3.6333354580119054E-01   3.4839525067511616E+01   1.0269410737386576E-01
   8.0000000000000000E+00   4.0088410409156472E-01   3.1576128979953765E+01   1.2765734485101848E-01
   8.3190000000000008E+00   4.1125266043189562E-01   3.0780027449584637E+01   1.3532687502600502E-01
   8.3209999999999997E+00   4.1133704020810258E-01   3.0773713377245020E+01   1.3538423092973090E-01
   9.0000000000000000E+00   4.3543447829801879E-01   2.9070661161895533E+01   1.5407260656684216E-01
   1.0000000000000000E+01   4.6756050581885378E-01   2.7073219442774469E+01   1.8180111375408095E-01
   1.0359000000000002E+01   4.7766067366409870E-01   2.6500754352890471E+01   1.9130043635779073E-01
   1.0361000000000001E+01   4.7766439287512996E-01   2.6500548011577624E+01   1.9131611843019125E-01
   1.1000000000000000E+01   4.9781095684300652E-01   2.5428062606505666E+01   2.1080498742521112E-01
   1.2000000000000000E+01   5.2659438351581200E-01   2.4038175440259639E+01   2.4108048939389917E-01
   1.3000000000000000E+01   5.5261503127818279E-01   2.2906304498323209E+01   2.7100793035648713E-01
   1.4000000000000000E+01   5.7973397857454800E-01   2.1834787410482477E+01   3.0413298746657380E-01
   1.5000000000000000E+01   6.0613435883203670E-01   2.0883766102947753E+01   3.3860353142667071E-01
   1.6000000000000000E+01   6.3198994595697355E-01   2.0029382204238818E+01   3.7445326131219281E-01
   1.7000000000000000E+01   6.5748054981952531E-01   1.9252840529325329E+01   4.1176245908286452E-01
   1.8000000000000000E+01   6.8277819653821858E-01   1.8539502639346370E+01   4.5064787614017815E-01
   1.9000000000000000E+01   7.0795891386116483E-01   1.7880088701433941E+01   4.9112573037684565E-01
   2.0000000000000000E+01   7.3320433282446307E-01   1.7264448135549966E+01   5.3339175152542473E-01
   2.0198999999999998E+01   7.3835549966866598E-01   1.7144002018660185E+01   5.4220079405103572E-01
   2.0201000000000001E+01   7.3839950734263693E-01   1.7142980257887199E+01   5.4227660286856583E-01
   2.1000000000000000E+01   7.5859264784518976E-01   1.6686647587166863E+01   5.7751673977116935E-01
   2.2000000000000000E+01   7.8420853329392959E-01   1.6141584335532816E+01   6.2360067529491869E-01
   2.3000000000000000E+01   8.1020040685650319E-01   1.5623749469494424E+01   6.7186676253628264E-01
   2.4000000000000000E+01   8.3602672581858051E-01   1.5141104687071152E+01   7.2128456680200492E-01
   2.5000000000000000E+01   8.6313116924631517E-01   1.4665636728032574E+01   7.7451475457236341E-01
   2.6000000000000000E+01   8.9087800714787257E-01   1.4208868189859082E+01   8.3043645691810708E-01
   2.7000000000000000E+01   9.1936777933103320E-01   1.3768557547251838E+01   8.8926777108518973E-01
   2.8000000000000000E+01   9.4870888007421605E-01   1.3342731835521782E+01   9.5125866397873104E-01
   2.9000000000000000E+01   9.7901045132468101E-01   1.2929757960888622E+01   1.0166804248860115E+00
   3.0000000000000000E+01   1.0103707450090849E+00   1.2528438931290157E+01   1.0857943372705201E+00
   3.1000000000000000E+01   1.0429253201943536E+00   1.2137367778595612E+01   1.1589630674197828E+00
   3.2000000000000000E+01   1.0767859130545525E+00   1.1755696302619771E+01   1.2365156238345034E+00
   3.3000000000000000E+01   1.1120821189066938E+00   1.1382584039075377E+01   1.3188328259513085E+00
   3.4000000000000000E+01   1.1489466151919572E+00   1.1017368439432319E+01   1.4063321155720097E+00
   3.5000000000000000E+01   1.1871995016036008E+00   1.0662376592738005E+01   1.4985863489817211E+00
   3.6000000000000000E+01   1.2276651144135118E+00   1.0310929282091474E+01   1.5979247870819338E+00
   3.7000000000000000E+01   1.2701296919282647E+00   9.9662012920830030E+00   1.7038991784577993E+00
   3.8000000000000000E+01   1.3147224550875232E+00   9.6281676241437353E+00   1.8170010523740292E+00
   3.9000000000000000E+01   1.3615922473919793E+00   9.2967393146182697E+00   1.9378020132618758E+00
   4.0000000000000000E+01   1.4109218823742482E+00   8.9717002301413142E+00   2.0670151305798554E+00
   4.1000000000000000E+01   1.4625564836835210E+00   8.6549602138631467E+00   2.2043243266931905E+00
   4.1999000000000002E+01   1.5167561334217758E+00   8.3456845157114330E+00   2.3507740492166254E+00
   4.2000999999999998E+01   1.5168635612707451E+00   8.3450934546835391E+00   2.3510641959170786E+00
   4.3000000000000000E+01   1.5737561566284877E+00   8.0434113782448478E+00   2.5073041408221575E+00
   4.4000000000000000E+01   1.6333817970433000E+00   7.7497913835713517E+00   2.6737493926502718E+00
   4.4999000000000002E+01   1.6954892143091724E+00   7.4659089954553988E+00   2.8499894613570396E+00
   4.5000999999999998E+01   1.6956124657593985E+00   7.4653663100661811E+00   2.8503395249672403E+00
   4.6000000000000000E+01   1.7597405383935962E+00   7.1933150942603321E+00   3.0351077567072546E+00
   4.7000000000000000E+01   1.8264214856866330E+00   6.9306938601029522E+00   3.2307572981346513E+00
   4.8000000000000000E+01   1.8944824160021971E+00   6.6817026486424655E+00   3.4336255708350123E+00
   4.9000000000000000E+01   1.9637789898162070E+00   6.4459230098969407E+00   3.6437453300087443E+00
   5.0000000000000000E+01   2.0337942785917704E+00   6.2240160226890318E+00   3.8597972356470751E+00
   5.1000000000000000E+01   2.1039377324280251E+00   6.0165127426086960E+00   4.0801478052319400E+00
   5.2000000000000000E+01   2.1735944372176661E+00   5.8237028767022174E+00   4.3029980143901243E+00
   5.3000000000000000E+01   2.2421392679406371E+00   5.6456654400575799E+00   4.5264016074458286E+00
   5.4000000000000000E+01   2.3089934610088241E+00   5.4822018297435458E+00   4.7484592614940428E+00
   5.5000000000000000E+01   2.3736246625906960E+00   5.3329274743010400E+00   4.9673028549015630E+00
   5.6000000000000000E+01   2.4351779361429640E+00   5.1981286414157601E+00   5.1794591973327648E+00
   5.7000000000000000E+01   2.4943429562474106E+00   5.0748306864153969E+00   5.3880221398273376E+00
   5.8000000000000000E+01   2.5502583491190260E+00   4.9635630763374339E+00   5.5892179813280594E+00
   5.9000000000000000E+01   2.6024760071298862E+00   4.8639711344615275E+00   5.7808218938982501E+00
   6.0000000000000000E+01   2.6517496108107257E+00   4.7735910378575994E+00   5.9660464080486602E+00
   6.1000000000000000E+01   2.6972286799580116E+00   4.6931015789901487E+00   6.1406123044586858E+00
   6.2000000000000000E+01   2.7392690777202788E+00   4.6210751180907064E+00   6.3057612576077329E+00
   6.3000000000000000E+01   2.7787351860368479E+00   4.5554424330957461E+00   6.4652756355979877E+00
   6.4000000000000000E+01   2.8144896475228847E+00   4.4975714115521663E+00   6.6131624680028072E+00
   6.5000000000000000E+01   2.8471876686566913E+00   4.4459198514233176E+00   6.7521288327856865E+00
   6.6000000000000000E+01   2.8777065427830060E+00   4.3987696412458570E+00   6.8861717562078244E+00
   6.7000000000000000E+01   2.9049622655830323E+00   4.3574983147906385E+00   7.0092906915124811E+00
   6.7998999999999995E+01   2.9296162360431586E+00   4.3208281074743393E+00   7.1243921717816603E+00
   6.8001000000000005E+01   2.9296613014336637E+00   4.3207616425195434E+00   7.1246053644700122E+00
   6.9000000000000000E+01   2.9519034866002092E+00   4.2882053001629332E+00   7.2322102122742562E+00
   7.0000000000000000E+01   2.9724598053953541E+00   4.2585498225517044E+00   7.3358041251490764E+00
   7.1000000000000000E+01   2.9904817362818132E+00   4.2328859672445676E+00   7.4303778390945974E+00
   7.2000000000000000E+01   3.0065099707502094E+00   4.2103197062239701E+00   7.5184492048501426E+00
   7.3000000000000000E+01   3.0206972853914729E+00   4.1905450897136065E+00   7.6004730750284200E+00
   7.4000000000000000E+01   3.0331698016249828E+00   4.1733133997400662E+00   7.6767922633838488E+00
   7.5000000000000000E+01   3.0440483614828175E+00   4.1583991690073914E+00   7.7477432474982502E+00
   7.6000000000000000E+01   3.0534434224387939E+00   4.1456042983426835E+00   7.8136359385977441E+00
   7.7000000000000000E+01   3.0614591776751801E+00   4.1347499483631882E+00   7.8747642459755820E+00
   7.8000000000000000E+01   3.0681906575292826E+00   4.1256784827712902E+00   7.9314022801824127E+00
   7.9000000000000000E+01   3.0737257814067074E+00   4.1182490166755494E+00   7.9837924963550169E+00
   8.0000000000000000E+01   3.0781454049142787E+00   4.1123360048551616E+00   8.0321663153914606E+00
   8.1000000000000000E+01   3.0815266023493644E+00   4.1078237543552873E+00   8.0767482278261689E+00
   8.2000000000000000E+01   3.0839352313347868E+00   4.1046154433436897E+00   8.1177107905229473E+00
   8.3000000000000000E+01   3.0848329548529407E+00   4.1034209508475330E+00   8.1513400738051409E+00
   8.4000000000000000E+01   3.0856108674928926E+00   4.1023864383435953E+00   8.1863745946483988E+00
   8.5000000000000000E+01   3.0856058985063846E+00   4.1023930447293528E+00   8.2183891257105195E+00
   8.6000000000000000E+01   3.0848672415295342E+00   4.1033753434822708E+00   8.2475155999259560E+00
   8.7000000000000000E+01   3.0834370724998648E+00   4.1052785833394081E+00   8.2738558959665838E+00
   8.8000000000000000E+01   3.0813558849769853E+00   4.1080513414642477E+00   8.2975085421423849E+00
   8.9000000000000000E+01   3.0779990590013853E+00   4.1125315291406537E+00   8.3139704478028413E+00
   9.0000000000000000E+01   3.0749574467838929E+00   4.1165994638553070E+00   8.3340722362675397E+00
   9.1000000000000000E+01   3.0713658651917344E+00   4.1214133165532987E+00   8.3517488346784159E+00
   9.2000000000000000E+01   3.0672596934013456E+00   4.1269306945351412E+00   8.3671013078321721E+00
   9.3000000000000000E+01   3.0626602351032473E+00   4.1331284586263362E+00   8.3801463334411110E+00
   9.4000000000000000E+01   3.0571087431532220E+00   4.1406339258158420E+00   8.3873743256012609E+00
   9.5000000000000000E+01   3.0519032919081273E+00   4.1476963606189914E+00   8.3981572326213225E+00
   9.6000000000000000E+01   3.0462676221169098E+00   4.1553697005819590E+00   8.4067554222102512E+00
   9.7000000000000000E+01   3.0395023648739046E+00   4.1646186306993043E+00   8.4077584352420747E+00
   9.8000000000000000E+01   3.0334448566727512E+00   4.1729349880758511E+00   8.4148874231823285E+00
   9.9000000000000000E+01   3.0269885287702727E+00   4.1818355294365706E+00   8.4197763789489617E+00
   1.0000000000000000E+02   3.0201599506021268E+00   4.1912906547498485E+00   8.4225130649902678E+00
   1.1000000000000000E+02   2.9402707229280107E+00   4.3051709756178074E+00   8.3831299063459390E+00
   1.2000000000000000E+02   2.8502951577693052E+00   4.4410727577824387E+00   8.2759293349270848E+00
   1.3000000000000000E+02   2.7571624560764691E+00   4.5910853562186258E+00   8.1278780769295764E+00
   1.4000000000000000E+02   2.6642353203619260E+00   4.7512200142624295E+00   7.9512800071635352E+00
   1.5000000000000000E+02   2.5755546057169938E+00   4.9148125800596523E+00   7.7794160499776135E+00
   1.6000000000000000E+02   2.4889393255320513E+00   5.0858484363022889E+00   7.5827653986975205E+00
   1.6799900000000000E+02   2.4237671194682688E+00   5.2226008328661040E+00   7.4381664283375271E+00
   1.6800100000000000E+02   2.4237497906760010E+00   5.2226381722669277E+00   7.4381124677970609E+00
   1.6999900000000000E+02   2.4084065088613249E+00   5.2559101340384737E+00   7.4088423304549380E+00
   1.7000100000000000E+02   2.4083897232471467E+00   5.2559467658505152E+00   7.4087933388840428E+00
   1.8000000000000000E+02   2.3308139686861513E+00   5.4308788032293336E+00   7.2194975349694657E+00
   1.9000000000000000E+02   2.2589431886748521E+00   5.6036682286968666E+00   7.0563976361931813E+00
   2.0000000000000000E+02   2.1899222757863539E+00   5.7802819382085655E+00   6.8814868719168389E+00
   2.1000000000000000E+02   2.1238404916310016E+00   5.9601312936111670E+00   6.6969462879594834E+00
   2.2000000000000000E+02   2.0628849554319850E+00   6.1362453313145098E+00   6.5420438254500448E+00
   2.3000000000000000E+02   2.0052862500125022E+00   6.3124993634846591E+00   6.3929308101074342E+00
   2.3199900000000000E+02   1.9936712927303257E+00   6.3492754412252532E+00   6.3550399906805186E+00
   2.3200100000000000E+02   1.9936595571520368E+00   6.3493128159208219E+00   6.3549987069979430E+00
   2.3399900000000000E+02   1.9830164503308667E+00   6.3833904023823944E+00   6.3326016839325909E+00
   2.3400100000000000E+02   1.9830050277474400E+00   6.3834271722384450E+00   6.3325641652306901E+00
   2.3699900000000000E+02   1.9659633259456741E+00   6.4387610947521052E+00   6.2755801763023094E+00
   2.3700100000000000E+02   1.9659519747636429E+00   6.4387982714228382E+00   6.2755409256833179E+00
   2.4000000000000000E+02   1.9501914385404149E+00   6.4908336313292310E+00   6.2376826807485237E+00
   2.5000000000000000E+02   1.8980847996283559E+00   6.6690214153166192E+00   6.0884168234349394E+00
   2.6000000000000000E+02   1.8440439533651629E+00   6.8644612042508149E+00   6.1479908725123495E+00
   2.7000000000000000E+02   1.7984555932352246E+00   7.0384657949977187E+00   6.0057667983690948E+00
   2.8000000000000000E+02   1.7551916618629984E+00   7.2119577889132582E+00   5.8703900172448762E+00
   2.9000000000000000E+02   1.7140850601300259E+00   7.3849124942774012E+00   5.7414007684489734E+00
   3.0000000000000000E+02   1.6749826681219897E+00   7.5573129308861269E+00   5.6183735589501511E+00
   3.1000000000000000E+02   1.6377442937568598E+00   7.7291480880517263E+00   5.5009154272734424E+00
   3.2000000000000000E+02   1.6022416085487592E+00   7.9004115916536826E+00   5.3886638896059669E+00
   3.3000000000000000E+02   1.5683571156697882E+00   8.0711006762018798E+00   5.2812847624806780E+00
   3.4000000000000000E+02   1.5359831751760977E+00   8.2412153865924989E+00   5.1784699823138558E+00
   3.5000000000000000E+02   1.5050210986169359E+00   8.4107579544506557E+00   5.0799354940326147E+00
   3.6000000000000000E+02   1.4753803174894913E+00   8.5797323081739023E+00   4.9854192500308425E+00
   3.7000000000000000E+02   1.4469776252909812E+00   8.7481436862321296E+00   4.8946793405898728E+00
   3.8000000000000000E+02   1.4197364902192398E+00   8.9159983306858006E+00   4.8074922642010636E+00
   3.9000000000000000E+02   1.3935864340813759E+00   9.0833032435139902E+00   4.7236513381687306E+00
   3.9899900000000002E+02   1.3709329138888795E+00   9.2333972352453699E+00   4.6509049904571027E+00
   3.9900099999999998E+02   1.3709279682560480E+00   9.2334305447944995E+00   4.6508890969824552E+00
   4.0000000000000000E+02   1.3684624723083862E+00   9.2500659922779853E+00   4.6429652451072494E+00
   4.1000000000000000E+02   1.3443046097423199E+00   9.4162945548738772E+00   4.5652567080580644E+00
   4.1599900000000002E+02   1.3302526882370096E+00   9.5157621471035370E+00   4.5199993662709588E+00
   4.1600099999999998E+02   1.3302480568521518E+00   9.5157952771325505E+00   4.5199844429955505E+00
   4.2000000000000000E+02   1.3210573869728048E+00   9.5819971953035559E+00   4.4903612855716366E+00
   4.3000000000000000E+02   1.2986694722418890E+00   9.7471823642364956E+00   4.4181262774630454E+00
   4.4000000000000000E+02   1.2770932942896789E+00   9.9118586194198599E+00   4.3484097319362762E+00
   4.5000000000000000E+02   1.2562847118932652E+00   1.0076034562047525E+01   4.2810795450523553E+00
   4.6000000000000000E+02   1.2362027162390892E+00   1.0239718786024939E+01   4.2160126439918297E+00
   4.7000000000000000E+02   1.2168091626566353E+00   1.0402919837628190E+01   4.1530942461769760E+00
   4.8000000000000000E+02   1.1980685285864181E+00   1.0565646183648497E+01   4.0922171869048336E+00
   4.9000000000000000E+02   1.1799476950028887E+00   1.0727906186364869E+01   4.0332813088318851E+00
   5.0000000000000000E+02   1.1624157487995648E+00   1.0889708084117792E+01   3.9761929072139601E+00
   5.1000000000000000E+02   1.1454438039260277E+00   1.1051059976422842E+01   3.9208642254169930E+00
   5.1099899999999997E+02   1.1437780186559550E+00   1.1067154614217200E+01   3.9154303602307752E+00
   5.1100099999999992E+02   1.1437746890670424E+00   1.1067186831292512E+01   3.9154194983566204E+00
   5.2000000000000000E+02   1.1290048393059722E+00   1.1211969812804236E+01   3.8672129957371872E+00
   5.3000000000000000E+02   1.1130735517892558E+00   1.1372445384638098E+01   3.8151620210831458E+00
   5.4000000000000000E+02   1.0976262225813298E+00   1.1532494319459030E+01   3.7646387935105112E+00
   5.5000000000000000E+02   1.0826405957679701E+00   1.1692124077269851E+01   3.7155751460168136E+00
   5.6000000000000000E+02   1.0680957677050320E+00   1.1851341948491106E+01   3.6679069343691393E+00
   5.7000000000000000E+02   1.0539720861826214E+00   1.2010155053209965E+01   3.6215737460844362E+00
   5.8000000000000000E+02   1.0402510583869264E+00   1.2168570341507039E+01   3.5765186339589952E+00
   5.9000000000000000E+02   1.0269152667943475E+00   1.2326594594628276E+01   3.5326878718296051E+00
   6.0000000000000000E+02   1.0139482922218317E+00   1.2484234426856808E+01   3.4900307304711480E+00
   6.1000000000000000E+02   1.0013346433459529E+00   1.2641496287904918E+01   3.4484992717684353E+00
   6.2000000000000000E+02   9.8905969207118050E-01   1.2798386465735641E+01   3.4080481594704648E+00
   6.3000000000000000E+02   9.7710961419529518E-01   1.2954911089717745E+01   3.3686344850147520E+00
   6.4000000000000000E+02   9.6547133488029402E-01   1.3111076133998255E+01   3.3302176070688891E+00
   6.5000000000000000E+02   9.5413247848022520E-01   1.3266887421096010E+01   3.2927590035457830E+00
   6.6000000000000000E+02   9.4308132233436404E-01   1.3422350625581053E+01   3.2562221350080640E+00
   6.7000000000000000E+02   9.3230675416401609E-01   1.3577471277851041E+01   3.2205723184514210E+00
   6.8000000000000000E+02   9.2179823275355710E-01   1.3732254767939738E+01   3.1857766105726024E+00
   6.9000000000000000E+02   9.1154575162392382E-01   1.3886706349360418E+01   3.1518036997027283E+00
   7.0000000000000000E+02   9.0153980544112111E-01   1.4040831142907495E+01   3.1186238056809890E+00
   7.1000000000000000E+02   8.9177135892022885E-01   1.4194634140454360E+01   3.0862085869900238E+00
   7.2000000000000000E+02   8.8223181801591277E-01   1.4348120208673024E+01   3.0545310545619047E+00
   7.3000000000000000E+02   8.7291300320241161E-01   1.4501294092732431E+01   3.0235654916918611E+00
   7.4000000000000000E+02   8.6380712467297394E-01   1.4654160419897844E+01   2.9932873795770161E+00
   7.5000000000000000E+02   8.5490675929835236E-01   1.4806723703059223E+01   2.9636733280197878E+00
   7.6000000000000000E+02   8.4620482920058382E-01   1.4958988344189567E+01   2.9347010108838512E+00
   7.7000000000000000E+02   8.3769458181381562E-01   1.5110958637693425E+01   2.9063491059342983E+00
   7.8000000000000000E+02   8.2936957131085243E-01   1.5262638773690952E+01   2.8785972387113143E+00
   7.9000000000000000E+02   8.2122364128967584E-01   1.5414032841199447E+01   2.8514259301331135E+00
   8.0000000000000000E+02   8.1325090862175597E-01   1.5565144831207169E+01   2.8248165475425706E+00
   8.1000000000000000E+02   8.0544574837017946E-01   1.5715978639682042E+01   2.7987512589317269E+00
   8.2000000000000000E+02   7.9780277969809688E-01   1.5866538070472272E+01   2.7732129901111913E+00
   8.3000000000000000E+02   7.9031685269180818E-01   1.6016826838114653E+01   2.7481853846065141E+00
   8.4000000000000000E+02   7.8298303602958075E-01   1.6166848570561150E+01   2.7236527660774938E+00
   8.5000000000000000E+02   7.7579660543471318E-01   1.6316606811801417E+01   2.6996001030828380E+00
   8.6000000000000000E+02   7.6875303285343277E-01   1.6466105024423168E+01   2.6760129760140847E+00
   8.7000000000000000E+02   7.6184797630719703E-01   1.6615346592066384E+01   2.6528775460521685E+00
   8.8000000000000000E+02   7.5507727036966377E-01   1.6764334821800809E+01   2.6301805259996223E+00
   8.9000000000000000E+02   7.4843691722421191E-01   1.6913072946422211E+01   2.6079091528585736E+00
   9.0000000000000000E+02   7.4192307826058834E-01   1.7061564126682164E+01   2.5860511620316124E+00
   9.1000000000000000E+02   7.3553206617438371E-01   1.7209811453423907E+01   2.5645947630397035E+00
   9.2000000000000000E+02   7.2926033753343289E-01   1.7357817949653867E+01   2.5435286166490538E+00
   9.3000000000000000E+02   7.2310448577935638E-01   1.7505586572548182E+01   2.5228418133139989E+00
   9.4000000000000000E+02   7.1706123463590976E-01   1.7653120215368759E+01   2.5025238528511715E+00
   9.5000000000000000E+02   7.1112743189463801E-01   1.7800421709345542E+01   2.4825646252568090E+00
   9.6000000000000000E+02   7.0530004355525555E-01   1.7947493825465443E+01   2.4629543926009410E+00
   9.7000000000000000E+02   6.9957614829553205E-01   1.8094339276217006E+01   2.4436837719224376E+00
   9.8000000000000000E+02   6.9395293225047516E-01   1.8240960717260219E+01   2.4247437190647529E+00
   9.9000000000000000E+02   6.8842768407966526E-01   1.8387360749053819E+01   2.4061255133887895E+00
   1.0000000000000000E+03   6.8299779030491303E-01   1.8533541918426032E+01   2.3878207433104972E+00
   1.1000000000000000E+03   6.3343018848180788E-01   1.9983841008821773E+01   2.2203570520324747E+00
   1.2000000000000000E+03   5.9110623444968924E-01   2.1414709301100846E+01   2.0768319371471082E+00
   1.3000000000000000E+03   5.5451051163718279E-01   2.2828003998400035E+01   1.9523222278366537E+00
   1.4000000000000000E+03   5.2252720456876611E-01   2.4225280647837696E+01   1.8431845474839106E+00
   1.5000000000000000E+03   4.9431577460595882E-01   2.5607858027389494E+01   1.7466620607279928E+00
   1.6000000000000000E+03   4.6923049026586250E-01   2.6976866251032241E+01   1.6606284032427909E+00
   1.7000000000000000E+03   4.4676672880986934E-01   2.8333283032352853E+01   1.5834158956430284E+00
   1.8000000000000000E+03   4.2652418015879268E-01   2.9677961451319863E+01   1.5136972728135762E+00
   1.9000000000000000E+03   4.0818104019714524E-01   3.1011651522801397E+01   1.4504023828743196E+00
   2.0000000000000000E+03   3.9147553593057899E-01   3.2335017172192309E+01   1.3926583227387854E+00
   2.1000000000000000E+03   3.7619245550577429E-01   3.3648649757714665E+01   1.3397456375806212E+00
   2.2000000000000000E+03   3.6215316513416729E-01   3.4953078960717903E+01   1.2910657539522399E+00
   2.3000000000000000E+03   3.4920810031085492E-01   3.6248781644928471E+01   1.2461164116346655E+00
   2.4000000000000000E+03   3.3723104210036475E-01   3.7536189130065758E+01   1.2044728843994694E+00
   2.4759989999999998E+03   3.2870937615604118E-01   3.8509300601146897E+01   1.1748105522634569E+00
   2.4760010000000002E+03   3.2870915806636053E-01   3.8509326151031544E+01   1.1748097927788201E+00
   2.5000000000000000E+03   3.2611470074542537E-01   3.8815693214302378E+01   1.1657734528150021E+00
   2.5269989999999998E+03   3.2324873174259477E-01   3.9159838643662198E+01   1.1557884369341538E+00
   2.5270010000000002E+03   3.2324852147337790E-01   3.9159864116659158E+01   1.1557877042411495E+00
   2.6000000000000000E+03   3.1576726991627180E-01   4.0087651200090896E+01   1.1297080426655735E+00
   2.6319989999999998E+03   3.1260536218424501E-01   4.0493125544493388E+01   1.1186790381855085E+00
   2.6320010000000002E+03   3.1260516671454563E-01   4.0493150864545392E+01   1.1186783562487244E+00
   2.7000000000000000E+03   3.0610971072264420E-01   4.1352390118318667E+01   1.0960092494583908E+00
   2.8000000000000000E+03   2.9707359074033357E-01   4.2610210302648206E+01   1.0644451819862941E+00
   2.8719989999999998E+03   2.9091871954174697E-01   4.3511700439036126E+01   1.0429266614280532E+00
   2.8720010000000002E+03   2.9091855242673248E-01   4.3511725433861614E+01   1.0429260769539392E+00
   2.9000000000000000E+03   2.8859934965907791E-01   4.3861388432655083E+01   1.0348137072776418E+00
   3.0000000000000000E+03   2.8063489609588971E-01   4.5106180139775773E+01   1.0069377856779071E+00
   3.1000000000000000E+03   2.7313446383044643E-01   4.6344822250869044E+01   9.8066166160497903E-01
   3.2000000000000000E+03   2.6605767299158972E-01   4.7577534729504301E+01   9.5584773159248859E-01
   3.3000000000000000E+03   2.5936875444634772E-01   4.8804522363648594E+01   9.3237395262650080E-01
   3.4000000000000000E+03   2.5303590511182283E-01   5.0025976239278819E+01   9.1013168465158067E-01
   3.5000000000000000E+03   2.4703074902355115E-01   5.1242075032536327E+01   8.8902388436071034E-01
   3.6000000000000000E+03   2.4132788438957067E-01   5.2452986147155350E+01   8.6896358504108950E-01
   3.7000000000000000E+03   2.3590450098393920E-01   5.3658866719419919E+01   8.4987261077145848E-01
   3.8000000000000000E+03   2.3074005541409298E-01   5.4859864508966048E+01   8.3168048371206860E-01
   3.9000000000000000E+03   2.2581599426251814E-01   5.6056118691454209E+01   8.1432349134448156E-01
   4.0000000000000000E+03   2.2111551703929289E-01   5.7247760565618876E+01   7.9774388689166842E-01
   4.1000000000000000E+03   2.1662337239840404E-01   5.8434914186119087E+01   7.8188920115800020E-01
   4.2000000000000000E+03   2.1232568227760260E-01   5.9617696931539491E+01   7.6671164801420344E-01
   4.3000000000000000E+03   2.0820978958286318E-01   6.0796220015249041E+01   7.5216760893221790E-01
   4.4000000000000000E+03   2.0426412580465045E-01   6.1970588946756045E+01   7.3821718451901630E-01
   4.5000000000000000E+03   2.0047809557995444E-01   6.3140903948581574E+01   7.2482380306949634E-01
   4.6000000000000000E+03   1.9684197571286832E-01   6.4307260333909213E+01   7.1195387782116959E-01
   4.7000000000000000E+03   1.9334682657381241E-01   6.5469748850395419E+01   6.9957650595094922E-01
   4.8000000000000000E+03   1.8998441413997744E-01   6.6628455992616210E+01   6.8766320348474463E-01
   4.9000000000000000E+03   1.8674714120916408E-01   6.7783464286773693E+01   6.7618767119664513E-01
   5.0000000000000000E+03   1.8362798654407345E-01   6.8934852551848138E+01   6.6512558732825022E-01
   5.1000000000000000E+03   1.8062045090096601E-01   7.0082696138041570E+01   6.5445442360456818E-01
   5.2000000000000000E+03   1.7771850904559250E-01   7.1227067145611940E+01   6.4415328153142548E-01
   5.3000000000000000E+03   1.7491656699211408E-01   7.2368034626355012E+01   6.3420274640116425E-01
   5.4000000000000000E+03   1.7220942381407717E-01   7.3505664768234979E+01   6.2458475680817371E-01
   5.5000000000000000E+03   1.6959223746119781E-01   7.4640021066439758E+01   6.1528248776965488E-01
   5.6000000000000000E+03   1.6706049410078588E-01   7.5771164481123805E+01   6.0628024582318119E-01
   5.7000000000000000E+03   1.6460998056632417E-01   7.6899153582660105E+01   5.9756337468906762E-01
   5.8000000000000000E+03   1.6223675954719166E-01   7.8024044687149797E+01   5.8911817026484292E-01
   5.9000000000000000E+03   1.5993714720973906E-01   7.9145891980982213E+01   5.8093180389670218E-01
   6.0000000000000000E+03   1.5770769297117304E-01   8.0264747637404383E+01   5.7299225299073420E-01
   6.1000000000000000E+03   1.5554516118973388E-01   8.1380661924724166E+01   5.6528823815859852E-01
   6.2000000000000000E+03   1.5344651456348016E-01   8.2493683305994850E+01   5.5780916619128507E-01
   6.3000000000000000E+03   1.5140889904874974E-01   8.3603858533657203E+01   5.5054507822710164E-01
   6.4000000000000000E+03   1.4942963014358515E-01   8.4711232736406984E+01   5.4348660257957726E-01
   6.5000000000000000E+03   1.4750618038985708E-01   8.5815849501034748E+01   5.3662491173414295E-01
   6.6000000000000000E+03   1.4563616797071338E-01   8.6917750948747738E+01   5.2995168309143525E-01
   6.7000000000000000E+03   1.4381734629279541E-01   8.8016977806261920E+01   5.2345906308073087E-01
   6.8000000000000000E+03   1.4204759445251594E-01   8.9113569473645200E+01   5.1713963430429621E-01
   6.9000000000000000E+03   1.4032490850424606E-01   9.0207564086353429E+01   5.1098638542596431E-01
   7.0000000000000000E+03   1.3864739344871188E-01   9.1298998574329573E+01   5.0499268353135884E-01
   7.1000000000000000E+03   1.3701325587479318E-01   9.2387908717212397E+01   4.9915224872903319E-01
   7.2000000000000000E+03   1.3542079719109648E-01   9.3474329197352475E+01   4.9345913077832010E-01
   7.3000000000000000E+03   1.3386840739703101E-01   9.4558293647775187E+01   4.8790768756570363E-01
   7.4000000000000000E+03   1.3235455933878768E-01   9.5639834698907961E+01   4.8249256525078832E-01
   7.5000000000000000E+03   1.3087780340926891E-01   9.6718984022251547E+01   4.7720867993751370E-01
   7.6000000000000000E+03   1.2943676265223303E-01   9.7795772371243544E+01   4.7205120073490425E-01
   7.7000000000000000E+03   1.2803012823414295E-01   9.8870229620161680E+01   4.6701553408377572E-01
   7.8000000000000000E+03   1.2665665525192371E-01   9.9942384801103444E+01   4.6209730924023257E-01
   7.9000000000000000E+03   1.2531515884931690E-01   1.0101226613796419E+02   4.5729236482014901E-01
   8.0000000000000000E+03   1.2400451061228523E-01   1.0207990108026267E+02   4.5259673630833508E-01
   8.1000000000000000E+03   1.2272363522362666E-01   1.0314531633407384E+02   4.4800664445910932E-01
   8.2000000000000000E+03   1.2147150735488618E-01   1.0420853789050537E+02   4.4351848451388115E-01
   8.3000000000000000E+03   1.2024714877256155E-01   1.0526959105492648E+02   4.3912881616206950E-01
   8.4000000000000000E+03   1.1904962564570314E-01   1.0632850047324226E+02   4.3483435419445421E-01
   8.5000000000000000E+03   1.1787804603705410E-01   1.0738529015682356E+02   4.3063195979036373E-01
   8.6000000000000000E+03   1.1673155756326800E-01   1.0843998350615409E+02   4.2651863238895804E-01
   8.7000000000000000E+03   1.1560934520893182E-01   1.0949260333524050E+02   4.2249150209507058E-01
   8.8000000000000000E+03   1.1451062928883468E-01   1.1054317189087972E+02   4.1854782259124479E-01
   8.9000000000000000E+03   1.1343466353822132E-01   1.1159171087542632E+02   4.1468496449951558E-01
   9.0000000000000000E+03   1.1238073332960016E-01   1.1263824146513511E+02   4.1090040917573989E-01
   9.1000000000000000E+03   1.1134815400039547E-01   1.1368278433034014E+02   4.0719174289168486E-01
   9.2000000000000000E+03   1.1033626928954268E-01   1.1472535965114581E+02   4.0355665138910407E-01
   9.3000000000000000E+03   1.0934444986771258E-01   1.1576598713627295E+02   3.9999291476387211E-01
   9.4000000000000000E+03   1.0837209196025600E-01   1.1680468603901032E+02   3.9649840266826519E-01
   9.5000000000000000E+03   1.0741861605439493E-01   1.1784147517222230E+02   3.9307106980504619E-01
   9.6000000000000000E+03   1.0648346568251285E-01   1.1887637292488375E+02   3.8970895168836628E-01
   9.7000000000000000E+03   1.0556610628281880E-01   1.1990939727279347E+02   3.8641016066620459E-01
   9.8000000000000000E+03   1.0466602412116187E-01   1.2094056579578367E+02   3.8317288216440276E-01
   9.9000000000000000E+03   1.0378272528026639E-01   1.2196989568952249E+02   3.7999537115826637E-01
   1.0000000000000000E+04   1.0291573470804437E-01   1.2299740377618876E+02   3.7687594884874059E-01
   1.1000000000000000E+04   9.5050103716512443E-02   1.3317574291725262E+02   3.4854883333032693E-01
   1.2000000000000000E+04   8.8403804301857652E-02   1.4318804803451729E+02   3.2457427889060331E-01
   1.3000000000000000E+04   8.2709299627805141E-02   1.5304649215712834E+02   3.0400349486199818E-01
   1.4000000000000000E+04   7.7772604241429108E-02   1.6276127436228251E+02   2.8614718544212986E-01
   1.5000000000000000E+04   7.3449516416572075E-02   1.7234106900059058E+02   2.7049205505535473E-01
   1.6000000000000000E+04   6.9630535129825630E-02   1.8179334904158100E+02   2.5664771060868591E-01
   1.7000000000000000E+04   6.6230964258702271E-02   1.9112462453912167E+02   2.4431175859869009E-01
   1.8000000000000000E+04   6.3184231123546250E-02   2.0034062220456755E+02   2.3324619883001879E-01
   1.9000000000000000E+04   6.0437261174143650E-02   2.0944642313182749E+02   2.2326105707218660E-01
   2.0000000000000000E+04   5.7947204979779204E-02   2.1844657013613724E+02   2.1420278635457599E-01
   2.0005999000000000E+04   5.7932968407985563E-02   2.1850025166436339E+02   2.1415097736923702E-01
   2.0006001000000000E+04   5.7932963662766485E-02   2.1850026956145507E+02   2.1415096010102283E-01
   2.1000000000000000E+04   5.5679076644927529E-02   2.2734515260611207E+02   2.0594588698770949E-01
   2.2000000000000000E+04   5.3604020002814015E-02   2.3614587443523715E+02   1.9838674663539438E-01
   2.3000000000000000E+04   5.1698015700216274E-02   2.4485210902892550E+02   1.9143904152061550E-01
   2.4000000000000000E+04   4.9940903378385887E-02   2.5346694433819400E+02   1.8503025467461010E-01
   2.5000000000000000E+04   4.8315632658933190E-02   2.6199322000325753E+02   1.7909900619459596E-01
   2.6000000000000000E+04   4.6807682648701589E-02   2.7043355835005417E+02   1.7359298221656996E-01
   2.7000000000000000E+04   4.5404607236675727E-02   2.7879039038539725E+02   1.6846731121437591E-01
   2.8000000000000000E+04   4.4095675410986961E-02   2.8706597775922660E+02   1.6368327851506700E-01
   2.9000000000000000E+04   4.2871584145894440E-02   2.9526243149148189E+02   1.5920729936014874E-01
   3.0000000000000000E+04   4.1724227294226653E-02   3.0338172801968187E+02   1.5501009165658064E-01
   3.1000000000000000E+04   4.0646508119004436E-02   3.1142572296118072E+02   1.5106600443371390E-01
   3.2000000000000000E+04   3.9632186103954636E-02   3.1939616309849140E+02   1.4735246872851954E-01
   3.3000000000000000E+04   3.8675750941329759E-02   3.2729469677294480E+02   1.4384954558226193E-01
   3.4000000000000000E+04   3.7772318212150796E-02   3.3512288299891662E+02   1.4053955161602188E-01
   3.5000000000000000E+04   3.6917542520908210E-02   3.4288219942157320E+02   1.3740674705639108E-01
   3.6000000000000000E+04   3.6107544750906349E-02   3.5057404938868672E+02   1.3443707433320926E-01
   3.7000000000000000E+04   3.5338850838567019E-02   3.5819976814282143E+02   1.3161793793544518E-01
   3.8000000000000000E+04   3.4608339970765338E-02   3.6576062843526580E+02   1.2893801806680344E-01
   3.9000000000000000E+04   3.3913200575417260E-02   3.7325784538260774E+02   1.2638711222986082E-01
   4.0000000000000000E+04   3.3250892746745822E-02   3.8069258089460772E+02   1.2395599991886043E-01
   4.1000000000000000E+04   3.2619116032069434E-02   3.8806594772106649E+02   1.2163632657317482E-01
   4.2000000000000000E+04   3.2015781734325600E-02   3.9537901282094373E+02   1.1942050371517481E-01
   4.3000000000000000E+04   3.1438988948686693E-02   4.0263280086611178E+02   1.1730162257427530E-01
   4.4000000000000000E+04   3.0887003836221949E-02   4.0982829684385501E+02   1.1527337927251385E-01
   4.5000000000000000E+04   3.0358241554499406E-02   4.1696644893229518E+02   1.1333000963906721E-01
   4.6000000000000000E+04   2.9851250518604721E-02   4.2404817074310375E+02   1.1146623236255185E-01
   4.7000000000000000E+04   2.9364698605594795E-02   4.3107434361327608E+02   1.0967719917282553E-01
   4.8000000000000000E+04   2.8897361060166896E-02   4.3804581845562308E+02   1.0795845112214290E-01
   4.9000000000000000E+04   2.8448109823003775E-02   4.4496341780052535E+02   1.0630588003246727E-01
   5.0000000000000000E+04   2.8015904139565864E-02   4.5182793722268258E+02   1.0471569450899360E-01
   5.1000000000000000E+04   2.7599782217010732E-02   4.5864014713154705E+02   1.0318438978587734E-01
   5.2000000000000000E+04   2.7198853849039323E-02   4.6540079398439644E+02   1.0170872101722303E-01
   5.3000000000000000E+04   2.6812293839154261E-02   4.7211060167941758E+02   1.0028567947915612E-01
   5.4000000000000000E+04   2.6439336149423412E-02   4.7877027264485650E+02   9.8912471371702490E-02
   5.5000000000000000E+04   2.6079268648204517E-02   4.8538048929067463E+02   9.7586498824169990E-02
   5.6000000000000000E+04   2.5731428450054748E-02   4.9194191458817068E+02   9.6305342969286556E-02
   5.7000000000000000E+04   2.5395197691369276E-02   4.9845519340495184E+02   9.5066748665623382E-02
   5.8000000000000000E+04   2.5069999769889287E-02   5.0492095305130351E+02   9.3868610834767899E-02
   5.9000000000000000E+04   2.4755295919829692E-02   5.1133980453324926E+02   9.2708962075810933E-02
   6.0000000000000000E+04   2.4450582165367000E-02   5.1771234284713228E+02   9.1585961575296124E-02
   6.1000000000000000E+04   2.4155386522635606E-02   5.2403914816045335E+02   9.0497884990917168E-02
   6.2000000000000000E+04   2.3869266499165123E-02   5.3032078623996301E+02   8.9443115355859693E-02
   6.3000000000000000E+04   2.3591806822735935E-02   5.3655780890038977E+02   8.8420134820901886E-02
   6.4000000000000000E+04   2.3322617345313521E-02   5.4275075517422783E+02   8.7427517084586792E-02
   6.5000000000000000E+04   2.3061331191843011E-02   5.4890015114504024E+02   8.6463920617286735E-02
   6.6000000000000000E+04   2.2807603022929848E-02   5.5500651094647003E+02   8.5528082383654530E-02
   6.7000000000000000E+04   2.2561107460800398E-02   5.6107033747355672E+02   8.4618812135879157E-02
   6.8000000000000000E+04   2.2321537699091010E-02   5.6709212185341244E+02   8.3734987295051341E-02
   6.9000000000000000E+04   2.2088604143617109E-02   5.7307234511087552E+02   8.2875548090456719E-02
   7.0000000000000000E+04   2.1862033246025411E-02   5.7901147776864673E+02   8.2039493264752267E-02
   7.1000000000000000E+04   2.1641566400570633E-02   5.8490998029027560E+02   8.1225876065980460E-02
   7.2000000000000000E+04   2.1426958912509734E-02   5.9076830400874599E+02   8.0433800528462482E-02
   7.3000000000000000E+04   2.1217979091651028E-02   5.9658689086885499E+02   7.9662418137208618E-02
   7.4000000000000000E+04   2.1014407390975542E-02   6.0236617389669948E+02   7.8910924702030191E-02
   7.5000000000000000E+04   2.0816035611994146E-02   6.0810657767681460E+02   7.8178557474299970E-02
   7.6000000000000000E+04   2.0622666180739508E-02   6.1380851854309276E+02   7.7464592504541477E-02
   7.7000000000000000E+04   2.0434111473594758E-02   6.1947240491301898E+02   7.6768342190130789E-02
   7.8000000000000000E+04   2.0250193199280956E-02   6.2509863744203346E+02   7.6089153018044225E-02
   7.9000000000000000E+04   2.0070741820729560E-02   6.3068760935057128E+02   7.5426403462723460E-02
   8.0000000000000000E+04   1.9895596020033147E-02   6.3623970672014923E+02   7.4779502039140244E-02
   8.1000000000000000E+04   1.9724602207173800E-02   6.4175530861680113E+02   7.4147885506720079E-02
   8.2000000000000000E+04   1.9557614062260184E-02   6.4723478725531152E+02   7.3531017198180698E-02
   8.3000000000000000E+04   1.9394492099920287E-02   6.5267850849574381E+02   7.2928385445642299E-02
   8.4000000000000000E+04   1.9235103285803599E-02   6.5808683159767190E+02   7.2339502160236130E-02
   8.5000000000000000E+04   1.9079320651539000E-02   6.6346010992730987E+02   7.1763901452963491E-02
   8.6000000000000000E+04   1.8927022967283443E-02   6.6879869056476809E+02   7.1201138412717510E-02
   8.7000000000000000E+04   1.8778094401198979E-02   6.7410291514991127E+02   7.0650787895538539E-02
   8.8000000000000000E+04   1.8632424235749814E-02   6.7937311949569050E+02   7.0112443463342583E-02
   8.9000000000000000E+04   1.8489906590367405E-02   6.8460963363671215E+02   6.9585716367557005E-02
   9.0000000000000000E+04   1.8350440132916687E-02   6.8981278296982680E+02   6.9070234539748226E-02
   9.1000000000000000E+04   1.8213927871866632E-02   6.9498288704440665E+02   6.8565641772638339E-02
   9.2000000000000000E+04   1.8080276905964157E-02   7.0012026047194172E+02   6.8071596840640361E-02
   9.3000000000000000E+04   1.7949398201828351E-02   7.0522521337339651E+02   6.7587772700272608E-02
   9.4000000000000000E+04   1.7821206417363775E-02   7.1029805055593783E+02   6.7113855804895248E-02
   9.5000000000000000E+04   1.7695619682175187E-02   7.1533907284180862E+02   6.6649545352811770E-02
   9.6000000000000000E+04   1.7572559464479869E-02   7.2034857542495922E+02   6.6194552728844641E-02
   9.7000000000000000E+04   1.7451950348819772E-02   7.2532685022591238E+02   6.5748600783198399E-02
   9.8000000000000000E+04   1.7333719925225300E-02   7.3027418415749719E+02   6.5311423351656711E-02
   9.9000000000000000E+04   1.7217798624331721E-02   7.3519085993490478E+02   6.4882764681726435E-02
   1.0000000000000000E+05   1.7104119571068693E-02   7.4007715651262504E+02   6.4462378910371168E-02
   1.1000000000000000E+05   1.6077633183770298E-02   7.8732783812897003E+02   6.0665646797858609E-02
   1.2000000000000000E+05   1.5217675836229792E-02   8.3182006983430358E+02   5.7483938488733108E-02
   1.3000000000000000E+05   1.4486948805195240E-02   8.7377738038730251E+02   5.4779897276613206E-02
   1.4000000000000000E+05   1.3858555212505876E-02   9.1339739119310389E+02   5.2454381830108462E-02
   1.5000000000000000E+05   1.3312600596892581E-02   9.5085615201008636E+02   5.0434001561346087E-02
   1.6000000000000000E+05   1.2834047312983854E-02   9.8631147821952743E+02   4.8663241752901681E-02
   1.7000000000000000E+05   1.2411313845193389E-02   1.0199055744376932E+03   4.7099318045788048E-02
   1.8000000000000000E+05   1.2035333281315473E-02   1.0517671493534981E+03   4.5708715041899314E-02
   1.9000000000000000E+05   1.1698904321561969E-02   1.0820131380575635E+03   4.4464798499767852E-02
   2.0000000000000000E+05   1.1396233779876660E-02   1.1107501321322893E+03   4.3346130992969127E-02
   2.1000000000000000E+05   1.1122607605611462E-02   1.1380755867376090E+03   4.2335260093403396E-02
   2.2000000000000000E+05   1.0874150314710822E-02   1.1640788301118021E+03   4.1417831471577918E-02
   2.3000000000000000E+05   1.0647646095755702E-02   1.1888419339795919E+03   4.0581929135634229E-02
   2.4000000000000000E+05   1.0440403778063417E-02   1.2124404808370784E+03   3.9817577424255395E-02
   2.5000000000000000E+05   1.0250154044410053E-02   1.2349441893228650E+03   3.9116361150417146E-02
   2.6000000000000000E+05   1.0074969612131543E-02   1.2564175043829587E+03   3.8471131125227785E-02
   2.7000000000000000E+05   9.9132030790675691E-03   1.2769200908975122E+03   3.7875774411212468E-02
   2.8000000000000000E+05   9.7634378381097758E-03   1.2965072740463258E+03   3.7325032880377376E-02
   2.9000000000000000E+05   9.6244489774808869E-03   1.3152304310019495E+03   3.6814358649782573E-02
   3.0000000000000000E+05   9.4951719343135017E-03   1.3331373317279119E+03   3.6339798051357834E-02
   3.1000000000000000E+05   9.3746769888685324E-03   1.3502724618500426E+03   3.5897897413507615E-02
   3.2000000000000000E+05   9.2621485935731798E-03   1.3666772940343290E+03   3.5485626467956159E-02
   3.3000000000000000E+05   9.1568684465259641E-03   1.3823905247443990E+03   3.5100315539390053E-02
   3.4000000000000000E+05   9.0582012645279795E-03   1.3974483241367991E+03   3.4739603147521884E-02
   3.5000000000000000E+05   8.9655832824640930E-03   1.4118845119164901E+03   3.4401393099608879E-02
   3.6000000000000000E+05   8.8785123370924025E-03   1.4257307639169098E+03   3.4083818004767882E-02
   3.7000000000000000E+05   8.7965397308486723E-03   1.4390167684250548E+03   3.3785209005269427E-02
   3.8000000000000000E+05   8.7192634228724329E-03   1.4517703575284741E+03   3.3504070334944923E-02
   3.9000000000000000E+05   8.6463219290955507E-03   1.4640176806524005E+03   3.3239057076995253E-02
   4.0000000000000000E+05   8.5773894874208358E-03   1.4757833015945678E+03   3.2988956939703190E-02
   4.1000000000000000E+05   8.5121716830945000E-03   1.4870903276009417E+03   3.2752674178551239E-02
   4.2000000000000000E+05   8.4504018321568449E-03   1.4979605027347664E+03   3.2529216066649908E-02
   4.3000000000000000E+05   8.3918377079554990E-03   1.5084143208356222E+03   3.2317680912220169E-02
   4.4000000000000000E+05   8.3362589451287869E-03   1.5184710863864486E+03   3.2117248164677523E-02
   4.5000000000000000E+05   8.2834645831148506E-03   1.5281490069519321E+03   3.1927169412496653E-02
   4.6000000000000000E+05   8.2332708073516708E-03   1.5374653006075689E+03   3.1746760298893319E-02
   4.7000000000000000E+05   8.1855095566185140E-03   1.5464361857073820E+03   3.1575394629262780E-02
   4.8000000000000000E+05   8.1400263795471037E-03   1.5550770460172325E+03   3.1412497341109881E-02
   4.9000000000000000E+05   8.0966795508633713E-03   1.5634023919667984E+03   3.1257540343729989E-02
   5.0000000000000000E+05   8.0553385441282273E-03   1.5714259689352862E+03   3.1110037338896113E-02
   5.1000000000000000E+05   8.0158829302649365E-03   1.5791608094743071E+03   3.0969539744156453E-02
   5.2000000000000000E+05   7.9782016511164983E-03   1.5866192320467358E+03   3.0835633584030832E-02
   5.3000000000000000E+05   7.9421918258335937E-03   1.5938129491703464E+03   3.0707935620770902E-02
   5.4000000000000000E+05   7.9077582537420161E-03   1.6007530542323314E+03   3.0586091051426737E-02
   5.5000000000000000E+05   7.8748126423893276E-03   1.6074500755319220E+03   3.0469770789514485E-02
   5.6000000000000000E+05   7.8432729269615285E-03   1.6139140247555163E+03   3.0358669053642498E-02
   5.7000000000000000E+05   7.8130628879479139E-03   1.6201543950624919E+03   3.0252501666084487E-02
   5.8000000000000000E+05   7.7841114152968046E-03   1.6261802409370832E+03   3.0151003732183709E-02
   5.9000000000000000E+05   7.7563524239658461E-03   1.6320001316206565E+03   3.0053928719025395E-02
   6.0000000000000000E+05   7.7297239628101909E-03   1.6376222796197274E+03   2.9961045979012932E-02
   6.1000000000000000E+05   7.7041683184121586E-03   1.6430544678724477E+03   2.9872140348528711E-02
   6.2000000000000000E+05   7.6796316129304565E-03   1.6483040873334517E+03   2.9787010783060369E-02
   6.3000000000000000E+05   7.6560631937198642E-03   1.6533782254033508E+03   2.9705468623738903E-02
   6.4000000000000000E+05   7.6334157438841654E-03   1.6582836048135132E+03   2.9627337366239834E-02
   6.5000000000000000E+05   7.6116447005255168E-03   1.6630266748964923E+03   2.9552451072910851E-02
   6.6000000000000000E+05   7.5907082717709051E-03   1.6676135774949591E+03   2.9480654031287315E-02
   6.7000000000000000E+05   7.5705674284904387E-03   1.6720501199383045E+03   2.9411800394751327E-02
   6.8000000000000000E+05   7.5511850917558731E-03   1.6763419281866677E+03   2.9345752228764465E-02
   6.9000000000000000E+05   7.5325265385992697E-03   1.6804943350604349E+03   2.9282380044490519E-02
   7.0000000000000000E+05   7.5145589940906051E-03   1.6845124493350718E+03   2.9221561713314873E-02
   7.1000000000000000E+05   7.4972516228494056E-03   1.6884011386558639E+03   2.9163182209936647E-02
   7.2000000000000000E+05   7.4805751392543023E-03   1.6921650997640138E+03   2.9107132605140106E-02
   7.3000000000000000E+05   7.4645022230324038E-03   1.6958087490080591E+03   2.9053310703021619E-02
   7.4000000000000000E+05   7.4490066202728090E-03   1.6993364111609374E+03   2.9001619039489307E-02
   7.5000000000000000E+05   7.4340637835714962E-03   1.7027521615811436E+03   2.8951966003949593E-02
   7.6000000000000000E+05   7.4196504947283493E-03   1.7060598994254797E+03   2.8904264919515164E-02
   7.7000000000000000E+05   7.4057444593163763E-03   1.7092634300774876E+03   2.8858433078585016E-02
   7.8000000000000000E+05   7.3923250752299689E-03   1.7123662782666072E+03   2.8814393160515255E-02
   7.9000000000000000E+05   7.3793720517519599E-03   1.7153719975134193E+03   2.8772070318277398E-02
   8.0000000000000000E+05   7.3668670755225206E-03   1.7182837761343237E+03   2.8731395427952260E-02
   8.1000000000000000E+05   7.3547916962373823E-03   1.7211049203860280E+03   2.8692300711968061E-02
   8.2000000000000000E+05   7.3431292640023941E-03   1.7238383966441274E+03   2.8654723552890629E-02
   8.3000000000000000E+05   7.3318635577568356E-03   1.7264871443790551E+03   2.8618603631524686E-02
   8.4000000000000000E+05   7.3209792239022240E-03   1.7290539680102115E+03   2.8583883727454466E-02
   8.5000000000000000E+05   7.3104616064366751E-03   1.7315415712823233E+03   2.8550509296636821E-02
   8.6000000000000000E+05   7.3002966069464640E-03   1.7339525855379109E+03   2.8518428114792684E-02
   8.7000000000000000E+05   7.2904711726387451E-03   1.7362894492081002E+03   2.8487591194262651E-02
   8.8000000000000000E+05   7.2809724343058614E-03   1.7385546080583749E+03   2.8457950978899308E-02
   8.9000000000000000E+05   7.2717884708190803E-03   1.7407503295241816E+03   2.8429462828227760E-02
   9.0000000000000000E+05   7.2629077165163045E-03   1.7428788401128299E+03   2.8402083764735266E-02
   9.1000000000000000E+05   7.2543190665163813E-03   1.7449422972357863E+03   2.8375772634371042E-02
   9.2000000000000000E+05   7.2460120955480933E-03   1.7469427334499876E+03   2.8350490499689986E-02
   9.3000000000000000E+05   7.2379768195498040E-03   1.7488821106221501E+03   2.8326200112702198E-02
   9.4000000000000000E+05   7.2302035063613193E-03   1.7507623631439003E+03   2.8302865489773527E-02
   9.5000000000000000E+05   7.2226829755573452E-03   1.7525853231612541E+03   2.8280452477096645E-02
   9.6000000000000000E+05   7.2154065620478455E-03   1.7543527267596983E+03   2.8258928639595515E-02
   9.7000000000000000E+05   7.2083657104270189E-03   1.7560663103563020E+03   2.8238262406401104E-02
   9.8000000000000000E+05   7.2015524710189677E-03   1.7577276882657206E+03   2.8218424039562911E-02
   9.9000000000000000E+05   7.1949590521357635E-03   1.7593384597582840E+03   2.8199384698672395E-02
   1.0000000000000000E+06   7.1885780422492346E-03   1.7609001533282069E+03   2.8181116860318881E-02
   1.1000000000000000E+06   7.1350238327838114E-03   1.7741171541216352E+03   2.8035569945774112E-02
   1.2000000000000000E+06   7.0964383765570321E-03   1.7837635592842137E+03   2.7943890348028345E-02
   1.3000000000000000E+06   7.0688782015624297E-03   1.7907181048911816E+03   2.7891474551767464E-02
   1.4000000000000000E+06   7.0495861250221229E-03   1.7956186295644036E+03   2.7868141809939580E-02
   1.5000000000000000E+06   7.0365875541279488E-03   1.7989356459272001E+03   2.7866625721294787E-02
   1.6000000000000000E+06   7.0284382226187391E-03   1.8010214753075049E+03   2.7881633947176590E-02
   1.7000000000000000E+06   7.0240641854571878E-03   1.8021430104549281E+03   2.7909248354863671E-02
   1.8000000000000000E+06   7.0226528178866767E-03   1.8025051935598513E+03   2.7946522080979509E-02
   1.9000000000000000E+06   7.0235827488451244E-03   1.8022665396645114E+03   2.7991214289952444E-02
   2.0000000000000000E+06   7.0263717166510736E-03   1.8015511685512877E+03   2.8041599306683127E-02
   2.1000000000000000E+06   7.0306426199166000E-03   1.8004567805721601E+03   2.8096337775783249E-02
   2.2000000000000000E+06   7.0360984548673315E-03   1.7990606950719732E+03   2.8154382866326540E-02
   2.3000000000000000E+06   7.0425012086335823E-03   1.7974250627447877E+03   2.8214906252456935E-02
   2.4000000000000000E+06   7.0496611561359232E-03   1.7955995183954051E+03   2.8277253368940651E-02
   2.5000000000000000E+06   7.0574242344587819E-03   1.7936243813999940E+03   2.8340900667248231E-02
   2.6000000000000000E+06   7.0656660379318920E-03   1.7915321936887835E+03   2.8405430489783806E-02
   2.7000000000000000E+06   7.0742839835735531E-03   1.7893497357755382E+03   2.8470505353457420E-02
   2.8000000000000000E+06   7.0831953513803593E-03   1.7870985549398438E+03   2.8535856393756179E-02
   2.9000000000000000E+06   7.0923316085858010E-03   1.7847964358412896E+03   2.8601266019287475E-02
   3.0000000000000000E+06   7.1016361701477845E-03   1.7824579960909259E+03   2.8666558800435830E-02
   3.1000000000000000E+06   7.1110629915193142E-03   1.7800950704423356E+03   2.8731595024146690E-02
   3.2000000000000000E+06   7.1205717850312380E-03   1.7777179359975974E+03   2.8796258185895679E-02
   3.3000000000000000E+06   7.1301301802828435E-03   1.7753347914758992E+03   2.8860457090602334E-02
   3.4000000000000000E+06   7.1397114600791813E-03   1.7729523451453422E+03   2.8924119473279913E-02
   3.5000000000000000E+06   7.1492965453533548E-03   1.7705753421342824E+03   2.8987194557938079E-02
   3.6000000000000000E+06   7.1588599054411119E-03   1.7682100703196370E+03   2.9049623433503449E-02
   3.7000000000000000E+06   7.1683941925586338E-03   1.7658582712916173E+03   2.9111387860696981E-02
   3.8000000000000000E+06   7.1778836734391347E-03   1.7635237282611829E+03   2.9172455847208956E-02
   3.9000000000000000E+06   7.1873150044807800E-03   1.7612095989833292E+03   2.9232802784691800E-02
   4.0000000000000000E+06   7.1966829722883872E-03   1.7589170212931272E+03   2.9292422532533266E-02
   4.1000000000000000E+06   7.2059774230711533E-03   1.7566483259135057E+03   2.9351300603195289E-02
   4.2000000000000000E+06   7.2151970082590363E-03   1.7544036791121259E+03   2.9409441580986833E-02
   4.3000000000000000E+06   7.2243320303836062E-03   1.7521852710493858E+03   2.9466834196713559E-02
   4.4000000000000000E+06   7.2333827765246961E-03   1.7499928550567065E+03   2.9523488123283932E-02
   4.5000000000000000E+06   7.2423430802137758E-03   1.7478277453316691E+03   2.9579400587415802E-02
   4.6000000000000000E+06   7.2512099354802347E-03   1.7456904833041658E+03   2.9634575630104389E-02
   4.7000000000000000E+06   7.2599863859336674E-03   1.7435801534468765E+03   2.9689029813028296E-02
   4.8000000000000000E+06   7.2686716768010223E-03   1.7414967602965758E+03   2.9742772224020955E-02
   4.9000000000000000E+06   7.2772599388356198E-03   1.7394415320052219E+03   2.9795801732513293E-02
   5.0000000000000000E+06   7.2857497740635383E-03   1.7374146202317906E+03   2.9848126278101496E-02
   5.1000000000000000E+06   7.2941486724398853E-03   1.7354140620462906E+03   2.9899771732614301E-02
   5.2000000000000000E+06   7.3024481683919337E-03   1.7334417013186344E+03   2.9950731679088478E-02
   5.3000000000000000E+06   7.3106550354508177E-03   1.7314957572783176E+03   3.0001030374671160E-02
   5.4000000000000000E+06   7.3187689124807939E-03   1.7295761525168493E+03   3.0050677533915542E-02
   5.5000000000000000E+06   7.3267879036524588E-03   1.7276831734815426E+03   3.0099679614300538E-02
   5.6000000000000000E+06   7.3347181465224023E-03   1.7258152152458852E+03   3.0148059120978291E-02
   5.7000000000000000E+06   7.3425514291442853E-03   1.7239740571056088E+03   3.0195809387477908E-02
   5.8000000000000000E+06   7.3502995491513531E-03   1.7221567763547760E+03   3.0242963956493930E-02
   5.9000000000000000E+06   7.3579555588463123E-03   1.7203648589029019E+03   3.0289518302182013E-02
   6.0000000000000000E+06   7.3655236671955754E-03   1.7185971763536718E+03   3.0335490214898279E-02
   6.1000000000000000E+06   7.3730084369388891E-03   1.7168525283912375E+03   3.0380897980161147E-02
   6.2000000000000000E+06   7.3804008223549121E-03   1.7151328879682001E+03   3.0425732178703056E-02
   6.3000000000000000E+06   7.3877089369263566E-03   1.7134362337337764E+03   3.0470017824733929E-02
   6.4000000000000000E+06   7.3949394684900364E-03   1.7117608914509690E+03   3.0513776832709325E-02
   6.5000000000000000E+06   7.4020868202499968E-03   1.7101080390166157E+03   3.0557006088255557E-02
   6.6000000000000000E+06   7.4091471955251478E-03   1.7084784311551600E+03   3.0599705896392024E-02
   6.7000000000000000E+06   7.4161295375347377E-03   1.7068698857998024E+03   3.0641902078786531E-02
   6.8000000000000000E+06   7.4230459305861998E-03   1.7052795166806713E+03   3.0683626591622562E-02
   6.9000000000000000E+06   7.4298732506102756E-03   1.7037125331537416E+03   3.0724840078858083E-02
   7.0000000000000000E+06   7.4366274822819682E-03   1.7021651557735647E+03   3.0765581967922621E-02
   7.1000000000000000E+06   7.4433082461468235E-03   1.7006373722815140E+03   3.0805858440950348E-02
   7.2000000000000000E+06   7.4499208321802887E-03   1.6991278782628176E+03   3.0845686938649142E-02
   7.3000000000000000E+06   7.4564528260700549E-03   1.6976394100625041E+03   3.0885048959457966E-02
   7.4000000000000000E+06   7.4629243233439516E-03   1.6961672969419255E+03   3.0923991477230777E-02
   7.5000000000000000E+06   7.4693213540530275E-03   1.6947146302575045E+03   3.0962492490267047E-02
   7.6000000000000000E+06   7.4756488613327791E-03   1.6932801970251569E+03   3.1000568022081995E-02
   7.7000000000000000E+06   7.4819150477817608E-03   1.6918620561672126E+03   3.1038240512170173E-02
   7.8000000000000000E+06   7.4881186619541419E-03   1.6904604144594389E+03   3.1075513144592580E-02
   7.9000000000000000E+06   7.4942510726056311E-03   1.6890771411541921E+03   3.1112374041933750E-02
   8.0000000000000000E+06   7.5003168436213368E-03   1.6877111248405190E+03   3.1148837823265735E-02
   8.1000000000000000E+06   7.5063289772522232E-03   1.6863593662320670E+03   3.1184936001984260E-02
   8.2000000000000000E+06   7.5122730937327185E-03   1.6850250275604312E+03   3.1220644647277754E-02
   8.3000000000000000E+06   7.5181691212633473E-03   1.6837035683338493E+03   3.1256008978004034E-02
   8.4000000000000000E+06   7.5239967195763584E-03   1.6823994810993477E+03   3.1290992751991938E-02
   8.5000000000000000E+06   7.5297622203752065E-03   1.6811112763369165E+03   3.1325613463546967E-02
   8.6000000000000000E+06   7.5354846313609855E-03   1.6798346484746564E+03   3.1359914081180676E-02
   8.7000000000000000E+06   7.5411422101042246E-03   1.6785743888833929E+03   3.1393855151854937E-02
   8.8000000000000000E+06   7.5467494032615016E-03   1.6773272173762459E+03   3.1427470191723560E-02
   8.9000000000000000E+06   7.5522974384405073E-03   1.6760950267104836E+03   3.1460745708847611E-02
   9.0000000000000000E+06   7.5577897060085707E-03   1.6748770036224798E+03   3.1493692664119305E-02
   9.1000000000000000E+06   7.5632467353904205E-03   1.6736685473417949E+03   3.1526356524923450E-02
   9.2000000000000000E+06   7.5686433850464859E-03   1.6724751759103672E+03   3.1558690417045551E-02
   9.3000000000000000E+06   7.5739744468503387E-03   1.6712979777839732E+03   3.1590687622932670E-02
   9.4000000000000000E+06   7.5792673547641909E-03   1.6701308430361196E+03   3.1622407251378173E-02
   9.5000000000000000E+06   7.5845107128309037E-03   1.6689762406682325E+03   3.1653829895311097E-02
   9.6000000000000000E+06   7.5897171136762431E-03   1.6678313548733972E+03   3.1684984503368090E-02
   9.7000000000000000E+06   7.5948681294529009E-03   1.6667001929525679E+03   3.1715837286154215E-02
   9.8000000000000000E+06   7.5999702489181571E-03   1.6655812802175583E+03   3.1746404689851231E-02
   9.9000000000000000E+06   7.6050308728953840E-03   1.6644729506520953E+03   3.1776704919186924E-02
   1.0000000000000000E+07   7.6100411209401508E-03   1.6633771060680726E+03   3.1806723216262260E-02
   1.1000000000000000E+07   7.6578808308411682E-03   1.6529857876383301E+03   3.2093071551732355E-02
   1.2000000000000000E+07   7.7019427281122205E-03   1.6435292527695906E+03   3.2356750997872157E-02
   1.3000000000000000E+07   7.7427879076591172E-03   1.6348592170898651E+03   3.2601057777635355E-02
   1.4000000000000000E+07   7.7808060784528088E-03   1.6268710528415506E+03   3.2828515801147984E-02
   1.5000000000000000E+07   7.8163473589622171E-03   1.6194735975102726E+03   3.3041245519788133E-02
   1.6000000000000000E+07   7.8497569892284919E-03   1.6125808982594476E+03   3.3241108295651169E-02
   1.7000000000000000E+07   7.8812119741761121E-03   1.6061448693786392E+03   3.3429431000315472E-02
   1.8000000000000000E+07   7.9109403936039966E-03   1.6001091585828106E+03   3.3607489545694577E-02
   1.9000000000000000E+07   7.9391376485331098E-03   1.5944260872145612E+03   3.3776370418109825E-02
   2.0000000000000000E+07   7.9659422967112217E-03   1.5890609930773069E+03   3.3936945367192869E-02
   2.1000000000000000E+07   7.9914730845108591E-03   1.5839843346707901E+03   3.4089964404365521E-02
   2.2000000000000000E+07   8.0159185983497434E-03   1.5791537827510458E+03   3.4236251139300379E-02
   2.3000000000000000E+07   8.0391696942499376E-03   1.5745865130652023E+03   3.4375971744577037E-02
   2.4000000000000000E+07   8.0615272330068002E-03   1.5702196135963584E+03   3.4510073352252903E-02
   2.5000000000000000E+07   8.0830860085832693E-03   1.5660316076516801E+03   3.4639047140855084E-02
   2.6000000000000000E+07   8.1036657571298722E-03   1.5620545758160383E+03   3.4762794951695195E-02
   2.7000000000000000E+07   8.1235459647469154E-03   1.5582318647227378E+03   3.4882118193686314E-02
   2.8000000000000000E+07   8.1427165656447406E-03   1.5545632805415189E+03   3.4997208586530132E-02
   2.9000000000000000E+07   8.1612260915086814E-03   1.5510375567194262E+03   3.5108354644513055E-02
   3.0000000000000000E+07   8.1791182959312179E-03   1.5476445894058638E+03   3.5215816496706326E-02
   3.1000000000000000E+07   8.1964327553431856E-03   1.5443752855236412E+03   3.5319829471253110E-02
   3.2000000000000000E+07   8.2132053833005973E-03   1.5412214337834453E+03   3.5420607142417342E-02
   3.3000000000000000E+07   8.2294688632004176E-03   1.5381755964121426E+03   3.5518343914885599E-02
   3.4000000000000000E+07   8.2452530260655119E-03   1.5352310155663963E+03   3.5613217250500359E-02
   3.5000000000000000E+07   8.2605851672180770E-03   1.5323815347904010E+03   3.5705389566303182E-02
   3.6000000000000000E+07   8.2754903275505352E-03   1.5296215300580520E+03   3.5795009889321473E-02
   3.7000000000000000E+07   8.2899915335789970E-03   1.5269458509740509E+03   3.5882215283667744E-02
   3.8000000000000000E+07   8.3041100029563452E-03   1.5243497704512531E+03   3.5967132085826747E-02
   3.9000000000000000E+07   8.3178653360391520E-03   1.5218289387257851E+03   3.6049877008173671E-02
   4.0000000000000000E+07   8.3312756674627196E-03   1.5193793462200429E+03   3.6130558073405435E-02
   4.1000000000000000E+07   8.3443578131916114E-03   1.5169972884907716E+03   3.6209275464237578E-02
   4.2000000000000000E+07   8.3571273938801306E-03   1.5146793365957419E+03   3.6286122260297683E-02
   4.3000000000000000E+07   8.3695989426337512E-03   1.5124223112206992E+03   3.6361185087491324E-02
   4.4000000000000000E+07   8.3817860068510427E-03   1.5102232586780256E+03   3.6434544706924303E-02
   4.5000000000000000E+07   8.3937012345367216E-03   1.5080794304095955E+03   3.6506276530355639E-02
   4.6000000000000000E+07   8.4053564493546552E-03   1.5059882651116291E+03   3.6576451076226271E-02
   4.7000000000000000E+07   8.4167627228036723E-03   1.5039473718931074E+03   3.6645134387820646E-02
   4.8000000000000000E+07   8.4279304369129972E-03   1.5019545155910180E+03   3.6712388404186475E-02
   4.9000000000000000E+07   8.4388693375177064E-03   1.5000076041622794E+03   3.6778271287336906E-02
   5.0000000000000000E+07   8.4495885878467167E-03   1.4981046763644028E+03   3.6842837728323523E-02
   5.1000000000000000E+07   8.4600968127123543E-03   1.4962438914159559E+03   3.6906139215100567E-02
   5.2000000000000000E+07   8.4704021400332681E-03   1.4944235193960628E+03   3.6968224277974256E-02
   5.3000000000000000E+07   8.4805122382930320E-03   1.4926419326005655E+03   3.7029138711723045E-02
   5.4000000000000000E+07   8.4904343487516732E-03   1.4908975980327302E+03   3.7088925773665370E-02
   5.5000000000000000E+07   8.5001753203641523E-03   1.4891890696045275E+03   3.7147626375194268E-02
   5.6000000000000000E+07   8.5097416322568835E-03   1.4875149826906450E+03   3.7205279237457513E-02
   5.7000000000000000E+07   8.5191394275338922E-03   1.4858740468428728E+03   3.7261921060314486E-02
   5.8000000000000000E+07   8.5283745261983263E-03   1.4842650422918457E+03   3.7317586640493547E-02
   5.9000000000000000E+07   8.5374524549367073E-03   1.4826868136160299E+03   3.7372309016055011E-02
   6.0000000000000000E+07   8.5463784642162647E-03   1.4811382657354948E+03   3.7426119578251947E-02
   6.1000000000000000E+07   8.5551575456481784E-03   1.4796183599503079E+03   3.7479048177627511E-02
   6.2000000000000000E+07   8.5637944495169423E-03   1.4781261100355437E+03   3.7531123224754777E-02
   6.3000000000000000E+07   8.5722936988057632E-03   1.4766605790200517E+03   3.7582371778744648E-02
   6.4000000000000000E+07   8.5806596060330181E-03   1.4752208755499896E+03   3.7632819636755646E-02
   6.5000000000000000E+07   8.5888962843288629E-03   1.4738061513101138E+03   3.7682491407625335E-02
   6.6000000000000000E+07   8.5970076584288256E-03   1.4724155985132481E+03   3.7731410581470975E-02
   6.7000000000000000E+07   8.6049974774317309E-03   1.4710484471387092E+03   3.7779599599334773E-02
   6.8000000000000000E+07   8.6128693235672672E-03   1.4697039629025317E+03   3.7827079911560618E-02
   6.9000000000000000E+07   8.6206266289311391E-03   1.4683814439111086E+03   3.7873872049328794E-02
   7.0000000000000000E+07   8.6282726722997291E-03   1.4670802207546105E+03   3.7919995653277132E-02
   7.1000000000000000E+07   8.6358105947399750E-03   1.4657996534243816E+03   3.7965469537623850E-02
   7.2000000000000000E+07   8.6432434090197418E-03   1.4645391293271568E+03   3.8010311739516613E-02
   7.3000000000000000E+07   8.6505740010487803E-03   1.4632980626804394E+03   3.8054539550216995E-02
   7.4000000000000000E+07   8.6578051420388435E-03   1.4620758921154829E+03   3.8098169566031508E-02
   7.5000000000000000E+07   8.6649394887940955E-03   1.4608720803161812E+03   3.8141217713519901E-02
   7.6000000000000000E+07   8.6719795989381055E-03   1.4596861111571907E+03   3.8183699303255603E-02
   7.7000000000000000E+07   8.6789279222200689E-03   1.4585174908988586E+03   3.8225629033788351E-02
   7.8000000000000000E+07   8.6857868214714300E-03   1.4573657444040339E+03   3.8267021054114239E-02
   7.9000000000000000E+07   8.6925585645701228E-03   1.4562304162554076E+03   3.8307888966322985E-02
   8.0000000000000000E+07   8.6992453392307646E-03   1.4551110680513100E+03   3.8348245873168534E-02
   8.1000000000000000E+07   8.7058492466498480E-03   1.4540072792645246E+03   3.8388104381846984E-02
   8.2000000000000000E+07   8.7123723128108635E-03   1.4529186451542384E+03   3.8427476642431103E-02
   8.3000000000000000E+07   8.7188164929887322E-03   1.4518447758348545E+03   3.8466374371633361E-02
   8.4000000000000000E+07   8.7251836697135911E-03   1.4507852964456822E+03   3.8504808862489782E-02
   8.5000000000000000E+07   8.7314756602859065E-03   1.4497398457380536E+03   3.8542791012524460E-02
   8.6000000000000000E+07   8.7376942156744339E-03   1.4487080761078569E+03   3.8580331333758648E-02
   8.7000000000000000E+07   8.7438410301387479E-03   1.4476896518563071E+03   3.8617439983677664E-02
   8.8000000000000000E+07   8.7499177410099733E-03   1.4466842490964202E+03   3.8654126775669102E-02
   8.9000000000000000E+07   8.7559259239301836E-03   1.4456915564135593E+03   3.8690401179678736E-02
   9.0000000000000000E+07   8.7618671081554893E-03   1.4447112722157278E+03   3.8726272362818830E-02
   9.1000000000000000E+07   8.7677427681826896E-03   1.4437431060072247E+03   3.8761749181628079E-02
   9.2000000000000000E+07   8.7735543355505086E-03   1.4427867763372315E+03   3.8796840214578854E-02
   9.3000000000000000E+07   8.7793031893077557E-03   1.4418420122709722E+03   3.8831553751035343E-02
   9.4000000000000000E+07   8.7849906691484722E-03   1.4409085511340029E+03   3.8865897825554448E-02
   9.5000000000000000E+07   8.7906180700410407E-03   1.4399861393078770E+03   3.8899880214403493E-02
   9.6000000000000000E+07   8.7961866457878842E-03   1.4390745315607880E+03   3.8933508449732999E-02
   9.7000000000000000E+07   8.8016976143111946E-03   1.4381734901033726E+03   3.8966789836873898E-02
   9.8000000000000000E+07   8.8071521545431391E-03   1.4372827850236110E+03   3.8999731454344745E-02
   9.9000000000000000E+07   8.8125514057357211E-03   1.4364021943258858E+03   3.9032340158426923E-02
   1.0000000000000000E+08   8.8178964832458344E-03   1.4355315012894050E+03   3.9064622620716617E-02
   1.1000000000000000E+08   8.8685893773823108E-03   1.4273259971976236E+03   3.9370836324869929E-02
   1.2000000000000000E+08   8.9148739949991493E-03   1.4199155460760574E+03   3.9650489984836015E-02
   1.3000000000000000E+08   8.9574557283915376E-03   1.4131655863714195E+03   3.9907824202553829E-02
   1.4000000000000000E+08   8.9968831916719776E-03   1.4069726045266161E+03   4.0146138898126058E-02
   1.5000000000000000E+08   9.0335914801111007E-03   1.4012553262650724E+03   4.0368052424334680E-02
   1.6000000000000000E+08   9.0679314709990674E-03   1.3959488133861923E+03   4.0575677199303169E-02
   1.7000000000000000E+08   9.1001902417466723E-03   1.3910003901609466E+03   4.0770742179626104E-02
   1.8000000000000000E+08   9.1306056501561060E-03   1.3863667605217447E+03   4.0954680378135801E-02
   1.9000000000000000E+08   9.1593769841266087E-03   1.3820119205428136E+03   4.1128692778440251E-02
   2.0000000000000000E+08   9.1866728672500998E-03   1.3779056204270350E+03   4.1293795854273993E-02
   2.1000000000000000E+08   9.2126372515594444E-03   1.3740222078825200E+03   4.1450857543737840E-02
   2.2000000000000000E+08   9.2373939898583411E-03   1.3703397506597614E+03   4.1600624813223311E-02
   2.3000000000000000E+08   9.2610504377794896E-03   1.3668393517402696E+03   4.1743745195544475E-02
   2.4000000000000000E+08   9.2837002307277865E-03   1.3635046223176164E+03   4.1880783631990839E-02
   2.5000000000000000E+08   9.3054255491152784E-03   1.3603212566685854E+03   4.2012235992080815E-02
   2.6000000000000000E+08   9.3262989006487954E-03   1.3572766980401909E+03   4.2138539866846930E-02
   2.7000000000000000E+08   9.3463845833616534E-03   1.3543598665245133E+03   4.2260083362137706E-02
   2.8000000000000000E+08   9.3657398839990160E-03   1.3515609373728992E+03   4.2377212297487449E-02
   2.9000000000000000E+08   9.3844160543105765E-03   1.3488711608213541E+03   4.2490236119326126E-02
   3.0000000000000000E+08   9.4024591350561453E-03   1.3462827112550776E+03   4.2599432839540617E-02
   3.1000000000000000E+08   9.4199106468947618E-03   1.3437885614107436E+03   4.2705053169158673E-02
   3.2000000000000000E+08   9.4368081489228060E-03   1.3413823802546401E+03   4.2807323950667144E-02
   3.3000000000000000E+08   9.4531857236654689E-03   1.3390584451460645E+03   4.2906451087762490E-02
   3.4000000000000000E+08   9.4690744253168330E-03   1.3368115623808619E+03   4.3002622110172348E-02
   3.5000000000000000E+08   9.4845025799067204E-03   1.3346370112888885E+03   4.3096008199219132E-02
   3.6000000000000000E+08   9.4994961494943124E-03   1.3325304813647724E+03   4.3186766143032095E-02
   3.7000000000000000E+08   9.5140789404688716E-03   1.3304880331573779E+03   4.3275039810040106E-02
   3.8000000000000000E+08   9.5282728511573069E-03   1.3285060550371381E+03   4.3360961561642458E-02
   3.9000000000000000E+08   9.5420980968342860E-03   1.3265812244173046E+03   4.3444653500857175E-02
   4.0000000000000000E+08   9.5555733363013248E-03   1.3247104837466647E+03   4.3526228421761654E-02
   4.1000000000000000E+08   9.5687158561712071E-03   1.3228910093139220E+03   4.3605790789914223E-02
   4.2000000000000000E+08   9.5815416855086852E-03   1.3211201904964028E+03   4.3683437508919738E-02
   4.3000000000000000E+08   9.5940657386558020E-03   1.3193956057447224E+03   4.3759258681042704E-02
   4.4000000000000000E+08   9.6063018827375057E-03   1.3177150095142758E+03   4.3833338161484603E-02
   4.5000000000000000E+08   9.6182630584009769E-03   1.3160763123183797E+03   4.3905754173266712E-02
   4.6000000000000000E+08   9.6299613533673226E-03   1.3144775676988763E+03   4.3976579786074096E-02
   4.7000000000000000E+08   9.6414080682984665E-03   1.3129169605869022E+03   4.4045883344105037E-02
   4.8000000000000000E+08   9.6526138068819926E-03   1.3113927926737795E+03   4.4113728911818750E-02
   4.9000000000000000E+08   9.6635884979220255E-03   1.3099034773190522E+03   4.4180176555201553E-02
   5.0000000000000000E+08   9.6743414795339988E-03   1.3084475262308185E+03   4.4245282724568021E-02
   5.1000000000000000E+08   9.6848815270575671E-03   1.3070235440096587E+03   4.4309100502651799E-02
   5.2000000000000000E+08   9.6952169274934410E-03   1.3056302165774332E+03   4.4371679928062020E-02
   5.3000000000000000E+08   9.7053554508838933E-03   1.3042663136727904E+03   4.4433068094128420E-02
   5.4000000000000000E+08   9.7153044708225590E-03   1.3029306713777876E+03   4.4493309534309376E-02
   5.5000000000000000E+08   9.7250709467750253E-03   1.3016221934099265E+03   4.4552446315482851E-02
   5.6000000000000000E+08   9.7346614548955573E-03   1.3003398459678915E+03   4.4610518217581989E-02
   5.7000000000000000E+08   9.7440822131350507E-03   1.2990826534432297E+03   4.4667562891308389E-02
   5.8000000000000000E+08   9.7533391387557983E-03   1.2978496899086856E+03   4.4723616072005187E-02
   5.9000000000000000E+08   9.7624378180089840E-03   1.2966400824041395E+03   4.4778711607786542E-02
   6.0000000000000000E+08   9.7713835843570070E-03   1.2954529998262703E+03   4.4832881699377714E-02
   6.1000000000000000E+08   9.7801814775416406E-03   1.2942876577368258E+03   4.4886156892556359E-02
   6.2000000000000000E+08   9.7888363265918009E-03   1.2931433067709436E+03   4.4938566314794821E-02
   6.3000000000000000E+08   9.7973527082003790E-03   1.2920192376266509E+03   4.4990137654686943E-02
   6.4000000000000000E+08   9.8057349503841099E-03   1.2909147800606834E+03   4.5040897227830744E-02
   6.5000000000000000E+08   9.8139872541087442E-03   1.2898292864104628E+03   4.5090870276422064E-02
   6.6000000000000000E+08   9.8221135632063517E-03   1.2887621483248492E+03   4.5140080756386966E-02
   6.7000000000000000E+08   9.8301176661061279E-03   1.2877127829765489E+03   4.5188551588933368E-02
   6.8000000000000000E+08   9.8380032004242723E-03   1.2866806321289421E+03   4.5236304712511589E-02
   6.9000000000000000E+08   9.8457736050455817E-03   1.2856651680799903E+03   4.5283361025608378E-02
   7.0000000000000000E+08   9.8534322166304502E-03   1.2846658807317806E+03   4.5329740618383782E-02
   7.1000000000000000E+08   9.8609821965001190E-03   1.2836822868721124E+03   4.5375462659130651E-02
   7.2000000000000000E+08   9.8684265784517444E-03   1.2827139236612154E+03   4.5420545522588965E-02
   7.3000000000000000E+08   9.8757682891788424E-03   1.2817603457422740E+03   4.5465006860731398E-02
   7.4000000000000000E+08   9.8830100952786489E-03   1.2808211318994468E+03   4.5508863523291559E-02
   7.5000000000000000E+08   9.8901547039604021E-03   1.2798958717743369E+03   4.5552131786843517E-02
   7.6000000000000000E+08   9.8972046802367850E-03   1.2789841764195601E+03   4.5594827211563972E-02
   7.7000000000000000E+08   9.9041625103630307E-03   1.2780856698952200E+03   4.5636964791780234E-02
   7.8000000000000000E+08   9.9110305545046726E-03   1.2771999952169544E+03   4.5678558881357502E-02
   7.9000000000000000E+08   9.9178111067076101E-03   1.2763268064510078E+03   4.5719623334464561E-02
   8.0000000000000000E+08   9.9245063682223619E-03   1.2754657720145910E+03   4.5760171470111577E-02
   8.1000000000000000E+08   9.9311184573482852E-03   1.2746165732664494E+03   4.5800216109298422E-02
   8.2000000000000000E+08   9.9376494210978820E-03   1.2737789028796308E+03   4.5839769614782623E-02
   8.3000000000000000E+08   9.9441012294882603E-03   1.2729524654547265E+03   4.5878843894780710E-02
   8.4000000000000000E+08   9.9504757703005476E-03   1.2721369780719663E+03   4.5917450406697834E-02
   8.5000000000000000E+08   9.9567748541608651E-03   1.2713321695246143E+03   4.5955600180862304E-02
   8.6000000000000000E+08   9.9630002705809687E-03   1.2705377730628443E+03   4.5993303946388460E-02
   8.7000000000000000E+08   9.9691537379185263E-03   1.2697535327057176E+03   4.6030572042063671E-02
   8.8000000000000000E+08   9.9752368605749292E-03   1.2689792085878235E+03   4.6067414341175970E-02
   8.9000000000000000E+08   9.9812512590601674E-03   1.2682145603055751E+03   4.6103840524826370E-02
   9.0000000000000000E+08   9.9871984388100951E-03   1.2674593635406541E+03   4.6139859827021401E-02
   9.1000000000000000E+08   9.9930799243641236E-03   1.2667133929296508E+03   4.6175481315153380E-02
   9.2000000000000000E+08   9.9988971156481279E-03   1.2659764402414239E+03   4.6210713608707689E-02
   9.3000000000000000E+08   1.0004651436485891E-02   1.2652482954723187E+03   4.6245565187680582E-02
   9.4000000000000000E+08   1.0010344199676500E-02   1.2645287638778227E+03   4.6280044128114824E-02
   9.5000000000000000E+08   1.0015976727511096E-02   1.2638176506580182E+03   4.6314158353103492E-02
   9.6000000000000000E+08   1.0021550280532240E-02   1.2631147699172327E+03   4.6347915496115354E-02
   9.7000000000000000E+08   1.0027066060618766E-02   1.2624199442072206E+03   4.6381322914053204E-02
   9.8000000000000000E+08   1.0032525282730680E-02   1.2617329954401141E+03   4.6414387838641338E-02
   9.9000000000000000E+08   1.0037929068107791E-02   1.2610537582922607E+03   4.6447117166874718E-02
   1.0000000000000000E+09   1.0043278562613544E-02   1.2603820652679772E+03   4.6479517705875578E-02
   1.1000000000000000E+09   1.0094009295961248E-02   1.2540476044413042E+03   4.6786786585092048E-02
   1.2000000000000000E+09   1.0140322883657708E-02   1.2483200310326281E+03   4.7067309310347041E-02
   1.3000000000000000E+09   1.0182927306373843E-02   1.2430971758862652E+03   4.7325371554564538E-02
   1.4000000000000000E+09   1.0222372877101467E-02   1.2383003759492790E+03   4.7564304865935547E-02
   1.5000000000000000E+09   1.0259095842435964E-02   1.2338678155679265E+03   4.7786750434318952E-02
   1.6000000000000000E+09   1.0293447896778839E-02   1.2297500607905813E+03   4.7994837603504287E-02
   1.7000000000000000E+09   1.0325716733933827E-02   1.2259069760463933E+03   4.8190308183188667E-02
   1.8000000000000000E+09   1.0356140587973087E-02   1.2223055557500852E+03   4.8374604924391801E-02
   1.9000000000000000E+09   1.0384919091716398E-02   1.2189183242559388E+03   4.8548936559909668E-02
   2.0000000000000000E+09   1.0412221140190294E-02   1.2157221793867043E+03   4.8714325728173906E-02
   2.1000000000000000E+09   1.0438190831149639E-02   1.2126975240798788E+03   4.8871645189570594E-02
   2.2000000000000000E+09   1.0462952199696141E-02   1.2098275835739817E+03   4.9021645969449086E-02
   2.3000000000000000E+09   1.0486612701331935E-02   1.2070979006596365E+03   4.9164978840731219E-02
   2.4000000000000000E+09   1.0509266036400526E-02   1.2044959308256325E+03   4.9302211399835413E-02
   2.5000000000000000E+09   1.0530994537644119E-02   1.2020107057847028E+03   4.9433841937850102E-02
   2.6000000000000000E+09   1.0551870668551207E-02   1.1996326124935797E+03   4.9560309740369020E-02
   2.7000000000000000E+09   1.0571958823633895E-02   1.1973531478868742E+03   4.9682004623827478E-02
   2.8000000000000000E+09   1.0591316411265398E-02   1.1951647637818139E+03   4.9799273949563891E-02
   2.9000000000000000E+09   1.0609994598040216E-02   1.1930607560485093E+03   4.9912428106946308E-02
   3.0000000000000000E+09   1.0628039503898727E-02   1.1910351078545518E+03   5.0021746232052626E-02
   3.1000000000000000E+09   1.0645492663402615E-02   1.1890824198607327E+03   5.0127479902219656E-02
   3.2000000000000000E+09   1.0662391644469816E-02   1.1871978256748691E+03   5.0229856709874350E-02
   3.3000000000000000E+09   1.0678770602766922E-02   1.1853769172200978E+03   5.0329083348700433E-02
   3.4000000000000000E+09   1.0694660587422192E-02   1.1836156999405619E+03   5.0425347903993674E-02
   3.5000000000000000E+09   1.0710089878069800E-02   1.1819105461223060E+03   5.0518821963749079E-02
   3.6000000000000000E+09   1.0725084515001933E-02   1.1802581284186904E+03   5.0609662918217085E-02
   3.7000000000000000E+09   1.0739668243638135E-02   1.1786554192962994E+03   5.0698014908269785E-02
   3.8000000000000000E+09   1.0753863081328453E-02   1.1770996228124504E+03   5.0784010889148433E-02
   3.9000000000000000E+09   1.0767689156687946E-02   1.1755881872710067E+03   5.0867773105677569E-02
   4.0000000000000000E+09   1.0781165183538981E-02   1.1741187488839935E+03   5.0949414747858607E-02
   4.1000000000000000E+09   1.0794308436653431E-02   1.1726891306742150E+03   5.1029040514058717E-02
   4.2000000000000000E+09   1.0807134945317997E-02   1.1712973180086435E+03   5.1106747540360146E-02
   4.3000000000000000E+09   1.0819659633010027E-02   1.1699414405041598E+03   5.1182626157699120E-02
   4.4000000000000000E+09   1.0831896279197631E-02   1.1686197735403466E+03   5.1256760235171478E-02
   4.5000000000000000E+09   1.0843858045798207E-02   1.1673306791131722E+03   5.1329228616465924E-02
   4.6000000000000000E+09   1.0855556787507974E-02   1.1660726782227391E+03   5.1400104059189468E-02
   4.7000000000000000E+09   1.0867003990942977E-02   1.1648443478403506E+03   5.1469455427998481E-02
   4.8000000000000000E+09   1.0878210261665168E-02   1.1636443746097250E+03   5.1537346923874398E-02
   4.9000000000000000E+09   1.0889185393528556E-02   1.1624715457899474E+03   5.1603838462052166E-02
   5.0000000000000000E+09   1.0899938705208041E-02   1.1613247119234013E+03   5.1668986565550086E-02
   5.1000000000000000E+09   1.0910479145797220E-02   1.1602027745669204E+03   5.1732844771122562E-02
   5.2000000000000000E+09   1.0920814888848466E-02   1.1591047285065013E+03   5.1795462983359707E-02
   5.3000000000000000E+09   1.0930953691951059E-02   1.1580296224408462E+03   5.1856888358320294E-02
   5.4000000000000000E+09   1.0940903127670086E-02   1.1569765337556839E+03   5.1917165912609614E-02
   5.5000000000000000E+09   1.0950669898086537E-02   1.1559446403384250E+03   5.1976337268635854E-02
   5.6000000000000000E+09   1.0960260639436736E-02   1.1549331346429542E+03   5.2034442397581857E-02
   5.7000000000000000E+09   1.0969681706848774E-02   1.1539412459803073E+03   5.2091519292176557E-02
   5.8000000000000000E+09   1.0978938808621438E-02   1.1529682783975636E+03   5.2147603326196598E-02
   5.9000000000000000E+09   1.0988037771478918E-02   1.1520135296281135E+03   5.2202728889748189E-02
   6.0000000000000000E+09   1.0996983797076719E-02   1.1510763687924482E+03   5.2256927969883217E-02
   6.1000000000000000E+09   1.1005781847563425E-02   1.1501561953647938E+03   5.2310231004760427E-02
   6.2000000000000000E+09   1.1014437006476491E-02   1.1492524011318360E+03   5.2362667681729758E-02
   6.3000000000000000E+09   1.1022953494572182E-02   1.1483644726471514E+03   5.2414265013495123E-02
   6.4000000000000000E+09   1.1031335964407803E-02   1.1474918557145040E+03   5.2465050011333073E-02
   6.5000000000000000E+09   1.1039588443201973E-02   1.1466340653852280E+03   5.2515047604287948E-02
   6.6000000000000000E+09   1.1047715010707754E-02   1.1457906150312183E+03   5.2564282058238605E-02
   6.7000000000000000E+09   1.1055719149821605E-02   1.1449610835142021E+03   5.2612775710655015E-02
   6.8000000000000000E+09   1.1063604850898171E-02   1.1441450004227891E+03   5.2660551243717393E-02
   6.9000000000000000E+09   1.1071375423721354E-02   1.1433419690282419E+03   5.2707629324702805E-02
   7.0000000000000000E+09   1.1079034310997216E-02   1.1425515817965806E+03   5.2754030285737004E-02
   7.1000000000000000E+09   1.1086584334136408E-02   1.1417734980676071E+03   5.2799772634883613E-02
   7.2000000000000000E+09   1.1094028875861063E-02   1.1410073219072976E+03   5.2844875476330419E-02
   7.3000000000000000E+09   1.1101370716302478E-02   1.1402527219651815E+03   5.2889356189467510E-02
   7.4000000000000000E+09   1.1108612655560322E-02   1.1395093671280742E+03   5.2933231713823137E-02
   7.5000000000000000E+09   1.1115757323336858E-02   1.1387769459695726E+03   5.2976518190361137E-02
   7.6000000000000000E+09   1.1122807502015341E-02   1.1380551335186633E+03   5.3019231638109864E-02
   7.7000000000000000E+09   1.1129765318609859E-02   1.1373436738726784E+03   5.3061386344675145E-02
   7.8000000000000000E+09   1.1136633540432548E-02   1.1366422474844949E+03   5.3102997504009750E-02
   7.9000000000000000E+09   1.1143414140221096E-02   1.1359506177841206E+03   5.3144078338291836E-02
   8.0000000000000000E+09   1.1150109620100880E-02   1.1352684958351049E+03   5.3184642790246935E-02
   8.1000000000000000E+09   1.1156721814537068E-02   1.1345956623490213E+03   5.3224703122912533E-02
   8.2000000000000000E+09   1.1163252690623625E-02   1.1339318859493908E+03   5.3264271552166918E-02
   8.3000000000000000E+09   1.1169704730321910E-02   1.1332768844323466E+03   5.3303361033963929E-02
   8.4000000000000000E+09   1.1176079298669820E-02   1.1326304904006058E+03   5.3341981983133183E-02
   8.5000000000000000E+09   1.1182378435245593E-02   1.1319924692327272E+03   5.3380145904929573E-02
   8.6000000000000000E+09   1.1188603990456510E-02   1.1313626067743221E+03   5.3417863663398006E-02
   8.7000000000000000E+09   1.1194757504669518E-02   1.1307407214071807E+03   5.3455145249236412E-02
   8.8000000000000000E+09   1.1200840691313021E-02   1.1301266151054042E+03   5.3492000766811564E-02
   8.9000000000000000E+09   1.1206855130502454E-02   1.1295201043828365E+03   5.3528439826019139E-02
   9.0000000000000000E+09   1.1212802462496993E-02   1.1289210007173845E+03   5.3564471943073462E-02
   9.1000000000000000E+09   1.1218684068308934E-02   1.1283291426813962E+03   5.3600105905001430E-02
   9.2000000000000000E+09   1.1224501261736660E-02   1.1277443764882210E+03   5.3635350166367703E-02
   9.3000000000000000E+09   1.1230255710434135E-02   1.1271665136749691E+03   5.3670213708313652E-02
   9.4000000000000000E+09   1.1235948470352804E-02   1.1265954280770202E+03   5.3704704096436691E-02
   9.5000000000000000E+09   1.1241580936663071E-02   1.1260309602472998E+03   5.3738829408990697E-02
   9.6000000000000000E+09   1.1247154634903963E-02   1.1254729385088201E+03   5.3772597822224828E-02
   9.7000000000000000E+09   1.1252670436833416E-02   1.1249212573909358E+03   5.3806016033646854E-02
   9.8000000000000000E+09   1.1258129769161847E-02   1.1243757565738965E+03   5.3839091709629680E-02
   9.9000000000000000E+09   1.1263533492442490E-02   1.1238363330034808E+03   5.3871831227408983E-02
   1.0000000000000000E+10   1.1268883256631123E-02   1.1233028054807205E+03   5.3904242418609312E-02
   1.1000000000000000E+10   1.1319614284221059E-02   1.1182685080050433E+03   5.4211602810752393E-02
   1.2000000000000000E+10   1.1365928257626513E-02   1.1137117787378888E+03   5.4492202012319899E-02
   1.3000000000000000E+10   1.1408532987378116E-02   1.1095526647302597E+03   5.4750328879311957E-02
   1.4000000000000000E+10   1.1447978786625360E-02   1.1057295276959453E+03   5.4989317475699642E-02
   1.5000000000000000E+10   1.1484701891168082E-02   1.1021938833730587E+03   5.5211810811833434E-02
   1.6000000000000000E+10   1.1519053920382123E-02   1.0989069297097744E+03   5.5419939460305656E-02
   1.7000000000000000E+10   1.1551322924381290E-02   1.0958370967268638E+03   5.5615447004896262E-02
   1.8000000000000000E+10   1.1581746954718969E-02   1.0929584480043247E+03   5.5799776647480807E-02
   1.9000000000000000E+10   1.1610525541449574E-02   1.0902493717117356E+03   5.5974137559825235E-02
   2.0000000000000000E+10   1.1637827522232828E-02   1.0876916806531112E+03   5.6139552781330850E-02
   2.1000000000000000E+10   1.1663797486553796E-02   1.0852698867072427E+03   5.6296896483626256E-02
   2.2000000000000000E+10   1.1688558530273039E-02   1.0829708508558724E+03   5.6446918137084377E-02
   2.3000000000000000E+10   1.1712219517574786E-02   1.0807830367091333E+03   5.6590271641948436E-02
   2.4000000000000000E+10   1.1734872899921032E-02   1.0786966577962373E+03   5.6727522307521205E-02
   2.5000000000000000E+10   1.1756600894019203E-02   1.0767030616177506E+03   5.6859168388038651E-02
   2.6000000000000000E+10   1.1777477492925528E-02   1.0747945121875259E+03   5.6985652425198423E-02
   2.7000000000000000E+10   1.1797565553595782E-02   1.0729644280679850E+03   5.7107361272419860E-02
   2.8000000000000000E+10   1.1816923131839111E-02   1.0712067799359875E+03   5.7224643720446444E-02
   2.9000000000000000E+10   1.1835601505749895E-02   1.0695162532008917E+03   5.7337810488840450E-02
   3.0000000000000000E+10   1.1853646573385376E-02   1.0678881050182395E+03   5.7447140356603442E-02
   3.1000000000000000E+10   1.1871099722600413E-02   1.0663180726811038E+03   5.7552884683967027E-02
   3.2000000000000000E+10   1.1887998615294437E-02   1.0648022923322776E+03   5.7655271322498432E-02
   3.3000000000000000E+10   1.1904377362197746E-02   1.0633372743210414E+03   5.7754506936009010E-02
   3.4000000000000000E+10   1.1920267435046044E-02   1.0619198139458156E+03   5.7850780517000336E-02
   3.5000000000000000E+10   1.1935696979367885E-02   1.0605470462839153E+03   5.7944263430208427E-02
   3.6000000000000000E+10   1.1950691466162922E-02   1.0592163819682942E+03   5.8035111958396779E-02
   3.7000000000000000E+10   1.1965275077285713E-02   1.0579253794873866E+03   5.8123471161607605E-02
   3.8000000000000000E+10   1.1979469833654926E-02   1.0566718187516319E+03   5.8209474035946986E-02
   3.9000000000000000E+10   1.1993296047990008E-02   1.0554536572896416E+03   5.8293243228357022E-02
   4.0000000000000000E+10   1.2006772034899037E-02   1.0542690524993297E+03   5.8374891149826788E-02
   4.1000000000000000E+10   1.2019915292589242E-02   1.0531162548718498E+03   5.8454522974464053E-02
   4.2000000000000000E+10   1.2032741513613950E-02   1.0519936925834124E+03   5.8532235180546642E-02
   4.3000000000000000E+10   1.2045266496463924E-02   1.0508998020529075E+03   5.8608119886415781E-02
   4.4000000000000000E+10   1.2057503298461669E-02   1.0498332750548325E+03   5.8682259520924727E-02
   4.5000000000000000E+10   1.2069464758662085E-02   1.0487928362957211E+03   5.8754732292532488E-02
   4.6000000000000000E+10   1.2081163232933723E-02   1.0477772655451961E+03   5.8825611986098543E-02
   4.7000000000000000E+10   1.2092611408104605E-02   1.0467853261475580E+03   5.8894969904283459E-02
   4.8000000000000000E+10   1.2103816580880080E-02   1.0458162590471159E+03   5.8962863578220837E-02
   4.9000000000000000E+10   1.2114791815833274E-02   1.0448688156790911E+03   5.9029359540475203E-02
   5.0000000000000000E+10   1.2125545987237515E-02   1.0439421194007884E+03   5.9094513427267327E-02
   5.1000000000000000E+10   1.2136085551259067E-02   1.0430355095424659E+03   5.9158373750571612E-02
   5.2000000000000000E+10   1.2146422007715478E-02   1.0421478990905955E+03   5.9220997141984220E-02
   5.3000000000000000E+10   1.2156561245081510E-02   1.0412786907095110E+03   5.9282426991148857E-02
   5.4000000000000000E+10   1.2166510381095568E-02   1.0404271874437507E+03   5.9342707403874005E-02
   5.5000000000000000E+10   1.2176276521771652E-02   1.0395926993095802E+03   5.9401880825707479E-02
   5.6000000000000000E+10   1.2185867971111911E-02   1.0387744399345756E+03   5.9459990602869918E-02
   5.7000000000000000E+10   1.2195288980179773E-02   1.0379719740451660E+03   5.9517070484855411E-02
   5.8000000000000000E+10   1.2204546692409557E-02   1.0371846243729110E+03   5.9573158749822941E-02
   5.9000000000000000E+10   1.2213645193867580E-02   1.0364119782326879E+03   5.9628286277847595E-02
   6.0000000000000000E+10   1.2222591436145670E-02   1.0356533835675855E+03   5.9682488595263150E-02
   6.1000000000000000E+10   1.2231389074742522E-02   1.0349084719206289E+03   5.9735793506104147E-02
   6.2000000000000000E+10   1.2240044597079940E-02   1.0341766385253463E+03   5.9788233537348447E-02
   6.3000000000000000E+10   1.2248560949669146E-02   1.0334575815741343E+03   5.9839833132545109E-02
   6.4000000000000000E+10   1.2256943871834548E-02   1.0327507663550903E+03   5.9890621501633046E-02
   6.5000000000000000E+10   1.2265196064467009E-02   1.0320559174329460E+03   5.9940620898674503E-02
   6.6000000000000000E+10   1.2273321496220216E-02   1.0313726549660435E+03   5.9989855368627165E-02
   6.7000000000000000E+10   1.2281326248264208E-02   1.0307004244429661E+03   6.0038352499685824E-02
   6.8000000000000000E+10   1.2289212344607791E-02   1.0300390148570136E+03   6.0086131005822926E-02
   6.9000000000000000E+10   1.2296983004765113E-02   1.0293881167358943E+03   6.0133211374850594E-02
   7.0000000000000000E+10   1.2304641090452550E-02   1.0287474525876560E+03   6.0179612768285505E-02
   7.1000000000000000E+10   1.2312190699651520E-02   1.0281166435447378E+03   6.0225356274968930E-02
   7.2000000000000000E+10   1.2319636399063737E-02   1.0274952739490318E+03   6.0270463392500605E-02
   7.3000000000000000E+10   1.2326977317360337E-02   1.0268833835673095E+03   6.0314944128129371E-02
   7.4000000000000000E+10   1.2334220450067159E-02   1.0262803578104958E+03   6.0358823896718275E-02
   7.5000000000000000E+10   1.2341364694408663E-02   1.0256862583878926E+03   6.0402111303055721E-02
   7.6000000000000000E+10   1.2348415229661043E-02   1.0251006255768680E+03   6.0444827208861629E-02
   7.7000000000000000E+10   1.2355372342640043E-02   1.0245234077748298E+03   6.0486982187131152E-02
   7.8000000000000000E+10   1.2362241015844952E-02   1.0239541649919261E+03   6.0528595907435291E-02
   7.9000000000000000E+10   1.2369022078545776E-02   1.0233928031193798E+03   6.0569679284132510E-02
   8.0000000000000000E+10   1.2375716551450380E-02   1.0228392129201562E+03   6.0610243269706945E-02
   8.1000000000000000E+10   1.2382328463378582E-02   1.0222930375531774E+03   6.0650304560400152E-02
   8.2000000000000000E+10   1.2388860283718816E-02   1.0217540505678173E+03   6.0689876387927361E-02
   8.3000000000000000E+10   1.2395311849871074E-02   1.0212222435484848E+03   6.0728966368706186E-02
   8.4000000000000000E+10   1.2401686030283470E-02   1.0206973588831551E+03   6.0767587955018784E-02
   8.5000000000000000E+10   1.2407984966383128E-02   1.0201792000154491E+03   6.0805752859106992E-02
   8.6000000000000000E+10   1.2414211013186309E-02   1.0196675538512119E+03   6.0843472965270755E-02
   8.7000000000000000E+10   1.2420364728465296E-02   1.0191623558201717E+03   6.0880756280906521E-02
   8.8000000000000000E+10   1.2426448833709310E-02   1.0186633644255645E+03   6.0917614947357562E-02
   8.9000000000000000E+10   1.2432463182254707E-02   1.0181705741848642E+03   6.0954055087963990E-02
   9.0000000000000000E+10   1.2438408754668957E-02   1.0176838875838466E+03   6.0990084887785193E-02
   9.1000000000000000E+10   1.2444291931752494E-02   1.0172027662345122E+03   6.1025723232255094E-02
   9.2000000000000000E+10   1.2450108814563316E-02   1.0167275134175160E+03   6.1060968049266903E-02
   9.3000000000000000E+10   1.2455862945677269E-02   1.0162578242883980E+03   6.1095832107227681E-02
   9.4000000000000000E+10   1.2461554837088802E-02   1.0157936423096971E+03   6.1130321874141566E-02
   9.5000000000000000E+10   1.2467188395434675E-02   1.0153346348278326E+03   6.1164450501019166E-02
   9.6000000000000000E+10   1.2472762208881530E-02   1.0148809032689458E+03   6.1198220232798792E-02
   9.7000000000000000E+10   1.2478278240576207E-02   1.0144322744500636E+03   6.1231639971644033E-02
   9.8000000000000000E+10   1.2483737467017341E-02   1.0139886560617363E+03   6.1264716475477397E-02
   9.9000000000000000E+10   1.2489139821715813E-02   1.0135500408761854E+03   6.1297454249842898E-02
   1.0000000000000000E+11   1.2494491082923267E-02   1.0131159478843575E+03   6.1329869464721562E-02
   1.1000000000000000E+11   1.2545221675462874E-02   1.0090190914335844E+03   6.1637237979453009E-02
