   1.0000000000000000E+00   0.0000000000000000E+00   1.3286104194621452E+29   0.0000000000000000E+00
   2.0000000000000000E+00   7.4438686646371557E-02   1.7005093382347414E+02   7.2716300451147230E-03
   3.0000000000000000E+00   1.5577758259499150E-01   8.1259241323054439E+01   2.1053468845467542E-02
   4.0000000000000000E+00   2.2068924153323946E-01   5.7358338308040715E+01   3.8087574037170210E-02
   5.0000000000000000E+00   2.7491967747687396E-01   4.6043878317416073E+01   5.7653526437436750E-02
   6.0000000000000000E+00   3.2175288584412842E-01   3.9341894769953178E+01   7.9275316576159896E-02
   7.0000000000000000E+00   3.6333354580119054E-01   3.4839525067511616E+01   1.0269410737386576E-01
   8.0000000000000000E+00   4.0088410409156472E-01   3.1576128979953765E+01   1.2765734485101848E-01
   8.3190000000000008E+00   4.1125266043189562E-01   3.0780027449584637E+01   1.3532687502600502E-01
   8.3209999999999997E+00   4.1133704020810258E-01   3.0773713377245020E+01   1.3538423092973090E-01
   9.0000000000000000E+00   4.3543447829801879E-01   2.9070661161895533E+01   1.5407260656684216E-01
   1.0000000000000000E+01   4.6756050581885378E-01   2.7073219442774469E+01   1.8180111375408095E-01
   1.0359000000000002E+01   4.7766067366409870E-01   2.6500754352890471E+01   1.9130043635779073E-01
   1.0361000000000001E+01   4.7766439287512996E-01   2.6500548011577624E+01   1.9131611843019125E-01
   1.1000000000000000E+01   4.9781095684300652E-01   2.5428062606505666E+01   2.1080498742521112E-01
   1.2000000000000000E+01   5.2659438351581200E-01   2.4038175440259639E+01   2.4108048939389917E-01
   1.3000000000000000E+01   5.5261503127818279E-01   2.2906304498323209E+01   2.7100793035648713E-01
   1.4000000000000000E+01   5.7973397857454800E-01   2.1834787410482477E+01   3.0413298746657380E-01
   1.5000000000000000E+01   6.0613435883203670E-01   2.0883766102947753E+01   3.3860353142667071E-01
   1.6000000000000000E+01   6.3198994595697355E-01   2.0029382204238818E+01   3.7445326131219281E-01
   1.7000000000000000E+01   6.5748054981952531E-01   1.9252840529325329E+01   4.1176245908286452E-01
   1.8000000000000000E+01   6.8277819653821858E-01   1.8539502639346370E+01   4.5064787614017815E-01
   1.9000000000000000E+01   7.0795891386116483E-01   1.7880088701433941E+01   4.9112573037684565E-01
   2.0000000000000000E+01   7.3320433282446307E-01   1.7264448135549966E+01   5.3339175152542473E-01
   2.0198999999999998E+01   7.3835549966866598E-01   1.7144002018660185E+01   5.4220079405103572E-01
   2.0201000000000001E+01   7.3839950734263693E-01   1.7142980257887199E+01   5.4227660286856583E-01
   2.1000000000000000E+01   7.5859264784518976E-01   1.6686647587166863E+01   5.7751673977116935E-01
   2.2000000000000000E+01   7.8420853329392959E-01   1.6141584335532816E+01   6.2360067529491869E-01
   2.3000000000000000E+01   8.1020040685650319E-01   1.5623749469494424E+01   6.7186676253628264E-01
   2.4000000000000000E+01   8.3602672581858051E-01   1.5141104687071152E+01   7.2128456680200492E-01
   2.5000000000000000E+01   8.6313116924631517E-01   1.4665636728032574E+01   7.7451475457236341E-01
   2.6000000000000000E+01   8.9087800714787257E-01   1.4208868189859082E+01   8.3043645691810708E-01
   2.7000000000000000E+01   9.1936777933103320E-01   1.3768557547251838E+01   8.8926777108518973E-01
   2.8000000000000000E+01   9.4870888007421605E-01   1.3342731835521782E+01   9.5125866397873104E-01
   2.9000000000000000E+01   9.7901045132468101E-01   1.2929757960888622E+01   1.0166804248860115E+00
   3.0000000000000000E+01   1.0103707450090849E+00   1.2528438931290157E+01   1.0857943372705201E+00
   3.1000000000000000E+01   1.0429253201943536E+00   1.2137367778595612E+01   1.1589630674197828E+00
   3.2000000000000000E+01   1.0767859130545525E+00   1.1755696302619771E+01   1.2365156238345034E+00
   3.3000000000000000E+01   1.1120821189066938E+00   1.1382584039075377E+01   1.3188328259513085E+00
   3.4000000000000000E+01   1.1489466151919572E+00   1.1017368439432319E+01   1.4063321155720097E+00
   3.5000000000000000E+01   1.1871995016036008E+00   1.0662376592738005E+01   1.4985863489817211E+00
   3.6000000000000000E+01   1.2276651144135118E+00   1.0310929282091474E+01   1.5979247870819338E+00
   3.7000000000000000E+01   1.2701296919282647E+00   9.9662012920830030E+00   1.7038991784577993E+00
   3.8000000000000000E+01   1.3147224550875232E+00   9.6281676241437353E+00   1.8170010523740292E+00
   3.9000000000000000E+01   1.3615922473919793E+00   9.2967393146182697E+00   1.9378020132618758E+00
   4.0000000000000000E+01   1.4109218823742482E+00   8.9717002301413142E+00   2.0670151305798554E+00
   4.1000000000000000E+01   1.4625564836835210E+00   8.6549602138631467E+00   2.2043243266931905E+00
   4.1999000000000002E+01   1.5167561334217758E+00   8.3456845157114330E+00   2.3507740492166254E+00
   4.2000999999999998E+01   1.5168635612707451E+00   8.3450934546834965E+00   2.3510641959170786E+00
   4.3000000000000000E+01   1.5738339899658242E+00   8.0430135945172552E+00   2.5075633706566056E+00
   4.4000000000000000E+01   1.6336309486189582E+00   7.7486094319586751E+00   2.6745874052157994E+00
   4.4999000000000002E+01   1.6959557858161265E+00   7.4638550619508095E+00   2.8515709863965126E+00
   4.5000999999999998E+01   1.6960793253057926E+00   7.4633114076349054E+00   2.8519220317233018E+00
   4.6000000000000000E+01   1.7605250617057469E+00   7.1901096168116752E+00   3.0377947322211032E+00
   4.7000000000000000E+01   1.8275931865172335E+00   6.9262504753210274E+00   3.2348066464863185E+00
   4.8000000000000000E+01   1.8961379665654927E+00   6.6758687395183474E+00   3.4394014706727125E+00
   4.9000000000000000E+01   1.9659739170965405E+00   6.4387264076743396E+00   3.6514641362359184E+00
   5.0000000000000000E+01   2.0366139352675874E+00   6.2153989804382332E+00   3.8697931555175415E+00
   5.1000000000000000E+01   2.1074511024467388E+00   6.0064825049141897E+00   4.0926967402925518E+00
   5.2000000000000000E+01   2.1778837240422910E+00   5.8122332414118594E+00   4.3184334235172628E+00
   5.3000000000000000E+01   2.2472673447776796E+00   5.6327825019237929E+00   4.5449826966622391E+00
   5.4000000000000000E+01   2.3150561222330106E+00   5.4678450579412736E+00   4.7705864039702304E+00
   5.5000000000000000E+01   2.3806833497076605E+00   5.3171154317363793E+00   4.9932372568364443E+00
   5.6000000000000000E+01   2.4433229895319268E+00   5.1808001770709220E+00   5.2095902002681775E+00
   5.7000000000000000E+01   2.5036487972724810E+00   5.0559679898389529E+00   5.4226757207191527E+00
   5.8000000000000000E+01   2.5608132050328569E+00   4.9431048511974707E+00   5.6287870437417586E+00
   5.9000000000000000E+01   2.6143510316728582E+00   4.8418777828426069E+00   5.8256279449207167E+00
   6.0000000000000000E+01   2.6650319666464291E+00   4.7497997529602793E+00   6.0164903629293107E+00
   6.1000000000000000E+01   2.7120097317151117E+00   4.6675231393078871E+00   6.1971231271405642E+00
   6.2000000000000000E+01   2.7556209870179926E+00   4.5936535671789773E+00   6.3686841661581841E+00
   6.3000000000000000E+01   2.7967438173766168E+00   4.5261092911549472E+00   6.5350297525212175E+00
   6.4000000000000000E+01   2.8342313817634648E+00   4.4662437436326723E+00   6.6901292007607145E+00
   6.5000000000000000E+01   2.8687276416964362E+00   4.4125374583565797E+00   6.8366415584869324E+00
   6.6000000000000000E+01   2.9011353471842853E+00   4.3632463370225443E+00   6.9787032957026307E+00
   6.7000000000000000E+01   2.9303517741581673E+00   4.3197435503950583E+00   7.1102309703819060E+00
   6.7998999999999995E+01   2.9570303955859556E+00   4.2807703957673109E+00   7.2341036483613781E+00
   6.8001000000000005E+01   2.9570794519397881E+00   4.2806993800943731E+00   7.2343341007977813E+00
   6.9000000000000000E+01   2.9813896449131860E+00   4.2457946409004350E+00   7.3509722436939180E+00
   7.0000000000000000E+01   3.0040996124842230E+00   4.2136978827878124E+00   7.4641007398693802E+00
   7.1000000000000000E+01   3.0243072469628269E+00   4.1855430494109607E+00   7.5684363830567776E+00
   7.2000000000000000E+01   3.0425724988733172E+00   4.1604162863813201E+00   7.6666172737821840E+00
   7.3000000000000000E+01   3.0590242569277506E+00   4.1380411247609885E+00   7.7589795853175527E+00
   7.4000000000000000E+01   3.0737948670355504E+00   4.1181564562297961E+00   7.8459171858380650E+00
   7.5000000000000000E+01   3.0869789257640226E+00   4.1005683813262612E+00   7.9276301716641848E+00
   7.6000000000000000E+01   3.0986786649919296E+00   4.0850857882811242E+00   8.0043931378371784E+00
   7.7000000000000000E+01   3.1090240150541026E+00   4.0714925698597986E+00   8.0766680648015825E+00
   7.8000000000000000E+01   3.1180482671624681E+00   4.0597088602249292E+00   8.1443721479713975E+00
   7.9000000000000000E+01   3.1258574424392074E+00   4.0495666900697573E+00   8.2078662502073101E+00
   8.0000000000000000E+01   3.1325314449256307E+00   4.0409389017670279E+00   8.2673870861747432E+00
   8.1000000000000000E+01   3.1381213918412065E+00   4.0337407627757536E+00   8.3230060114889071E+00
   8.2000000000000000E+01   3.1427215308640903E+00   4.0278363999141993E+00   8.3750824152218559E+00
   8.3000000000000000E+01   3.1457436386447757E+00   4.0239668678983120E+00   8.4195906146941066E+00
   8.4000000000000000E+01   3.1485997177594904E+00   4.0203167476036032E+00   8.4654056549742922E+00
   8.5000000000000000E+01   3.1506110997618411E+00   4.0177501367164359E+00   8.5080024694460388E+00
   8.6000000000000000E+01   3.1518275598087993E+00   4.0161994704990649E+00   8.5475166278466634E+00
   8.7000000000000000E+01   3.1522868575794827E+00   4.0156142980364171E+00   8.5840188115856648E+00
   8.8000000000000000E+01   3.1520326579565112E+00   4.0159381422827591E+00   8.6176262019649936E+00
   8.9000000000000000E+01   3.1504357318599272E+00   4.0179737833710139E+00   8.6438006327205237E+00
   9.0000000000000000E+01   3.1490843804475395E+00   4.0196979971078086E+00   8.6733497723559498E+00
   9.1000000000000000E+01   3.1471176739315587E+00   4.0222099992196680E+00   8.7002323343671897E+00
   9.2000000000000000E+01   3.1445682386519542E+00   4.0254709760202179E+00   8.7245232326226976E+00
   9.3000000000000000E+01   3.1414560819582791E+00   4.0294589026747278E+00   8.7462219959686642E+00
   9.4000000000000000E+01   3.1373272133763837E+00   4.0347618580675730E+00   8.7618453254074051E+00
   9.5000000000000000E+01   3.1334563224111425E+00   4.0397461698358876E+00   8.7805832718058117E+00
   9.6000000000000000E+01   3.1291146250730439E+00   4.0453513832248866E+00   8.7970373709623200E+00
   9.7000000000000000E+01   3.1235828602411817E+00   4.0525155704789162E+00   8.8056427082280226E+00
   9.8000000000000000E+01   3.1186972257115912E+00   4.0588640899310793E+00   8.8201027998350643E+00
   9.9000000000000000E+01   3.1133507201227184E+00   4.0658343099583414E+00   8.8320381970371002E+00
   1.0000000000000000E+02   3.1075687465471002E+00   4.0733992420516838E+00   8.8415170220399162E+00
   1.1000000000000000E+02   3.0354420925609884E+00   4.1701893137182706E+00   8.8568413853497194E+00
   1.2000000000000000E+02   2.9495299499847496E+00   4.2916560914643060E+00   8.7856998809986653E+00
   1.3000000000000000E+02   2.8580662382774049E+00   4.4289974834305541E+00   8.6602511817202288E+00
   1.4000000000000000E+02   2.7653739279245566E+00   4.5774526363270889E+00   8.4976913131617042E+00
   1.5000000000000000E+02   2.6759639775737374E+00   4.7303955818888266E+00   8.3332265808201846E+00
   1.6000000000000000E+02   2.5880716245538564E+00   4.8910424490244022E+00   8.1399762979940604E+00
   1.6799900000000000E+02   2.5215942377650680E+00   5.0200018095029773E+00   7.9956705849194147E+00
   1.6800100000000000E+02   2.5215765826368273E+00   5.0200369461029046E+00   7.9956166977024354E+00
   1.6999900000000000E+02   2.5059072911848759E+00   5.0514112179034303E+00   7.9664198105235986E+00
   1.7000100000000000E+02   2.5058901534949993E+00   5.0514457653529714E+00   7.9663706121537166E+00
   1.8000000000000000E+02   2.4267814758412301E+00   5.2161137303969687E+00   7.7794286592686026E+00
   1.9000000000000000E+02   2.3535336111061933E+00   5.3784522630458014E+00   7.6210917821328934E+00
   2.0000000000000000E+02   2.2832036042802173E+00   5.5441258734343251E+00   7.4518746663570727E+00
   2.1000000000000000E+02   2.2158758380355761E+00   5.7125800821179533E+00   7.2736761659949050E+00
   2.2000000000000000E+02   2.1538391387112701E+00   5.8771186525946773E+00   7.1273376267722890E+00
   2.3000000000000000E+02   2.0951353400164079E+00   6.0417902056433865E+00   6.9857757014992368E+00
   2.3199900000000000E+02   2.0833072823638203E+00   6.0760985645503816E+00   6.9494182428771953E+00
   2.3200100000000000E+02   2.0832952941527916E+00   6.0761335291366310E+00   6.9493778177844376E+00
   2.3399900000000000E+02   2.0724589898372474E+00   6.1079734933037413E+00   6.9289120528403778E+00
   2.3400100000000000E+02   2.0724473208194039E+00   6.1080079400346596E+00   6.9288754695534651E+00
   2.3699900000000000E+02   2.0551452677770712E+00   6.1594634727429067E+00   6.8752103854798055E+00
   2.3700100000000000E+02   2.0551336895007597E+00   6.1594981595672138E+00   6.8751723410359409E+00
   2.4000000000000000E+02   2.0391081948310910E+00   6.2077962360682841E+00   6.8404536836847250E+00
   2.5000000000000000E+02   1.9861789431905048E+00   6.3732264508225267E+00   6.7024300320625416E+00
   2.6000000000000000E+02   1.9314859095453776E+00   6.5536942901063755E+00   6.7758283724314037E+00
   2.7000000000000000E+02   1.8852907700637858E+00   6.7142789737310302E+00   6.6476205778696142E+00
   2.8000000000000000E+02   1.8415341545303534E+00   6.8738166738138622E+00   6.5279437574138788E+00
   2.9000000000000000E+02   1.8000240189739829E+00   7.0323329263260339E+00   6.4159551114875200E+00
   3.0000000000000000E+02   1.7605702466673021E+00   7.1899250829498600E+00   6.3104743039254281E+00
   3.1000000000000000E+02   1.7230438536082289E+00   7.3465153834016172E+00   6.2114368719089414E+00
   3.2000000000000000E+02   1.6872900160374882E+00   7.5021887502991165E+00   6.1179003823588403E+00
   3.3000000000000000E+02   1.6532321702901371E+00   7.6567395700913270E+00   6.0306227457201187E+00
   3.4000000000000000E+02   1.6206934587171260E+00   7.8104641619447870E+00   5.9476110770931605E+00
   3.5000000000000000E+02   1.5896305127177772E+00   7.9630883249507818E+00   5.8700944493856451E+00
   3.6000000000000000E+02   1.5598954415778066E+00   8.1148824718692314E+00   5.7963405743751730E+00
   3.7000000000000000E+02   1.5315010118393877E+00   8.2653345175432200E+00   5.7288836663239957E+00
   3.8000000000000000E+02   1.5040503962222398E+00   8.4161861920337202E+00   5.6408281154025435E+00
   3.9000000000000000E+02   1.4776935250198091E+00   8.5663014437576059E+00   5.5790441693592792E+00
   3.9899900000000002E+02   1.4548618683042225E+00   8.7007585287903257E+00   5.5258207456344195E+00
   3.9900099999999998E+02   1.4548569028023941E+00   8.7007881841691503E+00   5.5258096249481827E+00
   4.0000000000000000E+02   1.4523744259347466E+00   8.7156369258302977E+00   5.5200666183625211E+00
   4.1000000000000000E+02   1.4279687990300638E+00   8.8645971714553937E+00   5.4531000185360936E+00
   4.1599900000000002E+02   1.4137717411139519E+00   8.9536668971218756E+00   5.4209077508471113E+00
   4.1600099999999998E+02   1.4137670581496820E+00   8.9536965472431209E+00   5.4208969939017200E+00
   4.2000000000000000E+02   1.4044948734211391E+00   9.0127549885423015E+00   5.4001688637222491E+00
   4.3000000000000000E+02   1.3818962287866479E+00   9.1601438032166413E+00   5.3497201121577875E+00
   4.4000000000000000E+02   1.3601335493302362E+00   9.3067097587893155E+00   5.3019689266644088E+00
   4.5000000000000000E+02   1.3391616293047806E+00   9.4524573433156007E+00   5.2568391184998422E+00
   4.6000000000000000E+02   1.3189179169944836E+00   9.5975405396372402E+00   5.2135221993871346E+00
   4.7000000000000000E+02   1.2993647882854027E+00   9.7419664523247587E+00   5.1719634044522254E+00
   4.8000000000000000E+02   1.2804520266203041E+00   9.8858589885789456E+00   5.1315423820675008E+00
   4.9000000000000000E+02   1.2621823642315342E+00   1.0028953450411555E+01   5.0935338455481673E+00
   5.0000000000000000E+02   1.2444996661104313E+00   1.0171451645600694E+01   5.0569451644741337E+00
   5.1000000000000000E+02   1.2273756182017241E+00   1.0313361280025038E+01   5.0217357545808765E+00
   5.1099899999999997E+02   1.2256905308213519E+00   1.0327546457076298E+01   5.0181620687415158E+00
   5.1100099999999992E+02   1.2256871592747551E+00   1.0327574876721714E+01   5.0181547946493410E+00
   5.2000000000000000E+02   1.2107668577304949E+00   1.0454835376428919E+01   4.9871809740351143E+00
   5.3000000000000000E+02   1.1946770084827232E+00   1.0595640568060299E+01   4.9543847275175850E+00
   5.4000000000000000E+02   1.1790553877645513E+00   1.0736025048669081E+01   4.9221857657900321E+00
   5.5000000000000000E+02   1.1639068212134283E+00   1.0875757359692683E+01   4.8916616407009332E+00
   5.6000000000000000E+02   1.1491771005339109E+00   1.1015158734826288E+01   4.8613373924511265E+00
   5.7000000000000000E+02   1.1348847987896826E+00   1.1153879398427216E+01   4.8328200518036804E+00
   5.8000000000000000E+02   1.1209721206616940E+00   1.1292313112422816E+01   4.8043227106644455E+00
   5.9000000000000000E+02   1.1074447520345554E+00   1.1430248013323450E+01   4.7768203605685917E+00
   6.0000000000000000E+02   1.0942868136273129E+00   1.1567687757151011E+01   4.7502975750497169E+00
   6.1000000000000000E+02   1.0814718199035649E+00   1.1704760072192363E+01   4.7241947436304113E+00
   6.2000000000000000E+02   1.0689877522198949E+00   1.1841452954462458E+01   4.6985806329673139E+00
   6.3000000000000000E+02   1.0568311755797317E+00   1.1977663480512511E+01   4.6739135878523008E+00
   6.4000000000000000E+02   1.0449759856209941E+00   1.2113549355190225E+01   4.6495173612787291E+00
   6.5000000000000000E+02   1.0334315507342622E+00   1.2248869475500896E+01   4.6264388079572765E+00
   6.6000000000000000E+02   1.0221584315032202E+00   1.2383959068060166E+01   4.6032485351338286E+00
   6.7000000000000000E+02   1.0111632107873876E+00   1.2518620180961149E+01   4.5808057686204782E+00
   6.8000000000000000E+02   1.0004251451577215E+00   1.2652988819880983E+01   4.5585453866386594E+00
   6.9000000000000000E+02   9.8994413625503874E-01   1.2786952024075921E+01   4.5369555917408997E+00
   7.0000000000000000E+02   9.7970255712030097E-01   1.2920623800366476E+01   4.5155708283111080E+00
   7.1000000000000000E+02   9.6970098749278588E-01   1.3053888095481218E+01   4.4948842597245795E+00
   7.2000000000000000E+02   9.5992489423665217E-01   1.3186831858209699E+01   4.4745464456805131E+00
   7.3000000000000000E+02   9.5036543798834161E-01   1.3319474457744054E+01   4.4544908815840740E+00
   7.4000000000000000E+02   9.4101791492478903E-01   1.3451782347650820E+01   4.4348673966045640E+00
   7.5000000000000000E+02   9.3187403968198423E-01   1.3583775958742571E+01   4.4156038841983980E+00
   7.6000000000000000E+02   9.2292572593074673E-01   1.3715478744557501E+01   4.3966186282397146E+00
   7.7000000000000000E+02   9.1417009124650372E-01   1.3846841302309857E+01   4.3781208116430523E+00
   7.8000000000000000E+02   9.0558089266362940E-01   1.3978174980675423E+01   4.3588917630316057E+00
   7.9000000000000000E+02   8.9718473496953910E-01   1.4108987462028352E+01   4.3408881762907701E+00
   8.0000000000000000E+02   8.8892922781179518E-01   1.4240017968549122E+01   4.3192539134153920E+00
   8.1000000000000000E+02   8.8086615536565771E-01   1.4370365009146960E+01   4.3014858754528786E+00
   8.2000000000000000E+02   8.7296806562293150E-01   1.4500379424275636E+01   4.2842292562266051E+00
   8.3000000000000000E+02   8.6522320774291905E-01   1.4630176425606926E+01   4.2670518192555011E+00
   8.4000000000000000E+02   8.5761815260507213E-01   1.4759911667398624E+01   4.2493754188332842E+00
   8.5000000000000000E+02   8.5017369617890115E-01   1.4889155279328676E+01   4.2328468862501705E+00
   8.6000000000000000E+02   8.4286389358637359E-01   1.5018282635108836E+01   4.2160534309528366E+00
   8.7000000000000000E+02   8.3569753413130776E-01   1.5147068957151580E+01   4.1998518650856003E+00
   8.8000000000000000E+02   8.2864627920605649E-01   1.5275960918978251E+01   4.1825878470116162E+00
   8.9000000000000000E+02   8.2174483448969848E-01   1.5404256462006570E+01   4.1668826168272322E+00
   9.0000000000000000E+02   8.1495904165349209E-01   1.5532520691009889E+01   4.1506513668381899E+00
   9.1000000000000000E+02   8.0830318775682963E-01   1.5660420951620209E+01   4.1351296563354163E+00
   9.2000000000000000E+02   8.0174901255171482E-01   1.5788442490899813E+01   4.1185536587820124E+00
   9.3000000000000000E+02   7.9532840309918762E-01   1.5915901063613592E+01   4.1034256345005478E+00
   9.4000000000000000E+02   7.8901233205198396E-01   1.6043308402909052E+01   4.0878956413407295E+00
   9.5000000000000000E+02   7.8279529511861723E-01   1.6170725930193960E+01   4.0717605001607193E+00
   9.6000000000000000E+02   7.7670067386739938E-01   1.6297614515742691E+01   4.0569561689250229E+00
   9.7000000000000000E+02   7.7070262469426365E-01   1.6424451884836916E+01   4.0417855776827363E+00
   9.8000000000000000E+02   7.6479132054082077E-01   1.6551401456618411E+01   4.0256853590919901E+00
   9.9000000000000000E+02   7.5899800658614580E-01   1.6677735734437327E+01   4.0112287592693150E+00
   1.0000000000000000E+03   7.5329411291125759E-01   1.6804018456864917E+01   3.9964380522723175E+00
   1.1000000000000000E+03   7.0096450797135346E-01   1.8058500869669952E+01   3.8511732806234784E+00
   1.2000000000000000E+03   6.5593512487580197E-01   1.9298201448207635E+01   3.7137376429194862E+00
   1.3000000000000000E+03   6.1674091594011837E-01   2.0524612279879140E+01   3.5838983506902835E+00
   1.4000000000000000E+03   5.8227905540016522E-01   2.1739349989343388E+01   3.4600401796214335E+00
   1.5000000000000000E+03   5.5174423488657087E-01   2.2942456624690966E+01   3.3444974896220900E+00
   1.6000000000000000E+03   5.2448377474280461E-01   2.4134909002696688E+01   3.2362257474473983E+00
   1.7000000000000000E+03   4.9998440466128197E-01   2.5317526024404625E+01   3.1343793022700837E+00
   1.8000000000000000E+03   4.7784033671954085E-01   2.6490790341624180E+01   3.0387878736180625E+00
   1.9000000000000000E+03   4.5771582644308001E-01   2.7655517780927354E+01   2.9482925746334079E+00
   2.0000000000000000E+03   4.3934567472994540E-01   2.8811864790951304E+01   2.8632675340109044E+00
   2.1000000000000000E+03   4.2198210279100568E-01   2.9997405323793426E+01   2.6269697377718697E+00
   2.2000000000000000E+03   4.0649738750245512E-01   3.1140097245353161E+01   2.5517880512532218E+00
   2.3000000000000000E+03   3.9219433112467883E-01   3.2275755084242547E+01   2.4804460432836843E+00
   2.4000000000000000E+03   3.7889739565798780E-01   3.3408432789109355E+01   2.3949317223733320E+00
   2.4759989999999998E+03   3.6946479570255303E-01   3.4261719412824547E+01   2.3467173895320745E+00
   2.4760010000000002E+03   3.6946455389598509E-01   3.4261741816146532E+01   2.3467161479756768E+00
   2.5000000000000000E+03   3.6658644537649038E-01   3.4530377040558882E+01   2.3319178387617523E+00
   2.5269989999999998E+03   3.6341622117239791E-01   3.4831880256291761E+01   2.3161731917261794E+00
   2.5270010000000002E+03   3.6341598794629376E-01   3.4831902623496006E+01   2.3161719316053970E+00
   2.6000000000000000E+03   3.5511852658854981E-01   3.5645473916585587E+01   2.2732353343438447E+00
   2.6319989999999998E+03   3.5161500236742543E-01   3.6000951117372345E+01   2.2552424175883417E+00
   2.6320010000000002E+03   3.5161478536621993E-01   3.6000973345805861E+01   2.2552412422173811E+00
   2.7000000000000000E+03   3.4440121023509818E-01   3.6754714561448530E+01   2.2171022068869797E+00
   2.8000000000000000E+03   3.3436528685086270E-01   3.7857901745806778E+01   2.1641456600967093E+00
   2.8719989999999998E+03   3.2753050793669553E-01   3.8648175819613357E+01   2.1286098180667676E+00
   2.8720010000000002E+03   3.2753032180594210E-01   3.8648197771151125E+01   2.1286087725617788E+00
   2.9000000000000000E+03   3.2494860208100262E-01   3.8954985790808244E+01   2.1146289852099844E+00
   3.0000000000000000E+03   3.1608853342567889E-01   4.0046907237097827E+01   2.0669491298560243E+00
   3.1000000000000000E+03   3.0774154394557518E-01   4.1133114543180170E+01   2.0222988459370397E+00
   3.2000000000000000E+03   2.9986147470305857E-01   4.2214052970104149E+01   1.9799980395753178E+00
   3.3000000000000000E+03   2.9240904001392670E-01   4.3289934456901790E+01   1.9398060614067587E+00
   3.4000000000000000E+03   2.8534649721366384E-01   4.4361393254917132E+01   1.9007658393290412E+00
   3.5000000000000000E+03   2.7864805965752548E-01   4.5427799469934662E+01   1.8640841594232807E+00
   3.6000000000000000E+03   2.7224291194269679E-01   4.6496594113248619E+01   1.8121075418830035E+00
   3.7000000000000000E+03   2.6618738565895933E-01   4.7554350276486907E+01   1.7781665585414674E+00
   3.8000000000000000E+03   2.6042123029897007E-01   4.8607281988017391E+01   1.7464837352940710E+00
   3.9000000000000000E+03   2.5486351599450302E-01   4.9667242984599959E+01   1.6889680676360348E+00
   4.0000000000000000E+03   2.4961191171075503E-01   5.0712195944705982E+01   1.6595582685737349E+00
   4.1000000000000000E+03   2.4459108615643371E-01   5.1753186821830916E+01   1.6312905865938392E+00
   4.2000000000000000E+03   2.3977180836623888E-01   5.2793396617643488E+01   1.5939135635923658E+00
   4.3000000000000000E+03   2.3516942858706416E-01   5.3826588995270235E+01   1.5680673803512730E+00
   4.4000000000000000E+03   2.3074990541256168E-01   5.4857522711336962E+01   1.5386291498498925E+00
   4.5000000000000000E+03   2.2651422092175397E-01   5.5883326553616726E+01   1.5148157721199078E+00
   4.6000000000000000E+03   2.2244535709094629E-01   5.6905517572268835E+01   1.4919762129681329E+00
   4.7000000000000000E+03   2.1853315406295751E-01   5.7924246007824024E+01   1.4699600156310246E+00
   4.8000000000000000E+03   2.1476868634457813E-01   5.8939542780920959E+01   1.4487839405313794E+00
   4.9000000000000000E+03   2.1114349178499320E-01   5.9951495875129496E+01   1.4283834758556719E+00
   5.0000000000000000E+03   2.0764977477489568E-01   6.0960182550310279E+01   1.4087084772938403E+00
   5.1000000000000000E+03   2.0428036324296117E-01   6.1965663149684175E+01   1.3897306308161479E+00
   5.2000000000000000E+03   2.0102444653213752E-01   6.2969297491809215E+01   1.3678611851621327E+00
   5.3000000000000000E+03   1.9788416261558819E-01   6.3968576411032615E+01   1.3501753505962313E+00
   5.4000000000000000E+03   1.9484950355863051E-01   6.4964846949171388E+01   1.3330727318874622E+00
   5.5000000000000000E+03   1.9191508564376836E-01   6.5958171731767081E+01   1.3165186036365522E+00
   5.6000000000000000E+03   1.8907584446708867E-01   6.6948626951719518E+01   1.3004608958763244E+00
   5.7000000000000000E+03   1.8632722277562103E-01   6.7936225250627601E+01   1.2849255814866225E+00
   5.8000000000000000E+03   1.8366474529545615E-01   6.8921055896956759E+01   1.2698430215069434E+00
   5.9000000000000000E+03   1.8108435694780697E-01   6.9903156684356304E+01   1.2552061147141105E+00
   6.0000000000000000E+03   1.7858223065801754E-01   7.0882573983797158E+01   1.2409964293495521E+00
   6.1000000000000000E+03   1.7615474280186980E-01   7.1859366233732189E+01   1.2271804153342498E+00
   6.2000000000000000E+03   1.7379851771045304E-01   7.2833579616007995E+01   1.2137386738386855E+00
   6.3000000000000000E+03   1.7151041126823821E-01   7.3805246475743516E+01   1.2006669210341099E+00
   6.4000000000000000E+03   1.6928745694328071E-01   7.4774400923569956E+01   1.1879576016109628E+00
   6.5000000000000000E+03   1.6712674553351475E-01   7.5741127707593705E+01   1.1755455094980292E+00
   6.6000000000000000E+03   1.6502574077545787E-01   7.6705416484280804E+01   1.1634722368104580E+00
   6.7000000000000000E+03   1.6298185307821061E-01   7.7667347239781648E+01   1.1516772950392473E+00
   6.8000000000000000E+03   1.6099283412978097E-01   7.8626904391310873E+01   1.1402053100321448E+00
   6.9000000000000000E+03   1.5905633677702621E-01   7.9584180255286810E+01   1.1289820681095142E+00
   7.0000000000000000E+03   1.5717029721751918E-01   8.0539188389328046E+01   1.1180190732833468E+00
   7.1000000000000000E+03   1.5533272753919583E-01   8.1491958438792707E+01   1.1073094353536421E+00
   7.2000000000000000E+03   1.5354178422352979E-01   8.2442497596485552E+01   1.0968690771599838E+00
   7.3000000000000000E+03   1.5179559093159689E-01   8.3390881771478163E+01   1.0866412387300426E+00
   7.4000000000000000E+03   1.5009250718340880E-01   8.4337109255829077E+01   1.0766501599574063E+00
   7.5000000000000000E+03   1.4843089198998830E-01   8.5281224191944261E+01   1.0668716846119304E+00
   7.6000000000000000E+03   1.4680921400820260E-01   8.6223254189626019E+01   1.0572984930851330E+00
   7.7000000000000000E+03   1.4522602371623744E-01   8.7163222216578205E+01   1.0479274544548791E+00
   7.8000000000000000E+03   1.4367993477498678E-01   8.8101154810742244E+01   1.0387512940307437E+00
   7.9000000000000000E+03   1.4216962771084371E-01   8.9037077613750867E+01   1.0297632356756472E+00
   8.0000000000000000E+03   1.4069382547760079E-01   8.9971028464385157E+01   1.0209442408433120E+00
   8.1000000000000000E+03   1.3925133146456917E-01   9.0903031545010606E+01   1.0122884715234763E+00
   8.2000000000000000E+03   1.3784106871188656E-01   9.1833067569047927E+01   1.0038314732214588E+00
   8.3000000000000000E+03   1.3646190057953150E-01   9.2761189189439904E+01   9.9553865656406970E-01
   8.4000000000000000E+03   1.3511278534214577E-01   9.3687419327147339E+01   9.8740408924180456E-01
   8.5000000000000000E+03   1.3379268463054517E-01   9.4611810890582305E+01   9.7939342670908736E-01
   8.6000000000000000E+03   1.3250074618974503E-01   9.5534316151558116E+01   9.7156647853752087E-01
   8.7000000000000000E+03   1.3123600574608638E-01   9.6454994228487081E+01   9.6388228107135809E-01
   8.8000000000000000E+03   1.2999755133787752E-01   9.7373897019860067E+01   9.5630723043654209E-01
   8.9000000000000000E+03   1.2878463064394111E-01   9.8290984828817329E+01   9.4889150705391101E-01
   9.0000000000000000E+03   1.2759638837865506E-01   9.9206320317182374E+01   9.4159125855835812E-01
   9.1000000000000000E+03   1.2643213144456233E-01   1.0011986693713908E+02   9.3445223470924266E-01
   9.2000000000000000E+03   1.2529106534766682E-01   1.0103169082075479E+02   9.2742735450805691E-01
   9.3000000000000000E+03   1.2417245200423296E-01   1.0194183953439963E+02   9.2048675611320985E-01
   9.4000000000000000E+03   1.2307569548652936E-01   1.0285026728281957E+02   9.1368306306552882E-01
   9.5000000000000000E+03   1.2200016925713598E-01   1.0375697225574179E+02   9.0702878783667762E-01
   9.6000000000000000E+03   1.2094513803763372E-01   1.0466206729922155E+02   9.0043681059131375E-01
   9.7000000000000000E+03   1.1991011777437673E-01   1.0556547196981731E+02   8.9398771921119780E-01
   9.8000000000000000E+03   1.1889447244766045E-01   1.0646725550997256E+02   8.8763234205275843E-01
   9.9000000000000000E+03   1.1789770047990464E-01   1.0736738821268229E+02   8.8140631864052810E-01
   1.0000000000000000E+04   1.1691916095433716E-01   1.0826598543374931E+02   8.7522188092409015E-01
   1.1000000000000000E+04   1.0803762284007182E-01   1.1716629674041100E+02   8.1875691667267692E-01
   1.2000000000000000E+04   1.0052673223904654E-01   1.2592041832920241E+02   7.6999001914778664E-01
   1.3000000000000000E+04   9.4086950635790659E-02   1.3453904171906723E+02   7.2742655108843013E-01
   1.4000000000000000E+04   8.8500762854365034E-02   1.4303117587402946E+02   6.8991424764675835E-01
   1.5000000000000000E+04   8.3606303509492344E-02   1.5140447125941017E+02   6.5658332761908134E-01
   1.6000000000000000E+04   7.9280560400817546E-02   1.5966547300891585E+02   6.2678617414673843E-01
   1.7000000000000000E+04   7.5428267687404266E-02   1.6781995086070725E+02   5.9996965087941012E-01
   1.8000000000000000E+04   7.1974436904641434E-02   1.7587311163794817E+02   5.7561626991855730E-01
   1.9000000000000000E+04   6.8859358475335919E-02   1.8382930740405376E+02   5.5345971984687758E-01
   2.0000000000000000E+04   6.6034747644512032E-02   1.9169253504159425E+02   5.3322084973146355E-01
   2.0005999000000000E+04   6.6018636148003032E-02   1.9173941997902318E+02   5.3310375485147099E-01
   2.0006001000000000E+04   6.6018630777735524E-02   1.9173943561027718E+02   5.3310371573776227E-01
   2.1000000000000000E+04   6.3461160370218761E-02   1.9946638389468868E+02   5.1467261438822653E-01
   2.2000000000000000E+04   6.1106006712315766E-02   2.0715423667600248E+02   4.9755800370031922E-01
   2.3000000000000000E+04   5.8942162086117897E-02   2.1475914233200083E+02   4.8167784201634867E-01
   2.4000000000000000E+04   5.6946948766530996E-02   2.2228351915226872E+02   4.6704279934731124E-01
   2.5000000000000000E+04   5.5099711795400359E-02   2.2973565131905389E+02   4.4814399446733932E-01
   2.6000000000000000E+04   5.3385491285825940E-02   2.3711251637707238E+02   4.2970295771942835E-01
   2.7000000000000000E+04   5.1790990135723268E-02   2.4441255406849700E+02   4.1518736449207866E-01
   2.8000000000000000E+04   5.0303875852125181E-02   2.5163802912561621E+02   4.0419521811788595E-01
   2.9000000000000000E+04   4.8912677332999838E-02   2.5879524219518152E+02   3.9270740021522166E-01
   3.0000000000000000E+04   4.7608761394903561E-02   2.6588316532350524E+02   3.8303224127810864E-01
   3.1000000000000000E+04   4.6383813630866869E-02   2.7290486025031674E+02   3.7392344111525611E-01
   3.2000000000000000E+04   4.5230769301755250E-02   2.7986188102083048E+02   3.6532985903195792E-01
   3.3000000000000000E+04   4.4143390739856986E-02   2.8675568334580248E+02   3.5721033969505717E-01
   3.4000000000000000E+04   4.3116146036694343E-02   2.9358765428699149E+02   3.4952417137396541E-01
   3.5000000000000000E+04   4.2144114337822225E-02   3.0035909819673702E+02   3.4223889067547153E-01
   3.6000000000000000E+04   4.1222900584213684E-02   3.0707126372509509E+02   3.3532160153254087E-01
   3.7000000000000000E+04   4.0348569309111987E-02   3.1372532889164421E+02   3.2874641353861617E-01
   3.8000000000000000E+04   3.9517583343681252E-02   3.2032242626578767E+02   3.2248637544218600E-01
   3.9000000000000000E+04   3.8726756728372197E-02   3.2686362727438575E+02   3.1652063325769847E-01
   4.0000000000000000E+04   3.7973209752123371E-02   3.3334996592171501E+02   3.1082685515944852E-01
   4.1000000000000000E+04   3.7254334916444150E-02   3.3978242277574594E+02   3.0538810131359817E-01
   4.2000000000000000E+04   3.6567763386533038E-02   3.4616194715015604E+02   3.0018574539841236E-01
   4.3000000000000000E+04   3.5911339956816224E-02   3.5248944183175246E+02   2.9520578371752315E-01
   4.4000000000000000E+04   3.5283097769154781E-02   3.5876578240458997E+02   2.9043273497050487E-01
   4.5000000000000000E+04   3.4681239284391714E-02   3.6499180646365642E+02   2.8585412839129376E-01
   4.6000000000000000E+04   3.4104117772062015E-02   3.7116832229503245E+02   2.8145806232066262E-01
   4.7000000000000000E+04   3.3550221844527231E-02   3.7729610955980354E+02   2.7723356664610299E-01
   4.8000000000000000E+04   3.3018161546247121E-02   3.8337592355281288E+02   2.7316966903084616E-01
   4.9000000000000000E+04   3.2506657260631011E-02   3.8940848563162092E+02   2.6925898715618474E-01
   5.0000000000000000E+04   3.2014527519072057E-02   3.9539450236357447E+02   2.6549186816776149E-01
   5.1000000000000000E+04   3.1540680632003992E-02   4.0133465490164934E+02   2.6186028468862110E-01
   5.2000000000000000E+04   3.1084105908761792E-02   4.0722960518675870E+02   2.5835614591188183E-01
   5.3000000000000000E+04   3.0643866986867357E-02   4.1307998700794820E+02   2.5497440572645030E-01
   5.4000000000000000E+04   3.0219093650602585E-02   4.1888642734180888E+02   2.5170669710982529E-01
   5.5000000000000000E+04   2.9808977833088161E-02   4.2464952162021433E+02   2.4854930404945766E-01
   5.6000000000000000E+04   2.9412766275989984E-02   4.3036986246144573E+02   2.4549451792638841E-01
   5.7000000000000000E+04   2.9029757787304749E-02   4.3604801216578522E+02   2.4253928591315843E-01
   5.8000000000000000E+04   2.8659297084189850E-02   4.4168453049016182E+02   2.3967698731559409E-01
   5.9000000000000000E+04   2.8300772372359537E-02   4.4727995442172039E+02   2.3690378442403703E-01
   6.0000000000000000E+04   2.7953611197310706E-02   4.5283480862130125E+02   2.3421555988346512E-01
   6.1000000000000000E+04   2.7617277749238913E-02   4.5834959881798284E+02   2.3161009443747835E-01
   6.2000000000000000E+04   2.7291268700720808E-02   4.6382483407501411E+02   2.2908078270054633E-01
   6.3000000000000000E+04   2.6975112505099666E-02   4.6926099657287381E+02   2.2662542620917636E-01
   6.4000000000000000E+04   2.6668365869102539E-02   4.7465856134343062E+02   2.2424080692673284E-01
   6.5000000000000000E+04   2.6370611908550164E-02   4.8001799202483534E+02   2.2192388066135529E-01
   6.6000000000000000E+04   2.6081458474620151E-02   4.8533973623930228E+02   2.1967327135841733E-01
   6.7000000000000000E+04   2.5800535247378416E-02   4.9062424695606541E+02   2.1748351028756596E-01
   6.8000000000000000E+04   2.5527493768603804E-02   4.9587195247411842E+02   2.1535325939525105E-01
   6.9000000000000000E+04   2.5262004886031732E-02   5.0108327640328042E+02   2.1328011315014150E-01
   7.0000000000000000E+04   2.5003757662603834E-02   5.0625863310699862E+02   2.1126178693975617E-01
   7.1000000000000000E+04   2.4752458126854032E-02   5.1139842806461911E+02   2.0929611603871295E-01
   7.2000000000000000E+04   2.4507828105337810E-02   5.1650305863094673E+02   2.0738104678891961E-01
   7.3000000000000000E+04   2.4269604190271864E-02   5.2157291390365538E+02   2.0551462271045401E-01
   7.4000000000000000E+04   2.4037536765431432E-02   5.2660837507329609E+02   2.0369499155656834E-01
   7.5000000000000000E+04   2.3811389103272174E-02   5.3160981587037850E+02   2.0192038732197937E-01
   7.6000000000000000E+04   2.3590936267664741E-02   5.3657760900989911E+02   2.0018749461760216E-01
   7.7000000000000000E+04   2.3375965505524413E-02   5.4151210027311697E+02   1.9849826968747172E-01
   7.8000000000000000E+04   2.3166273744040629E-02   5.4641364928465202E+02   1.9684934292533307E-01
   7.9000000000000000E+04   2.2961668170722496E-02   5.5128260206062203E+02   1.9523925474696321E-01
   8.0000000000000000E+04   2.2761965314748042E-02   5.5611929821397223E+02   1.9366663260053668E-01
   8.1000000000000000E+04   2.2566990481004093E-02   5.6092407126522801E+02   1.9213014038412024E-01
   8.2000000000000000E+04   2.2376577236594711E-02   5.6569724864386012E+02   1.9062851262555253E-01
   8.3000000000000000E+04   2.2190566651962371E-02   5.7043915891571191E+02   1.8915883496939778E-01
   8.4000000000000000E+04   2.2008808015903651E-02   5.7515010207101943E+02   1.8772397490305626E-01
   8.5000000000000000E+04   2.1831156531688062E-02   5.7983039782774483E+02   1.8632056432201913E-01
   8.6000000000000000E+04   2.1657474277875059E-02   5.8448035142029698E+02   1.8494753987164331E-01
   8.7000000000000000E+04   2.1487629465129915E-02   5.8910026335619921E+02   1.8360385259710238E-01
   8.8000000000000000E+04   2.1321495931281308E-02   5.9369043417995090E+02   1.8228722160046718E-01
   8.9000000000000000E+04   2.1158953717515520E-02   5.9825113972104293E+02   1.8100025190585314E-01
   9.0000000000000000E+04   2.0999887200953710E-02   6.0278267476758538E+02   1.7973987738666378E-01
   9.1000000000000000E+04   2.0844185718776279E-02   6.0728532875265546E+02   1.7850316560826687E-01
   9.2000000000000000E+04   2.0691744278230440E-02   6.1175935709422959E+02   1.7729442218118502E-01
   9.3000000000000000E+04   2.0542461124439387E-02   6.1620504476694782E+02   1.7610982603730463E-01
   9.4000000000000000E+04   2.0396239125639280E-02   6.2062265983615271E+02   1.7494857026385396E-01
   9.5000000000000000E+04   2.0252984936687670E-02   6.2501247180993084E+02   1.7380866428607386E-01
   9.6000000000000000E+04   2.0112609683641241E-02   6.2937472441004252E+02   1.7269318179285545E-01
   9.7000000000000000E+04   1.9975027186837985E-02   6.3370968451794431E+02   1.7159892918256728E-01
   9.8000000000000000E+04   1.9840154865422878E-02   6.3801760937205552E+02   1.7052402208650905E-01
   9.9000000000000000E+04   1.9707914036695019E-02   6.4229873101939120E+02   1.6947171414880788E-01
   1.0000000000000000E+05   1.9578227914121935E-02   6.4655331587379646E+02   1.6843633207823955E-01
   1.1000000000000000E+05   1.8407077347026610E-02   6.8769028011137425E+02   1.5908196001879940E-01
   1.2000000000000000E+05   1.7425746867309903E-02   7.2641754027513844E+02   1.5121490643406010E-01
   1.3000000000000000E+05   1.6591757453811543E-02   7.6293112480983825E+02   1.4450542654173149E-01
   1.4000000000000000E+05   1.5874468521647544E-02   7.9740421920561403E+02   1.3871787312813164E-01
   1.5000000000000000E+05   1.5251211037435800E-02   8.2999101813863047E+02   1.3367816623908399E-01
   1.6000000000000000E+05   1.4704846226818422E-02   8.6082968713554874E+02   1.2925289850977545E-01
   1.7000000000000000E+05   1.4222171429588662E-02   8.9004469109922479E+02   1.2533508689533229E-01
   1.8000000000000000E+05   1.3792849185531943E-02   9.1774861064141078E+02   1.2184653581178406E-01
   1.9000000000000000E+05   1.3408667759643375E-02   9.4404368903127556E+02   1.1872614756594266E-01
   2.0000000000000000E+05   1.3063019173149506E-02   9.6902316447848523E+02   1.1591092644047936E-01
   2.1000000000000000E+05   1.2750521541216865E-02   9.9277258078341981E+02   1.1310933774342576E-01
   2.2000000000000000E+05   1.2466769255077573E-02   1.0153687709951678E+03   1.1081472817392005E-01
   2.3000000000000000E+05   1.2208082347881295E-02   1.0368842391536875E+03   1.0872367093588187E-01
   2.4000000000000000E+05   1.1971389976932504E-02   1.0573849988346951E+03   1.0681151098151820E-01
   2.5000000000000000E+05   1.1754102383148281E-02   1.0769319310130063E+03   1.0505741248463016E-01
   2.6000000000000000E+05   1.1554019933229888E-02   1.0955812998385447E+03   1.0344364482983093E-01
   2.7000000000000000E+05   1.1369262254194806E-02   1.1133851866367163E+03   1.0195502373689584E-01
   2.8000000000000000E+05   1.1198212267614983E-02   1.1303918763369236E+03   1.0057846911015939E-01
   2.9000000000000000E+05   1.1039471606136924E-02   1.1466462008717499E+03   9.9302652111970896E-02
   3.0000000000000000E+05   1.0891824859363157E-02   1.1621898387327346E+03   9.8117711225365750E-02
   3.1000000000000000E+05   1.0754210497574386E-02   1.1770615964476012E+03   9.7015021688776543E-02
   3.2000000000000000E+05   1.0625697287234292E-02   1.1912976470745330E+03   9.5987007390440193E-02
   3.3000000000000000E+05   1.0505464971315688E-02   1.2049317389921434E+03   9.5026986253267970E-02
   3.4000000000000000E+05   1.0392788063303272E-02   1.2179954117899224E+03   9.4129041773701572E-02
   3.5000000000000000E+05   1.0287022701108855E-02   1.2305181532693605E+03   9.3287916737027257E-02
   3.6000000000000000E+05   1.0187595354508002E-02   1.2425275775413620E+03   9.2498923625979931E-02
   3.7000000000000000E+05   1.0093993531882665E-02   1.2540495629233380E+03   9.1757869625425648E-02
   3.8000000000000000E+05   1.0005757993730022E-02   1.2651083690751527E+03   9.1060993330287401E-02
   3.9000000000000000E+05   9.9224758228122698E-03   1.2757267846101709E+03   9.0404910317496173E-02
   4.0000000000000000E+05   9.8437748820944613E-03   1.2859262151386313E+03   8.9786567444232926E-02
   4.1000000000000000E+05   9.7693188341715694E-03   1.2957267944343716E+03   8.9203203202683587E-02
   4.2000000000000000E+05   9.6988030042987720E-03   1.3051474672903378E+03   8.8652313910446243E-02
   4.3000000000000000E+05   9.6319506575387615E-03   1.3142060862719404E+03   8.8131624200805281E-02
   4.4000000000000000E+05   9.5685100137562380E-03   1.3229194679850955E+03   8.7639061933654477E-02
   4.5000000000000000E+05   9.5082514534106481E-03   1.3313034724452780E+03   8.7172735978346141E-02
   4.6000000000000000E+05   9.4509649637767330E-03   1.3393730931523849E+03   8.6730916586888640E-02
   4.7000000000000000E+05   9.3964584891454272E-03   1.3471424570683851E+03   8.6312019408100377E-02
   4.8000000000000000E+05   9.3445555610953968E-03   1.3546249571793019E+03   8.5914589585708981E-02
   4.9000000000000000E+05   9.2950942161592835E-03   1.3618332297054301E+03   8.5537289791746213E-02
   5.0000000000000000E+05   9.2479252935458185E-03   1.3687792423715628E+03   8.5178888158265742E-02
   5.1000000000000000E+05   9.2029111783677574E-03   1.3754743397462155E+03   8.4838248094715088E-02
   5.2000000000000000E+05   9.1599249383021511E-03   1.3819292474633273E+03   8.4514319772850885E-02
   5.3000000000000000E+05   9.1188490078163709E-03   1.3881541591442221E+03   8.4206131442341278E-02
   5.4000000000000000E+05   9.0795745823623736E-03   1.3941587308945188E+03   8.3912782836054980E-02
   5.5000000000000000E+05   9.0420007496051034E-03   1.3999521264540147E+03   8.3633438622186723E-02
   5.6000000000000000E+05   9.0060337218763956E-03   1.4055430578791020E+03   8.3367322557502441E-02
   5.7000000000000000E+05   8.9715863764091488E-03   1.4109397876493424E+03   8.3113712713915849E-02
   5.8000000000000000E+05   8.9385774495260410E-03   1.4161501926103083E+03   8.2871936388638295E-02
   5.9000000000000000E+05   8.9069313895090013E-03   1.4211817317598377E+03   8.2641366695122703E-02
   6.0000000000000000E+05   8.8765774086997564E-03   1.4260415466441202E+03   8.2421417836425148E-02
   6.1000000000000000E+05   8.8474495364775224E-03   1.4307364087942790E+03   8.2211542678423274E-02
   6.2000000000000000E+05   8.8194861707310227E-03   1.4352727507887505E+03   8.2011229545377040E-02
   6.3000000000000000E+05   8.7926294256246394E-03   1.4396567356651894E+03   8.1819998821630519E-02
   6.4000000000000000E+05   8.7668252042430259E-03   1.4438942127740816E+03   8.1637401206400492E-02
   6.5000000000000000E+05   8.7420225820468798E-03   1.4479907890886043E+03   8.1463014751463586E-02
   6.6000000000000000E+05   8.7181737928687820E-03   1.4519518052235485E+03   8.1296443267609167E-02
   6.7000000000000000E+05   8.6952341915937318E-03   1.4557823168289310E+03   8.1137314820336051E-02
   6.8000000000000000E+05   8.6731614157579059E-03   1.4594872123341320E+03   8.0985278735520388E-02
   6.9000000000000000E+05   8.6519157672171557E-03   1.4630711298383294E+03   8.0840005175540741E-02
   7.0000000000000000E+05   8.6314597822019397E-03   1.4665385110071416E+03   8.0701183177749436E-02
   7.1000000000000000E+05   8.6117582033743752E-03   1.4698935894238746E+03   8.0568519605512368E-02
   7.2000000000000000E+05   8.5927775708823911E-03   1.4731404452621687E+03   8.0441737392602047E-02
   7.3000000000000000E+05   8.5744866217669965E-03   1.4762829234200694E+03   8.0320575515253456E-02
   7.4000000000000000E+05   8.5568553746260441E-03   1.4793247779254025E+03   8.0204786356971203E-02
   7.5000000000000000E+05   8.5398557562448071E-03   1.4822695532710811E+03   8.0094136268289720E-02
   7.6000000000000000E+05   8.5234612107043216E-03   1.4851206410033576E+03   7.9988404111201977E-02
   7.7000000000000000E+05   8.5076462815403993E-03   1.4878813431952565E+03   7.9887379804735037E-02
   7.8000000000000000E+05   8.4923873696257507E-03   1.4905547316509535E+03   7.9790865298979580E-02
   7.9000000000000000E+05   8.4776613415518624E-03   1.4931438832978088E+03   7.9698671241014429E-02
   8.0000000000000000E+05   8.4634471857231545E-03   1.4956515825090332E+03   7.9610619832262836E-02
   8.1000000000000000E+05   8.4497238893787088E-03   1.4980806879050820E+03   7.9526540099200571E-02
   8.2000000000000000E+05   8.4364723679477890E-03   1.5004337861522167E+03   7.9446271378469199E-02
   8.3000000000000000E+05   8.4236740852167320E-03   1.5027134298825108E+03   7.9369660135089101E-02
   8.4000000000000000E+05   8.4113114852397523E-03   1.5049220563311062E+03   7.9296560485976220E-02
   8.5000000000000000E+05   8.3993678156626568E-03   1.5070620140248961E+03   7.9226833505405270E-02
   8.6000000000000000E+05   8.3878269817187559E-03   1.5091355847464827E+03   7.9160346623551398E-02
   8.7000000000000000E+05   8.3766740279978217E-03   1.5111448928894324E+03   7.9096974304232015E-02
   8.8000000000000000E+05   8.3658942719312315E-03   1.5130920575077175E+03   7.9036596035638784E-02
   8.9000000000000000E+05   8.3554740625022359E-03   1.5149790523097647E+03   7.8979097604343268E-02
   9.0000000000000000E+05   8.3454001831777484E-03   1.5168078101664412E+03   7.8924369652993751E-02
   9.1000000000000000E+05   8.3356599533279639E-03   1.5185802021296083E+03   7.8872307676800091E-02
   9.2000000000000000E+05   8.3262414421059472E-03   1.5202979957793286E+03   7.8822812234784045E-02
   9.3000000000000000E+05   8.3171332268720342E-03   1.5219628965314898E+03   7.8775788282511083E-02
   9.4000000000000000E+05   8.3083242000098808E-03   1.5235765807975336E+03   7.8731144592269792E-02
   9.5000000000000000E+05   8.2998038659925673E-03   1.5251406396089158E+03   7.8688794199289536E-02
   9.6000000000000000E+05   8.2915623008253826E-03   1.5266565838320219E+03   7.8648654142865745E-02
   9.7000000000000000E+05   8.2835897441006570E-03   1.5281259173685414E+03   7.8610644504901933E-02
   9.8000000000000000E+05   8.2758770928634436E-03   1.5295500446380697E+03   7.8574689275319715E-02
   9.9000000000000000E+05   8.2684154492237826E-03   1.5309303523200197E+03   7.8540715279664039E-02
   1.0000000000000000E+06   8.2611963426576888E-03   1.5322681669536696E+03   7.8508652541955382E-02
   1.1000000000000000E+06   8.2007137858222945E-03   1.5435690730595584E+03   7.8279661211512030E-02
   1.2000000000000000E+06   8.1573150268286175E-03   1.5517812092798079E+03   7.8182634945137275E-02
   1.3000000000000000E+06   8.1264928619005986E-03   1.5576668055853011E+03   7.8180565333639596E-02
   1.4000000000000000E+06   8.1050964757177074E-03   1.5617788406013462E+03   7.8247741270897189E-02
   1.5000000000000000E+06   8.0908697585835455E-03   1.5645250207345491E+03   7.8365888604612008E-02
   1.6000000000000000E+06   8.0821629876089169E-03   1.5662104558167787E+03   7.8521766908845020E-02
   1.7000000000000000E+06   8.0777496465683878E-03   1.5670661670216559E+03   7.8705629631838803E-02
   1.8000000000000000E+06   8.0767021019287621E-03   1.5672694148005742E+03   7.8910200204499653E-02
   1.9000000000000000E+06   8.0783111526244802E-03   1.5669572436184278E+03   7.9129986614349765E-02
   2.0000000000000000E+06   8.0820266954030918E-03   1.5662368677906381E+03   7.9360800183714150E-02
   2.1000000000000000E+06   8.0874187023534123E-03   1.5651926334820423E+03   7.9599422353655969E-02
   2.2000000000000000E+06   8.0941485168636394E-03   1.5638912666892086E+03   7.9843364673740508E-02
   2.3000000000000000E+06   8.1019450912748602E-03   1.5623863200999103E+03   8.0090688590559789E-02
   2.4000000000000000E+06   8.1105923222578469E-03   1.5607205582347149E+03   8.0339882579363864E-02
   2.5000000000000000E+06   8.1199149640458091E-03   1.5589286627826125E+03   8.0589761398261073E-02
   2.6000000000000000E+06   8.1297715118171972E-03   1.5570386152192132E+03   8.0839397154846004E-02
   2.7000000000000000E+06   8.1400455137217546E-03   1.5550733906180405E+03   8.1088060341263701E-02
   2.8000000000000000E+06   8.1506429702727125E-03   1.5530514859964380E+03   8.1335183034078995E-02
   2.9000000000000000E+06   8.1614861371156408E-03   1.5509881367368303E+03   8.1580321705835152E-02
   3.0000000000000000E+06   8.1725108986200907E-03   1.5488958453326495E+03   8.1823133043757032E-02
   3.1000000000000000E+06   8.1836650363628551E-03   1.5467847377138421E+03   8.2063355411377228E-02
   3.2000000000000000E+06   8.1949031990873385E-03   1.5446635389443302E+03   8.2300786967987205E-02
   3.3000000000000000E+06   8.2061888653042793E-03   1.5425392206518629E+03   8.2535280407867423E-02
   3.4000000000000000E+06   8.2174919136418518E-03   1.5404174789383501E+03   8.2766730567590693E-02
   3.5000000000000000E+06   8.2287904818945344E-03   1.5383024035743942E+03   8.2995072325686883E-02
   3.6000000000000000E+06   8.2400567604890163E-03   1.5361991482273759E+03   8.3220247034361608E-02
   3.7000000000000000E+06   8.2512815606187659E-03   1.5341093482039901E+03   8.3442248591545629E-02
   3.8000000000000000E+06   8.2624476500187533E-03   1.5320361124199953E+03   8.3661066144508731E-02
   3.9000000000000000E+06   8.2735404895926939E-03   1.5299820183066067E+03   8.3876703603107394E-02
   4.0000000000000000E+06   8.2845539173952449E-03   1.5279480709552056E+03   8.4089188918896787E-02
   4.1000000000000000E+06   8.2954770342318872E-03   1.5259361365926018E+03   8.4298545971122407E-02
   4.2000000000000000E+06   8.3063079229701541E-03   1.5239464144837652E+03   8.4504820963727259E-02
   4.3000000000000000E+06   8.3170364629065636E-03   1.5219806036998814E+03   8.4708046647801488E-02
   4.4000000000000000E+06   8.3276626407676590E-03   1.5200385417680161E+03   8.4908278396924830E-02
   4.5000000000000000E+06   8.3381800872676850E-03   1.5181212260140142E+03   8.5105560148911630E-02
   4.6000000000000000E+06   8.3485856888639819E-03   1.5162290534662911E+03   8.5299943438411713E-02
   4.7000000000000000E+06   8.3588824516910732E-03   1.5143613096565991E+03   8.5491492547488654E-02
   4.8000000000000000E+06   8.3690696329611104E-03   1.5125179657908670E+03   8.5680264113422971E-02
   4.9000000000000000E+06   8.3791414381338032E-03   1.5106999052671106E+03   8.5866304413327418E-02
   5.0000000000000000E+06   8.3890965819453083E-03   1.5089071931835081E+03   8.6049668287991085E-02
   5.1000000000000000E+06   8.3989427010047035E-03   1.5071382943586736E+03   8.6230427867924397E-02
   5.2000000000000000E+06   8.4086715078829505E-03   1.5053945400223458E+03   8.6408622254245726E-02
   5.3000000000000000E+06   8.4182899756018760E-03   1.5036745245762854E+03   8.6584320406199136E-02
   5.4000000000000000E+06   8.4277979558270641E-03   1.5019781256213353E+03   8.6757575683024862E-02
   5.5000000000000000E+06   8.4371937916549403E-03   1.5003054913031153E+03   8.6928437418969051E-02
   5.6000000000000000E+06   8.4464838674366428E-03   1.4986553429184551E+03   8.7096969941177604E-02
   5.7000000000000000E+06   8.4556602279318820E-03   1.4970289528656347E+03   8.7263207317293451E-02
   5.8000000000000000E+06   8.4647349369403116E-03   1.4954240470740585E+03   8.7427222944039373E-02
   5.9000000000000000E+06   8.4737012984758761E-03   1.4938416792063772E+03   8.7589050658422207E-02
   6.0000000000000000E+06   8.4825638130252724E-03   1.4922809254168053E+03   8.7748746268777975E-02
   6.1000000000000000E+06   8.4913273041237851E-03   1.4907408139433001E+03   8.7906364443007881E-02
   6.2000000000000000E+06   8.4999830049345675E-03   1.4892227630878542E+03   8.8061931441399649E-02
   6.3000000000000000E+06   8.5085392992505990E-03   1.4877251819149922E+03   8.8215506787852935E-02
   6.4000000000000000E+06   8.5170031525945329E-03   1.4862467407860879E+03   8.8367146083367654E-02
   6.5000000000000000E+06   8.5253692297380702E-03   1.4847882637919918E+03   8.8516878636389046E-02
   6.6000000000000000E+06   8.5336340086515222E-03   1.4833502542967299E+03   8.8664736562004437E-02
   6.7000000000000000E+06   8.5418067098787815E-03   1.4819310020406792E+03   8.8810776602733177E-02
   6.8000000000000000E+06   8.5498996656204109E-03   1.4805282718940450E+03   8.8955060380359691E-02
   6.9000000000000000E+06   8.5578900079551889E-03   1.4791459302516828E+03   8.9097577382226734E-02
   7.0000000000000000E+06   8.5657939865209348E-03   1.4777810669656035E+03   8.9238395367453399E-02
   7.1000000000000000E+06   8.5736114615159037E-03   1.4764336165252730E+03   8.9377547626352277E-02
   7.2000000000000000E+06   8.5813479798530698E-03   1.4751025370987459E+03   8.9515078230196554E-02
   7.3000000000000000E+06   8.5889913576166297E-03   1.4737898374508372E+03   8.9650994295488937E-02
   7.4000000000000000E+06   8.5965619333414258E-03   1.4724919421232200E+03   8.9785367756279502E-02
   7.5000000000000000E+06   8.6040459731017288E-03   1.4712111274604408E+03   8.9918200928404135E-02
   7.6000000000000000E+06   8.6114486446759037E-03   1.4699464281929611E+03   9.0049533308076815E-02
   7.7000000000000000E+06   8.6187783679235169E-03   1.4686963321761552E+03   9.0179410074623198E-02
   7.8000000000000000E+06   8.6260341185304592E-03   1.4674609447249616E+03   9.0307856714941778E-02
   7.9000000000000000E+06   8.6332074754674280E-03   1.4662416272027676E+03   9.0434882850860626E-02
   8.0000000000000000E+06   8.6403032168813135E-03   1.4650374945264305E+03   9.0560524093929645E-02
   8.1000000000000000E+06   8.6473345242946888E-03   1.4638462454811677E+03   9.0684831910011116E-02
   8.2000000000000000E+06   8.6542872348000337E-03   1.4626702157408740E+03   9.0807802312200758E-02
   8.3000000000000000E+06   8.6611814967230225E-03   1.4615059367590643E+03   9.0929500180755365E-02
   8.4000000000000000E+06   8.6679971116940969E-03   1.4603567598944983E+03   9.1049907067386152E-02
   8.5000000000000000E+06   8.6747406438875390E-03   1.4592215141011613E+03   9.1169059332064054E-02
   8.6000000000000000E+06   8.6814312496952192E-03   1.4580969212021184E+03   9.1287017046260688E-02
   8.7000000000000000E+06   8.6880473800052468E-03   1.4569865498133149E+03   9.1403758143449990E-02
   8.8000000000000000E+06   8.6946036504638967E-03   1.4558878915812427E+03   9.1519332693067168E-02
   8.9000000000000000E+06   8.7010914623499372E-03   1.4548023350382948E+03   9.1633743467620876E-02
   9.0000000000000000E+06   8.7075143644375162E-03   1.4537292328229375E+03   9.1747017035689965E-02
   9.1000000000000000E+06   8.7138930657751999E-03   1.4526650810675687E+03   9.1859214578205076E-02
   9.2000000000000000E+06   8.7202025680570457E-03   1.4516140052958515E+03   9.1970303794363800E-02
   9.3000000000000000E+06   8.7264378053213514E-03   1.4505767942435148E+03   9.2080292337040015E-02
   9.4000000000000000E+06   8.7326264114871727E-03   1.4495488047166707E+03   9.2189254315989469E-02
   9.5000000000000000E+06   8.7387570776093666E-03   1.4485318752299463E+03   9.2297183015760342E-02
   9.6000000000000000E+06   8.7448425661734979E-03   1.4475238497458063E+03   9.2404121235228356E-02
   9.7000000000000000E+06   8.7508645902027553E-03   1.4465277169275873E+03   9.2510048283176299E-02
   9.8000000000000000E+06   8.7568298024913813E-03   1.4455423323640553E+03   9.2614993727445333E-02
   9.9000000000000000E+06   8.7627457010137060E-03   1.4445664188730359E+03   9.2718987585517249E-02
   1.0000000000000000E+07   8.7686035259083427E-03   1.4436013829804417E+03   9.2822027043834687E-02
   1.1000000000000000E+07   8.8245238893330941E-03   1.4344533864438440E+03   9.3804073434694532E-02
   1.2000000000000000E+07   8.8760232819382386E-03   1.4261305738761287E+03   9.4707529800190537E-02
   1.3000000000000000E+07   8.9237540452583308E-03   1.4185025845187349E+03   9.5543851546738084E-02
   1.4000000000000000E+07   8.9681797651946643E-03   1.4114757406999518E+03   9.6322089353555657E-02
   1.5000000000000000E+07   9.0097109365822256E-03   1.4049694008951556E+03   9.7049657047062893E-02
   1.6000000000000000E+07   9.0487427870928287E-03   1.3989090500908501E+03   9.7732765630642898E-02
   1.7000000000000000E+07   9.0854939827745701E-03   1.3932504056254725E+03   9.8376355150015665E-02
   1.8000000000000000E+07   9.1202276018386447E-03   1.3879443287420286E+03   9.8984732248911939E-02
   1.9000000000000000E+07   9.1531689655296004E-03   1.3829492522730950E+03   9.9561554810972785E-02
   2.0000000000000000E+07   9.1844821058951667E-03   1.3782342902800733E+03   1.0010988813455918E-01
   2.1000000000000000E+07   9.2143078107377926E-03   1.3737730968849519E+03   1.0063237273002865E-01
   2.2000000000000000E+07   9.2428537456494108E-03   1.3695302906601464E+03   1.0113146899302489E-01
   2.3000000000000000E+07   9.2700275018312780E-03   1.3655157090211242E+03   1.0160877265970272E-01
   2.4000000000000000E+07   9.2961283602856371E-03   1.3616817331058787E+03   1.0206583413400061E-01
   2.5000000000000000E+07   9.3212650616267025E-03   1.3580096792783813E+03   1.0250428797181155E-01
   2.6000000000000000E+07   9.3452852286562294E-03   1.3545191898469877E+03   1.0292567723614071E-01
   2.7000000000000000E+07   9.3684782969432230E-03   1.3511658751388334E+03   1.0333166912674865E-01
   2.8000000000000000E+07   9.3908432837646796E-03   1.3479479738196492E+03   1.0372323346378066E-01
   2.9000000000000000E+07   9.4124369031637258E-03   1.3448555679086364E+03   1.0410135651621052E-01
   3.0000000000000000E+07   9.4333102207246784E-03   1.3418797729134819E+03   1.0446692728982235E-01
   3.1000000000000000E+07   9.4535093667182657E-03   1.3390126021742908E+03   1.0482074812922920E-01
   3.2000000000000000E+07   9.4730763477852142E-03   1.3362468233213340E+03   1.0516355026449005E-01
   3.3000000000000000E+07   9.4920491433035416E-03   1.3335759208261891E+03   1.0549599305750279E-01
   3.4000000000000000E+07   9.5104628371335057E-03   1.3309939162354947E+03   1.0581868789286587E-01
   3.5000000000000000E+07   9.5283489634597051E-03   1.3284954429515622E+03   1.0613218319171655E-01
   3.6000000000000000E+07   9.5457370481980552E-03   1.3260755154781866E+03   1.0643699155392172E-01
   3.7000000000000000E+07   9.5626537246735373E-03   1.3237296404603007E+03   1.0673357690921008E-01
   3.8000000000000000E+07   9.5791239250157464E-03   1.3214536398001189E+03   1.0702237315320251E-01
   3.9000000000000000E+07   9.5951703472926756E-03   1.3192437151863678E+03   1.0730377409122467E-01
   4.0000000000000000E+07   9.6108144656999218E-03   1.3170963004212563E+03   1.0757815478028208E-01
   4.1000000000000000E+07   9.6260755625548079E-03   1.3150081873499096E+03   1.0784584976399583E-01
   4.2000000000000000E+07   9.6409717928348272E-03   1.3129763730058999E+03   1.0810717545711676E-01
   4.3000000000000000E+07   9.6555206959661466E-03   1.3109979850280713E+03   1.0836243574242083E-01
   4.4000000000000000E+07   9.6697376128248615E-03   1.3090704922561506E+03   1.0861189895645613E-01
   4.5000000000000000E+07   9.6836372635564130E-03   1.3071914852126074E+03   1.0885582312801972E-01
   4.6000000000000000E+07   9.6972330276340560E-03   1.3053587699435604E+03   1.0909439698855955E-01
   4.7000000000000000E+07   9.7105143880470805E-03   1.3035733917855030E+03   1.0932296089847449E-01
   4.8000000000000000E+07   9.7235171124314124E-03   1.3018301948196161E+03   1.0954675308579401E-01
   4.9000000000000000E+07   9.7362538803119521E-03   1.3001271672265473E+03   1.0976599063498338E-01
   5.0000000000000000E+07   9.7487347352669066E-03   1.2984626744448892E+03   1.0998084211390183E-01
   5.1000000000000000E+07   9.7609702290258650E-03   1.2968350358416933E+03   1.1019149080160306E-01
   5.2000000000000000E+07   9.7729690924665737E-03   1.2952428332722423E+03   1.1039808398268992E-01
   5.3000000000000000E+07   9.7847402938583683E-03   1.2936846351204429E+03   1.1060077444220058E-01
   5.4000000000000000E+07   9.7962930475414909E-03   1.2921589947725422E+03   1.1079972121641113E-01
   5.5000000000000000E+07   9.8076350052546026E-03   1.2906646882787268E+03   1.1099505401345658E-01
   5.6000000000000000E+07   9.8187733827690849E-03   1.2892005633842780E+03   1.1118689637198655E-01
   5.7000000000000000E+07   9.8297156418022894E-03   1.2877654489797155E+03   1.1137537386527008E-01
   5.8000000000000000E+07   9.8404682518572432E-03   1.2863583167822710E+03   1.1156060169105088E-01
   5.9000000000000000E+07   9.8510380534826032E-03   1.2849781016055856E+03   1.1174269150395252E-01
   6.0000000000000000E+07   9.8614310072537952E-03   1.2836238642745984E+03   1.1192174750381557E-01
   6.1000000000000000E+07   9.8716527869757813E-03   1.2822947129491170E+03   1.1209786712853623E-01
   6.2000000000000000E+07   9.8817086515699485E-03   1.2809898189821020E+03   1.1227114125969156E-01
   6.3000000000000000E+07   9.8916048259023621E-03   1.2797082373995565E+03   1.1244167355402998E-01
   6.4000000000000000E+07   9.9013452341212213E-03   1.2784493296109106E+03   1.1260953331135116E-01
   6.5000000000000000E+07   9.9109358494930237E-03   1.2772121996386418E+03   1.1277482139186121E-01
   6.6000000000000000E+07   9.9203799949484847E-03   1.2759963008729678E+03   1.1293759595484647E-01
   6.7000000000000000E+07   9.9296824798729994E-03   1.2748009014856598E+03   1.1309793951342012E-01
   6.8000000000000000E+07   9.9388484742115833E-03   1.2736252302923458E+03   1.1325593722429797E-01
   6.9000000000000000E+07   9.9478809062261697E-03   1.2724688098030861E+03   1.1341164061812208E-01
   7.0000000000000000E+07   9.9567832607349218E-03   1.2713310961309535E+03   1.1356511417122342E-01
   7.1000000000000000E+07   9.9655589167897459E-03   1.2702115638975281E+03   1.1371640982085310E-01
   7.2000000000000000E+07   9.9742140942541534E-03   1.2691093310399831E+03   1.1386563554764806E-01
   7.3000000000000000E+07   9.9827488203743046E-03   1.2680243091936104E+03   1.1401279210366927E-01
   7.4000000000000000E+07   9.9911683245679974E-03   1.2669557518795771E+03   1.1415797195698750E-01
   7.5000000000000000E+07   9.9994752380758532E-03   1.2659032474632379E+03   1.1430121362026813E-01
   7.6000000000000000E+07   1.0007671792268684E-02   1.2648664384245235E+03   1.1444256177902401E-01
   7.7000000000000000E+07   1.0015761468705905E-02   1.2638448126344999E+03   1.1458207387468845E-01
   7.8000000000000000E+07   1.0023747733586387E-02   1.2628378639652208E+03   1.1471980595693569E-01
   7.9000000000000000E+07   1.0031632115399765E-02   1.2618453339588016E+03   1.1485578773935043E-01
   8.0000000000000000E+07   1.0039417394596248E-02   1.2608668092255900E+03   1.1499006860682043E-01
   8.1000000000000000E+07   1.0047107909416084E-02   1.2599016842394137E+03   1.1512271721627483E-01
   8.2000000000000000E+07   1.0054701730499674E-02   1.2589501425398716E+03   1.1525370980121238E-01
   8.3000000000000000E+07   1.0062204615747279E-02   1.2580114060688252E+03   1.1538313178962227E-01
   8.4000000000000000E+07   1.0069618384499613E-02   1.2570851936448519E+03   1.1551102625839842E-01
   8.5000000000000000E+07   1.0076944275853022E-02   1.2561712985891170E+03   1.1563740964087713E-01
   8.6000000000000000E+07   1.0084184385820679E-02   1.2552694092550835E+03   1.1576231619920896E-01
   8.7000000000000000E+07   1.0091342068839633E-02   1.2543790598373798E+03   1.1588580386260454E-01
   8.8000000000000000E+07   1.0098416854532418E-02   1.2535002623829171E+03   1.1600787089473591E-01
   8.9000000000000000E+07   1.0105413375931037E-02   1.2526323967070978E+03   1.1612858550869308E-01
   9.0000000000000000E+07   1.0112330451506463E-02   1.2517755662269428E+03   1.1624794042659004E-01
   9.1000000000000000E+07   1.0119171096544619E-02   1.2509293553827640E+03   1.1636597521268503E-01
   9.2000000000000000E+07   1.0125937869505310E-02   1.2500934076368046E+03   1.1648274200189469E-01
   9.3000000000000000E+07   1.0132630565122869E-02   1.2492677094514167E+03   1.1659823580082196E-01
   9.4000000000000000E+07   1.0139253942142492E-02   1.2484516364853628E+03   1.1671253363039992E-01
   9.5000000000000000E+07   1.0145805042504293E-02   1.2476455169183885E+03   1.1682559238736988E-01
   9.6000000000000000E+07   1.0152287770916497E-02   1.2468488347100631E+03   1.1693747014075828E-01
   9.7000000000000000E+07   1.0158705177844856E-02   1.2460611815386792E+03   1.1704822635612902E-01
   9.8000000000000000E+07   1.0165055622025092E-02   1.2452827261841039E+03   1.1715782996611876E-01
   9.9000000000000000E+07   1.0171342655817012E-02   1.2445130013950627E+03   1.1726634205464054E-01
   1.0000000000000000E+08   1.0177566058086890E-02   1.2437520036286448E+03   1.1737375855085072E-01
   1.1000000000000000E+08   1.0236588767177786E-02   1.2365807071781346E+03   1.1839265831157282E-01
   1.2000000000000000E+08   1.0290479906172264E-02   1.2301047465450013E+03   1.1932319885562896E-01
   1.3000000000000000E+08   1.0340058002832277E-02   1.2242066894925704E+03   1.2017944700232314E-01
   1.4000000000000000E+08   1.0385963740351582E-02   1.2187957221175463E+03   1.2097241766369152E-01
   1.5000000000000000E+08   1.0428702008688387E-02   1.2138009280793033E+03   1.2171079130589368E-01
   1.6000000000000000E+08   1.0468685766801900E-02   1.2091649762714665E+03   1.2240166111105978E-01
   1.7000000000000000E+08   1.0506246822613608E-02   1.2048420706776690E+03   1.2305075480352062E-01
   1.8000000000000000E+08   1.0541655520358807E-02   1.2007950888132993E+03   1.2366272410902890E-01
   1.9000000000000000E+08   1.0575153465419044E-02   1.1969914401905908E+03   1.2424173685400695E-01
   2.0000000000000000E+08   1.0606935944811456E-02   1.1934047912300716E+03   1.2479111374313331E-01
   2.1000000000000000E+08   1.0637167332770796E-02   1.1900130721654423E+03   1.2531374433595946E-01
   2.2000000000000000E+08   1.0665991720651273E-02   1.1867971125741253E+03   1.2581208229715798E-01
   2.3000000000000000E+08   1.0693535287951507E-02   1.1837402538962715E+03   1.2628831117522560E-01
   2.4000000000000000E+08   1.0719907472348666E-02   1.1808281190355358E+03   1.2674432747292447E-01
   2.5000000000000000E+08   1.0745201611308364E-02   1.1780484568560032E+03   1.2718170329801873E-01
   2.6000000000000000E+08   1.0769506342921399E-02   1.1753898250989539E+03   1.2760202471066795E-01
   2.7000000000000000E+08   1.0792890872481383E-02   1.1728431544771270E+03   1.2800641693527737E-01
   2.8000000000000000E+08   1.0815425606363227E-02   1.1703994495936381E+03   1.2839613488924775E-01
   2.9000000000000000E+08   1.0837170366027663E-02   1.1680510455468971E+03   1.2877200459650695E-01
   3.0000000000000000E+08   1.0858159102939075E-02   1.1657932119802981E+03   1.2913146513712848E-01
   3.1000000000000000E+08   1.0878458841543138E-02   1.1636177845769960E+03   1.2947912363437430E-01
   3.2000000000000000E+08   1.0898117852007875E-02   1.1615187455947976E+03   1.2981586905314491E-01
   3.3000000000000000E+08   1.0917146250438121E-02   1.1594942383684254E+03   1.3013793842805921E-01
   3.4000000000000000E+08   1.0935599265164539E-02   1.1575376776224616E+03   1.3044841187196904E-01
   3.5000000000000000E+08   1.0953512272909860E-02   1.1556446792062336E+03   1.3074974462295336E-01
   3.6000000000000000E+08   1.0970927435286618E-02   1.1538102180946341E+03   1.3104279736853658E-01
   3.7000000000000000E+08   1.0987860222852286E-02   1.1520321445736897E+03   1.3132767077109961E-01
   3.8000000000000000E+08   1.1004345559461904E-02   1.1503063138474754E+03   1.3160507861608933E-01
   3.9000000000000000E+08   1.1020399754299824E-02   1.1486305813788244E+03   1.3187519726166924E-01
   4.0000000000000000E+08   1.1036048543145225E-02   1.1470018573514612E+03   1.3213851579829655E-01
   4.1000000000000000E+08   1.1051310790938457E-02   1.1454178075588745E+03   1.3239533340859547E-01
   4.2000000000000000E+08   1.1066205196426013E-02   1.1438761483382450E+03   1.3264596507343832E-01
   4.3000000000000000E+08   1.1080749421818623E-02   1.1423747343192706E+03   1.3289071357327439E-01
   4.4000000000000000E+08   1.1094959098072180E-02   1.1409116577102056E+03   1.3312983350991001E-01
   4.5000000000000000E+08   1.1108849494095498E-02   1.1394850730074747E+03   1.3336358536384585E-01
   4.6000000000000000E+08   1.1122434609172489E-02   1.1380932881699580E+03   1.3359220384619686E-01
   4.7000000000000000E+08   1.1135727566976100E-02   1.1367347217031306E+03   1.3381590939976051E-01
   4.8000000000000000E+08   1.1148740682089811E-02   1.1354078938389721E+03   1.3403490929849912E-01
   4.9000000000000000E+08   1.1161485482795370E-02   1.1341114223837342E+03   1.3424939672698957E-01
   5.0000000000000000E+08   1.1173972813450176E-02   1.1328440106433322E+03   1.3445955396010889E-01
   5.1000000000000000E+08   1.1186212868123397E-02   1.1316044425437462E+03   1.3466555296848981E-01
   5.2000000000000000E+08   1.1198215264650088E-02   1.1303915738044168E+03   1.3486755445629861E-01
   5.3000000000000000E+08   1.1209989031826354E-02   1.1292043320354733E+03   1.3506571088209596E-01
   5.4000000000000000E+08   1.1221542732328615E-02   1.1280417032446380E+03   1.3526016635755253E-01
   5.5000000000000000E+08   1.1232884442806922E-02   1.1269027328874872E+03   1.3545105565896340E-01
   5.6000000000000000E+08   1.1244021804445774E-02   1.1257865198912605E+03   1.3563850806593594E-01
   5.7000000000000000E+08   1.1254962036270530E-02   1.1246922145108333E+03   1.3582264433082875E-01
   5.8000000000000000E+08   1.1265712012080280E-02   1.1236190098978941E+03   1.3600358073858401E-01
   5.9000000000000000E+08   1.1276278218019907E-02   1.1225661456791588E+03   1.3618142576406422E-01
   6.0000000000000000E+08   1.1286666847928280E-02   1.1215328978308560E+03   1.3635628387891957E-01
   6.1000000000000000E+08   1.1296883755428857E-02   1.1205185828990514E+03   1.3652825337286401E-01
   6.2000000000000000E+08   1.1306934544698364E-02   1.1195225484650709E+03   1.3669742809466315E-01
   6.3000000000000000E+08   1.1316824530586422E-02   1.1185441766456831E+03   1.3686389737637977E-01
   6.4000000000000000E+08   1.1326558747796721E-02   1.1175828827330988E+03   1.3702774704620915E-01
   6.5000000000000000E+08   1.1336142062758774E-02   1.1166381037507840E+03   1.3718905718940938E-01
   6.6000000000000000E+08   1.1345579065369919E-02   1.1157093087866763E+03   1.3734790658476487E-01
   6.7000000000000000E+08   1.1354874150313408E-02   1.1147959906239096E+03   1.3750436811240779E-01
   6.8000000000000000E+08   1.1364031542085450E-02   1.1138976629842653E+03   1.3765851320542327E-01
   6.9000000000000000E+08   1.1373055236138739E-02   1.1130138660177736E+03   1.3781040896791294E-01
   7.0000000000000000E+08   1.1381949104375360E-02   1.1121441556914385E+03   1.3796012034218030E-01
   7.1000000000000000E+08   1.1390716819025929E-02   1.1112881110050221E+03   1.3810770912916887E-01
   7.2000000000000000E+08   1.1399361906617606E-02   1.1104453284757958E+03   1.3825323521899008E-01
   7.3000000000000000E+08   1.1407887760570482E-02   1.1096154207056682E+03   1.3839675483837538E-01
   7.4000000000000000E+08   1.1416297597464549E-02   1.1087980204387597E+03   1.3853832236328023E-01
   7.5000000000000000E+08   1.1424594558901628E-02   1.1079927704695235E+03   1.3867799061544350E-01
   7.6000000000000000E+08   1.1432781625135400E-02   1.1071993318737550E+03   1.3881580989083203E-01
   7.7000000000000000E+08   1.1440861681781407E-02   1.1064173773699076E+03   1.3895182854891472E-01
   7.8000000000000000E+08   1.1448837474253109E-02   1.1056465955845229E+03   1.3908609341453027E-01
   7.9000000000000000E+08   1.1456711661062886E-02   1.1048866857520345E+03   1.3921864816517993E-01
   8.0000000000000000E+08   1.1464486799718560E-02   1.1041373589543673E+03   1.3934953605031253E-01
   8.1000000000000000E+08   1.1472165355696701E-02   1.1033983371345610E+03   1.3947879971506741E-01
   8.2000000000000000E+08   1.1479749698076870E-02   1.1026693534031524E+03   1.3960647740397109E-01
   8.3000000000000000E+08   1.1487242112295942E-02   1.1019501507031825E+03   1.3973260710289037E-01
   8.4000000000000000E+08   1.1494644802412276E-02   1.1012404814937790E+03   1.3985722826303512E-01
   8.5000000000000000E+08   1.1501959867589307E-02   1.1005401099057669E+03   1.3998037509512984E-01
   8.6000000000000000E+08   1.1509189383924659E-02   1.0998488038166183E+03   1.4010208253141790E-01
   8.7000000000000000E+08   1.1516335337689695E-02   1.0991663411694180E+03   1.4022238233263221E-01
   8.8000000000000000E+08   1.1523399608975433E-02   1.0984925114415898E+03   1.4034130890965987E-01
   8.9000000000000000E+08   1.1530384068851396E-02   1.0978271062977201E+03   1.4045889205930284E-01
   9.0000000000000000E+08   1.1537290470220082E-02   1.0971699299313029E+03   1.4057516170314843E-01
   9.1000000000000000E+08   1.1544120578923414E-02   1.0965207865135585E+03   1.4069014727683782E-01
   9.2000000000000000E+08   1.1550876026560587E-02   1.0958794941354452E+03   1.4080387677892894E-01
   9.3000000000000000E+08   1.1557558455792323E-02   1.0952458709360399E+03   1.4091637625723741E-01
   9.4000000000000000E+08   1.1564169405598913E-02   1.0946197459438615E+03   1.4102767395652160E-01
   9.5000000000000000E+08   1.1570710402986044E-02   1.0940009503255501E+03   1.4113779421605022E-01
   9.6000000000000000E+08   1.1577182914836805E-02   1.0933893219036952E+03   1.4124676226508631E-01
   9.7000000000000000E+08   1.1583588337478481E-02   1.0927847060873657E+03   1.4135460135274297E-01
   9.8000000000000000E+08   1.1589928071016730E-02   1.0921869488097695E+03   1.4146133335393404E-01
   9.9000000000000000E+08   1.1596203438374612E-02   1.0915959041317685E+03   1.4156698431938058E-01
   1.0000000000000000E+09   1.1602415744999962E-02   1.0910114285693958E+03   1.4167157163019381E-01
   1.1000000000000000E+09   1.1661328831414781E-02   1.0854996338588553E+03   1.4266343357279279E-01
   1.2000000000000000E+09   1.1715112337106735E-02   1.0805161583226165E+03   1.4356896195247071E-01
   1.3000000000000000E+09   1.1764588413238481E-02   1.0759720384747350E+03   1.4440198642901117E-01
   1.4000000000000000E+09   1.1810396153790384E-02   1.0717987789720271E+03   1.4517326535819108E-01
   1.5000000000000000E+09   1.1853042148783993E-02   1.0679425600546847E+03   1.4589131970431415E-01
   1.6000000000000000E+09   1.1892934841337376E-02   1.0643603404611783E+03   1.4656302834466128E-01
   1.7000000000000000E+09   1.1930408318193621E-02   1.0610171788927555E+03   1.4719401264333409E-01
   1.8000000000000000E+09   1.1965739223907361E-02   1.0578843429511846E+03   1.4778892475796573E-01
   1.9000000000000000E+09   1.1999159407326076E-02   1.0549379124907621E+03   1.4835167106940786E-01
   2.0000000000000000E+09   1.2030864997889731E-02   1.0521577774356870E+03   1.4888555181318519E-01
   2.1000000000000000E+09   1.2061023337478138E-02   1.0495268786583097E+03   1.4939338369812022E-01
   2.2000000000000000E+09   1.2089778468758562E-02   1.0470306142928259E+03   1.4987759222426697E-01
   2.3000000000000000E+09   1.2117255168955893E-02   1.0446564011657429E+03   1.5034027582886100E-01
   2.4000000000000000E+09   1.2143562246887478E-02   1.0423933207945577E+03   1.5078326418940141E-01
   2.5000000000000000E+09   1.2168795333009613E-02   1.0402318249589432E+03   1.5120817285549470E-01
   2.6000000000000000E+09   1.2193038576059351E-02   1.0381635469982659E+03   1.5161641585001812E-01
   2.7000000000000000E+09   1.2216366720673852E-02   1.0361810893730462E+03   1.5200924472403785E-01
   2.8000000000000000E+09   1.2238846514850016E-02   1.0342778758969987E+03   1.5238780155334297E-01
   2.9000000000000000E+09   1.2260537284107994E-02   1.0324480798419929E+03   1.5275306315469028E-01
   3.0000000000000000E+09   1.2281492648258462E-02   1.0306864596465348E+03   1.5310594610375458E-01
   3.1000000000000000E+09   1.2301760824422261E-02   1.0289883178087998E+03   1.5344725855653929E-01
   3.2000000000000000E+09   1.2321385441206409E-02   1.0273494192037106E+03   1.5377773466517661E-01
   3.3000000000000000E+09   1.2340406155802470E-02   1.0257659283650469E+03   1.5409804186112344E-01
   3.4000000000000000E+09   1.2358859026750598E-02   1.0242343689987545E+03   1.5440878762315216E-01
   3.5000000000000000E+09   1.2376776906866255E-02   1.0227515832321407E+03   1.5471052573995614E-01
   3.6000000000000000E+09   1.2394190022308222E-02   1.0213146767981403E+03   1.5500376379843134E-01
   3.7000000000000000E+09   1.2411125962514077E-02   1.0199210140192872E+03   1.5528896765567546E-01
   3.8000000000000000E+09   1.2427610277913170E-02   1.0185681634469502E+03   1.5556656643211114E-01
   3.9000000000000000E+09   1.2443666357496363E-02   1.0172539035637799E+03   1.5583695426960387E-01
   4.0000000000000000E+09   1.2459315926158215E-02   1.0159761781328890E+03   1.5610049682462540E-01
   4.1000000000000000E+09   1.2474579048899818E-02   1.0147330925707548E+03   1.5635753235945457E-01
   4.2000000000000000E+09   1.2489474340650274E-02   1.0135228938826092E+03   1.5660837398515631E-01
   4.3000000000000000E+09   1.2504019129654445E-02   1.0123439548159328E+03   1.5685331320225254E-01
   4.4000000000000000E+09   1.2518229433642804E-02   1.0111947735027952E+03   1.5709262174857369E-01
   4.5000000000000000E+09   1.2532120502399642E-02   1.0100739275834959E+03   1.5732655236411014E-01
   4.6000000000000000E+09   1.2545706141040320E-02   1.0089801271049696E+03   1.5755534214375500E-01
   4.7000000000000000E+09   1.2558999659915750E-02   1.0079121362834222E+03   1.5777921096790434E-01
   4.8000000000000000E+09   1.2572013372751866E-02   1.0068688126154682E+03   1.5799836749420471E-01
   4.9000000000000000E+09   1.2584758678346178E-02   1.0058490989254277E+03   1.5821300558686296E-01
   5.0000000000000000E+09   1.2597246398998924E-02   1.0048519951006432E+03   1.5842330699238583E-01
   5.1000000000000000E+09   1.2609486901812759E-02   1.0038765475055669E+03   1.5862944372788595E-01
   5.2000000000000000E+09   1.2621489694408862E-02   1.0029218803241532E+03   1.5883157786304877E-01
   5.3000000000000000E+09   1.2633263791996422E-02   1.0019871654091431E+03   1.5902986293447829E-01
   5.4000000000000000E+09   1.2644817954279191E-02   1.0010716028161306E+03   1.5922444087276744E-01
   5.5000000000000000E+09   1.2656160005012502E-02   1.0001744740738962E+03   1.5941544913418559E-01
   5.6000000000000000E+09   1.2667297641251029E-02   9.9929507739571147E+02   1.5960301468883659E-01
   5.7000000000000000E+09   1.2678238224274656E-02   9.9843274379967465E+02   1.5978726235311957E-01
   5.8000000000000000E+09   1.2688988413219186E-02   9.9758686544477973E+02   1.5996830436891685E-01
   5.9000000000000000E+09   1.2699554938741892E-02   9.9675683422512816E+02   1.6014625183922043E-01
   6.0000000000000000E+09   1.2709943861867745E-02   9.9594209969612666E+02   1.6032120972403138E-01
   6.1000000000000000E+09   1.2720160958770885E-02   9.9514213836108593E+02   1.6049327440000377E-01
   6.2000000000000000E+09   1.2730212089435001E-02   9.9435642453387209E+02   1.6066254213637299E-01
   6.3000000000000000E+09   1.2740102212249070E-02   9.9358450708801786E+02   1.6082910144041457E-01
   6.4000000000000000E+09   1.2749836684760105E-02   9.9282590748311486E+02   1.6099303848975760E-01
   6.5000000000000000E+09   1.2759420203702456E-02   9.9208020229127067E+02   1.6115443252591599E-01
   6.6000000000000000E+09   1.2768857489326602E-02   9.9134696956164635E+02   1.6131336340667418E-01
   6.7000000000000000E+09   1.2778152634631067E-02   9.9062583917662926E+02   1.6146990324748839E-01
   6.8000000000000000E+09   1.2787310216276727E-02   9.8991640639920183E+02   1.6162412583508390E-01
   6.9000000000000000E+09   1.2796334101359826E-02   9.8921832429049311E+02   1.6177609524135145E-01
   7.0000000000000000E+09   1.2805228268076865E-02   9.8853123988156267E+02   1.6192587998679314E-01
   7.1000000000000000E+09   1.2813996045978944E-02   9.8785485272415701E+02   1.6207353813217873E-01
   7.2000000000000000E+09   1.2822641312663332E-02   9.8718882234562375E+02   1.6221913340108032E-01
   7.3000000000000000E+09   1.2831167315129472E-02   9.8653285908622956E+02   1.6236271968983590E-01
   7.4000000000000000E+09   1.2839577304364712E-02   9.8588667498464656E+02   1.6250435176577249E-01
   7.5000000000000000E+09   1.2847874343049397E-02   9.8524999846815444E+02   1.6264408263311905E-01
   7.6000000000000000E+09   1.2856061628977601E-02   9.8462254943430412E+02   1.6278196294331640E-01
   7.7000000000000000E+09   1.2864141689664590E-02   9.8400410087044861E+02   1.6291804178766944E-01
   7.8000000000000000E+09   1.2872117673510335E-02   9.8339437984304971E+02   1.6305236509083390E-01
   7.9000000000000000E+09   1.2879991923191291E-02   9.8279317660255811E+02   1.6318497558614126E-01
   8.0000000000000000E+09   1.2887767295708497E-02   9.8220024356147212E+02   1.6331591866029521E-01
   8.1000000000000000E+09   1.2895445968557533E-02   9.8161538636762702E+02   1.6344523543441108E-01
   8.2000000000000000E+09   1.2903030236373951E-02   9.8103840298879663E+02   1.6357296484645828E-01
   8.3000000000000000E+09   1.2910522898501092E-02   9.8046905429973629E+02   1.6369914727134990E-01
   8.4000000000000000E+09   1.2917925629257440E-02   9.7990718789546827E+02   1.6382381961285317E-01
   8.5000000000000000E+09   1.2925240757258103E-02   9.7935260275134260E+02   1.6394701485115570E-01
   8.6000000000000000E+09   1.2932470420837193E-02   9.7880511339990449E+02   1.6406876771103976E-01
   8.7000000000000000E+09   1.2939616435987424E-02   9.7826455980590276E+02   1.6418911530130836E-01
   8.8000000000000000E+09   1.2946680782466431E-02   9.7773077049613914E+02   1.6430808833433572E-01
   8.9000000000000000E+09   1.2953665291677685E-02   9.7720358614955535E+02   1.6442571527025812E-01
   9.0000000000000000E+09   1.2960571854273850E-02   9.7668284386959829E+02   1.6454202703595441E-01
   9.1000000000000000E+09   1.2967402093474833E-02   9.7616840177865072E+02   1.6465705518975776E-01
   9.2000000000000000E+09   1.2974157552376167E-02   9.7566012480634072E+02   1.6477082661948497E-01
   9.3000000000000000E+09   1.2980840121748181E-02   9.7515785250297847E+02   1.6488336685439114E-01
   9.4000000000000000E+09   1.2987451076585436E-02   9.7466147145914795E+02   1.6499470401464864E-01
   9.5000000000000000E+09   1.2993992020095494E-02   9.7417084428188161E+02   1.6510486383485001E-01
   9.6000000000000000E+09   1.3000464683888744E-02   9.7368582466869520E+02   1.6521386927747667E-01
   9.7000000000000000E+09   1.3006870134845137E-02   9.7320631678307825E+02   1.6532174471599353E-01
   9.8000000000000000E+09   1.3013209991496804E-02   9.7273218407140075E+02   1.6542851491946997E-01
   9.9000000000000000E+09   1.3019485299208405E-02   9.7226333344975592E+02   1.6553419952347173E-01
   1.0000000000000000E+10   1.3025697889369536E-02   9.7179961368051841E+02   1.6563882523212581E-01
   1.1000000000000000E+10   1.3084611333038938E-02   9.6742408732048420E+02   1.6663100301656125E-01
   1.2000000000000000E+10   1.3138395263425912E-02   9.6346379622527184E+02   1.6753679033374061E-01
   1.3000000000000000E+10   1.3187871689327349E-02   9.5984920652910159E+02   1.6837003590647304E-01
   1.4000000000000000E+10   1.3233679683731119E-02   9.5652671662969726E+02   1.6914150226765418E-01
   1.5000000000000000E+10   1.3276325855266363E-02   9.5345416456370128E+02   1.6985972858587145E-01
   1.6000000000000000E+10   1.3316218540202155E-02   9.5059780962533614E+02   1.7053157658890844E-01
   1.7000000000000000E+10   1.3353692187353045E-02   9.4793020531032516E+02   1.7116268386826722E-01
   1.8000000000000000E+10   1.3389023291931514E-02   9.4542879647066093E+02   1.7175771411902879E-01
   1.9000000000000000E+10   1.3422443569436303E-02   9.4307479195757719E+02   1.7232056017868846E-01
   2.0000000000000000E+10   1.3454149097814134E-02   9.4085237830945675E+02   1.7285452889161174E-01
   2.1000000000000000E+10   1.3484307715972175E-02   9.3874809470675393E+02   1.7336244426296149E-01
   2.2000000000000000E+10   1.3513062522983121E-02   9.3675050753883568E+02   1.7384672443877178E-01
   2.3000000000000000E+10   1.3540539708746923E-02   9.3484960341952967E+02   1.7430947571778194E-01
   2.4000000000000000E+10   1.3566846851406574E-02   9.3303685929763935E+02   1.7475252881481049E-01
   2.5000000000000000E+10   1.3592079428444008E-02   9.3130475314310036E+02   1.7517749224022744E-01
   2.6000000000000000E+10   1.3616323143380514E-02   9.2964657518151228E+02   1.7558578819428328E-01
   2.7000000000000000E+10   1.3639651223270328E-02   9.2805658807552766E+02   1.7597867202900713E-01
   2.8000000000000000E+10   1.3662130979303173E-02   9.2652955794265779E+02   1.7635726654337130E-01
   2.9000000000000000E+10   1.3683821955333641E-02   9.2506086516819346E+02   1.7672257469205152E-01
   3.0000000000000000E+10   1.3704777481586935E-02   9.2364638490596565E+02   1.7707549719040416E-01
   3.1000000000000000E+10   1.3725045652255042E-02   9.2228240965658824E+02   1.7741684623810763E-01
   3.2000000000000000E+10   1.3744670182475627E-02   9.2096558220420616E+02   1.7774735685155890E-01
   3.3000000000000000E+10   1.3763690688285080E-02   9.1969286897609436E+02   1.7806769618959084E-01
   3.4000000000000000E+10   1.3782143645427878E-02   9.1846148918987467E+02   1.7837847239948953E-01
   3.5000000000000000E+10   1.3800061781092202E-02   9.1726894977760128E+02   1.7868023972190475E-01
   3.6000000000000000E+10   1.3817474749886559E-02   9.1611299502554800E+02   1.7897350479767221E-01
   3.7000000000000000E+10   1.3834410572333223E-02   9.1499150691127556E+02   1.7925873419558927E-01
   3.8000000000000000E+10   1.3850894812869401E-02   9.1390255632055505E+02   1.7953635691849812E-01
   3.9000000000000000E+10   1.3866951027764423E-02   9.1284437014768878E+02   1.7980676812589841E-01
   4.0000000000000000E+10   1.3882600559688527E-02   9.1181534197310827E+02   1.8007033259437241E-01
   4.1000000000000000E+10   1.3897863681976923E-02   9.1081395432192414E+02   1.8032738866436970E-01
   4.2000000000000000E+10   1.3912758692243451E-02   9.0983883619469884E+02   1.8057824961361613E-01
   4.3000000000000000E+10   1.3927303773483309E-02   9.0888863937248050E+02   1.8082320851727435E-01
   4.4000000000000000E+10   1.3941514233945414E-02   9.0796221733126436E+02   1.8106253529934097E-01
   4.5000000000000000E+10   1.3955405001852347E-02   9.0705846051248761E+02   1.8129648295200093E-01
   4.6000000000000000E+10   1.3968990372914802E-02   9.0617631187952020E+02   1.8152528828996245E-01
   4.7000000000000000E+10   1.3982284864927991E-02   9.0531471065645815E+02   1.8174917540055252E-01
   4.8000000000000000E+10   1.3995297478442527E-02   9.0447296288675591E+02   1.8196834472114909E-01
   4.9000000000000000E+10   1.4008042886758798E-02   9.0365001586152118E+02   1.8218299708368665E-01
   5.0000000000000000E+10   1.4020531470959434E-02   9.0284510277143147E+02   1.8239331418123378E-01
   5.1000000000000000E+10   1.4032771100508394E-02   9.0205762540727676E+02   1.8259946304563066E-01
   5.2000000000000000E+10   1.4044774595830749E-02   9.0128667359077076E+02   1.8280161169562106E-01
   5.3000000000000000E+10   1.4056549131355591E-02   9.0053170650339439E+02   1.8299990926191897E-01
   5.4000000000000000E+10   1.4068102987936291E-02   8.9979211750605521E+02   1.8319449884154523E-01
   5.5000000000000000E+10   1.4079444416674532E-02   8.9906730707476879E+02   1.8338551716262314E-01
   5.6000000000000000E+10   1.4090582762111691E-02   8.9835661097322907E+02   1.8357309602005711E-01
   5.7000000000000000E+10   1.4101523283723114E-02   8.9765963024856774E+02   1.8375735331376553E-01
   5.8000000000000000E+10   1.4112274082270213E-02   8.9697578880725189E+02   1.8393840712380455E-01
   5.9000000000000000E+10   1.4122840152966392E-02   8.9630471206244351E+02   1.8411636407482843E-01
   6.0000000000000000E+10   1.4133229291004296E-02   8.9564585107703749E+02   1.8429133128523589E-01
   6.1000000000000000E+10   1.4143445973378320E-02   8.9499887089997958E+02   1.8446340479532741E-01
   6.2000000000000000E+10   1.4153497464691529E-02   8.9436326310066170E+02   1.8463268222988141E-01
   6.3000000000000000E+10   1.4163387461932089E-02   8.9373874793944765E+02   1.8479924992183172E-01
   6.4000000000000000E+10   1.4173122384378229E-02   8.9312487633357694E+02   1.8496319561143160E-01
   6.5000000000000000E+10   1.4182705612774829E-02   8.9252139347845230E+02   1.8512459786641849E-01
   6.6000000000000000E+10   1.4192141762486701E-02   8.9192796891781472E+02   1.8528353439334866E-01
   6.7000000000000000E+10   1.4201437522607871E-02   8.9134414432743654E+02   1.8544008389396882E-01
   6.8000000000000000E+10   1.4210595507183567E-02   8.9076971970735201E+02   1.8559431406671745E-01
   6.9000000000000000E+10   1.4219619472951443E-02   8.9020442501201967E+02   1.8574629179930180E-01
   7.0000000000000000E+10   1.4228512838270634E-02   8.8964801316136607E+02   1.8589608128666327E-01
   7.1000000000000000E+10   1.4237280205411105E-02   8.8910016479112642E+02   1.8604374637113419E-01
   7.2000000000000000E+10   1.4245926624201577E-02   8.8856053458143549E+02   1.8618934941701898E-01
   7.3000000000000000E+10   1.4254451708881897E-02   8.8802911787347637E+02   1.8633294005921447E-01
   7.4000000000000000E+10   1.4262862892200207E-02   8.8750542387467078E+02   1.8647458123600755E-01
   7.5000000000000000E+10   1.4271159500982187E-02   8.8698946823047356E+02   1.8661431765001216E-01
   7.6000000000000000E+10   1.4279347150155488E-02   8.8648087645033706E+02   1.8675220522674552E-01
   7.7000000000000000E+10   1.4287426501228087E-02   8.8597958321748126E+02   1.8688828765865370E-01
   7.8000000000000000E+10   1.4295402945085691E-02   8.8548523084198939E+02   1.8702261702115622E-01
   7.9000000000000000E+10   1.4303277657446073E-02   8.8499772429564098E+02   1.8715523478809551E-01
   8.0000000000000000E+10   1.4311052028162180E-02   8.8451695597909463E+02   1.8728618180966694E-01
   8.1000000000000000E+10   1.4318730412247859E-02   8.8404263592956750E+02   1.8741550325051770E-01
   8.2000000000000000E+10   1.4326315631234678E-02   8.8357457022727408E+02   1.8754324010986739E-01
   8.3000000000000000E+10   1.4333807813054537E-02   8.8311273193434545E+02   1.8766942621682869E-01
   8.4000000000000000E+10   1.4341210151285838E-02   8.8265690574749044E+02   1.8779410095867949E-01
   8.5000000000000000E+10   1.4348525078662610E-02   8.8220692422473792E+02   1.8791730060759509E-01
   8.6000000000000000E+10   1.4355755241802543E-02   8.8176260765080053E+02   1.8803906105188822E-01
   8.7000000000000000E+10   1.4362901452181512E-02   8.8132388981098541E+02   1.8815941288798035E-01
   8.8000000000000000E+10   1.4369966704844028E-02   8.8089057106453834E+02   1.8827839059442375E-01
   8.9000000000000000E+10   1.4376951134834655E-02   8.8046262786119166E+02   1.8839602228550434E-01
   9.0000000000000000E+10   1.4383855933042217E-02   8.8003997229491051E+02   1.8851233609445039E-01
   9.1000000000000000E+10   1.4390687755317582E-02   8.7962218290303713E+02   1.8862737168449503E-01
   9.2000000000000000E+10   1.4397442898300803E-02   8.7920947255865883E+02   1.8874114565982614E-01
   9.3000000000000000E+10   1.4404125145073141E-02   8.7880159671746458E+02   1.8885368996809537E-01
   9.4000000000000000E+10   1.4410735241065701E-02   8.7839849702716140E+02   1.8896502938099280E-01
   9.5000000000000000E+10   1.4417277275847596E-02   8.7799991181512951E+02   1.8907519421328473E-01
   9.6000000000000000E+10   1.4423750053586157E-02   8.7760590205604865E+02   1.8918420397937993E-01
   9.7000000000000000E+10   1.4430155721991663E-02   8.7721632535933168E+02   1.8929208383729829E-01
   9.8000000000000000E+10   1.4436495481560766E-02   8.7683109747629203E+02   1.8939885710347287E-01
   9.9000000000000000E+10   1.4442769421863668E-02   8.7645020197068595E+02   1.8950454335400477E-01
   1.0000000000000000E+11   1.4448983512677259E-02   8.7607326603302238E+02   1.8960917398058003E-01
   1.1000000000000000E+11   1.4507896510972198E-02   8.7251574804349082E+02   1.9060138037734647E-01
