   1.0000000000000000E-03   1.5215387817643612E-04   1.3160645448584322E+05
   1.0999999999999999E-02   1.0268134627793007E-03   1.9501528923151305E+04
   2.1000000000000001E-02   9.0214176286735497E-04   2.2196547446630000E+04
   3.1000000000000007E-02   7.8894285933690193E-04   2.5381346958260066E+04
   4.1000000000000002E-02   7.0796008823200026E-04   2.8284691151275209E+04
   5.1000000000000004E-02   6.4927356915527197E-04   3.0841286931060778E+04
   6.0999999999999999E-02   6.0605241432059329E-04   3.3040760122240892E+04
   7.0999999999999994E-02   5.7733410755744742E-04   3.4684305293844343E+04
   8.0999999999999989E-02   5.8649952027689620E-04   3.4142282731310348E+04
   9.0999999999999998E-02   5.9306221736694020E-04   3.3764471680518698E+04
   1.0100000000000001E-01   5.9398452438490245E-04   3.3712044036514038E+04
   2.0099999999999998E-01   5.2491582556853848E-04   3.8147892419481032E+04
   3.0099999999999999E-01   4.5081341190607971E-04   4.4418448773310825E+04
   4.0099999999999997E-01   4.0000007992591665E-04   5.0061071104736700E+04
   5.0100000000000000E-01   3.6358612531777287E-04   5.5074798097893312E+04
   6.0099999999999998E-01   3.3612502372892448E-04   5.9574357841387093E+04
   7.0099999999999996E-01   3.1452283968232912E-04   6.3666067822917190E+04
   8.0099999999999993E-01   2.9705740092680324E-04   6.7409303321837855E+04
   9.0100000000000002E-01   2.8257966196526557E-04   7.0862964106500556E+04
   1.0009999999999999E+00   2.7027264861187477E-04   7.4089748059663179E+04
   1.1010000000000000E+00   2.5602914395416923E-04   7.8211535350273130E+04
   1.2010000000000001E+00   2.4387956600924659E-04   8.2107873040550097E+04
   1.3009999999999999E+00   2.3337327806029098E-04   8.5804307200494688E+04
   1.4010000000000000E+00   2.2418246437491652E-04   8.9322028370530228E+04
   1.5009999999999999E+00   2.1611301364062068E-04   9.2657226447134584E+04
   1.6009999999999998E+00   2.0887278392945163E-04   9.5869036005356640E+04
   1.7009999999999998E+00   2.0237327581993820E-04   9.8948007645478006E+04
   1.8009999999999997E+00   1.9650021078737671E-04   1.0190539930127167E+05
   1.9009999999999998E+00   1.9116214818387940E-04   1.0475103274007006E+05
   2.0009999999999999E+00   1.8637621089029067E-04   1.0744092471575650E+05
   2.1010000000000000E+00   1.8189247638821949E-04   1.1008939369395812E+05
   2.2009999999999996E+00   1.7775946276098572E-04   1.1264903781801143E+05
   2.3009999999999997E+00   1.7393504529134891E-04   1.1512592191832222E+05
   2.4009999999999998E+00   1.7038374141937023E-04   1.1752548850177543E+05
   2.5009999999999999E+00   1.6707543569061408E-04   1.1985264237258908E+05
   2.6010000000000000E+00   1.6398438962167847E-04   1.2211182106582954E+05
   2.7009999999999996E+00   1.6108846441072815E-04   1.2430705399248993E+05
   2.8009999999999997E+00   1.5836850515558144E-04   1.2644201208693386E+05
   2.9009999999999998E+00   1.5580784789506953E-04   1.2852005026446001E+05
   3.0009999999999999E+00   1.5339192232294741E-04   1.3054424339837627E+05
   3.1010000000000000E+00   1.5110792849982966E-04   1.3251741746359953E+05
   3.2009999999999996E+00   1.4894457233759702E-04   1.3444217623240675E+05
   3.3009999999999997E+00   1.4689184743472982E-04   1.3632092449493744E+05
   3.4009999999999998E+00   1.4494085419659248E-04   1.3815588816601885E+05
   3.5009999999999999E+00   1.4308364865444945E-04   1.3994913207330331E+05
   3.6010000000000000E+00   1.4131311577599546E-04   1.4170257539868908E+05
   3.7009999999999996E+00   1.3962286271736833E-04   1.4341800514150856E+05
   3.8009999999999997E+00   1.3800712777378230E-04   1.4509708857860736E+05
   3.9009999999999998E+00   1.3646070355744885E-04   1.4674138357085013E+05
   4.0009999999999994E+00   1.3497887077144847E-04   1.4835234824995560E+05
   4.1010000000000000E+00   1.3355734151571585E-04   1.4993134945498582E+05
   4.2009999999999996E+00   1.3219221032136400E-04   1.5147967035570071E+05
   4.3010000000000002E+00   1.3087991182161854E-04   1.5299851722366511E+05
   4.4009999999999998E+00   1.2961718390662737E-04   1.5448902560247507E+05
   4.5009999999999994E+00   1.2840103571395211E-04   1.5595226574092044E+05
   4.6010000000000000E+00   1.2722871961171113E-04   1.5738924752354791E+05
   4.7009999999999996E+00   1.2609770632823129E-04   1.5880092529953117E+05
   4.8010000000000002E+00   1.2500566377377360E-04   1.6018820138670257E+05
   4.9009999999999998E+00   1.2395043739049023E-04   1.6155193047029941E+05
   5.0009999999999994E+00   1.2293003370876350E-04   1.6289292241237027E+05
   5.1010000000000000E+00   1.2194260510128194E-04   1.6421194566443755E+05
   5.2009999999999996E+00   1.2098643640537176E-04   1.6550973016494763E+05
   5.3010000000000002E+00   1.2005993335944813E-04   1.6678696949731273E+05
   5.4009999999999998E+00   1.1916161175141339E-04   1.6804432357666700E+05
   5.5009999999999994E+00   1.1829008787872079E-04   1.6928242088721850E+05
   5.6010000000000000E+00   1.1744407010336289E-04   1.7050186037871568E+05
   5.7009999999999996E+00   1.1662235139246079E-04   1.7170321301175703E+05
   5.8010000000000002E+00   1.1582380198355937E-04   1.7288702408434189E+05
   5.9009999999999998E+00   1.1504736350698708E-04   1.7405381429584473E+05
   6.0009999999999994E+00   1.1429204323891783E-04   1.7520408136559688E+05
   6.1010000000000000E+00   1.1355690900747320E-04   1.7633830136882173E+05
   6.2009999999999996E+00   1.1284108445259178E-04   1.7745693016167876E+05
   6.3010000000000002E+00   1.1214374510649467E-04   1.7856040409615307E+05
   6.4009999999999989E+00   1.1146411429780358E-04   1.7964914151268022E+05
   6.5009999999999994E+00   1.1080145971926510E-04   1.8072354365914565E+05
   6.6009999999999991E+00   1.1015509031544571E-04   1.8178399550786710E+05
   6.7009999999999987E+00   1.0952435333536974E-04   1.8283086668182130E+05
   6.8009999999999993E+00   1.0890863178933626E-04   1.8386451206002902E+05
   6.9009999999999989E+00   1.0830734161522609E-04   1.8488527319053499E+05
   7.0009999999999994E+00   1.0771993000994506E-04   1.8589347803347954E+05
   7.1009999999999991E+00   1.0714587283204883E-04   1.8688944253093141E+05
   7.2009999999999987E+00   1.0658467302314941E-04   1.8787347068862812E+05
   7.3009999999999993E+00   1.0603585873669912E-04   1.8884585537044553E+05
   7.4009999999999989E+00   1.0549898185890881E-04   1.8980687860904436E+05
   7.5009999999999994E+00   1.0497361629560142E-04   1.9075681251833501E+05
   7.6009999999999991E+00   1.0445935677525670E-04   1.9169591945845549E+05
   7.7009999999999987E+00   1.0395581756913663E-04   1.9262445249641049E+05
   7.8009999999999993E+00   1.0346263118517720E-04   1.9354265606518346E+05
   7.9009999999999989E+00   1.0297944739142793E-04   1.9445076615101859E+05
   8.0009999999999994E+00   1.0250593214184367E-04   1.9534901078078733E+05
   8.1009999999999991E+00   1.0204176669440029E-04   1.9623761026249017E+05
   8.2009999999999987E+00   1.0158664661653679E-04   1.9711677774598374E+05
   8.3009999999999984E+00   1.0114028109912606E-04   1.9798671929185200E+05
   8.4009999999999998E+00   1.0070239211828141E-04   1.9884763431986500E+05
   8.5009999999999994E+00   1.0027271374808645E-04   1.9969971585070234E+05
   8.6009999999999991E+00   9.9850991497040301E-05   2.0054315077747850E+05
   8.7009999999999987E+00   9.9436981579948698E-05   2.0137812034219640E+05
   8.8009999999999984E+00   9.9030450640872294E-05   2.0220479977102217E+05
   8.9009999999999998E+00   9.8631174888796219E-05   2.0302335915240430E+05
   9.0009999999999994E+00   9.8238939671571826E-05   2.0383396349773818E+05
   9.1009999999999991E+00   9.7853539161379334E-05   2.0463677261634381E+05
   9.2009999999999987E+00   9.7474775695195545E-05   2.0543194175371327E+05
   9.3009999999999984E+00   9.7102459482394983E-05   2.0621962151949585E+05
   9.4009999999999998E+00   9.6736408183607171E-05   2.0699995812398783E+05
   9.5009999999999994E+00   9.6376446664826016E-05   2.0777309328192825E+05
   9.6009999999999991E+00   9.6022406244942684E-05   2.0853916524432361E+05
   9.7009999999999987E+00   9.5674124920016435E-05   2.0929830776933787E+05
   9.8009999999999984E+00   9.5331446604064913E-05   2.1005065124248137E+05
   9.9009999999999998E+00   9.4994221060202511E-05   2.1079632234029484E+05
   1.0000999999999999E+01   9.4662303682740450E-05   2.1153544403676584E+05
   1.1000999999999999E+01   9.1606732144401478E-05   2.1859127571002938E+05
   1.2000999999999999E+01   8.8955590818835456E-05   2.2510594622268196E+05
   1.3000999999999999E+01   8.6625641385498631E-05   2.3116056773489955E+05
   1.4000999999999999E+01   8.4555720451350859E-05   2.3681936995135338E+05
   1.5000999999999999E+01   8.2699769328143185E-05   2.4213407855609641E+05
   1.6000999999999998E+01   8.1022369459189667E-05   2.4714696171848968E+05
   1.7000999999999998E+01   7.9495788204500390E-05   2.5189299830023022E+05
   1.8000999999999998E+01   7.8097965640642583E-05   2.5640146038132979E+05
   1.9000999999999998E+01   7.6811108750879972E-05   2.6069708885490173E+05
   2.0000999999999998E+01   7.5620689290955013E-05   2.6480097749475017E+05
   2.1000999999999998E+01   7.4514713145958517E-05   2.6873125585074804E+05
   2.2000999999999998E+01   7.3483179859811656E-05   2.7250361894073593E+05
   2.3000999999999998E+01   7.2517677344041191E-05   2.7613174023860396E+05
   2.4000999999999998E+01   7.1611072008948069E-05   2.7962760340425500E+05
   2.5000999999999998E+01   7.0757268563688311E-05   2.8300177281501150E+05
   2.6000999999999998E+01   6.9951025144758530E-05   2.8626360230793722E+05
   2.7000999999999998E+01   6.9187804602867162E-05   2.8942141693916183E+05
   2.8000999999999998E+01   6.8463658143822425E-05   2.9248265409666119E+05
   2.9000999999999998E+01   6.7775129772105585E-05   2.9545398895441421E+05
   3.0000999999999998E+01   6.7119180729246475E-05   2.9834143124971486E+05
   3.1000999999999998E+01   6.6493126445065371E-05   3.0115041228532488E+05
   3.2000999999999998E+01   6.5894585451617364E-05   3.0388585504911438E+05
   3.3000999999999998E+01   6.5321436211155190E-05   3.0655223774231749E+05
   3.4000999999999998E+01   6.4771781992126063E-05   3.0915364418267715E+05
   3.5000999999999998E+01   6.4243921792334725E-05   3.1169380517894996E+05
   3.6000999999999998E+01   6.3736323489026772E-05   3.1417614551487588E+05
   3.7000999999999998E+01   6.3247604224606925E-05   3.1660380956028419E+05
   3.8000999999999998E+01   6.2776511535880857E-05   3.1897969404729363E+05
   3.9000999999999998E+01   6.2321908288237213E-05   3.2130647140102310E+05
   4.0000999999999998E+01   6.1882758895128638E-05   3.2358661443984171E+05
   4.1000999999999998E+01   6.1458118078576519E-05   3.2582241482678795E+05
   4.2000999999999998E+01   6.1047121193016655E-05   3.2801599898149370E+05
   4.3000999999999998E+01   6.0648975170078971E-05   3.3016934559762652E+05
   4.4000999999999998E+01   6.0262951229534004E-05   3.3228429797274829E+05
   4.5000999999999998E+01   5.9888378645450836E-05   3.3436257410840335E+05
   4.6000999999999998E+01   5.9524638259814881E-05   3.3640578134500282E+05
   4.7000999999999998E+01   5.9171157722749879E-05   3.3841542423248489E+05
   4.8000999999999998E+01   5.8827407434928885E-05   3.4039291065514693E+05
   4.9000999999999998E+01   5.8492895748498380E-05   3.4233956426384888E+05
   5.0000999999999998E+01   5.8167166276792479E-05   3.4425662662994501E+05
   5.1000999999999998E+01   5.7849794079186352E-05   3.4614526744315965E+05
   5.2000999999999998E+01   5.7540383468807694E-05   3.4800658660759195E+05
   5.3000999999999998E+01   5.7238564585661693E-05   3.4984162492586009E+05
   5.4000999999999998E+01   5.6943992262985021E-05   3.5165136210669309E+05
   5.5000999999999998E+01   5.6656343755060246E-05   3.5343672245498898E+05
   5.6000999999999998E+01   5.6375315903459419E-05   3.5519858509285789E+05
   5.7000999999999998E+01   5.6100624771447822E-05   3.5693777965308906E+05
   5.8000999999999998E+01   5.5832003886173376E-05   3.5865509115338529E+05
   5.9000999999999998E+01   5.5569202100798386E-05   3.6035126807739382E+05
   6.0000999999999998E+01   5.5311983508288522E-05   3.6202701788973098E+05
   6.1000999999999998E+01   5.5060125129899502E-05   3.6368301735292887E+05
   6.2000999999999998E+01   5.4813417939958980E-05   3.6531990150670503E+05
   6.3000999999999998E+01   5.4571663009526488E-05   3.6693828516048787E+05
   6.4001000000000005E+01   5.4334673040877579E-05   3.6853874924409145E+05
   6.5001000000000005E+01   5.4102271289562841E-05   3.7012184453214810E+05
   6.6001000000000005E+01   5.3874289268916789E-05   3.7168810419230780E+05
   6.7001000000000005E+01   5.3650568292572265E-05   3.7323803046917566E+05
   6.8001000000000005E+01   5.3430957427776100E-05   3.7477210604244139E+05
   6.9001000000000005E+01   5.3215313534901646E-05   3.7629079137039202E+05
   7.0001000000000005E+01   5.3003499927426151E-05   3.7779453187977546E+05
   7.1001000000000005E+01   5.2795387959033306E-05   3.7928374460681446E+05
   7.2001000000000005E+01   5.2590853745229395E-05   3.8075883955179423E+05
   7.3001000000000005E+01   5.2389780800077781E-05   3.8222019900190050E+05
   7.4001000000000005E+01   5.2192056933942164E-05   3.8366819817843102E+05
   7.5001000000000005E+01   5.1997575546700221E-05   3.8510319438042393E+05
   7.6001000000000005E+01   5.1806234876144574E-05   3.8652553097025788E+05
   7.7001000000000005E+01   5.1617937921349030E-05   3.8793553654900321E+05
   7.8001000000000005E+01   5.1432591838645683E-05   3.8933352816230454E+05
   7.9001000000000005E+01   5.1250108139880235E-05   3.9071980859860231E+05
   8.0001000000000005E+01   5.1070401701529351E-05   3.9209467276369641E+05
   8.1001000000000005E+01   5.0893391564706375E-05   3.9345840053933935E+05
   8.2001000000000005E+01   5.0718999610201835E-05   3.9481126593521918E+05
   8.3001000000000005E+01   5.0547151503126514E-05   3.9615352888546244E+05
   8.4001000000000005E+01   5.0377775409238299E-05   3.9748544433344679E+05
   8.5001000000000005E+01   5.0210803143702431E-05   3.9880725241064362E+05
   8.6001000000000005E+01   5.0046168749338696E-05   4.0011918881075736E+05
   8.7001000000000005E+01   4.9883808909751848E-05   4.0142148085161706E+05
   8.8001000000000005E+01   4.9723662864031918E-05   4.0271434744918073E+05
   8.9001000000000005E+01   4.9565672442588412E-05   4.0399799813602527E+05
   9.0001000000000005E+01   4.9409781381019534E-05   4.0527263799560018E+05
   9.1001000000000005E+01   4.9255935404508749E-05   4.0653846645329765E+05
   9.2001000000000005E+01   4.9104082427948374E-05   4.0779567508371669E+05
   9.3001000000000005E+01   4.8954173136702870E-05   4.0904444217971218E+05
   9.4001000000000005E+01   4.8806158538338334E-05   4.1028495261191338E+05
   9.5001000000000005E+01   4.8659992056997907E-05   4.1151738001962769E+05
   9.6001000000000005E+01   4.8515629063139333E-05   4.1274189018576732E+05
   9.7001000000000005E+01   4.8373026819909784E-05   4.1395864099266677E+05
   9.8001000000000005E+01   4.8232142768170944E-05   4.1516779669772566E+05
   9.9001000000000005E+01   4.8092936837850907E-05   4.1636950786735304E+05
   1.0000100000000000E+02   4.7955370154169005E-05   4.1756392201115872E+05
   1.1000100000000000E+02   4.6662168987861439E-05   4.2913634058204136E+05
   1.2000100000000000E+02   4.5498312917882988E-05   4.4011373518865416E+05
   1.3000100000000000E+02   4.4440461045511354E-05   4.5059011477321776E+05
   1.4000100000000000E+02   4.3471029708812116E-05   4.6063855807428627E+05
   1.5000100000000000E+02   4.2576458947941222E-05   4.7031700000124017E+05
   1.6000100000000000E+02   4.1746077779272907E-05   4.7967218738364649E+05
   1.7000100000000000E+02   4.0971345455025376E-05   4.8874236910410179E+05
   1.8000100000000000E+02   4.0245320408258985E-05   4.9755927496510476E+05
   1.9000100000000000E+02   3.9562287729683956E-05   5.0614950732606789E+05
   2.0000100000000000E+02   3.8917485520014208E-05   5.1453561748673749E+05
   2.1000100000000003E+02   3.8306906106775266E-05   5.2273687640699319E+05
   2.2000100000000003E+02   3.7727145663602497E-05   5.3076987646034337E+05
   2.3000100000000003E+02   3.7175284950482869E-05   5.3864906401508511E+05
   2.4000100000000003E+02   3.6648806092476012E-05   5.4638703352420218E+05
   2.5000100000000003E+02   3.6145520805179975E-05   5.5399485183796263E+05
   2.6000100000000003E+02   3.5663512275049848E-05   5.6148234331593709E+05
   2.7000100000000003E+02   3.5201095449782793E-05   5.6885821839374711E+05
   2.8000100000000003E+02   3.4756781001155177E-05   5.7613023606547865E+05
   2.9000100000000003E+02   3.4329244063913098E-05   5.8330537094818696E+05
   3.0000100000000003E+02   3.3917299707672682E-05   5.9038993716064608E+05
   3.1000100000000003E+02   3.3519889542621246E-05   5.9738957127559104E+05
   3.2000100000000003E+02   3.3136057041787684E-05   6.0430945111601485E+05
   3.3000100000000003E+02   3.2764939641536326E-05   6.1115426007641933E+05
   3.4000100000000003E+02   3.2405756260157015E-05   6.1792825578003190E+05
   3.5000100000000003E+02   3.2057795159716827E-05   6.2463536070733808E+05
   3.6000100000000003E+02   3.1720406267330874E-05   6.3127919214877824E+05
   3.7000100000000003E+02   3.1392997024807075E-05   6.3786303764652216E+05
   3.8000100000000003E+02   3.1075023390855865E-05   6.4438993950891332E+05
   3.9000100000000003E+02   3.0765983824484026E-05   6.5086273714854952E+05
   4.0000100000000003E+02   3.0465416917137072E-05   6.5728404431608983E+05
   4.1000100000000003E+02   3.0172897641612220E-05   6.6365626135474187E+05
   4.2000100000000003E+02   2.9888030815368136E-05   6.6998165810158709E+05
   4.3000100000000003E+02   2.9610449262959831E-05   6.7626236485781893E+05
   4.4000100000000003E+02   2.9339815108342261E-05   6.8250029419504013E+05
   4.5000100000000003E+02   2.9075809551953006E-05   6.8869733127436333E+05
   4.6000100000000003E+02   2.8818139256660054E-05   6.9485514886058797E+05
   4.7000100000000003E+02   2.8566527686412358E-05   7.0097537449734495E+05
   4.8000100000000003E+02   2.8320716155156106E-05   7.0705953667863028E+05
   4.9000100000000003E+02   2.8080462932854667E-05   7.1310905703205895E+05
   5.0000100000000003E+02   2.7845540778373381E-05   7.1912528481486440E+05
   5.1000100000000003E+02   2.7615738697039246E-05   7.2510942628590798E+05
   5.2000099999999998E+02   2.7390854350318966E-05   7.3106271848868020E+05
   5.3000099999999998E+02   2.7170697297670836E-05   7.3698632845864561E+05
   5.4000099999999998E+02   2.6955091069820622E-05   7.4288127579325333E+05
   5.5000099999999998E+02   2.6743868414282255E-05   7.4874854052070715E+05
   5.6000099999999998E+02   2.6536867725295302E-05   7.5458914934350422E+05
   5.7000099999999998E+02   2.6333939184775425E-05   7.6040399055256054E+05
   5.8000099999999998E+02   2.6134941165777326E-05   7.6619389789531566E+05
   5.9000099999999998E+02   2.5939737681662757E-05   7.7195971250038070E+05
   6.0000099999999998E+02   2.5748198995334078E-05   7.7770225586264790E+05
   6.1000099999999998E+02   2.5560205154665804E-05   7.8342221128128853E+05
   6.2000099999999998E+02   2.5375638854269274E-05   7.8912032749483688E+05
   6.3000099999999998E+02   2.5194391548505339E-05   7.9479722320421063E+05
   6.4000099999999998E+02   2.5016354297457023E-05   8.0045366343037493E+05
   6.5000099999999998E+02   2.4841429473580622E-05   8.0609018351250980E+05
   6.6000099999999998E+02   2.4669522034630832E-05   8.1170735350938595E+05
   6.7000099999999998E+02   2.4500538808021416E-05   8.1730579886331840E+05
   6.8000099999999998E+02   2.4334393341471767E-05   8.2288603467854427E+05
   6.9000099999999998E+02   2.4171002466395780E-05   8.2844857059242961E+05
   7.0000099999999998E+02   2.4010286063831527E-05   8.3399391368501692E+05
   7.1000099999999998E+02   2.3852166862686257E-05   8.3952257077311515E+05
   7.2000099999999998E+02   2.3696573366061326E-05   8.4503493959810410E+05
   7.3000099999999998E+02   2.3543433969861743E-05   8.5053150991929264E+05
   7.4000099999999998E+02   2.3392681797736302E-05   8.5601268876360427E+05
   7.5000099999999998E+02   2.3244252452404298E-05   8.6147887457660190E+05
   7.6000099999999998E+02   2.3098083943606852E-05   8.6693045587506797E+05
   7.7000099999999998E+02   2.2954114868553923E-05   8.7236787642394449E+05
   7.8000099999999998E+02   2.2812291720049607E-05   8.7779135427556827E+05
   7.9000099999999998E+02   2.2672555187735949E-05   8.8320139822190406E+05
   8.0000099999999998E+02   2.2534854812816205E-05   8.8859824522513535E+05
   8.1000099999999998E+02   2.2399138391722754E-05   8.9398226364239922E+05
   8.2000099999999998E+02   2.2265356264066104E-05   8.9935378556636698E+05
   8.3000099999999998E+02   2.2133463776248582E-05   9.0471300134052639E+05
   8.4000099999999998E+02   2.2003411498148638E-05   9.1006035335732042E+05
   8.5000099999999998E+02   2.1875158273700816E-05   9.1539600274096499E+05
   8.6000099999999998E+02   2.1748658435000596E-05   9.2072035169056279E+05
   8.7000099999999998E+02   2.1623875059882661E-05   9.2603348787478323E+05
   8.8000099999999998E+02   2.1500765188967420E-05   9.3133580442740303E+05
   8.9000099999999998E+02   2.1379291152126652E-05   9.3662751962100458E+05
   9.0000099999999998E+02   2.1259417367512439E-05   9.4190880666710995E+05
   9.1000099999999998E+02   2.1141105666163593E-05   9.4717999896858947E+05
   9.2000099999999998E+02   2.1024322434389529E-05   9.5244127393697447E+05
   9.3000099999999998E+02   2.0909034493761108E-05   9.5769283125180262E+05
   9.4000099999999998E+02   2.0795208809139894E-05   9.6293490615350544E+05
   9.5000099999999998E+02   2.0682813919198369E-05   9.6816770296832954E+05
   9.6000099999999998E+02   2.0571820162196757E-05   9.7339138127743441E+05
   9.7000099999999998E+02   2.0462196972142557E-05   9.7860618145417818E+05
   9.8000099999999998E+02   2.0353916183464933E-05   9.8381226799681317E+05
   9.9000099999999998E+02   2.0246949745413295E-05   9.8900983579553629E+05
   1.0000010000000000E+03   2.0141271847271720E-05   9.9419900564939401E+05
   1.1000010000000000E+03   1.9149919027103726E-05   1.0456666900121203E+06
   1.2000010000000000E+03   1.8262807078545314E-05   1.0964597258761977E+06
   1.3000010000000000E+03   1.7462790543975066E-05   1.1466914404456632E+06
   1.4000010000000000E+03   1.6736530094550382E-05   1.1964506579289022E+06
   1.5000010000000000E+03   1.6073449922070236E-05   1.2458079964262308E+06
   1.6000010000000000E+03   1.5465024670881791E-05   1.2948205948080078E+06
   1.7000010000000002E+03   1.4904284222643559E-05   1.3435353314484740E+06
   1.8000010000000002E+03   1.4385459990577174E-05   1.3919911115938013E+06
   1.9000010000000002E+03   1.3903730863297903E-05   1.4402200848069328E+06
   2.0000010000000002E+03   1.3455023221403232E-05   1.4882495640154916E+06
   2.1000010000000002E+03   1.3035866849369178E-05   1.5361028671477020E+06
   2.2000010000000002E+03   1.2643286180369405E-05   1.5837996670646123E+06
   2.3000010000000002E+03   1.2274711162874330E-05   1.6313567119719188E+06
   2.4000010000000002E+03   1.1927903055172854E-05   1.6787890000822521E+06
   2.5000010000000002E+03   1.1600906781158837E-05   1.7261092448043444E+06
   2.6000010000000002E+03   1.1292004402014641E-05   1.7733284304688242E+06
   2.7000010000000002E+03   1.0999681706639625E-05   1.8204556256372882E+06
   2.8000010000000002E+03   1.0722583600045560E-05   1.8675007059853179E+06
   2.9000010000000002E+03   1.0459518772397914E-05   1.9144697647003639E+06
   3.0000010000000002E+03   1.0209412629498766E-05   1.9613696859713253E+06
   3.1000010000000002E+03   9.9713009612793203E-06   2.0082066042165209E+06
   3.2000010000000002E+03   9.7443189857864868E-06   2.0549853173197876E+06
   3.3000010000000002E+03   9.5276812563956212E-06   2.1017109939136482E+06
   3.4000010000000002E+03   9.3206825020457667E-06   2.1483869275320317E+06
   3.5000010000000002E+03   9.1226768912588609E-06   2.1950171733319447E+06
   3.6000010000000002E+03   8.9330816185274501E-06   2.2416041068672724E+06
   3.7000010000000002E+03   8.7513559868297916E-06   2.2881519701869190E+06
   3.8000010000000002E+03   8.5770158994783868E-06   2.3346619241185579E+06
   3.9000010000000002E+03   8.4096096829985164E-06   2.3811369609168111E+06
   4.0000010000000002E+03   8.2487224806327248E-06   2.4275798452532841E+06
   4.1000010000000002E+03   8.0939814635713171E-06   2.4739904005458732E+06
   4.2000010000000002E+03   7.9450315449583697E-06   2.5203716725049959E+06
   4.3000010000000002E+03   7.8015509059631621E-06   2.5667245762334103E+06
   4.4000010000000002E+03   7.6632397457638613E-06   2.6130504991887952E+06
   4.5000010000000002E+03   7.5298195902986431E-06   2.6593508918687757E+06
   4.6000010000000002E+03   7.4010340938300091E-06   2.7056262934615267E+06
   4.7000010000000002E+03   7.2766418483720636E-06   2.7518782510302551E+06
   4.8000010000000002E+03   7.1564225400819638E-06   2.7981065023645647E+06
   4.9000010000000002E+03   7.0401660005837042E-06   2.8443125405581966E+06
   5.0000010000000002E+03   6.9276770055950611E-06   2.8904974101562714E+06
   5.1000010000000002E+03   6.8187784616430525E-06   2.9366597779518692E+06
   5.2000010000000002E+03   6.7132965233978674E-06   2.9828017239042660E+06
   5.3000010000000002E+03   6.6110707197957064E-06   3.0289242532396424E+06
   5.4000010000000002E+03   6.5119554023555695E-06   3.0750260414603329E+06
   5.5000010000000002E+03   6.4158098193529584E-06   3.1211075463410732E+06
   5.6000010000000002E+03   6.3224999407135696E-06   3.1671700483735679E+06
   5.7000010000000002E+03   6.2319030108325539E-06   3.2132131081411843E+06
   5.8000010000000002E+03   6.1439028686083445E-06   3.2592364936927152E+06
   5.9000010000000002E+03   6.0583858153227807E-06   3.3052421970925280E+06
   6.0000010000000002E+03   5.9752502878388565E-06   3.3512290663081435E+06
   6.1000010000000002E+03   5.8943986866788465E-06   3.3971968147194143E+06
   6.2000010000000002E+03   5.8157377252963459E-06   3.4431457175196661E+06
   6.3000010000000002E+03   5.7391780365820543E-06   3.4890767136746906E+06
   6.4000010000000002E+03   5.6646381806017542E-06   3.5349887856287556E+06
   6.5000010000000002E+03   5.5920382782030594E-06   3.5808825774894929E+06
   6.6000010000000011E+03   5.5213057299073162E-06   3.6267566808708156E+06
   6.7000010000000011E+03   5.4523678329697831E-06   3.6726121671370831E+06
   6.8000010000000011E+03   5.3851568554972825E-06   3.7184492449148088E+06
   6.9000010000000011E+03   5.3196091849326486E-06   3.7642675893915705E+06
   7.0000010000000011E+03   5.2556648864231186E-06   3.8100664475013423E+06
   7.1000010000000011E+03   5.1932640110840061E-06   3.8558471898084600E+06
   7.2000010000000011E+03   5.1323504207445906E-06   3.9016105295800460E+06
   7.3000010000000011E+03   5.0728754297812184E-06   3.9473534724536464E+06
   7.4000010000000011E+03   5.0147878050489724E-06   3.9930767205963810E+06
   7.5000010000000011E+03   4.9580376450434018E-06   4.0387818481149073E+06
   7.6000010000000011E+03   4.9025832432670125E-06   4.0844655663057496E+06
   7.7000010000000011E+03   4.8483777847752646E-06   4.1301303924689647E+06
   7.8000010000000011E+03   4.7953789127645951E-06   4.1757768900742284E+06
   7.9000010000000011E+03   4.7435489539264215E-06   4.2214031387821278E+06
   8.0000010000000011E+03   4.6928488224493277E-06   4.2670099124608850E+06
   8.1000010000000011E+03   4.6432432860249176E-06   4.3125960044653621E+06
   8.2000010000000002E+03   4.5946958729082147E-06   4.3581627591810999E+06
   8.3000010000000002E+03   4.5471764744411443E-06   4.4037069059504038E+06
   8.4000010000000002E+03   4.5006496358859053E-06   4.4492315694621000E+06
   8.5000010000000002E+03   4.4550842553190621E-06   4.4947370903622955E+06
   8.6000010000000002E+03   4.4104521759835554E-06   4.5402221006072052E+06
   8.7000010000000002E+03   4.3667257905811381E-06   4.5856857983305519E+06
   8.8000010000000002E+03   4.3238788010365527E-06   4.6311271348011112E+06
   8.9000010000000002E+03   4.2818823961771821E-06   4.6765489077769322E+06
   9.0000010000000002E+03   4.2407139565353004E-06   4.7219483908393122E+06
   9.1000010000000002E+03   4.2003504196207162E-06   4.7673242569318404E+06
   9.2000010000000002E+03   4.1607621636184943E-06   4.8126837477432275E+06
   9.3000010000000002E+03   4.1219358307797752E-06   4.8580165400788188E+06
   9.4000010000000002E+03   4.0838421753396797E-06   4.9033316135450592E+06
   9.5000010000000002E+03   4.0464648197938762E-06   4.9486238815469807E+06
   9.6000010000000002E+03   4.0097844695685103E-06   4.9938924635583935E+06
   9.7000010000000002E+03   3.9737789650554728E-06   5.0391409837240754E+06
   9.8000010000000002E+03   3.9384321895628170E-06   5.0843664380303761E+06
   9.9000010000000002E+03   3.9037256988884463E-06   5.1295695414187191E+06
   1.0000001000000000E+04   3.8696439194780332E-06   5.1747480801212126E+06
   1.1000001000000000E+04   3.5597213530724178E-06   5.6252808736808747E+06
   1.2000001000000000E+04   3.2970559444958324E-06   6.0734281674840376E+06
   1.3000001000000000E+04   3.0717176919105211E-06   6.5189690106635569E+06
   1.4000001000000000E+04   2.8766645269541595E-06   6.9609898044919884E+06
   1.5000001000000000E+04   2.7058539434481225E-06   7.4004114270684365E+06
   1.6000001000000000E+04   2.5550557241596689E-06   7.8371803220289852E+06
   1.7000001000000000E+04   2.4209625292442717E-06   8.2712690515381536E+06
   1.8000001000000000E+04   2.3009581540462871E-06   8.7026495496488083E+06
   1.9000001000000000E+04   2.1929468590847796E-06   9.1312894154803269E+06
   2.0000001000000000E+04   2.0952187362158363E-06   9.5572037882964425E+06
   2.1000001000000000E+04   2.0063830315887111E-06   9.9803637330483999E+06
   2.2000001000000000E+04   1.9252789362007077E-06   1.0400795472570503E+07
   2.3000001000000000E+04   1.8509428909042800E-06   1.0818503661822174E+07
   2.4000001000000000E+04   1.7825667923722343E-06   1.1233482262071775E+07
   2.5000001000000000E+04   1.7194634919854316E-06   1.1645744464135058E+07
   2.6000001000000000E+04   1.6610425382837963E-06   1.2055339933534209E+07
   2.7000001000000000E+04   1.6068075019625403E-06   1.2462247293850703E+07
   2.8000001000000000E+04   1.5563233497837131E-06   1.2866498755451128E+07
   2.9000001000000000E+04   1.5092121445389030E-06   1.3268136302461026E+07
   3.0000001000000000E+04   1.4651540466882847E-06   1.3667117453166973E+07
   3.1000001000000000E+04   1.4238541879277060E-06   1.4063541486797512E+07
   3.2000001000000000E+04   1.3850654465617699E-06   1.4457390798954310E+07
   3.3000001000000004E+04   1.3485658894475562E-06   1.4848686741791118E+07
   3.4000001000000004E+04   1.3141576333456318E-06   1.5237466141784472E+07
   3.5000001000000004E+04   1.2816649657767174E-06   1.5623765163102845E+07
   3.6000001000000004E+04   1.2509376563304241E-06   1.6007538298761068E+07
   3.7000001000000004E+04   1.2218307460962859E-06   1.6388875879125779E+07
   3.8000001000000004E+04   1.1942179938859646E-06   1.6767820067685064E+07
   3.9000001000000004E+04   1.1679932872146117E-06   1.7144304391359322E+07
   4.0000001000000004E+04   1.1430479086899840E-06   1.7518454205494441E+07
   4.1000001000000004E+04   1.1192948334603823E-06   1.7890221454131678E+07
   4.2000001000000004E+04   1.0966510798402087E-06   1.8259620412710853E+07
   4.3000001000000004E+04   1.0750367811587761E-06   1.8626741702258270E+07
   4.4000001000000004E+04   1.0543860763832328E-06   1.8991556216068134E+07
   4.5000001000000004E+04   1.0346348522506726E-06   1.9354105846629772E+07
   4.6000001000000004E+04   1.0157281531418924E-06   1.9714361939394187E+07
   4.7000001000000004E+04   9.9760814416057171E-07   2.0072442832672596E+07
   4.8000001000000004E+04   9.8023071958417099E-07   2.0428284936393697E+07
   4.9000001000000004E+04   9.6355038951321525E-07   2.0781925533949502E+07
   5.0000001000000004E+04   9.4752308758832169E-07   2.1133450683548789E+07
   5.1000001000000004E+04   9.3211449447279589E-07   2.1482803412897788E+07
   5.2000001000000004E+04   9.1728952472871356E-07   2.1830002309242394E+07
   5.3000001000000004E+04   9.0301215306971315E-07   2.2175152765109878E+07
   5.4000001000000004E+04   8.8925846224664317E-07   2.2518124137364391E+07
   5.5000001000000004E+04   8.7599454692238592E-07   2.2859083442269262E+07
   5.6000001000000004E+04   8.6319619816157040E-07   2.3198008153557185E+07
   5.7000001000000004E+04   8.5084333665698834E-07   2.3534805504558340E+07
   5.8000001000000004E+04   8.3890605670969362E-07   2.3869695877045266E+07
   5.9000001000000004E+04   8.2736786770375269E-07   2.4202574483157985E+07
   6.0000001000000004E+04   8.1620817162258627E-07   2.4533486847189948E+07
   6.1000001000000004E+04   8.0541099321943840E-07   2.4862377856339879E+07
   6.2000001000000004E+04   7.9495613742694127E-07   2.5189355110692479E+07
   6.3000001000000004E+04   7.8483022238779331E-07   2.5514349310031261E+07
   6.4000001000000004E+04   7.7501532677913002E-07   2.5837466371524282E+07
   6.5000001000000004E+04   7.6549459188605140E-07   2.6158816346089140E+07
   6.6000001000000004E+04   7.5626439403928536E-07   2.6478084385434486E+07
   6.7000001000000004E+04   7.4730347499391760E-07   2.6795583204312891E+07
   6.8000001000000004E+04   7.3860134679010801E-07   2.7111286122203778E+07
   6.9000001000000004E+04   7.3014958221658651E-07   2.7425109773098204E+07
   7.0000001000000004E+04   7.2193639538090173E-07   2.7737114476001117E+07
   7.1000001000000004E+04   7.1394926705733232E-07   2.8047416486056358E+07
   7.2000001000000004E+04   7.0618405237291364E-07   2.8355826467315070E+07
   7.3000001000000004E+04   6.9862984021647251E-07   2.8662435084174253E+07
   7.4000001000000004E+04   6.9127556664802885E-07   2.8967366140495103E+07
   7.5000001000000004E+04   6.8411767450934759E-07   2.9270450376001894E+07
   7.6000001000000004E+04   6.7714310090647656E-07   2.9571936000330523E+07
   7.7000001000000004E+04   6.7034806726833606E-07   2.9871694155352909E+07
   7.8000001000000004E+04   6.6372435461601036E-07   3.0169802123136748E+07
   7.9000001000000004E+04   6.5726732473663447E-07   3.0466191897026706E+07
   8.0000001000000004E+04   6.5097342843958867E-07   3.0760752387499291E+07
   8.1000001000000004E+04   6.4482978317632716E-07   3.1053826863322850E+07
   8.2000001000000004E+04   6.3883566950957135E-07   3.1345200962939747E+07
   8.3000001000000004E+04   6.3298333002650282E-07   3.1635007579478052E+07
   8.4000001000000004E+04   6.2726989298432646E-07   3.1923152485132944E+07
   8.5000001000000004E+04   6.2168905459607404E-07   3.2209723325565092E+07
   8.6000001000000004E+04   6.1623831910012925E-07   3.2494623950540170E+07
   8.7000001000000004E+04   6.1090942715311428E-07   3.2778070779472329E+07
   8.8000001000000004E+04   6.0570336636452159E-07   3.3059800481644779E+07
   8.9000001000000004E+04   6.0061278094665175E-07   3.3340003873228107E+07
   9.0000001000000004E+04   5.9563356618926513E-07   3.3618710528998002E+07
   9.1000001000000004E+04   5.9076465364039282E-07   3.3895786282536872E+07
   9.2000001000000004E+04   5.8599586170930221E-07   3.4171627739250645E+07
   9.3000001000000004E+04   5.8133458285822218E-07   3.4445623972030751E+07
   9.4000001000000004E+04   5.7676651259946554E-07   3.4718438060528673E+07
   9.5000001000000004E+04   5.7229893076184202E-07   3.4989463314941429E+07
   9.6000001000000004E+04   5.6791920507305701E-07   3.5259297914561167E+07
   9.7000001000000004E+04   5.6362995274907402E-07   3.5527622947296560E+07
   9.8000001000000004E+04   5.5943068405026168E-07   3.5794304842371844E+07
   9.9000001000000004E+04   5.5531315865727373E-07   3.6059711769643635E+07
   1.0000000100000000E+05   5.5127957798216768E-07   3.6323552046615824E+07
   1.1000000100000000E+05   5.1494565270872755E-07   3.8886496735604525E+07
   1.2000000100000000E+05   4.8464649835563863E-07   4.1317604709850885E+07
   1.3000000100000000E+05   4.5899761032265013E-07   4.3626441603902027E+07
   1.4000000099999999E+05   4.3701401702439416E-07   4.5821030134037808E+07
   1.5000000099999999E+05   4.1797231278514104E-07   4.7908514106208876E+07
   1.6000000099999999E+05   4.0132014794994592E-07   4.9896404517346069E+07
   1.7000000099999999E+05   3.8664356385697567E-07   5.1790419691245571E+07
   1.8000000099999999E+05   3.7361002957824046E-07   5.3597149053189993E+07
   1.9000000099999999E+05   3.6196710580977126E-07   5.5321138638479888E+07
   2.0000000099999999E+05   3.5150445266171960E-07   5.6967791706305251E+07
   2.1000000099999999E+05   3.4205749085386033E-07   5.8541131179690659E+07
   2.2000000099999999E+05   3.3348252316875134E-07   6.0046422381597377E+07
   2.3000000099999999E+05   3.2567258267734295E-07   6.1486393108230099E+07
   2.4000000099999999E+05   3.1852689065664834E-07   6.2865751779358357E+07
   2.5000000099999999E+05   3.1197043463848877E-07   6.4186955620573401E+07
   2.6000000099999999E+05   3.0593233672558292E-07   6.5453794971119098E+07
   2.7000000099999999E+05   3.0035879028563267E-07   6.6668374925964415E+07
   2.8000000099999999E+05   2.9519545994117038E-07   6.7834486502815291E+07
   2.9000000099999999E+05   2.9040191150012600E-07   6.8954203295810565E+07
   3.0000000099999999E+05   2.8594460903998691E-07   7.0029060909035817E+07
   3.1000000099999999E+05   2.8178425740385341E-07   7.1062992047751784E+07
   3.2000000099999999E+05   2.7789818739648242E-07   7.2056722034327090E+07
   3.3000000099999999E+05   2.7425779695333830E-07   7.3013174704668820E+07
   3.4000000099999999E+05   2.7084318543524875E-07   7.3933676458915278E+07
   3.5000000099999999E+05   2.6763491084440740E-07   7.4819956708536819E+07
   3.6000000099999999E+05   2.6461620155868655E-07   7.5673493630096793E+07
   3.7000000099999999E+05   2.6176988086474974E-07   7.6496319503685847E+07
   3.8000000099999999E+05   2.5908650423809810E-07   7.7288597111447409E+07
   3.9000000099999999E+05   2.5654465388920480E-07   7.8054374314577326E+07
   4.0000000099999999E+05   2.5414178004729088E-07   7.8792367155630663E+07
   4.1000000099999999E+05   2.5186627665085650E-07   7.9504222277562216E+07
   4.2000000099999999E+05   2.4970746234035370E-07   8.0191565984432533E+07
   4.3000000099999999E+05   2.4765555056821573E-07   8.0855980805308148E+07
   4.4000000099999999E+05   2.4570268565624310E-07   8.1498630711295485E+07
   4.5000000099999999E+05   2.4384860988479604E-07   8.2118296481296435E+07
   4.6000000099999999E+05   2.4207955749611603E-07   8.2718394936726332E+07
   4.7000000099999999E+05   2.4039404330721917E-07   8.3298371987865016E+07
   4.8000000099999999E+05   2.3878793417813601E-07   8.3858644332227573E+07
   4.9000000099999999E+05   2.3724866507656877E-07   8.4402719132725418E+07
   5.0000000099999999E+05   2.3578012365773401E-07   8.4928416070133984E+07
   5.1000000099999999E+05   2.3437799032031988E-07   8.5436488365245685E+07
   5.2000000099999999E+05   2.3302941376455179E-07   8.5930922279639587E+07
   5.3000000099999993E+05   2.3174251040068169E-07   8.6408110486287251E+07
   5.4000000099999993E+05   2.3050434681134414E-07   8.6872255209402338E+07
   5.5000000099999993E+05   2.2932020812474731E-07   8.7320836688664779E+07
   5.6000000099999993E+05   2.2818461043170372E-07   8.7755402983519971E+07
   5.7000000099999993E+05   2.2709029032166306E-07   8.8178285450725242E+07
   5.8000000099999993E+05   2.2604281865768224E-07   8.8586899428981841E+07
   5.9000000099999993E+05   2.2503228124401054E-07   8.8984710692944840E+07
   6.0000000099999993E+05   2.2406082967304624E-07   8.9370518141398042E+07
   6.1000000099999993E+05   2.2312442163577716E-07   8.9745588117463306E+07
   6.2000000099999993E+05   2.2222414863721434E-07   9.0109164849415123E+07
   6.3000000099999993E+05   2.2135776575376883E-07   9.0461847475214407E+07
   6.4000000099999993E+05   2.2052129026500586E-07   9.0804984947293863E+07
   6.5000000099999993E+05   2.1970925382946465E-07   9.1140596465792775E+07
   6.6000000099999993E+05   2.1893705121850599E-07   9.1462054191488445E+07
   6.7000000099999993E+05   2.1818234616994718E-07   9.1778426598613039E+07
   6.8000000099999993E+05   2.1745487545420999E-07   9.2085460954809770E+07
   6.9000000099999993E+05   2.1675724522104095E-07   9.2381836753145248E+07
   7.0000000099999993E+05   2.1607579940842353E-07   9.2673184585663691E+07
   7.1000000099999993E+05   2.1542357036159253E-07   9.2953767359162644E+07
   7.2000000099999993E+05   2.1478548720642269E-07   9.3229913731680140E+07
   7.3000000099999993E+05   2.1416728033803338E-07   9.3499027542703465E+07
   7.4000000099999993E+05   2.1357982692615404E-07   9.3756197536367476E+07
   7.5000000099999993E+05   2.1300468658203945E-07   9.4009351457904190E+07
   7.6000000099999993E+05   2.1244315381577358E-07   9.4257838313003287E+07
   7.7000000099999993E+05   2.1190422452003798E-07   9.4497561284712076E+07
   7.8000000099999993E+05   2.1137992229435754E-07   9.4731951008982822E+07
   7.9000000099999993E+05   2.1087117526192539E-07   9.4960500970315695E+07
   8.0000000099999993E+05   2.1037971817709592E-07   9.5182333242861718E+07
   8.1000000099999993E+05   2.0990307515251543E-07   9.5398471073003262E+07
   8.2000000099999993E+05   2.0944196377274517E-07   9.5608502147158876E+07
   8.3000000099999993E+05   2.0899010807647775E-07   9.5815216458684936E+07
   8.4000000099999993E+05   2.0854871853180538E-07   9.6018007610139236E+07
   8.5000000099999993E+05   2.0812986880170477E-07   9.6211238484707370E+07
   8.6000000099999993E+05   2.0771897423666005E-07   9.6401556558127806E+07
   8.7000000099999993E+05   2.0731091164395862E-07   9.6591309566291317E+07
   8.8000000099999993E+05   2.0692520202990715E-07   9.6771356251605928E+07
   8.9000000099999993E+05   2.0654942165504258E-07   9.6947414728250384E+07
   9.0000000099999993E+05   2.0617688955128552E-07   9.7122584818560347E+07
   9.1000000099999993E+05   2.0582371826564474E-07   9.7289236691503659E+07
   9.2000000099999993E+05   2.0547287680555004E-07   9.7455356416807577E+07
   9.3000000099999993E+05   2.0513537125490791E-07   9.7615697968482777E+07
   9.4000000099999993E+05   2.0480310570021227E-07   9.7774066338540480E+07
   9.5000000099999993E+05   2.0448092737995329E-07   9.7928118282951474E+07
   9.6000000099999993E+05   2.0417174489185505E-07   9.8076413333677217E+07
   9.7000000099999993E+05   2.0386779483869928E-07   9.8222637169912294E+07
   9.8000000099999993E+05   2.0356688341438571E-07   9.8367829320791110E+07
   9.9000000099999993E+05   2.0328321263253269E-07   9.8505096332125962E+07
   1.0000000009999999E+06   2.0299866572684837E-07   9.8643172709402040E+07
   1.1000000009999999E+06   2.0054002953175100E-07   9.9852545598140836E+07
   1.2000000009999999E+06   1.9860430910876023E-07   1.0082577026113689E+08
   1.3000000009999999E+06   1.9707408372357730E-07   1.0160865429245691E+08
   1.4000000009999999E+06   1.9583967165180610E-07   1.0224911160326184E+08
   1.5000000009999999E+06   1.9484032228196389E-07   1.0277355430614226E+08
   1.6000000009999999E+06   1.9402038486756532E-07   1.0320787919650804E+08
   1.7000000009999997E+06   1.9334375402169148E-07   1.0356906818321687E+08
   1.8000000009999997E+06   1.9280340152450740E-07   1.0385933175834741E+08
   1.9000000009999997E+06   1.9234527056737220E-07   1.0410670553013560E+08
   2.0000000009999997E+06   1.9196348470797681E-07   1.0431375776249170E+08
   2.1000000009999997E+06   1.9165417920937484E-07   1.0448210691610201E+08
   2.2000000009999997E+06   1.9139618249610791E-07   1.0462294588074596E+08
   2.3000000009999997E+06   1.9118584922379061E-07   1.0473804690237448E+08
   2.4000000009999997E+06   1.9101542581258931E-07   1.0483149388530651E+08
   2.5000000009999997E+06   1.9087328272400325E-07   1.0490956176421177E+08
   2.6000000009999997E+06   1.9076262862286348E-07   1.0497041578652102E+08
   2.7000000009999997E+06   1.9067512893585604E-07   1.0501858608842468E+08
   2.8000000009999997E+06   1.9061069140175091E-07   1.0505408849740805E+08
   2.9000000009999997E+06   1.9056231740240928E-07   1.0508075634274641E+08
   3.0000000009999997E+06   1.9052730801310336E-07   1.0510006492977117E+08
   3.1000000009999997E+06   1.9050890666520452E-07   1.0511021659613059E+08
   3.2000000009999997E+06   1.9049833140472044E-07   1.0511605164944495E+08
   3.3000000009999997E+06   1.9049973516696818E-07   1.0511527706598000E+08
   3.4000000009999997E+06   1.9050699216546489E-07   1.0511127290109883E+08
   3.5000000009999997E+06   1.9052483417995898E-07   1.0510142958139372E+08
   3.6000000009999997E+06   1.9054815983415878E-07   1.0508856375469431E+08
   3.7000000009999997E+06   1.9057890643292447E-07   1.0507160953890461E+08
   3.8000000009999997E+06   1.9061234077815152E-07   1.0505317946007267E+08
   3.9000000009999997E+06   1.9065074718393756E-07   1.0503201660024098E+08
   4.0000000009999997E+06   1.9069417523437627E-07   1.0500809696185146E+08
   4.1000000009999997E+06   1.9074104563855713E-07   1.0498229353852226E+08
   4.2000000010000002E+06   1.9078973997149333E-07   1.0495549942079489E+08
   4.3000000010000002E+06   1.9084238712879227E-07   1.0492654563976894E+08
   4.4000000010000002E+06   1.9089562211177984E-07   1.0489728481749192E+08
   4.5000000010000002E+06   1.9095375930675410E-07   1.0486534811238673E+08
   4.6000000010000002E+06   1.9101199737338674E-07   1.0483337548650560E+08
   4.7000000010000002E+06   1.9106775218875200E-07   1.0480278442429124E+08
   4.8000000010000002E+06   1.9113142924168337E-07   1.0476786848986006E+08
   4.9000000010000002E+06   1.9119184316863880E-07   1.0473476332046933E+08
   5.0000000010000002E+06   1.9125497076890874E-07   1.0470019347767423E+08
   5.1000000010000002E+06   1.9131673050575055E-07   1.0466639477967551E+08
   5.2000000010000002E+06   1.9138298370704151E-07   1.0463016123588067E+08
   5.3000000010000002E+06   1.9144733764352985E-07   1.0459499040073708E+08
   5.4000000010000002E+06   1.9151179451690347E-07   1.0455978700207028E+08
   5.5000000010000002E+06   1.9157491917625720E-07   1.0452533415738170E+08
   5.6000000010000002E+06   1.9164255950657190E-07   1.0448844189218308E+08
   5.7000000010000002E+06   1.9170729460485868E-07   1.0445315857357141E+08
   5.8000000010000002E+06   1.9177703546605649E-07   1.0441517356031866E+08
   5.9000000010000002E+06   1.9183899746599392E-07   1.0438144854578526E+08
   6.0000000010000002E+06   1.9190312310239624E-07   1.0434656882778807E+08
   6.1000000010000002E+06   1.9196806462177976E-07   1.0431126907761616E+08
   6.2000000010000002E+06   1.9203509448042947E-07   1.0427485922429867E+08
   6.3000000010000002E+06   1.9210627506482611E-07   1.0423622256125911E+08
   6.4000000010000002E+06   1.9216913022920135E-07   1.0420212871436951E+08
   6.5000000010000002E+06   1.9223381409144225E-07   1.0416706622460502E+08
   6.6000000010000002E+06   1.9229888658801300E-07   1.0413181687303594E+08
   6.7000000010000002E+06   1.9236502524832425E-07   1.0409601442477451E+08
   6.8000000009999992E+06   1.9242924306922008E-07   1.0406127532221569E+08
   6.9000000009999992E+06   1.9249364373693913E-07   1.0402646058504127E+08
   7.0000000009999992E+06   1.9255666031406193E-07   1.0399241662382187E+08
   7.1000000009999992E+06   1.9261893662145083E-07   1.0395879446902561E+08
   7.2000000009999992E+06   1.9268668959984498E-07   1.0392224021626341E+08
   7.3000000009999992E+06   1.9274736406971277E-07   1.0388952678921850E+08
   7.4000000009999992E+06   1.9280950279920032E-07   1.0385604522784303E+08
   7.5000000009999992E+06   1.9287148466877896E-07   1.0382266967799792E+08
   7.6000000009999992E+06   1.9293494141866697E-07   1.0378852216104729E+08
   7.7000000009999992E+06   1.9298981232051720E-07   1.0375901298776916E+08
   7.8000000009999992E+06   1.9305783294395253E-07   1.0372245527528043E+08
   7.9000000009999992E+06   1.9311540677679047E-07   1.0369153231889269E+08
   8.0000000009999992E+06   1.9317602381797655E-07   1.0365899477225001E+08
   8.1000000009999992E+06   1.9323715630692936E-07   1.0362620122222121E+08
   8.2000000009999992E+06   1.9329610272962689E-07   1.0359459999605305E+08
   8.3000000009999992E+06   1.9335820112795258E-07   1.0356132983374590E+08
   8.4000000009999983E+06   1.9341347724003402E-07   1.0353173278726868E+08
   8.5000000009999983E+06   1.9346908904531476E-07   1.0350197306393224E+08
   8.6000000009999983E+06   1.9352781903759287E-07   1.0347056326399215E+08
   8.7000000009999983E+06   1.9358788873289321E-07   1.0343845668310785E+08
   8.8000000009999983E+06   1.9364453687875409E-07   1.0340819713188964E+08
   8.9000000009999983E+06   1.9370151856855831E-07   1.0337777726809235E+08
   9.0000000009999983E+06   1.9376273795381504E-07   1.0334511503364834E+08
   9.1000000009999983E+06   1.9381050807861125E-07   1.0331964268392293E+08
   9.2000000009999983E+06   1.9387239982710260E-07   1.0328665896192378E+08
   9.3000000009999983E+06   1.9392560971711940E-07   1.0325831885887299E+08
   9.4000000009999983E+06   1.9398312793041133E-07   1.0322770158781621E+08
   9.5000000009999983E+06   1.9403683009008126E-07   1.0319913200898699E+08
   9.6000000009999983E+06   1.9409076264503343E-07   1.0317045577121945E+08
   9.7000000009999983E+06   1.9414386604327077E-07   1.0314223596746874E+08
   9.8000000009999983E+06   1.9419932905269639E-07   1.0311277871427664E+08
   9.9000000009999983E+06   1.9424857122861137E-07   1.0308663953828983E+08
   1.0000000000999998E+07   1.9430229054432273E-07   1.0305813887718353E+08
   1.1000000000999998E+07   1.9480675953487622E-07   1.0279126089301179E+08
   1.2000000000999998E+07   1.9528514093702292E-07   1.0253945767194499E+08
   1.3000000000999998E+07   1.9572570187935193E-07   1.0230865057985596E+08
   1.4000000000999998E+07   1.9614405521437477E-07   1.0209043766932452E+08
   1.5000000000999998E+07   1.9653160187202114E-07   1.0188912242272022E+08
   1.6000000000999998E+07   1.9691631995382525E-07   1.0169006026401056E+08
   1.7000000000999998E+07   1.9726389718674544E-07   1.0151088328197724E+08
   1.8000000000999998E+07   1.9758635707110869E-07   1.0134521806009689E+08
   1.9000000000999998E+07   1.9788908460325720E-07   1.0119018177894020E+08
   2.0000000000999998E+07   1.9819410514326153E-07   1.0103445018507148E+08
   2.1000000000999998E+07   1.9847796911502382E-07   1.0088995031719075E+08
   2.2000000000999998E+07   1.9876241254309704E-07   1.0074556948099953E+08
   2.3000000000999998E+07   1.9900356793961123E-07   1.0062348454550424E+08
   2.4000000000999998E+07   1.9926661575897944E-07   1.0049065352367900E+08
   2.5000000000999998E+07   1.9951744635315284E-07   1.0036431805380934E+08
   2.6000000000999998E+07   1.9974383349149137E-07   1.0025056640321600E+08
   2.7000000000999998E+07   1.9998445454097493E-07   1.0012994504514778E+08
   2.8000000000999998E+07   2.0018382790965787E-07   1.0003022048368771E+08
   2.9000000000999998E+07   2.0039349213017671E-07   9.9925562602919728E+07
   3.0000000000999998E+07   2.0061184949704182E-07   9.9816797927317604E+07
   3.1000000000999998E+07   2.0079558825691458E-07   9.9725460190144971E+07
   3.2000000000999998E+07   2.0099387306142627E-07   9.9627078865990877E+07
   3.3000000000999998E+07   2.0117293003287325E-07   9.9538404296241656E+07
   3.4000000001000002E+07   2.0134987734546976E-07   9.9450929432226002E+07
   3.5000000001000002E+07   2.0152499942862688E-07   9.9364508124777988E+07
   3.6000000001000002E+07   2.0169857340336683E-07   9.9278998880303532E+07
   3.7000000001000002E+07   2.0189107652419516E-07   9.9184336365019560E+07
   3.8000000001000002E+07   2.0202152226017892E-07   9.9120292823467910E+07
   3.9000000001000002E+07   2.0219138712621547E-07   9.9037019962535158E+07
   4.0000000001000002E+07   2.0233892036521850E-07   9.8964808188794807E+07
   4.1000000001000002E+07   2.0248493124410951E-07   9.8893445156819329E+07
   4.2000000001000002E+07   2.0265244780366744E-07   9.8811697860524386E+07
   4.3000000001000002E+07   2.0277303050380200E-07   9.8752937672824368E+07
   4.4000000001000002E+07   2.0291543125029698E-07   9.8683635442054972E+07
   4.5000000001000002E+07   2.0305693632749036E-07   9.8614865393104613E+07
   4.6000000001000002E+07   2.0317273880799250E-07   9.8558657822670177E+07
   4.7000000001000002E+07   2.0331223406542013E-07   9.8491035402367279E+07
   4.8000000001000002E+07   2.0342527206878211E-07   9.8436306558316991E+07
   4.9000000001000002E+07   2.0356828103602018E-07   9.8367153965054482E+07
   5.0000000001000002E+07   2.0369080058506380E-07   9.8307986347715423E+07
   5.1000000001000002E+07   2.0381092508307701E-07   9.8250044421854988E+07
   5.2000000001000002E+07   2.0392874582669921E-07   9.8193280019917578E+07
   5.3000000001000002E+07   2.0404434901983338E-07   9.8137647718561783E+07
   5.4000000001000002E+07   2.0415781614334901E-07   9.8083104636128932E+07
   5.5000000001000002E+07   2.0426922429203066E-07   9.8029610248306528E+07
   5.6000000001000002E+07   2.0437864648217223E-07   9.7977126220074013E+07
   5.7000000001000002E+07   2.0448615193281583E-07   9.7925616252247363E+07
   5.8000000001000002E+07   2.0459180632328372E-07   9.7875045941137373E+07
   5.9000000001000002E+07   2.0469567202934895E-07   9.7825382650008366E+07
   6.0000000001000002E+07   2.0479780834012706E-07   9.7776595391173378E+07
   6.1000000001000002E+07   2.0489827165753634E-07   9.7728654717694193E+07
   6.2000000001000002E+07   2.0499711567997313E-07   9.7681532623768181E+07
   6.3000000001000002E+07   2.0509439157167232E-07   9.7635202452983394E+07
   6.4000000001000002E+07   2.0519014811906507E-07   9.7589638813712239E+07
   6.5000000001000002E+07   2.0528443187530749E-07   9.7544817500991896E+07
   6.6000000001000002E+07   2.0537728729403577E-07   9.7500715424305797E+07
   6.7000000001000002E+07   2.0546875685329227E-07   9.7457310540742785E+07
   6.8000000001000002E+07   2.0555888117047333E-07   9.7414581793063402E+07
   6.9000000001000002E+07   2.0564769910906651E-07   9.7372509052248597E+07
   7.0000000001000002E+07   2.0573524787786731E-07   9.7331073064149812E+07
   7.1000000001000002E+07   2.0582156312330188E-07   9.7290255399895117E+07
   7.2000000001000002E+07   2.0590667901541917E-07   9.7250038409740761E+07
   7.3000000001000002E+07   2.0599062832806474E-07   9.7210405180086002E+07
   7.4000000001000002E+07   2.0607344251370358E-07   9.7171339493394837E+07
   7.5000000001000002E+07   2.0615515177330884E-07   9.7132825790794834E+07
   7.6000000001000002E+07   2.0623578512170541E-07   9.7094849137140319E+07
   7.7000000001000002E+07   2.0631537044871440E-07   9.7057395188349873E+07
   7.8000000001000002E+07   2.0639393457641904E-07   9.7020450160842627E+07
   7.9000000001000002E+07   2.0647150331284161E-07   9.6984000802914888E+07
   8.0000000001000002E+07   2.0654810150229726E-07   9.6948034367911935E+07
   8.1000000001000002E+07   2.0662375307267007E-07   9.6912538589060634E+07
   8.2000000001000002E+07   2.0669848107983072E-07   9.6877501655843690E+07
   8.3000000001000002E+07   2.0677230774940146E-07   9.6842912191802621E+07
   8.4000000001000002E+07   2.0684525451605786E-07   9.6808759233667284E+07
   8.5000000001000002E+07   2.0691734206053503E-07   9.6775032211719587E+07
   8.6000000001000002E+07   2.0698859034450124E-07   9.6741720931303665E+07
   8.7000000001000002E+07   2.0705901864344126E-07   9.6708815555404752E+07
   8.8000000001000002E+07   2.0712864557768527E-07   9.6676306588222980E+07
   8.9000000001000002E+07   2.0719748914170811E-07   9.6644184859674677E+07
   9.0000000001000002E+07   2.0726556673181078E-07   9.6612441510760397E+07
   9.1000000001000002E+07   2.0733289517229170E-07   9.6581067979741275E+07
   9.2000000001000002E+07   2.0739949074020480E-07   9.6550055989071429E+07
   9.3000000001000002E+07   2.0746536918879515E-07   9.6519397533037335E+07
   9.4000000001000002E+07   2.0753054576969540E-07   9.6489084866058975E+07
   9.5000000001000002E+07   2.0759503525396059E-07   9.6459110491611049E+07
   9.6000000001000002E+07   2.0765885195201435E-07   9.6429467151724920E+07
   9.7000000001000002E+07   2.0772200973257261E-07   9.6400147817035437E+07
   9.8000000001000002E+07   2.0778452204060617E-07   9.6371145677339777E+07
   9.9000000001000002E+07   2.0784640191440210E-07   9.6342454132635832E+07
   1.0000000000100000E+08   2.0790766200177525E-07   9.6314066784612745E+07
   1.1000000000100000E+08   2.0848870669477621E-07   9.6045645639632136E+07
   1.2000000000100000E+08   2.0901929571258032E-07   9.5801836738589957E+07
   1.3000000000100000E+08   2.0950748746365129E-07   9.5578600485798076E+07
   1.4000000000099999E+08   2.0995955336679364E-07   9.5372809295748189E+07
   1.5000000000099999E+08   2.1038046966068812E-07   9.5181993249506757E+07
   1.6000000000099999E+08   2.1077425096525983E-07   9.5004168447369486E+07
   1.7000000000099999E+08   2.1114418298628651E-07   9.4837717809030205E+07
   1.8000000000099999E+08   2.1149298886190831E-07   9.4681306225930616E+07
   1.9000000000099999E+08   2.1182295062808426E-07   9.4533818850584760E+07
   2.0000000000099999E+08   2.1213599958708424E-07   9.4394315354530007E+07
   2.1000000000099999E+08   2.1243378466549443E-07   9.4261995447677195E+07
   2.2000000000100002E+08   2.1271772489500573E-07   9.4136172493173450E+07
   2.3000000000100002E+08   2.1298905024415539E-07   9.4016253042666286E+07
   2.4000000000100002E+08   2.1324883377155883E-07   9.3901720768717989E+07
   2.5000000000100002E+08   2.1349801722356215E-07   9.3792123709061474E+07
   2.6000000000100002E+08   2.1373743161719178E-07   9.3687064037224203E+07
   2.7000000000100005E+08   2.1396781394270792E-07   9.3586189782886803E+07
   2.8000000000100005E+08   2.1418982083163799E-07   9.3489188073095709E+07
   2.9000000000100005E+08   2.1440403982859990E-07   9.3395779571503043E+07
   3.0000000000100005E+08   2.1461099875390949E-07   9.3305713869927630E+07
   3.1000000000100005E+08   2.1481117353227566E-07   9.3218765643319666E+07
   3.2000000000100005E+08   2.1500499477956512E-07   9.3134731421480790E+07
   3.3000000000100005E+08   2.1519285337676794E-07   9.3053426862704068E+07
   3.4000000000100005E+08   2.1537510521245002E-07   9.2974684438664362E+07
   3.5000000000100005E+08   2.1555207523822662E-07   9.2898351458415866E+07
   3.6000000000100005E+08   2.1572406095330044E-07   9.2824288373685524E+07
   3.7000000000100005E+08   2.1589133541187044E-07   9.2752367318816736E+07
   3.8000000000100005E+08   2.1605414982971684E-07   9.2682470847488657E+07
   3.9000000000100005E+08   2.1621273585239922E-07   9.2614490835274607E+07
   4.0000000000100005E+08   2.1636730753644491E-07   9.2548327522626132E+07
   4.1000000000100005E+08   2.1651806308603395E-07   9.2483888677292123E+07
   4.2000000000100005E+08   2.1666518638051206E-07   9.2421088858753413E+07
   4.3000000000100005E+08   2.1680884832225429E-07   9.2359848770140216E+07
   4.4000000000100005E+08   2.1694920802964944E-07   9.2300094685457572E+07
   4.5000000000100005E+08   2.1708641389607836E-07   9.2241757941874653E+07
   4.6000000000100005E+08   2.1722060453255479E-07   9.2184774488419309E+07
   4.7000000000100005E+08   2.1735190960903261E-07   9.2129084483734906E+07
   4.8000000000100005E+08   2.1748045060717834E-07   9.2074631936645120E+07
   4.9000000000100005E+08   2.1760634149555577E-07   9.2021364384183824E+07
   5.0000000000100005E+08   2.1772968933662668E-07   9.1969232602506399E+07
   5.1000000000100005E+08   2.1785059483366642E-07   9.1918190346740887E+07
   5.2000000000100005E+08   2.1796915282459148E-07   9.1868194116376370E+07
   5.3000000000100005E+08   2.1808545272876675E-07   9.1819202943243071E+07
   5.4000000000100005E+08   2.1819957895206269E-07   9.1771178199527770E+07
   5.5000000000100005E+08   2.1831161125475828E-07   9.1724083423598602E+07
   5.6000000000100005E+08   2.1842162508630703E-07   9.1677884161695212E+07
   5.7000000000100005E+08   2.1852969189048113E-07   9.1632547823785737E+07
   5.8000000000100005E+08   2.1863587938398824E-07   9.1588043552096695E+07
   5.9000000000100005E+08   2.1874025181127666E-07   9.1544342101005852E+07
   6.0000000000100005E+08   2.1884287017793314E-07   9.1501415727140397E+07
   6.1000000000100005E+08   2.1894379246479413E-07   9.1459238088659570E+07
   6.2000000000100005E+08   2.1904307382465284E-07   9.1417784152817011E+07
   6.3000000000100005E+08   2.1914076676323083E-07   9.1377030111001387E+07
   6.4000000000100005E+08   2.1923692130590391E-07   9.1336953300540760E+07
   6.5000000000100005E+08   2.1933158515150304E-07   9.1297532132637545E+07
   6.6000000000100005E+08   2.1942480381437781E-07   9.1258746025865540E+07
   6.7000000000100005E+08   2.1951662075577980E-07   9.1220575344723359E+07
   6.8000000000100005E+08   2.1960707750551422E-07   9.1183001342790842E+07
   6.9000000000100005E+08   2.1969621377471377E-07   9.1146006110080779E+07
   7.0000000000100005E+08   2.1978406756049958E-07   9.1109572524221227E+07
   7.1000000000100005E+08   2.1987067524322129E-07   9.1073684205138385E+07
   7.2000000000100005E+08   2.1995607167689625E-07   9.1038325472944885E+07
   7.3000000000100005E+08   2.2004029027341429E-07   9.1003481308764070E+07
   7.4000000000100005E+08   2.2012336308101292E-07   9.0969137318250045E+07
   7.5000000000100005E+08   2.2020532085748727E-07   9.0935279697583288E+07
   7.6000000000100005E+08   2.2028619313855291E-07   9.0901895201743096E+07
   7.7000000000100005E+08   2.2036600830173892E-07   9.0868971114877969E+07
   7.8000000000100005E+08   2.2044479362616141E-07   9.0836495222608253E+07
   7.9000000000100005E+08   2.2052257534848830E-07   9.0804455786113441E+07
   8.0000000000100005E+08   2.2059937871538624E-07   9.0772841517866999E+07
   8.1000000000100005E+08   2.2067522803270933E-07   9.0741641558895662E+07
   8.2000000000100005E+08   2.2075014671167048E-07   9.0710845457449630E+07
   8.3000000000100005E+08   2.2082415731221463E-07   9.0680443148979917E+07
   8.4000000000100005E+08   2.2089728158379587E-07   9.0650424937327906E+07
   8.5000000000100005E+08   2.2096954050374037E-07   9.0620781477041274E+07
   8.6000000000100005E+08   2.2104095431336756E-07   9.0591503756734774E+07
   8.7000000000100005E+08   2.2111154255202279E-07   9.0562583083424315E+07
   8.8000000000100005E+08   2.2118132408916518E-07   9.0534011067766249E+07
   8.9000000000100005E+08   2.2125031715464361E-07   9.0505779610139653E+07
   9.0000000000100005E+08   2.2131853936728052E-07   9.0477880887515321E+07
   9.1000000000100005E+08   2.2138600776187704E-07   9.0450307341058210E+07
   9.2000000000100005E+08   2.2145273881474259E-07   9.0423051664415017E+07
   9.3000000000100005E+08   2.2151874846784441E-07   9.0396106792642057E+07
   9.4000000000100005E+08   2.2158405215166592E-07   9.0369465891731724E+07
   9.5000000000100005E+08   2.2164866480685566E-07   9.0343122348699629E+07
   9.6000000000100005E+08   2.2171260090474249E-07   9.0317069762196586E+07
   9.7000000000100005E+08   2.2177587446678880E-07   9.0291301933612064E+07
   9.8000000000100005E+08   2.2183849908304500E-07   9.0265812858639792E+07
   9.9000000000100005E+08   2.2190048792966854E-07   9.0240596719275475E+07
   1.0000000000010000E+09   2.2196185378556182E-07   9.0215647876221806E+07
   1.1000000000009999E+09   2.2254380463663255E-07   8.9979734442697167E+07
   1.2000000000009999E+09   2.2307508562984946E-07   8.9765436541391268E+07
   1.3000000000009999E+09   2.2356381782446349E-07   8.9569200588595867E+07
   1.4000000000009999E+09   2.2401631393080115E-07   8.9388277539720803E+07
   1.5000000000009999E+09   2.2443757830264047E-07   8.9220497719280958E+07
   1.6000000000009999E+09   2.2483164524312857E-07   8.9064119160884321E+07
   1.7000000000009999E+09   2.2520181457331694E-07   8.8917722448246524E+07
   1.8000000000010002E+09   2.2555081976829971E-07   8.8780135951809257E+07
   1.9000000000010002E+09   2.2588095057518073E-07   8.8650381504423827E+07
   2.0000000000010002E+09   2.2619414414366445E-07   8.8527634165247887E+07
   2.1000000000010002E+09   2.2649205389994108E-07   8.8411191908383697E+07
   2.2000000000010004E+09   2.2677610238405381E-07   8.8300452439911634E+07
   2.3000000000010004E+09   2.2704752233277174E-07   8.8194895224282205E+07
   2.4000000000010004E+09   2.2730738901270684E-07   8.8094067377423778E+07
   2.5000000000010004E+09   2.2755664594881067E-07   8.7997572470707849E+07
   2.6000000000010004E+09   2.2779612560383921E-07   8.7905061554454237E+07
   2.7000000000010004E+09   2.2802656615301488E-07   8.7816225893760487E+07
   2.8000000000010004E+09   2.2824862520657231E-07   8.7730791039590821E+07
   2.9000000000010004E+09   2.2846289112324202E-07   8.7648511951421008E+07
   3.0000000000010004E+09   2.2866989240501495E-07   8.7569168955591470E+07
   3.1000000000010004E+09   2.2887010555089516E-07   8.7492564373457372E+07
   3.2000000000010004E+09   2.2906396166335574E-07   8.7418519690585881E+07
   3.3000000000010004E+09   2.2925185203790550E-07   8.7346873166201279E+07
   3.4000000000010004E+09   2.2943413291799834E-07   8.7277477803307384E+07
   3.5000000000010004E+09   2.2961112956051912E-07   8.7210199616189733E+07
   3.6000000000010004E+09   2.2978313972842611E-07   8.7144916144578576E+07
   3.7000000000010004E+09   2.2995043670476059E-07   8.7081515173557028E+07
   3.8000000000010004E+09   2.3011327190463841E-07   8.7019893625996634E+07
   3.9000000000010004E+09   2.3027187714790118E-07   8.6959956600389361E+07
   4.0000000000010004E+09   2.3042646664399504E-07   8.6901616531789646E+07
   4.1000000000010004E+09   2.3057723873172381E-07   8.6844792457463965E+07
   4.2000000000010004E+09   2.3072437740933003E-07   8.6789409371971846E+07
   4.3000000000010004E+09   2.3086805368451452E-07   8.6735397658939138E+07
   4.4000000000010004E+09   2.3100842676923867E-07   8.6682692588849530E+07
   4.5000000000010004E+09   2.3114564514024479E-07   8.6631233873872459E+07
   4.6000000000010004E+09   2.3127984748300520E-07   8.6580965272138998E+07
   4.7000000000010004E+09   2.3141116353414916E-07   8.6531834235026807E+07
   4.8000000000010004E+09   2.3153971483519022E-07   8.6483791591973975E+07
   4.9000000000010004E+09   2.3166561540853578E-07   8.6436791268135130E+07
   5.0000000000010004E+09   2.3178897236519597E-07   8.6390790030865267E+07
   5.1000000000010004E+09   2.3190988645231268E-07   8.6345747261573836E+07
   5.2000000000010004E+09   2.3202845254751894E-07   8.6301624749967739E+07
   5.3000000000010004E+09   2.3214476010620927E-07   8.6258386508100525E+07
   5.4000000000010004E+09   2.3225889356700017E-07   8.6215998601987615E+07
   5.5000000000010004E+09   2.3237093271998632E-07   8.6174428998835653E+07
   5.6000000000010004E+09   2.3248095304181525E-07   8.6133647428182974E+07
   5.7000000000010004E+09   2.3258902600110501E-07   8.6093625255460426E+07
   5.8000000000010004E+09   2.3269521933729843E-07   8.6054335366665542E+07
   5.9000000000010004E+09   2.3279959731568125E-07   8.6015752062999129E+07
   6.0000000000010004E+09   2.3290222096096730E-07   8.5977850964450970E+07
   6.1000000000010004E+09   2.3300314827157464E-07   8.5940608921439916E+07
   6.2000000000010004E+09   2.3310243441648070E-07   8.5904003933714032E+07
   6.3000000000010004E+09   2.3320013191632593E-07   8.5868015075808808E+07
   6.4000000000010004E+09   2.3329629081025474E-07   8.5832622428438038E+07
   6.5000000000010004E+09   2.3339095880982338E-07   8.5797807015259802E+07
   6.6000000000010004E+09   2.3348418144115580E-07   8.5763550744521692E+07
   6.7000000000010004E+09   2.3357600217641132E-07   8.5729836355140463E+07
   6.8000000000010004E+09   2.3366646255551182E-07   8.5696647366818845E+07
   6.9000000000010014E+09   2.3375560229898350E-07   8.5663968033842295E+07
   7.0000000000010014E+09   2.3384345941267923E-07   8.5631783302235618E+07
   7.1000000000010014E+09   2.3393007028507298E-07   8.5600078769990563E+07
   7.2000000000010014E+09   2.3401546977775097E-07   8.5568840650104314E+07
   7.3000000000010014E+09   2.3409969130965865E-07   8.5538055736195207E+07
   7.4000000000010014E+09   2.3418276693562005E-07   8.5507711370481238E+07
   7.5000000000010014E+09   2.3426472741958275E-07   8.5477795413932145E+07
   7.6000000000010014E+09   2.3434560230301490E-07   8.5448296218418330E+07
   7.7000000000010014E+09   2.3442541996882982E-07   8.5419202600700065E+07
   7.8000000000010014E+09   2.3450420770118701E-07   8.5390503818112582E+07
   7.9000000000010014E+09   2.3458199174148239E-07   8.5362189545816898E+07
   8.0000000000010014E+09   2.3465879734081921E-07   8.5334249855496034E+07
   8.1000000000010014E+09   2.3473464880921693E-07   8.5306675195389435E+07
   8.2000000000010014E+09   2.3480956956180376E-07   8.5279456371564463E+07
   8.3000000000010014E+09   2.3488358216220619E-07   8.5252584530336305E+07
   8.4000000000010014E+09   2.3495670836334394E-07   8.5226051141750351E+07
   8.5000000000010014E+09   2.3502896914580730E-07   8.5199847984053895E+07
   8.6000000000010014E+09   2.3510038475399220E-07   8.5173967129084602E+07
   8.7000000000010014E+09   2.3517097473014578E-07   8.5148400928513095E+07
   8.8000000000010014E+09   2.3524075794646617E-07   8.5123142000879973E+07
   8.9000000000010014E+09   2.3530975263538904E-07   8.5098183219373003E+07
   9.0000000000010014E+09   2.3537797641818159E-07   8.5073517700294510E+07
   9.1000000000010014E+09   2.3544544633195680E-07   8.5049138792172849E+07
   9.2000000000010014E+09   2.3551217885521225E-07   8.5025040065474749E+07
   9.3000000000010014E+09   2.3557818993198648E-07   8.5001215302880585E+07
   9.4000000000010014E+09   2.3564349499472567E-07   8.4977658490084246E+07
   9.5000000000010014E+09   2.3570810898593878E-07   8.4954363807085812E+07
   9.6000000000010014E+09   2.3577204637871921E-07   8.4931325619944572E+07
   9.7000000000010014E+09   2.3583532119620446E-07   8.4908538472963691E+07
   9.8000000000010014E+09   2.3589794703003487E-07   8.4885997081280813E+07
   9.9000000000010014E+09   2.3595993705787889E-07   8.4863696323837623E+07
   1.0000000000001001E+10   2.3602130406007458E-07   8.4841631236707568E+07
