   1.0000000000000000E-03   0.0000000000000000E+00   1.0000000000000000E+30
   1.0999999999999999E-02   1.3262022162897485E-01   1.5099079308654041E+02
   2.1000000000000001E-02   2.2988211825952337E-01   8.7107394845149599E+01
   3.1000000000000007E-02   2.5480704779549890E-01   7.8586650629627528E+01
   4.1000000000000002E-02   3.1000743378986900E-01   6.4593394417260157E+01
   5.1000000000000004E-02   3.3959899644400549E-01   5.8964934092122348E+01
   6.0999999999999999E-02   4.0108499431308275E-01   4.9925658468890042E+01
   7.0999999999999994E-02   4.6716700099895991E-01   4.2863542159982870E+01
   8.0999999999999989E-02   5.2566786262982268E-01   3.8093316838684046E+01
   9.0999999999999998E-02   6.2433289497334421E-01   3.2073325952057381E+01
   1.0100000000000001E-01   7.1388850002690674E-01   2.8049803915200968E+01
   2.0099999999999998E-01   1.9532680575335870E+00   1.0251758516113117E+01
   3.0099999999999999E-01   2.0463900451026711E+00   9.7852471922414050E+00
   4.0099999999999997E-01   1.9627528110814294E+00   1.0202218195799549E+01
   5.0100000000000000E-01   1.8630285491157292E+00   1.0748322913557125E+01
   6.0099999999999998E-01   1.7722192820570581E+00   1.1299071534662929E+01
   7.0099999999999996E-01   1.6931978387673685E+00   1.1826398536894700E+01
   8.0099999999999993E-01   1.6250724185317655E+00   1.2322178516304845E+01
   9.0100000000000002E-01   1.5652505296036414E+00   1.2793116542271568E+01
   1.0009999999999999E+00   1.5132240506318324E+00   1.3232959411866778E+01
   1.1010000000000000E+00   1.4670873872663928E+00   1.3649106806366166E+01
   1.2010000000000001E+00   1.4262364194856070E+00   1.4040051263235712E+01
   1.3009999999999999E+00   1.3856486523481566E+00   1.4451305826435689E+01
   1.4010000000000000E+00   1.3319817330892960E+00   1.5033563858738923E+01
   1.5009999999999999E+00   1.2845241057963586E+00   1.5588989223878558E+01
   1.6009999999999998E+00   1.2422017829840537E+00   1.6120112462701826E+01
   1.7009999999999998E+00   1.2041797536150176E+00   1.6629105731895230E+01
   1.8009999999999997E+00   1.1697983624653252E+00   1.7117849610312849E+01
   1.9009999999999998E+00   1.1385291041502132E+00   1.7587984681355785E+01
   2.0009999999999999E+00   1.1099432281502455E+00   1.8040951947103643E+01
   2.1010000000000000E+00   1.0836890068338103E+00   1.8478024891639905E+01
   2.2009999999999996E+00   1.0594749887026464E+00   1.8900335219420416E+01
   2.3009999999999997E+00   1.0370574678481330E+00   1.9308893734328770E+01
   2.4009999999999998E+00   1.0162309762896753E+00   1.9704607427124657E+01
   2.5009999999999999E+00   9.9682097676051207E-01   2.0088293595252640E+01
   2.6010000000000000E+00   9.8031576435646717E-01   2.0426512733085350E+01
   2.7009999999999996E+00   9.6321857063309479E-01   2.0789084693321698E+01
   2.8009999999999997E+00   9.4715746917650379E-01   2.1141608544228355E+01
   2.9009999999999998E+00   9.3203452524636066E-01   2.1484646652739290E+01
   3.0009999999999999E+00   9.1776409003890136E-01   2.1818714264820382E+01
   3.1010000000000000E+00   9.0427090673442934E-01   2.2144284742484309E+01
   3.2009999999999996E+00   8.9148855953944994E-01   2.2461794073292939E+01
   3.3009999999999997E+00   8.7935819385561553E-01   2.2771644800707399E+01
   3.4009999999999998E+00   8.6782745574255238E-01   2.3074209407142884E+01
   3.5009999999999999E+00   8.5684960502394525E-01   2.3369833312243959E+01
   3.6010000000000000E+00   8.4638277240875526E-01   2.3658837462018901E+01
   3.7009999999999996E+00   8.3638933120549008E-01   2.3941520648297139E+01
   3.8009999999999997E+00   8.2683536588705819E-01   2.4218161521899535E+01
   3.9009999999999998E+00   8.1769021832093891E-01   2.4489020407007239E+01
   4.0009999999999994E+00   8.0892610035122503E-01   2.4754340890196683E+01
   4.1010000000000000E+00   8.0051776040326206E-01   2.5014351253099417E+01
   4.2009999999999996E+00   7.9244219601159804E-01   2.5269265750682717E+01
   4.3010000000000002E+00   7.8467840527960631E-01   2.5519285746032889E+01
   4.4009999999999998E+00   7.7720717022269825E-01   2.5764600752890562E+01
   4.5009999999999994E+00   7.7001086880348113E-01   2.6005389344942124E+01
   4.6010000000000000E+00   7.6307330966590958E-01   2.6241820005261111E+01
   4.7009999999999996E+00   7.5637958761689739E-01   2.6474051879377203E+01
   4.8010000000000002E+00   7.4991595641575315E-01   2.6702235459529462E+01
   4.9009999999999998E+00   7.4366971634155710E-01   2.6926513212855820E+01
   5.0009999999999994E+00   7.3762911519544161E-01   2.7147020135947340E+01
   5.1010000000000000E+00   7.3178325923867027E-01   2.7363884306269338E+01
   5.2009999999999996E+00   7.2612203603836867E-01   2.7577227310608123E+01
   5.3010000000000002E+00   7.2063604366333767E-01   2.7787164712547419E+01
   5.4009999999999998E+00   7.1531652868525952E-01   2.7993806434021963E+01
   5.5009999999999994E+00   7.1015533024009614E-01   2.8197257121623831E+01
   5.6010000000000000E+00   7.0514482965732961E-01   2.8397616490789133E+01
   5.7009999999999996E+00   7.0027790578756299E-01   2.8594979618200757E+01
   5.8010000000000002E+00   6.9554789385311144E-01   2.8789437248012881E+01
   5.9009999999999998E+00   6.9094854920130055E-01   2.8981076038467474E+01
   6.0009999999999994E+00   6.8647401420739573E-01   2.9169978802754720E+01
   6.1010000000000000E+00   6.8211878783117996E-01   2.9356224751908744E+01
   6.2009999999999996E+00   6.7787769867299397E-01   2.9539889691416736E+01
   6.3010000000000002E+00   6.7374588027638860E-01   2.9721046212345097E+01
   6.4009999999999989E+00   6.6971874852663382E-01   2.9899763874200890E+01
   6.5009999999999994E+00   6.6579198074361268E-01   3.0076109388861514E+01
   6.6009999999999991E+00   6.6196149756977629E-01   3.0250146748090785E+01
   6.7009999999999987E+00   6.5822344552717915E-01   3.0421937381816996E+01
   6.8009999999999993E+00   6.5457418099884124E-01   3.0591540308717313E+01
   6.9009999999999989E+00   6.5101025638821874E-01   3.0759012237635858E+01
   7.0009999999999994E+00   6.4752840664237421E-01   3.0924407698041023E+01
   7.1009999999999991E+00   6.4412553682803764E-01   3.1087779164417146E+01
   7.2009999999999987E+00   6.4079871175265757E-01   3.1249177121942971E+01
   7.3009999999999993E+00   6.3754514474578949E-01   3.1408650207909723E+01
   7.4009999999999989E+00   6.3436218843529291E-01   3.1566245290349983E+01
   7.5009999999999994E+00   6.3124732669212935E-01   3.1722007518042055E+01
   7.6009999999999991E+00   6.2819816516820093E-01   3.1875980468217552E+01
   7.7009999999999987E+00   6.2521242541166977E-01   3.2028206141115369E+01
   7.8009999999999993E+00   6.2228793617360678E-01   3.2178725119114681E+01
   7.9009999999999989E+00   6.1942262835456241E-01   3.2327576563137008E+01
   8.0009999999999994E+00   6.1661452849121046E-01   3.2474798302384002E+01
   8.1009999999999991E+00   6.1386175279236577E-01   3.2620426915316862E+01
   8.2009999999999987E+00   6.1116250270261852E-01   3.2764497747361361E+01
   8.3009999999999984E+00   6.0851505970172648E-01   3.2907044984041931E+01
   8.4009999999999998E+00   6.0591778059088297E-01   3.3048101713641927E+01
   8.5009999999999994E+00   6.0336909374365799E-01   3.3187699951332078E+01
   8.6009999999999991E+00   6.0086749526621985E-01   3.3325870680023499E+01
   8.7009999999999987E+00   5.9841154452779810E-01   3.3462643938249549E+01
   8.8009999999999984E+00   5.9599986151372963E-01   3.3598048818691524E+01
   8.9009999999999998E+00   5.9363112370518778E-01   3.3732113501879518E+01
   9.0009999999999994E+00   5.9130406234821098E-01   3.3864865334342248E+01
   9.1009999999999991E+00   5.8901746061678761E-01   3.3996330808433356E+01
   9.2009999999999987E+00   5.8677014988961251E-01   3.4126535657682687E+01
   9.3009999999999984E+00   5.8456100825610280E-01   3.4255504832266787E+01
   9.4009999999999998E+00   5.8238895775332067E-01   3.4383262554152537E+01
   9.5009999999999994E+00   5.8025296189739572E-01   3.4509832362755837E+01
   9.6009999999999991E+00   5.7815202452727099E-01   3.4635237089145811E+01
   9.7009999999999987E+00   5.7608518697071254E-01   3.4759498935163030E+01
   9.8009999999999984E+00   5.7405152649772551E-01   3.4882639482278279E+01
   9.9009999999999998E+00   5.7205015481702970E-01   3.5004679702388145E+01
   1.0000999999999999E+01   5.7008021656968055E-01   3.5125639973202091E+01
   1.1000999999999999E+01   5.5194201044647107E-01   3.6279957068087143E+01
   1.2000999999999999E+01   5.3619954166843276E-01   3.7345112942028756E+01
   1.3000999999999999E+01   5.2236027421499542E-01   3.8334523951241223E+01
   1.4000999999999999E+01   5.1006218432105022E-01   3.9258806197770639E+01
   1.5000999999999999E+01   4.9903257528570183E-01   4.0126503628761029E+01
   1.6000999999999998E+01   4.8906169734651556E-01   4.0944593599779978E+01
   1.7000999999999998E+01   4.7998527869362789E-01   4.1718847081252186E+01
   1.8000999999999998E+01   4.7167262224293899E-01   4.2454091034263854E+01
   1.9000999999999998E+01   4.6401829380085335E-01   4.3154402984951560E+01
   2.0000999999999998E+01   4.5693618728937008E-01   4.3823258039290586E+01
   2.1000999999999998E+01   4.5035520497027770E-01   4.4463641636812518E+01
   2.2000999999999998E+01   4.4421606074240616E-01   4.5078136998480851E+01
   2.3000999999999998E+01   4.3846887557880437E-01   4.5668993988771177E+01
   2.4000999999999998E+01   4.3307134418475296E-01   4.6238183874223353E+01
   2.5000999999999998E+01   4.2798731944628560E-01   4.6787443303176737E+01
   2.6000999999999998E+01   4.2318570796335880E-01   4.7318309825353261E+01
   2.7000999999999998E+01   4.1863959515395599E-01   4.7832151270133991E+01
   2.8000999999999998E+01   4.1432555192490955E-01   4.8330189509289085E+01
   2.9000999999999998E+01   4.1022307446460737E-01   4.8813520471041450E+01
   3.0000999999999998E+01   4.0631413005570222E-01   4.9283130863124292E+01
   3.1000999999999998E+01   4.0258278786954205E-01   4.9739912004287284E+01
   3.2000999999999998E+01   3.9901491257589344E-01   5.0184671830436884E+01
   3.3000999999999998E+01   3.9559791392464877E-01   5.0618144682344855E+01
   3.4000999999999998E+01   3.9232053394880029E-01   5.1041000177892705E+01
   3.5000999999999998E+01   3.8917267126167798E-01   5.1453850493030473E+01
   3.6000999999999998E+01   3.8614523307508875E-01   5.1857256617169689E+01
   3.7000999999999998E+01   3.8323000870743756E-01   5.2251733914602113E+01
   3.8000999999999998E+01   3.8041956144251710E-01   5.2637757025797548E+01
   3.9000999999999998E+01   3.7770713809196677E-01   5.3015763864637336E+01
   4.0000999999999998E+01   3.7508658909921516E-01   5.3386159422977819E+01
   4.1000999999999998E+01   3.7255230185786287E-01   5.3749318802253562E+01
   4.2000999999999998E+01   3.7009914038821945E-01   5.4105590253646177E+01
   4.3000999999999998E+01   3.6772239467135931E-01   5.4455297619194241E+01
   4.4000999999999998E+01   3.6541773682487472E-01   5.4798742439446286E+01
   4.5000999999999998E+01   3.6318118108672848E-01   5.5136206075308174E+01
   4.6000999999999998E+01   3.6100904998781541E-01   5.5467951409383033E+01
   4.7000999999999998E+01   3.5889794452898544E-01   5.5794224370249793E+01
   4.8000999999999998E+01   3.5684471713434784E-01   5.6115255408230439E+01
   4.9000999999999998E+01   3.5484644756035638E-01   5.6431260847456251E+01
   5.0000999999999998E+01   3.5290042314762060E-01   5.6742443844266290E+01
   5.1000999999999998E+01   3.5100411961815858E-01   5.7048995507105005E+01
   5.2000999999999998E+01   3.4915518455728145E-01   5.7351095812774687E+01
   5.3000999999999998E+01   3.4735142290117849E-01   5.7648914392870147E+01
   5.4000999999999998E+01   3.4559078197952137E-01   5.7942611571908941E+01
   5.5000999999999998E+01   3.4387134176313017E-01   5.8232338700865505E+01
   5.6000999999999998E+01   3.4219130348390292E-01   5.8518238889182193E+01
   5.7000999999999998E+01   3.4054897835960329E-01   5.8800447851958722E+01
   5.8000999999999998E+01   3.3894278213863216E-01   5.9079093871606375E+01
   5.9000999999999998E+01   3.3737122248430307E-01   5.9354299088160538E+01
   6.0000999999999998E+01   3.3583289710759556E-01   5.9626179018001814E+01
   6.1000999999999998E+01   3.3432648209782023E-01   5.9894843858682869E+01
   6.2000999999999998E+01   3.3285073057802950E-01   6.0160398050793496E+01
   6.3000999999999998E+01   3.3140446420751213E-01   6.0422941166336201E+01
   6.4001000000000005E+01   3.2998656840551088E-01   6.0682568202182807E+01
   6.5001000000000005E+01   3.2859598986865340E-01   6.0939369500753358E+01
   6.6001000000000005E+01   3.2723173074067285E-01   6.1193431326929577E+01
   6.7001000000000005E+01   3.2589284486304448E-01   6.1444836113192004E+01
   6.8001000000000005E+01   3.2457843576320605E-01   6.1693662414715561E+01
   6.9001000000000005E+01   3.2328765055844944E-01   6.1939985670598077E+01
   7.0001000000000005E+01   3.2201968044339624E-01   6.2183877753991865E+01
   7.1001000000000005E+01   3.2077375618457460E-01   6.2425407493590370E+01
   7.2001000000000005E+01   3.1954914470360296E-01   6.2664641026172326E+01
   7.3001000000000005E+01   3.1834514896120142E-01   6.2901641530941532E+01
   7.4001000000000005E+01   3.1716110428454192E-01   6.3136469676012688E+01
   7.5001000000000005E+01   3.1599637618822324E-01   6.3369183800842457E+01
   7.6001000000000005E+01   3.1485036110365044E-01   6.3599839532912355E+01
   7.7001000000000005E+01   3.1372248022904020E-01   6.3828490800061203E+01
   7.8001000000000005E+01   3.1261218199124824E-01   6.4055189134095457E+01
   7.9001000000000005E+01   3.1151893892493610E-01   6.4279984106830767E+01
   8.0001000000000005E+01   3.1044224601766096E-01   6.4502923490421125E+01
   8.1001000000000005E+01   3.0938162012478976E-01   6.4724053209737463E+01
   8.2001000000000005E+01   3.0833659814265879E-01   6.4943417562799098E+01
   8.3001000000000005E+01   3.0730673622833438E-01   6.5161059236245194E+01
   8.4001000000000005E+01   3.0629161010877948E-01   6.5377019096148274E+01
   8.5001000000000005E+01   3.0529081073767883E-01   6.5591336976983797E+01
   8.6001000000000005E+01   3.0430394621214324E-01   6.5804051154538072E+01
   8.7001000000000005E+01   3.0333064146833694E-01   6.6015198287054417E+01
   8.8001000000000005E+01   3.0237053413311676E-01   6.6224814201823122E+01
   8.9001000000000005E+01   3.0142327677011427E-01   6.6432933307747362E+01
   9.0001000000000005E+01   3.0048853532716646E-01   6.6639588832463900E+01
   9.1001000000000005E+01   2.9956598811690993E-01   6.6844812954055570E+01
   9.2001000000000005E+01   2.9865532637216707E-01   6.7048636588246808E+01
   9.3001000000000005E+01   2.9775625081019819E-01   6.7251090073121773E+01
   9.4001000000000005E+01   2.9686847535538308E-01   6.7452202255899024E+01
   9.5001000000000005E+01   2.9599172226090559E-01   6.7652001515842699E+01
   9.6001000000000005E+01   2.9512572494269357E-01   6.7850515054083971E+01
   9.7001000000000005E+01   2.9427022520056467E-01   6.8047769458917216E+01
   9.8001000000000005E+01   2.9342497569176718E-01   6.8243790072276099E+01
   9.9001000000000005E+01   2.9258973508244457E-01   6.8438602049485041E+01
   1.0000100000000000E+02   2.9176427327341609E-01   6.8632229088263045E+01
   1.1000100000000000E+02   2.8400163355419988E-01   7.0508159380886596E+01
   1.2000100000000000E+02   2.7701090933871142E-01   7.2287522866426414E+01
   1.3000100000000000E+02   2.7065309258648418E-01   7.3985603680745271E+01
   1.4000100000000000E+02   2.6482343598238162E-01   7.5614276239523903E+01
   1.5000100000000000E+02   2.5944113139613084E-01   7.7182952199268385E+01
   1.6000100000000000E+02   2.5444257570700374E-01   7.8699220786580355E+01
   1.7000100000000000E+02   2.4977684146124801E-01   8.0169291620169659E+01
   1.8000100000000000E+02   2.4540253005824372E-01   8.1598312936378790E+01
   1.9000100000000000E+02   2.4128554283234188E-01   8.2990601956561179E+01
   2.0000100000000000E+02   2.3739746919217766E-01   8.4349814305987920E+01
   2.1000100000000003E+02   2.3371438510057913E-01   8.5679075485465518E+01
   2.2000100000000003E+02   2.3021595963283176E-01   8.6981078440471137E+01
   2.3000100000000003E+02   2.2688476881622915E-01   8.8258160949054059E+01
   2.4000100000000003E+02   2.2370576606994821E-01   8.9512366153362564E+01
   2.5000100000000003E+02   2.2066586876820632E-01   9.0745490251172043E+01
   2.6000100000000003E+02   2.1775363228790226E-01   9.1959120188619565E+01
   2.7000100000000003E+02   2.1495897747537782E-01   9.3154669222248913E+01
   2.8000100000000003E+02   2.1227299528304841E-01   9.4333395618084893E+01
   2.9000100000000003E+02   2.0968775857009353E-01   9.5496430405010955E+01
   3.0000100000000003E+02   2.0719619120844729E-01   9.6644790265118004E+01
   3.1000100000000003E+02   2.0479194404710452E-01   9.7779395260127160E+01
   3.2000100000000003E+02   2.0246930120044021E-01   9.8901079444374247E+01
   3.3000100000000003E+02   2.0022309881033967E-01   1.0001060098485300E+02
   3.4000100000000003E+02   1.9804865049364048E-01   1.0110865382399906E+02
   3.5000100000000003E+02   1.9594169827389354E-01   1.0219587060575991E+02
   3.6000100000000003E+02   1.9389835259937635E-01   1.0327283432080114E+02
   3.7000100000000003E+02   1.9191505807540091E-01   1.0434007963671272E+02
   3.8000100000000003E+02   1.8998855142222032E-01   1.0539810053380774E+02
   3.9000100000000003E+02   1.8811582855569936E-01   1.0644735531727265E+02
   4.0000100000000003E+02   1.8629412757167893E-01   1.0748826441331077E+02
   4.1000100000000003E+02   1.8452088874911846E-01   1.0852122260422041E+02
   4.2000100000000003E+02   1.8279374712630123E-01   1.0954659422368428E+02
   4.3000100000000003E+02   1.8111050786688254E-01   1.1056471918122924E+02
   4.4000100000000003E+02   1.7946912880852017E-01   1.1157591601414755E+02
   4.5000100000000003E+02   1.7786770879941702E-01   1.1258048230470773E+02
   4.6000100000000003E+02   1.7630447894905119E-01   1.1357869387344591E+02
   4.7000100000000003E+02   1.7477777830885863E-01   1.1457081464718867E+02
   4.8000100000000003E+02   1.7328605894389632E-01   1.1555708846465747E+02
   4.9000100000000003E+02   1.7182787095135305E-01   1.1653774403537179E+02
   5.0000100000000003E+02   1.7040184713512405E-01   1.1751300106032797E+02
   5.1000100000000003E+02   1.6900670902187520E-01   1.1848306235274859E+02
   5.2000099999999998E+02   1.6764124833906927E-01   1.1944812294985115E+02
   5.3000099999999998E+02   1.6630433263387315E-01   1.2040836294479718E+02
   5.4000099999999998E+02   1.6499488540097459E-01   1.2136395861246130E+02
   5.5000099999999998E+02   1.6371189961220181E-01   1.2231506989110282E+02
   5.6000099999999998E+02   1.6245441619143863E-01   1.2326185346340228E+02
   5.7000099999999998E+02   1.6122152692781394E-01   1.2420445845322820E+02
   5.8000099999999998E+02   1.6001237680092853E-01   1.2514302232997940E+02
   5.9000099999999998E+02   1.5882614977478582E-01   1.2607767972381222E+02
   6.0000099999999998E+02   1.5766207514525193E-01   1.2700855563789477E+02
   6.1000099999999998E+02   1.5651941713791426E-01   1.2793577186290892E+02
   6.2000099999999998E+02   1.5539747904003376E-01   1.2885944203710633E+02
   6.3000099999999998E+02   1.5429559168519305E-01   1.2977967953826717E+02
   6.4000099999999998E+02   1.5321312645126264E-01   1.3069658525270992E+02
   6.5000099999999998E+02   1.5214947776678764E-01   1.3161026075794237E+02
   6.6000099999999998E+02   1.5110406849657790E-01   1.3252080266472225E+02
   6.7000099999999998E+02   1.5007635084433968E-01   1.3342830053111544E+02
   6.8000099999999998E+02   1.4906579570083306E-01   1.3433284509653458E+02
   6.9000099999999998E+02   1.4807190396243725E-01   1.3523451719882968E+02
   7.0000099999999998E+02   1.4709419278333252E-01   1.3613339904293403E+02
   7.1000099999999998E+02   1.4613220221530676E-01   1.3702956733361401E+02
   7.2000099999999998E+02   1.4518549011986218E-01   1.3792309704323699E+02
   7.3000099999999998E+02   1.4425363230488444E-01   1.3881406050663202E+02
   7.4000099999999998E+02   1.4333622635966004E-01   1.3970252288368653E+02
   7.5000099999999998E+02   1.4243287800465887E-01   1.4058855457808480E+02
   7.6000099999999998E+02   1.4154321745628939E-01   1.4147221465596198E+02
   7.7000099999999998E+02   1.4066688413922809E-01   1.4235356505979090E+02
   7.8000099999999998E+02   1.3980353085095926E-01   1.4323266602199897E+02
   7.9000099999999998E+02   1.3895282454653465E-01   1.4410957465902814E+02
   8.0000099999999998E+02   1.3811444907943865E-01   1.4498434143957172E+02
   8.1000099999999998E+02   1.3728808968438339E-01   1.4585702582872685E+02
   8.2000099999999998E+02   1.3647345594015164E-01   1.4672767173019406E+02
   8.3000099999999998E+02   1.3567025711696187E-01   1.4759633296639609E+02
   8.4000099999999998E+02   1.3487821987719362E-01   1.4846305401497654E+02
   8.5000099999999998E+02   1.3409707647169797E-01   1.4932788223237631E+02
   8.6000099999999998E+02   1.3332657155784816E-01   1.5019085999960188E+02
   8.7000099999999998E+02   1.3256645595573327E-01   1.5105203121488179E+02
   8.8000099999999998E+02   1.3181648791694556E-01   1.5191143960449466E+02
   8.9000099999999998E+02   1.3107644026057880E-01   1.5276912008949344E+02
   9.0000099999999998E+02   1.3034608648272694E-01   1.5362511436601704E+02
   9.1000099999999998E+02   1.2962520982067283E-01   1.5447946021282465E+02
   9.2000099999999998E+02   1.2891360286022230E-01   1.5533219147387922E+02
   9.3000099999999998E+02   1.2821106127130838E-01   1.5618334521619647E+02
   9.4000099999999998E+02   1.2751738726094097E-01   1.5703295741227308E+02
   9.5000099999999998E+02   1.2683239117677547E-01   1.5788106064453345E+02
   9.6000099999999998E+02   1.2615589318386103E-01   1.5872768158272115E+02
   9.7000099999999998E+02   1.2548771100510459E-01   1.5957285604051796E+02
   9.8000099999999998E+02   1.2482767146999271E-01   1.6041661441938652E+02
   9.9000099999999998E+02   1.2417561029174944E-01   1.6125898150228099E+02
   1.0000010000000000E+03   1.2353135766209059E-01   1.6209999486807868E+02
   1.1000010000000000E+03   1.1748598115106458E-01   1.7044103685293371E+02
   1.2000010000000000E+03   1.1207357734538824E-01   1.7867219836626077E+02
   1.3000010000000000E+03   1.0719037349421356E-01   1.8681185437004424E+02
   1.4000010000000000E+03   1.0275558617399698E-01   1.9487439261126028E+02
   1.5000010000000000E+03   9.8705111098587497E-02   2.0287128214739661E+02
   1.6000010000000000E+03   9.4987248475998376E-02   2.1081179594471044E+02
   1.7000010000000002E+03   9.1559709693170441E-02   2.1870353794454337E+02
   1.8000010000000002E+03   8.8387487796388484E-02   2.2655279544996722E+02
   1.9000010000000002E+03   8.5441285876995843E-02   2.3436483004129317E+02
   2.0000010000000002E+03   8.2696357219405922E-02   2.4214406917518548E+02
   2.1000010000000002E+03   8.0131616718224094E-02   2.4989427722999602E+02
   2.2000010000000002E+03   7.7728964678188767E-02   2.5761866925638668E+02
   2.3000010000000002E+03   7.5472757809331756E-02   2.6532000451950859E+02
   2.4000010000000002E+03   7.3349389270906173E-02   2.7300067038205469E+02
   2.5000010000000002E+03   7.1346957746173389E-02   2.8066273707578881E+02
   2.6000010000000002E+03   6.9455002388679118E-02   2.8830799444815193E+02
   2.7000010000000002E+03   6.7664275816172362E-02   2.9593802935944018E+02
   2.8000010000000002E+03   6.5966571832110785E-02   3.0355423795608414E+02
   2.9000010000000002E+03   6.4354589502746001E-02   3.1115779927734968E+02
   3.0000010000000002E+03   6.2821784530151220E-02   3.1874981891768738E+02
   3.1000010000000002E+03   6.1362294328032141E-02   3.2633122118975126E+02
   3.2000010000000002E+03   5.9970833572033901E-02   3.3390285327649065E+02
   3.3000010000000002E+03   5.8642632087160383E-02   3.4146544468381666E+02
   3.4000010000000002E+03   5.7373365228292963E-02   3.4901966031438008E+02
   3.5000010000000002E+03   5.6159097854701467E-02   3.5656613457146716E+02
   3.6000010000000002E+03   5.4996261714098826E-02   3.6410533768949273E+02
   3.7000010000000002E+03   5.3881591841642762E-02   3.7163772929952029E+02
   3.8000010000000002E+03   5.2812093134008309E-02   3.7916377205994434E+02
   3.9000010000000002E+03   5.1785030933163320E-02   3.8668379804419425E+02
   4.0000010000000002E+03   5.0797882891776086E-02   3.9419816935546987E+02
   4.1000010000000002E+03   4.9848334806966141E-02   4.0170714870646646E+02
   4.2000010000000002E+03   4.8934242321441716E-02   4.0921104513142711E+02
   4.3000010000000002E+03   4.8053636107733541E-02   4.1671003622240005E+02
   4.4000010000000002E+03   4.7204679065354242E-02   4.2420439752059571E+02
   4.5000010000000002E+03   4.6385679229397653E-02   4.3169428098793207E+02
   4.6000010000000002E+03   4.5595063375062743E-02   4.3917983572808487E+02
   4.7000010000000002E+03   4.4831361479127245E-02   4.4666126083176681E+02
   4.8000010000000002E+03   4.4093211823548542E-02   4.5413866704029419E+02
   4.9000010000000002E+03   4.3379344879273071E-02   4.6161214510732452E+02
   5.0000010000000002E+03   4.2688568051622730E-02   4.6908184924020856E+02
   5.1000010000000002E+03   4.2019774035822126E-02   4.7654783735868546E+02
   5.2000010000000002E+03   4.1371924062591041E-02   4.8401018073940617E+02
   5.3000010000000002E+03   4.0744041497140719E-02   4.9146897821800337E+02
   5.4000010000000002E+03   4.0135215929188325E-02   4.9892424843063850E+02
   5.5000010000000002E+03   3.9544584852954118E-02   5.0637609466712559E+02
   5.6000010000000002E+03   3.8971342097203730E-02   5.1382455326085540E+02
   5.7000010000000002E+03   3.8414733617469908E-02   5.2126959000869249E+02
   5.8000010000000002E+03   3.7874033699937776E-02   5.2871137523185371E+02
   5.9000010000000002E+03   3.7348577917085991E-02   5.3614979631958158E+02
   6.0000010000000002E+03   3.6837723368485807E-02   5.4358496161036703E+02
   6.1000010000000002E+03   3.6340868991034288E-02   5.5101688536980043E+02
   6.2000010000000002E+03   3.5857446218669778E-02   5.5844558257039569E+02
   6.3000010000000002E+03   3.5386923233231567E-02   5.6587096626323523E+02
   6.4000010000000002E+03   3.4928782527520186E-02   5.7329316953130399E+02
   6.5000010000000002E+03   3.4482549078168515E-02   5.8071206968134163E+02
   6.6000010000000011E+03   3.4047754737413026E-02   5.8812783977993217E+02
   6.7000010000000011E+03   3.3623973593052567E-02   5.9554033337716965E+02
   6.8000010000000011E+03   3.3210789942410911E-02   6.0294959794075942E+02
   6.9000010000000011E+03   3.2807813695685382E-02   6.1035558872687477E+02
   7.0000010000000011E+03   3.2414665395725177E-02   6.1775841887025877E+02
   7.1000010000000011E+03   3.2030998760042083E-02   6.2515791633858396E+02
   7.2000010000000011E+03   3.1656475674789269E-02   6.3255406725578189E+02
   7.3000010000000011E+03   3.1290761591184629E-02   6.3994710977929822E+02
   7.4000010000000011E+03   3.0933565572132476E-02   6.4733670602497068E+02
   7.5000010000000011E+03   3.0584584586831696E-02   6.5472304801855205E+02
   7.6000010000000011E+03   3.0243543715672734E-02   6.6210602273749635E+02
   7.7000010000000011E+03   2.9910171315143341E-02   6.6948571548078780E+02
   7.8000010000000011E+03   2.9584215435191664E-02   6.7686204107517995E+02
   7.9000010000000011E+03   2.9265432792103550E-02   6.8423496707947891E+02
   8.0000010000000011E+03   2.8953591541515059E-02   6.9160443927516485E+02
   8.1000010000000011E+03   2.8648463730850851E-02   6.9897054973694242E+02
   8.2000010000000002E+03   2.8349838550234426E-02   7.0633320918528102E+02
   8.3000010000000002E+03   2.8057511416645958E-02   7.1369239223374541E+02
   8.4000010000000002E+03   2.7771283445006300E-02   7.2104814610836331E+02
   8.5000010000000002E+03   2.7490974876495374E-02   7.2840023073144812E+02
   8.6000010000000002E+03   2.7216389843202848E-02   7.3574903058175698E+02
   8.7000010000000002E+03   2.6947371633973712E-02   7.4309408409338198E+02
   8.8000010000000002E+03   2.6683739607450598E-02   7.5043576116596785E+02
   8.9000010000000002E+03   2.6425344595170562E-02   7.5777374902166071E+02
   9.0000010000000002E+03   2.6172026683286959E-02   7.6510820829397062E+02
   9.1000010000000002E+03   2.5923642824575169E-02   7.7243898855483599E+02
   9.2000010000000002E+03   2.5680045540504678E-02   7.7976623567460172E+02
   9.3000010000000002E+03   2.5441107155286882E-02   7.8708966244460100E+02
   9.4000010000000002E+03   2.5206687962321755E-02   7.9440950247028218E+02
   9.5000010000000002E+03   2.4976667541090746E-02   8.0172554685800958E+02
   9.6000010000000002E+03   2.4750919933637941E-02   8.0903790633887934E+02
   9.7000010000000002E+03   2.4529327462640835E-02   8.1634657426175681E+02
   9.8000010000000002E+03   2.4312497426803314E-02   8.2362712853167181E+02
   9.9000010000000002E+03   2.4100975440746721E-02   8.3085568433952403E+02
   1.0000001000000000E+04   2.3893201728305606E-02   8.3808075078315233E+02
   1.1000001000000000E+04   2.2001501847919679E-02   9.1013934328147047E+02
   1.2000001000000000E+04   2.0395023472549022E-02   9.8182934037922792E+02
   1.3000001000000000E+04   1.9014222096142057E-02   1.0531291967571258E+03
   1.4000001000000000E+04   1.7814965994773363E-02   1.1240230516828681E+03
   1.5000001000000000E+04   1.6763880752583924E-02   1.1944986210895818E+03
   1.6000001000000000E+04   1.5835267198694266E-02   1.2645465461247686E+03
   1.7000001000000000E+04   1.5009014914505589E-02   1.3341603401112550E+03
   1.8000001000000000E+04   1.4269174270953106E-02   1.4033350537903375E+03
   1.9000001000000000E+04   1.3602928956820279E-02   1.4720677073764882E+03
   2.0000001000000000E+04   1.2999861330707182E-02   1.5403573879493347E+03
   2.1000001000000000E+04   1.2451430618629522E-02   1.6082033507950177E+03
   2.2000001000000000E+04   1.1950568021706146E-02   1.6756050764031256E+03
   2.3000001000000000E+04   1.1491353642480833E-02   1.7425651551655374E+03
   2.4000001000000000E+04   1.1068821438682316E-02   1.8090844227635746E+03
   2.5000001000000000E+04   1.0678748596268864E-02   1.8751665761724341E+03
   2.6000001000000000E+04   1.0317553927025746E-02   1.9408119971750073E+03
   2.7000001000000000E+04   9.9821444073367391E-03   2.0060251210505423E+03
   2.8000001000000000E+04   9.6698609629281961E-03   2.0708087241212970E+03
   2.9000001000000000E+04   9.3783933458695054E-03   2.1351666223182001E+03
   3.0000001000000000E+04   9.1057319437830402E-03   2.1991019027024404E+03
   3.1000001000000000E+04   8.8501154391966413E-03   2.2626182201403431E+03
   3.2000001000000000E+04   8.6099987113874531E-03   2.3257184018608118E+03
   3.3000001000000004E+04   8.3840084537800761E-03   2.3884079499041191E+03
   3.4000001000000004E+04   8.1709391099026082E-03   2.4506892260160721E+03
   3.5000001000000004E+04   7.9697069646589291E-03   2.5125682201200780E+03
   3.6000001000000004E+04   7.7793621626149351E-03   2.5740455354170981E+03
   3.7000001000000004E+04   7.5990415712180676E-03   2.6351260557536225E+03
   3.8000001000000004E+04   7.4279667661632841E-03   2.6958161060021484E+03
   3.9000001000000004E+04   7.2654521115468008E-03   2.7561164997904739E+03
   4.0000001000000004E+04   7.1108674576816234E-03   2.8160323001717570E+03
   4.1000001000000004E+04   6.9636453392236033E-03   2.8755675321776589E+03
   4.2000001000000004E+04   6.8232737244511114E-03   2.9347250677214352E+03
   4.3000001000000004E+04   6.6892857700493148E-03   2.9935082954191162E+03
   4.4000001000000004E+04   6.5612503449910447E-03   3.0519232448368048E+03
   4.5000001000000004E+04   6.4387872138831018E-03   3.1099695917727568E+03
   4.6000001000000004E+04   6.3215349832480353E-03   3.1676535044314551E+03
   4.7000001000000004E+04   6.2091674017784064E-03   3.2249786722349209E+03
   4.8000001000000004E+04   6.1013862145753951E-03   3.2819480260462756E+03
   4.9000001000000004E+04   5.9979224239633724E-03   3.3385614263813227E+03
   5.0000001000000004E+04   5.8985095463520128E-03   3.3948291997689430E+03
   5.1000001000000004E+04   5.8029218429910103E-03   3.4507499816248510E+03
   5.2000001000000004E+04   5.7109441143789498E-03   3.5063261068611037E+03
   5.3000001000000004E+04   5.6223739682164557E-03   3.5615618164623579E+03
   5.4000001000000004E+04   5.5370161393604681E-03   3.6164663311572936E+03
   5.5000001000000004E+04   5.4547139028941821E-03   3.6710325783442163E+03
   5.6000001000000004E+04   5.3752946024362156E-03   3.7252716221351120E+03
   5.7000001000000004E+04   5.2986177636306572E-03   3.7791804082411795E+03
   5.8000001000000004E+04   5.2245370973426613E-03   3.8327668212475005E+03
   5.9000001000000004E+04   5.1529243216005167E-03   3.8860327055709631E+03
   6.0000001000000004E+04   5.0836643085517049E-03   3.9389761454914938E+03
   6.1000001000000004E+04   5.0166335441158240E-03   3.9916075724843399E+03
   6.2000001000000004E+04   4.9517327479857223E-03   4.0439243113872135E+03
   6.3000001000000004E+04   4.8888571236209450E-03   4.0959332491681666E+03
   6.4000001000000004E+04   4.8279209055490085E-03   4.1476305918882053E+03
   6.5000001000000004E+04   4.7688232896184414E-03   4.1990300807883059E+03
   6.6000001000000004E+04   4.7114984676937645E-03   4.2501196976666861E+03
   6.7000001000000004E+04   4.6558520058776068E-03   4.3009168714539419E+03
   6.8000001000000004E+04   4.6018238020405040E-03   4.3514122453346872E+03
   6.9000001000000004E+04   4.5493369910266281E-03   4.4016155502590836E+03
   7.0000001000000004E+04   4.4983272711933090E-03   4.4515285873719067E+03
   7.1000001000000004E+04   4.4487384469045124E-03   4.5011485125642585E+03
   7.2000001000000004E+04   4.4005093420702440E-03   4.5504806117855142E+03
   7.3000001000000004E+04   4.3535777580532616E-03   4.5995348092796594E+03
   7.4000001000000004E+04   4.3078974624741239E-03   4.6483075833404782E+03
   7.5000001000000004E+04   4.2634251704750615E-03   4.6967946292910801E+03
   7.6000001000000004E+04   4.2201030108273063E-03   4.7450103449361295E+03
   7.7000001000000004E+04   4.1779016162357668E-03   4.7929401604993800E+03
   7.8000001000000004E+04   4.1367592675806090E-03   4.8406085894340667E+03
   7.9000001000000004E+04   4.0966512269347060E-03   4.8880003041056616E+03
   8.0000001000000004E+04   4.0575330895873240E-03   4.9351248655148447E+03
   8.1000001000000004E+04   4.0193711261776221E-03   4.9819814628848890E+03
   8.2000001000000004E+04   3.9821246655485504E-03   5.0285799980883439E+03
   8.3000001000000004E+04   3.9457679432837794E-03   5.0749138649057950E+03
   8.4000001000000004E+04   3.9102680439588493E-03   5.1209871594374026E+03
   8.5000001000000004E+04   3.8755935684981952E-03   5.1668040234753526E+03
   8.6000001000000004E+04   3.8417189925976504E-03   5.2123626120638719E+03
   8.7000001000000004E+04   3.8086157266642977E-03   5.2576667955445555E+03
   8.8000001000000004E+04   3.7762519854707935E-03   5.3027267566137234E+03
   8.9000001000000004E+04   3.7446150551447609E-03   5.3475276225148764E+03
   9.0000001000000004E+04   3.7136665517545648E-03   5.3920921989107774E+03
   9.1000001000000004E+04   3.6833960352548826E-03   5.4364049511407020E+03
   9.2000001000000004E+04   3.6537806786379168E-03   5.4804691918554154E+03
   9.3000001000000004E+04   3.6247895724774242E-03   5.5243020436592233E+03
   9.4000001000000004E+04   3.5964152954305845E-03   5.5678865754223834E+03
   9.5000001000000004E+04   3.5686377891981425E-03   5.6112258026531408E+03
   9.6000001000000004E+04   3.5414241496365580E-03   5.6543445791791710E+03
   9.7000001000000004E+04   3.5147695131924300E-03   5.6972249155773752E+03
   9.8000001000000004E+04   3.4886561549706098E-03   5.7398698964760461E+03
   9.9000001000000004E+04   3.4630670510005773E-03   5.7822826264036830E+03
   1.0000000100000000E+05   3.4379904420436796E-03   5.8244584389153652E+03
   1.1000000100000000E+05   3.2120997017341681E-03   6.2340631681702662E+03
   1.2000000100000000E+05   3.0236840547429849E-03   6.6225280421283187E+03
   1.3000000100000000E+05   2.8641809587984517E-03   6.9913293647033024E+03
   1.4000000099999999E+05   2.7274574478988339E-03   7.3417946294626918E+03
   1.5000000099999999E+05   2.6089893797598320E-03   7.6751682465319209E+03
   1.6000000099999999E+05   2.5053931922017513E-03   7.9925308751534167E+03
   1.7000000099999999E+05   2.4140697294019278E-03   8.2948856858549061E+03
   1.8000000099999999E+05   2.3329759958966032E-03   8.5832140914831580E+03
   1.9000000099999999E+05   2.2605194503356549E-03   8.8583322917652113E+03
   2.0000000099999999E+05   2.1954141832601624E-03   9.1210271828232635E+03
   2.1000000099999999E+05   2.1366049448517731E-03   9.3720799866729085E+03
   2.2000000099999999E+05   2.0832428381594771E-03   9.6121451019906290E+03
   2.3000000099999999E+05   2.0346254032177738E-03   9.8418275970617979E+03
   2.4000000099999999E+05   1.9901636901862980E-03   1.0061701226795672E+04
   2.5000000099999999E+05   1.9493506227310001E-03   1.0272360554109993E+04
   2.6000000099999999E+05   1.9117790728499762E-03   1.0474239794465549E+04
   2.7000000099999999E+05   1.8770768856234067E-03   1.0667880786578035E+04
   2.8000000099999999E+05   1.8449390405841602E-03   1.0853709527839668E+04
   2.9000000099999999E+05   1.8151062286985442E-03   1.1032099458679873E+04
   3.0000000099999999E+05   1.7873507135601346E-03   1.1203415362833861E+04
   3.1000000099999999E+05   1.7614558932972280E-03   1.1368114591611153E+04
   3.2000000099999999E+05   1.7372666578734700E-03   1.1526401172968410E+04
   3.3000000099999999E+05   1.7146088989966478E-03   1.1678717201800098E+04
   3.4000000099999999E+05   1.6933635788661818E-03   1.1825241013202463E+04
   3.5000000099999999E+05   1.6733923451191341E-03   1.1966370290552555E+04
   3.6000000099999999E+05   1.6546082006631184E-03   1.2102219990839205E+04
   3.7000000099999999E+05   1.6368918443582943E-03   1.2233204357445982E+04
   3.8000000099999999E+05   1.6201804269236162E-03   1.2359384245305249E+04
   3.9000000099999999E+05   1.6043744544117023E-03   1.2481146398216808E+04
   4.0000000099999999E+05   1.5894217862344653E-03   1.2598564217816596E+04
   4.1000000099999999E+05   1.5752541754748160E-03   1.2711873902531237E+04
   4.2000000099999999E+05   1.5618178635429822E-03   1.2821234095534208E+04
   4.3000000099999999E+05   1.5490481807865120E-03   1.2926926800239677E+04
   4.4000000099999999E+05   1.5369104685966091E-03   1.3029016883043605E+04
   4.5000000099999999E+05   1.5253666736879646E-03   1.3127618944668224E+04
   4.6000000099999999E+05   1.5143654849322826E-03   1.3222985231974633E+04
   4.7000000099999999E+05   1.5038763678261204E-03   1.3315211856156331E+04
   4.8000000099999999E+05   1.4938723521374822E-03   1.3404379841704716E+04
   4.9000000099999999E+05   1.4843114007241187E-03   1.3490721982801448E+04
   5.0000000099999999E+05   1.4751720393402191E-03   1.3574303138248026E+04
   5.1000000099999999E+05   1.4664355271949358E-03   1.3655174108728335E+04
   5.2000000099999999E+05   1.4580665888992519E-03   1.3733551399863607E+04
   5.3000000099999993E+05   1.4500602469327277E-03   1.3809379634693665E+04
   5.4000000099999993E+05   1.4423653069656859E-03   1.3883051919209855E+04
   5.5000000099999993E+05   1.4349998918450112E-03   1.3954309374424984E+04
   5.6000000099999993E+05   1.4279253567651105E-03   1.4023444816776677E+04
   5.7000000099999993E+05   1.4211439059678011E-03   1.4090362249018692E+04
   5.8000000099999993E+05   1.4146085414764714E-03   1.4155458457907758E+04
   5.9000000099999993E+05   1.4083341906535078E-03   1.4218523256741897E+04
   6.0000000099999993E+05   1.4022961654522512E-03   1.4279745560463431E+04
   6.1000000099999993E+05   1.3964808096144988E-03   1.4339210610849324E+04
   6.2000000099999993E+05   1.3908860491354549E-03   1.4396889274659441E+04
   6.3000000099999993E+05   1.3854892749505222E-03   1.4452968207773949E+04
   6.4000000099999993E+05   1.3802790884365828E-03   1.4507524319413540E+04
   6.5000000099999993E+05   1.3752670096707745E-03   1.4560396128360069E+04
   6.6000000099999993E+05   1.3704323518048162E-03   1.4611762789093624E+04
   6.7000000099999993E+05   1.3657658646399919E-03   1.4661687600714786E+04
   6.8000000099999993E+05   1.3612588031632668E-03   1.4710231732966053E+04
   6.9000000099999993E+05   1.3568912452351384E-03   1.4757580987709593E+04
   7.0000000099999993E+05   1.3526902858381508E-03   1.4803412616114250E+04
   7.1000000099999993E+05   1.3486016548514401E-03   1.4848292949245666E+04
   7.2000000099999993E+05   1.3446776509853805E-03   1.4891622857268254E+04
   7.3000000099999993E+05   1.3408519522624062E-03   1.4934111412736247E+04
   7.4000000099999993E+05   1.3371787969366992E-03   1.4975134581063518E+04
   7.5000000099999993E+05   1.3335912289981547E-03   1.5015420023506604E+04
   7.6000000099999993E+05   1.3301328122875549E-03   1.5054460921562992E+04
   7.7000000099999993E+05   1.3267861209730590E-03   1.5092434361904423E+04
   7.8000000099999993E+05   1.3235334715987674E-03   1.5129524770448823E+04
   7.9000000099999993E+05   1.3203827260615350E-03   1.5165627395627153E+04
   8.0000000099999993E+05   1.3173294352962618E-03   1.5200778109515382E+04
   8.1000000099999993E+05   1.3143693554344179E-03   1.5235011650475763E+04
   8.2000000099999993E+05   1.3114984349796898E-03   1.5268361676224018E+04
   8.3000000099999993E+05   1.3086993811216143E-03   1.5301017737098520E+04
   8.4000000099999993E+05   1.3059952067115718E-03   1.5332699798716840E+04
   8.5000000099999993E+05   1.3033554005036851E-03   1.5363754533363028E+04
   8.6000000099999993E+05   1.3008037946093381E-03   1.5393891473914007E+04
   8.7000000099999993E+05   1.2983235913461956E-03   1.5423298611025699E+04
   8.8000000099999993E+05   1.2959116735911686E-03   1.5452004061033669E+04
   8.9000000099999993E+05   1.2935650500560639E-03   1.5480035149530211E+04
   9.0000000099999993E+05   1.2912808483959619E-03   1.5507418442661925E+04
   9.1000000099999993E+05   1.2890563088331381E-03   1.5534179776210023E+04
   9.2000000099999993E+05   1.2869033503255902E-03   1.5560168087219166E+04
   9.3000000099999993E+05   1.2848051025204676E-03   1.5585579792443792E+04
   9.4000000099999993E+05   1.2827591057673782E-03   1.5610438743362156E+04
   9.5000000099999993E+05   1.2807629911877434E-03   1.5634768166201915E+04
   9.6000000099999993E+05   1.2788295619396992E-03   1.5658405966702143E+04
   9.7000000099999993E+05   1.2769417839935441E-03   1.5681554706782868E+04
   9.8000000099999993E+05   1.2751128759908705E-03   1.5704046928010979E+04
   9.9000000099999993E+05   1.2733256945452337E-03   1.5726088406802604E+04
   1.0000000009999999E+06   1.2715938609527224E-03   1.5747506383892633E+04
   1.1000000009999999E+06   1.2563685339267415E-03   1.5938342852702559E+04
   1.2000000009999999E+06   1.2444574630115588E-03   1.6090893452165896E+04
   1.3000000009999999E+06   1.2349968090090882E-03   1.6214157232631620E+04
   1.4000000009999999E+06   1.2273979955254955E-03   1.6314538980893854E+04
   1.5000000009999999E+06   1.2212769232304527E-03   1.6396307882494151E+04
   1.6000000009999999E+06   1.2162595108680980E-03   1.6463947261369703E+04
   1.7000000009999997E+06   1.2121804609514198E-03   1.6519349295033877E+04
   1.8000000009999997E+06   1.2088060979440155E-03   1.6565462796001782E+04
   1.9000000009999997E+06   1.2060813042156626E-03   1.6602887693457731E+04
   2.0000000009999997E+06   1.2038063248503766E-03   1.6634264191592905E+04
   2.1000000009999997E+06   1.2019745535753453E-03   1.6659614285100964E+04
   2.2000000009999997E+06   1.2004290548925701E-03   1.6681062792889265E+04
   2.3000000009999997E+06   1.1991799163047442E-03   1.6698438800390086E+04
   2.4000000009999997E+06   1.1981953299247746E-03   1.6712160315571298E+04
   2.5000000009999997E+06   1.1973859405502727E-03   1.6723457128508802E+04
   2.6000000009999997E+06   1.1967742924798906E-03   1.6732004162270343E+04
   2.7000000009999997E+06   1.1962840997157959E-03   1.6738860315730126E+04
   2.8000000009999997E+06   1.1959568138096720E-03   1.6743441077345142E+04
   2.9000000009999997E+06   1.1956841118264967E-03   1.6747259786268183E+04
   3.0000000009999997E+06   1.1955614723147606E-03   1.6748977703590434E+04
   3.1000000009999997E+06   1.1954405993013530E-03   1.6750671220949400E+04
   3.2000000009999997E+06   1.1954743947409404E-03   1.6750197688183005E+04
   3.3000000009999997E+06   1.1955140222355760E-03   1.6749642472303734E+04
   3.4000000009999997E+06   1.1956824858713052E-03   1.6747282560118525E+04
   3.5000000009999997E+06   1.1957759860024334E-03   1.6745973056387273E+04
   3.6000000009999997E+06   1.1960247972139777E-03   1.6742489361187680E+04
   3.7000000009999997E+06   1.1962200791402161E-03   1.6739756163819158E+04
   3.8000000009999997E+06   1.1965047554303447E-03   1.6735773386767298E+04
   3.9000000009999997E+06   1.1967655346237418E-03   1.6732126606041740E+04
   4.0000000009999997E+06   1.1971026835001376E-03   1.6727414213560547E+04
   4.1000000009999997E+06   1.1973984143283168E-03   1.6723282913569270E+04
   4.2000000010000002E+06   1.1978179706668747E-03   1.6717425296201931E+04
   4.3000000010000002E+06   1.1981226847222169E-03   1.6713173616034415E+04
   4.4000000010000002E+06   1.1985440035681277E-03   1.6707298508405114E+04
   4.5000000010000002E+06   1.1989585257704148E-03   1.6701522206704001E+04
   4.6000000010000002E+06   1.1992962510694312E-03   1.6696819009661354E+04
   4.7000000010000002E+06   1.1997442430841012E-03   1.6690584312866737E+04
   4.8000000010000002E+06   1.2001714406547049E-03   1.6684643347410565E+04
   4.9000000010000002E+06   1.2005725604841116E-03   1.6679068889428177E+04
   5.0000000010000002E+06   1.2010121677579109E-03   1.6672963838870965E+04
   5.1000000010000002E+06   1.2014182871248819E-03   1.6667327822179410E+04
   5.2000000010000002E+06   1.2018584165780014E-03   1.6661224123292628E+04
   5.3000000010000002E+06   1.2023318414876565E-03   1.6654663672797069E+04
   5.4000000010000002E+06   1.2027627252258874E-03   1.6648697222730229E+04
   5.5000000010000002E+06   1.2032229441256393E-03   1.6642329288046509E+04
   5.6000000010000002E+06   1.2036340246372886E-03   1.6636645386545944E+04
   5.7000000010000002E+06   1.2041500747427655E-03   1.6629515592023992E+04
   5.8000000010000002E+06   1.2045325947056386E-03   1.6624234604431946E+04
   5.9000000010000002E+06   1.2049372570859050E-03   1.6618651573194777E+04
   6.0000000010000002E+06   1.2053636686009529E-03   1.6612772530562270E+04
   6.1000000010000002E+06   1.2058115082466197E-03   1.6606602529602133E+04
   6.2000000010000002E+06   1.2063667573516781E-03   1.6598959081922203E+04
   6.3000000010000002E+06   1.2067705268670726E-03   1.6593405288955481E+04
   6.4000000010000002E+06   1.2071923308148832E-03   1.6587607402670223E+04
   6.5000000010000002E+06   1.2076319595945748E-03   1.6581568816540977E+04
   6.6000000010000002E+06   1.2079975832185615E-03   1.6576550086895895E+04
   6.7000000010000002E+06   1.2085640957848352E-03   1.6568779854466811E+04
   6.8000000009999992E+06   1.2089617617766059E-03   1.6563329855565626E+04
   6.9000000009999992E+06   1.2093739726786691E-03   1.6557684302332982E+04
   7.0000000009999992E+06   1.2098006068517531E-03   1.6551845262485833E+04
   7.1000000009999992E+06   1.2101430149208999E-03   1.6547161943814186E+04
   7.2000000009999992E+06   1.2105968043933425E-03   1.6540959277607191E+04
   7.3000000009999992E+06   1.2110648016945016E-03   1.6534567279185907E+04
   7.4000000009999992E+06   1.2114442031746202E-03   1.6529388964507936E+04
   7.5000000009999992E+06   1.2119390632742630E-03   1.6522639668839627E+04
   7.6000000009999992E+06   1.2122369394440464E-03   1.6518579653458866E+04
   7.7000000009999992E+06   1.2126501610876985E-03   1.6512950796221859E+04
   7.8000000009999992E+06   1.2130745775345488E-03   1.6507173436747235E+04
   7.9000000009999992E+06   1.2135101831351079E-03   1.6501247967560095E+04
   8.0000000009999992E+06   1.2138460244142983E-03   1.6496682478927927E+04
   8.1000000009999992E+06   1.2143025260815806E-03   1.6490480759920920E+04
   8.2000000009999992E+06   1.2147702709867844E-03   1.6484131132716469E+04
   8.3000000009999992E+06   1.2151339303268435E-03   1.6479197842566668E+04
   8.4000000009999983E+06   1.2155059858873767E-03   1.6474153706822675E+04
   8.5000000009999983E+06   1.2158864219187820E-03   1.6468999145060981E+04
   8.6000000009999983E+06   1.2162752346304981E-03   1.6463734418760123E+04
   8.7000000009999983E+06   1.2165518790909658E-03   1.6459990557931957E+04
   8.8000000009999983E+06   1.2169560248169076E-03   1.6454524267698478E+04
   8.9000000009999983E+06   1.2173685689385427E-03   1.6448948127953994E+04
   9.0000000009999983E+06   1.2176649109664358E-03   1.6444944962057492E+04
   9.1000000009999983E+06   1.2182190245597505E-03   1.6437464888802126E+04
   9.2000000009999983E+06   1.2185292531703420E-03   1.6433280030801525E+04
   9.3000000009999983E+06   1.2188452442389471E-03   1.6429019629620845E+04
   9.4000000009999983E+06   1.2192972497341130E-03   1.6422929230290905E+04
   9.5000000009999983E+06   1.2196259983163259E-03   1.6418502451337608E+04
   9.6000000009999983E+06   1.2199605076336924E-03   1.6414000549831118E+04
   9.7000000009999983E+06   1.2203007816104633E-03   1.6409423598536829E+04
   9.8000000009999983E+06   1.2206468300783101E-03   1.6404771592932426E+04
   9.9000000009999983E+06   1.2209986686663710E-03   1.6400044452909398E+04
   1.0000000000999998E+07   1.2213563187099292E-03   1.6395242024229832E+04
   1.1000000000999998E+07   1.2246479885204722E-03   1.6351174076775882E+04
   1.2000000000999998E+07   1.2279366029887754E-03   1.6307382966134057E+04
   1.3000000000999998E+07   1.2307599551271617E-03   1.6269973977990498E+04
   1.4000000000999998E+07   1.2335132535090069E-03   1.6233658119284619E+04
   1.5000000000999998E+07   1.2361320482075281E-03   1.6199266471659241E+04
   1.6000000000999998E+07   1.2385497068644782E-03   1.6167645377564766E+04
   1.7000000000999998E+07   1.2409331334902959E-03   1.6136592619418736E+04
   1.8000000000999998E+07   1.2430037909148509E-03   1.6109711482322748E+04
   1.9000000000999998E+07   1.2449533045474220E-03   1.6084484751298489E+04
   2.0000000000999998E+07   1.2470258648028707E-03   1.6057752295488377E+04
   2.1000000000999998E+07   1.2489398585406003E-03   1.6033143874894378E+04
   2.2000000000999998E+07   1.2509661382171646E-03   1.6007173840540427E+04
   2.3000000000999998E+07   1.2524729452567107E-03   1.5987916161308704E+04
   2.4000000000999998E+07   1.2540492659635105E-03   1.5967819595736946E+04
   2.5000000000999998E+07   1.2556994589163076E-03   1.5946835288400251E+04
   2.6000000000999998E+07   1.2570691649633578E-03   1.5929459572461443E+04
   2.7000000000999998E+07   1.2584939645246148E-03   1.5911425090255188E+04
   2.8000000000999998E+07   1.2599771781214844E-03   1.5892694558901736E+04
   2.9000000000999998E+07   1.2615226711108205E-03   1.5873224399082241E+04
   3.0000000000999998E+07   1.2627194472981664E-03   1.5858180125377681E+04
   3.1000000000999998E+07   1.2643856195189468E-03   1.5837282656449583E+04
   3.2000000000999998E+07   1.2656800385524743E-03   1.5821085766646920E+04
   3.3000000000999998E+07   1.2665625896489984E-03   1.5810061505622894E+04
   3.4000000001000002E+07   1.2679362917959662E-03   1.5792932635998692E+04
   3.5000000001000002E+07   1.2688753982500014E-03   1.5781244140038361E+04
   3.6000000001000002E+07   1.2703370176513553E-03   1.5763086617828054E+04
   3.7000000001000002E+07   1.2713388683460699E-03   1.5750664863351638E+04
   3.8000000001000002E+07   1.2723680711877925E-03   1.5737924344783571E+04
   3.9000000001000002E+07   1.2734259333649664E-03   1.5724850514201547E+04
   4.0000000001000002E+07   1.2739609571843047E-03   1.5718246568034134E+04
   4.1000000001000002E+07   1.2750648993095145E-03   1.5704637821898712E+04
   4.2000000001000002E+07   1.2762013195976619E-03   1.5690653297071205E+04
   4.3000000001000002E+07   1.2767781506910450E-03   1.5683564472209699E+04
   4.4000000001000002E+07   1.2779670095763333E-03   1.5668974467275253E+04
   4.5000000001000002E+07   1.2785716959690255E-03   1.5661563998485999E+04
   4.6000000001000002E+07   1.2798176114526638E-03   1.5646317306372146E+04
   4.7000000001000002E+07   1.2804525546828741E-03   1.5638558703200890E+04
   4.8000000001000002E+07   1.2810983150022214E-03   1.5630675810417370E+04
   4.9000000001000002E+07   1.2817552061088070E-03   1.5622665191946035E+04
   5.0000000001000002E+07   1.2831087873281250E-03   1.5606184480093423E+04
   5.1000000001000002E+07   1.2845103578743820E-03   1.5589156070495428E+04
   5.2000000001000002E+07   1.2852278503254007E-03   1.5580453254262880E+04
   5.3000000001000002E+07   1.2859588557462825E-03   1.5571596520054187E+04
   5.4000000001000002E+07   1.2867038506483854E-03   1.5562580645873661E+04
   5.5000000001000002E+07   1.2874633415474379E-03   1.5553400082835567E+04
   5.6000000001000002E+07   1.2882378669853728E-03   1.5544048934014947E+04
   5.7000000001000002E+07   1.2882342360291781E-03   1.5544092745737375E+04
   5.8000000001000002E+07   1.2890245512988457E-03   1.5534562489825874E+04
   5.9000000001000002E+07   1.2898310714450228E-03   1.5524848863066942E+04
   6.0000000001000002E+07   1.2906544467253837E-03   1.5514944758356636E+04
   6.1000000001000002E+07   1.2914953700646390E-03   1.5504842608974630E+04
   6.2000000001000002E+07   1.2914925414451031E-03   1.5504876567591735E+04
   6.3000000001000002E+07   1.2923518827106753E-03   1.5494566697323129E+04
   6.4000000001000002E+07   1.2932302922988791E-03   1.5484042217628334E+04
   6.5000000001000002E+07   1.2941286144667477E-03   1.5473293936339431E+04
   6.6000000001000002E+07   1.2941262647883031E-03   1.5473322030402753E+04
   6.7000000001000002E+07   1.2950455051297953E-03   1.5462338862806784E+04
   6.8000000001000002E+07   1.2950433552007701E-03   1.5462364532164480E+04
   6.9000000001000002E+07   1.2959844647170247E-03   1.5451136173491066E+04
   7.0000000001000002E+07   1.2969483873588295E-03   1.5439652524531399E+04
   7.1000000001000002E+07   1.2969464958078416E-03   1.5439675042723227E+04
   7.2000000001000002E+07   1.2979344257515917E-03   1.5427923048944614E+04
   7.3000000001000002E+07   1.2979326841147858E-03   1.5427943750972501E+04
   7.4000000001000002E+07   1.2989458126837752E-03   1.5415910538792097E+04
   7.5000000001000002E+07   1.2989442054329311E-03   1.5415929613695485E+04
   7.6000000001000002E+07   1.2999838201998282E-03   1.5403601284817223E+04
   7.7000000001000002E+07   1.2999823337674465E-03   1.5403618897680990E+04
   7.8000000001000002E+07   1.3010498282814615E-03   1.5390980428106790E+04
   7.9000000001000002E+07   1.3010484507707757E-03   1.5390996723610615E+04
   8.0000000001000002E+07   1.3018688423698649E-03   1.5381297863016736E+04
   8.1000000001000002E+07   1.3023654851547729E-03   1.5375432373879268E+04
   8.2000000001000002E+07   1.3028560635949269E-03   1.5369642896559835E+04
   8.3000000001000002E+07   1.3033407236744971E-03   1.5363927543533640E+04
   8.4000000001000002E+07   1.3038196061803686E-03   1.5358284495916318E+04
   8.5000000001000002E+07   1.3042928469454286E-03   1.5352712000198137E+04
   8.6000000001000002E+07   1.3047605770778326E-03   1.5347208365169025E+04
   8.7000000001000002E+07   1.3052229231771688E-03   1.5341771959021587E+04
   8.8000000001000002E+07   1.3056800075384332E-03   1.5336401206619723E+04
   8.9000000001000002E+07   1.3061319483446243E-03   1.5331094586921634E+04
   9.0000000001000002E+07   1.3065788598486958E-03   1.5325850630547122E+04
   9.1000000001000002E+07   1.3070208525455824E-03   1.5320667917479399E+04
   9.2000000001000002E+07   1.3074580333349262E-03   1.5315545074892738E+04
   9.3000000001000002E+07   1.3078905056751128E-03   1.5310480775097740E+04
   9.4000000001000002E+07   1.3083183697291498E-03   1.5305473733596789E+04
   9.5000000001000002E+07   1.3087417225029156E-03   1.5300522707242619E+04
   9.6000000001000002E+07   1.3091606579762479E-03   1.5295626492493468E+04
   9.7000000001000002E+07   1.3095752672273022E-03   1.5290783923759036E+04
   9.8000000001000002E+07   1.3099856385506031E-03   1.5285993871831412E+04
   9.9000000001000002E+07   1.3103918575691591E-03   1.5281255242395948E+04
   1.0000000000100000E+08   1.3107940073409981E-03   1.5276566974617235E+04
   1.1000000000100000E+08   1.3146083241522802E-03   1.5232242239135638E+04
   1.2000000000100000E+08   1.3180913838230254E-03   1.5191991002165803E+04
   1.3000000000100000E+08   1.3212961000601646E-03   1.5155143833513072E+04
   1.4000000000099999E+08   1.3242636506588152E-03   1.5121182578038452E+04
   1.5000000000099999E+08   1.3270267080583245E-03   1.5089698136046542E+04
   1.6000000000099999E+08   1.3296116301881255E-03   1.5060361979714660E+04
   1.7000000000099999E+08   1.3320399887585691E-03   1.5032906378234176E+04
   1.8000000000099999E+08   1.3343296616729029E-03   1.5007110325319634E+04
   1.9000000000099999E+08   1.3364956306589958E-03   1.4982789306387840E+04
   2.0000000000099999E+08   1.3385505746692622E-03   1.4959787715170523E+04
   2.1000000000099999E+08   1.3405053187332725E-03   1.4937973138363983E+04
   2.2000000000100002E+08   1.3423691785464959E-03   1.4917231982899022E+04
   2.3000000000100002E+08   1.3441502285642492E-03   1.4897466084918740E+04
   2.4000000000100002E+08   1.3458555131092061E-03   1.4878590047761571E+04
   2.5000000000100002E+08   1.3474912144337749E-03   1.4860529128930966E+04
   2.6000000000100002E+08   1.3490627878558804E-03   1.4843217545787700E+04
   2.7000000000100005E+08   1.3505750714166102E-03   1.4826597104349161E+04
   2.8000000000100005E+08   1.3520323756140450E-03   1.4810616080090012E+04
   2.9000000000100005E+08   1.3534385574045145E-03   1.4795228297228708E+04
   3.0000000000100005E+08   1.3547970816688911E-03   1.4780392365773929E+04
   3.1000000000100005E+08   1.3561110726081334E-03   1.4766071045021254E+04
   3.2000000000100005E+08   1.3573833569851543E-03   1.4752230709198744E+04
   3.3000000000100005E+08   1.3586165007174042E-03   1.4738840896233758E+04
   3.4000000000100005E+08   1.3598128400104375E-03   1.4725873924618902E+04
   3.5000000000100005E+08   1.3609745079813790E-03   1.4713304566425906E+04
   3.6000000000100005E+08   1.3621034575341589E-03   1.4701109766891186E+04
   3.7000000000100005E+08   1.3632014811023980E-03   1.4689268402846990E+04
   3.8000000000100005E+08   1.3642702277609046E-03   1.4677761073725535E+04
   3.9000000000100005E+08   1.3653112181156760E-03   1.4666569920012993E+04
   4.0000000000100005E+08   1.3663258573097352E-03   1.4655678464944909E+04
   4.1000000000100005E+08   1.3673154464238263E-03   1.4645071475967741E+04
   4.2000000000100005E+08   1.3682811925039462E-03   1.4634734843082282E+04
   4.3000000000100005E+08   1.3692242174095151E-03   1.4624655471663087E+04
   4.4000000000100005E+08   1.3701455656448080E-03   1.4614821187738487E+04
   4.5000000000100005E+08   1.3710462113106674E-03   1.4605220654035495E+04
   4.6000000000100005E+08   1.3719270642925017E-03   1.4595843295356384E+04
   4.7000000000100005E+08   1.3727889757830681E-03   1.4586679232071567E+04
   4.8000000000100005E+08   1.3736327432240364E-03   1.4577719220694011E+04
   4.9000000000100005E+08   1.3744591147382434E-03   1.4568954600650452E+04
   5.0000000000100005E+08   1.3752687931143232E-03   1.4560377246491542E+04
   5.1000000000100005E+08   1.3760624393969227E-03   1.4551979524888162E+04
   5.2000000000100005E+08   1.3768406761284009E-03   1.4543754255851347E+04
   5.3000000000100005E+08   1.3776040902818731E-03   1.4535694677688169E+04
   5.4000000000100005E+08   1.3783532359201746E-03   1.4527794415270891E+04
   5.5000000000100005E+08   1.3790886366109370E-03   1.4520047451250872E+04
   5.6000000000100005E+08   1.3798107876241248E-03   1.4512448099895957E+04
   5.7000000000100005E+08   1.3805201579351234E-03   1.4504990983270169E+04
   5.8000000000100005E+08   1.3812171920536921E-03   1.4497671009508595E+04
   5.9000000000100005E+08   1.3819023116966012E-03   1.4490483352970952E+04
   6.0000000000100005E+08   1.3825759173197439E-03   1.4483423436082236E+04
   6.1000000000100005E+08   1.3832383895236438E-03   1.4476486912691629E+04
   6.2000000000100005E+08   1.3838900903447061E-03   1.4469669652800167E+04
   6.3000000000100005E+08   1.3845313644431881E-03   1.4462967728524394E+04
   6.4000000000100005E+08   1.3851625401976378E-03   1.4456377401178168E+04
   6.5000000000100005E+08   1.3857839307145022E-03   1.4449895109367586E+04
   6.6000000000100005E+08   1.3863958347606787E-03   1.4443517458005286E+04
   6.7000000000100005E+08   1.3869985376259587E-03   1.4437241208160382E+04
   6.8000000000100005E+08   1.3875923119215903E-03   1.4431063267669078E+04
   6.9000000000100005E+08   1.3881774183205592E-03   1.4424980682438687E+04
   7.0000000000100005E+08   1.3887541062446221E-03   1.4418990628384483E+04
   7.1000000000100005E+08   1.3893226145026158E-03   1.4413090403945176E+04
   7.2000000000100005E+08   1.3898831718841345E-03   1.4407277423127893E+04
   7.3000000000100005E+08   1.3904359977122669E-03   1.4401549209038441E+04
   7.4000000000100005E+08   1.3909813023587423E-03   1.4395903387856793E+04
   7.5000000000100005E+08   1.3915192877244941E-03   1.4390337683221749E+04
   7.6000000000100005E+08   1.3920501476884150E-03   1.4384849910991696E+04
   7.7000000000100005E+08   1.3925740685267736E-03   1.4379437974351946E+04
   7.8000000000100005E+08   1.3930912293055823E-03   1.4374099859241311E+04
   7.9000000000100005E+08   1.3936018022479661E-03   1.4368833630073545E+04
   8.0000000000100005E+08   1.3941059530784394E-03   1.4363637425730869E+04
   8.1000000000100005E+08   1.3946038413457965E-03   1.4358509455809361E+04
   8.2000000000100005E+08   1.3950956207261882E-03   1.4353447997097412E+04
   8.3000000000100005E+08   1.3955814393078422E-03   1.4348451390270044E+04
   8.4000000000100005E+08   1.3960614398587307E-03   1.4343518036783522E+04
   8.5000000000100005E+08   1.3965357600783962E-03   1.4338646395955933E+04
   8.6000000000100005E+08   1.3970045328350591E-03   1.4333834982220427E+04
   8.7000000000100005E+08   1.3974678863890222E-03   1.4329082362539059E+04
   8.8000000000100005E+08   1.3979259446032985E-03   1.4324387153966285E+04
   8.9000000000100005E+08   1.3983788271423510E-03   1.4319748021351617E+04
   9.0000000000100005E+08   1.3988266496597255E-03   1.4315163675172162E+04
   9.1000000000100005E+08   1.3992695239753248E-03   1.4310632869486260E+04
   9.2000000000100005E+08   1.3997075582429786E-03   1.4306154400000452E+04
   9.3000000000100005E+08   1.4001408571089804E-03   1.4301727102241877E+04
   9.4000000000100005E+08   1.4005695218621262E-03   1.4297349849829809E+04
   9.5000000000100005E+08   1.4009936505758275E-03   1.4293021552839560E+04
   9.6000000000100005E+08   1.4014133382427801E-03   1.4288741156253111E+04
   9.7000000000100005E+08   1.4018286769026547E-03   1.4284507638490981E+04
   9.8000000000100005E+08   1.4022397557632415E-03   1.4280320010020216E+04
   9.9000000000100005E+08   1.4026466613154443E-03   1.4276177312033924E+04
   1.0000000000010000E+09   1.4030494774425011E-03   1.4272078615197877E+04
   1.1000000000009999E+09   1.4068695035493457E-03   1.4233326113440286E+04
   1.2000000000009999E+09   1.4103569235679200E-03   1.4198131060621079E+04
   1.3000000000009999E+09   1.4135650456752081E-03   1.4165908038216057E+04
   1.4000000000009999E+09   1.4165353076811375E-03   1.4136204254485961E+04
   1.5000000000009999E+09   1.4193005590858682E-03   1.4108662407607910E+04
   1.6000000000009999E+09   1.4218872817901706E-03   1.4082995677309042E+04
   1.7000000000009999E+09   1.4243171364150202E-03   1.4058970387362466E+04
   1.8000000000010002E+09   1.4266080659805463E-03   1.4036393681335554E+04
   1.9000000000010002E+09   1.4287751007942507E-03   1.4015104568899731E+04
   2.0000000000010002E+09   1.4308309566496897E-03   1.3994967295059898E+04
   2.1000000000010002E+09   1.4327864869276988E-03   1.3975866345591901E+04
   2.2000000000010004E+09   1.4346510294307665E-03   1.3957702627528079E+04
   2.3000000000010004E+09   1.4364326760586406E-03   1.3940390508252543E+04
   2.4000000000010004E+09   1.4381384850488499E-03   1.3923855491838463E+04
   2.5000000000010004E+09   1.4397746498632639E-03   1.3908032375048002E+04
   2.6000000000010004E+09   1.4413466349318469E-03   1.3892863769039512E+04
   2.7000000000010004E+09   1.4428592857645723E-03   1.3878298903181478E+04
   2.8000000000010004E+09   1.4443169190286741E-03   1.3864292648831133E+04
   2.9000000000010004E+09   1.4457233968123784E-03   1.3850804716325960E+04
   3.0000000000010004E+09   1.4470821882938138E-03   1.3837798989621686E+04
   3.1000000000010004E+09   1.4483964212944301E-03   1.3825242971241165E+04
   3.2000000000010004E+09   1.4496689256449499E-03   1.3813107316322528E+04
   3.3000000000010004E+09   1.4509022698762683E-03   1.3801365439161760E+04
   3.4000000000010004E+09   1.4520987924315123E-03   1.3789993179142541E+04
   3.5000000000010004E+09   1.4532606283526085E-03   1.3778968515627532E+04
   3.6000000000010004E+09   1.4543897322065930E-03   1.3768271323457919E+04
   3.7000000000010004E+09   1.4554878978701024E-03   1.3757883162322792E+04
   3.8000000000010004E+09   1.4565567756749374E-03   1.3747787094528314E+04
   3.9000000000010004E+09   1.4575978873261448E-03   1.3737967526699022E+04
   4.0000000000010004E+09   1.4586126389311057E-03   1.3728410071741800E+04
   4.1000000000010004E+09   1.4596023324195755E-03   1.3719101428042579E+04
   4.2000000000010004E+09   1.4605681755874027E-03   1.3710029273380796E+04
   4.3000000000010004E+09   1.4615112909582898E-03   1.3701182171464425E+04
   4.4000000000010004E+09   1.4624327236266834E-03   1.3692549489328394E+04
   4.5000000000010004E+09   1.4633334482192111E-03   1.3684121324118032E+04
   4.6000000000010004E+09   1.4642143750909294E-03   1.3675888438008360E+04
   4.7000000000010004E+09   1.4650763558551551E-03   1.3667842200199560E+04
   4.8000000000010004E+09   1.4659201883310650E-03   1.3659974535086581E+04
   4.9000000000010004E+09   1.4667466209811377E-03   1.3652277875831691E+04
   5.0000000000010004E+09   1.4675563569002579E-03   1.3644745122679218E+04
   5.1000000000010004E+09   1.4683500574097924E-03   1.3637369605443606E+04
   5.2000000000010004E+09   1.4691283453026520E-03   1.3630145049680112E+04
   5.3000000000010004E+09   1.4698918077792455E-03   1.3623065546113328E+04
   5.4000000000010004E+09   1.4706409991089968E-03   1.3616125522954744E+04
   5.5000000000010004E+09   1.4713764430476389E-03   1.3609319720788370E+04
   5.6000000000010004E+09   1.4720986350367040E-03   1.3602643169744128E+04
   5.7000000000010004E+09   1.4728080442083340E-03   1.3596091168713871E+04
   5.8000000000010004E+09   1.4735051152157301E-03   1.3589659266394863E+04
   5.9000000000010004E+09   1.4741902699071346E-03   1.3583343243971551E+04
   6.0000000000010004E+09   1.4748639088591252E-03   1.3577139099268821E+04
   6.1000000000010004E+09   1.4755264127831573E-03   1.3571043032229651E+04
   6.2000000000010004E+09   1.4761781438177586E-03   1.3565051431586424E+04
   6.3000000000010004E+09   1.4768194467173186E-03   1.3559160862610579E+04
   6.4000000000010004E+09   1.4774506499472685E-03   1.3553368055837511E+04
   6.5000000000010004E+09   1.4780720666943555E-03   1.3547669896675237E+04
   6.6000000000010004E+09   1.4786839957997735E-03   1.3542063415815284E+04
   6.7000000000010004E+09   1.4792867226221470E-03   1.3536545780372357E+04
   6.8000000000010004E+09   1.4798805198365638E-03   1.3531114285687840E+04
   6.9000000000010014E+09   1.4804656481752900E-03   1.3525766347738143E+04
   7.0000000000010014E+09   1.4810423571151861E-03   1.3520499496095304E+04
   7.1000000000010014E+09   1.4816108855163592E-03   1.3515311367392471E+04
   7.2000000000010014E+09   1.4821714622161701E-03   1.3510199699251243E+04
   7.3000000000010014E+09   1.4827243065822370E-03   1.3505162324632771E+04
   7.4000000000010014E+09   1.4832696290278547E-03   1.3500197166577078E+04
   7.5000000000010014E+09   1.4838076314927881E-03   1.3495302233299641E+04
   7.6000000000010014E+09   1.4843385078922371E-03   1.3490475613616194E+04
   7.7000000000010014E+09   1.4848624445364517E-03   1.3485715472669899E+04
   7.8000000000010014E+09   1.4853796205232743E-03   1.3481020047937245E+04
   7.9000000000010014E+09   1.4858902081056741E-03   1.3476387645491215E+04
   8.0000000000010014E+09   1.4863943730361658E-03   1.3471816636502066E+04
   8.1000000000010014E+09   1.4868922748898351E-03   1.3467305453957852E+04
   8.2000000000010014E+09   1.4873840673675467E-03   1.3462852589588381E+04
   8.3000000000010014E+09   1.4878698985807649E-03   1.3458456590977739E+04
   8.4000000000010014E+09   1.4883499113193389E-03   1.3454116058851467E+04
   8.5000000000010014E+09   1.4888242433034127E-03   1.3449829644526299E+04
   8.6000000000010014E+09   1.4892930274206285E-03   1.3445596047510449E+04
   8.7000000000010014E+09   1.4897563919496050E-03   1.3441414013244290E+04
   8.8000000000010014E+09   1.4902144607706438E-03   1.3437282330971557E+04
   8.9000000000010014E+09   1.4906673535645394E-03   1.3433199831732079E+04
   9.0000000000010014E+09   1.4911151860002706E-03   1.3429165386468032E+04
   9.1000000000010014E+09   1.4915580699123307E-03   1.3425177904235839E+04
   9.2000000000010014E+09   1.4919961134683664E-03   1.3421236330516915E+04
   9.3000000000010014E+09   1.4924294213277442E-03   1.3417339645620817E+04
   9.4000000000010014E+09   1.4928580947916525E-03   1.3413486863174589E+04
   9.5000000000010014E+09   1.4932822319452476E-03   1.3409677028693051E+04
   9.6000000000010014E+09   1.4937019277923643E-03   1.3405909218224710E+04
   9.7000000000010014E+09   1.4941172743832478E-03   1.3402182537068586E+04
   9.8000000000010014E+09   1.4945283609357272E-03   1.3398496118557656E+04
   9.9000000000010014E+09   1.4949352739502455E-03   1.3394849122904656E+04
   1.0000000000001001E+10   1.4953380973191047E-03   1.3391240736106563E+04
