   1.0000000000000000E+00   0.0000000000000000E+00   2.3810907259080926E+29   0.0000000000000000E+00
   2.0000000000000000E+00   1.4775908367710333E-01   1.3552082176437219E+02   8.6333596916513666E-03
   3.0000000000000000E+00   2.7569163772655664E-01   7.2633441508054759E+01   1.8391437802575208E-02
   4.0000000000000000E+00   4.9384562104370217E-01   4.0547959908506797E+01   4.1208446044435756E-02
   5.0000000000000000E+00   5.6436000811140186E-01   3.5481664461098653E+01   5.2082812523292242E-02
   6.0000000000000000E+00   7.3033890979313609E-01   2.7418000293512321E+01   7.9839260190796138E-02
   7.0000000000000000E+00   7.8070598088054899E-01   2.5649134159938619E+01   9.2391178257795803E-02
   8.0000000000000000E+00   9.2040107946868943E-01   2.1756202692233884E+01   1.2467183734798334E-01
   8.1490000000000009E+00   9.1318324552115315E-01   2.1928164518221909E+01   1.2385029030001966E-01
   8.1509999999999998E+00   9.1308497604251682E-01   2.1930524505902351E+01   1.2383906769545996E-01
   9.0000000000000000E+00   9.6193836121224285E-01   2.0816752143907348E+01   1.3907984287793235E-01
   1.0000000000000000E+01   1.0860630400509379E+00   1.8437633640614916E+01   1.7563620361122725E-01
   1.1000000000000000E+01   1.1231324848582738E+00   1.7829092037702502E+01   1.9197441458256126E-01
   1.2000000000000000E+01   1.2371232919272870E+00   1.6186286826655778E+01   2.3267630422314328E-01
   1.3000000000000000E+01   1.2718735516134261E+00   1.5744043437077394E+01   2.5102366495623724E-01
   1.3459000000000000E+01   1.3275899516754386E+00   1.5083296177257550E+01   2.7334779373126900E-01
   1.3460999999999999E+01   1.3275113696396368E+00   1.5084189032977896E+01   2.7333543197443277E-01
   1.4000000000000000E+01   1.3790033031854219E+00   1.4520945959169451E+01   2.9585623487115159E-01
   1.5000000000000000E+01   1.4126372602311899E+00   1.4175211858559154E+01   3.1630588478153848E-01
   1.6000000000000000E+01   1.5150595657338892E+00   1.3216927503026533E+01   3.6533424765630640E-01
   1.7000000000000000E+01   1.5483079745083219E+00   1.2933106831947049E+01   3.8798847385566682E-01
   1.8000000000000000E+01   1.6475129670607280E+00   1.2154339810020788E+01   4.4132594987107798E-01
   1.9000000000000000E+01   1.6808650443245401E+00   1.1913170846573555E+01   4.6630068942259595E-01
   2.0000000000000000E+01   1.7779108855890458E+00   1.1262899960499039E+01   5.2408487906721724E-01
   2.1000000000000000E+01   1.8116602523205918E+00   1.1053083721090630E+01   5.5148303059896286E-01
   2.2000000000000000E+01   1.9072812762014748E+00   1.0498940399054389E+01   6.1384521423173732E-01
   2.3000000000000000E+01   1.9415916052431423E+00   1.0313411115394706E+01   6.4375008671302159E-01
   2.4000000000000000E+01   2.0362434000212932E+00   9.8340072914968211E+00   7.1077557098748234E-01
   2.5000000000000000E+01   2.0711454393489466E+00   9.6682888910815699E+00   7.4322250820443869E-01
   2.6000000000000000E+01   2.1650311292743329E+00   9.2490274954076011E+00   8.1491120992826072E-01
   2.7000000000000000E+01   2.2004312640289037E+00   9.1002308367532105E+00   8.4986638564597705E-01
   2.8000000000000000E+01   2.2935065932452341E+00   8.7309242982108817E+00   9.2608621567226834E-01
   2.9000000000000000E+01   2.3291832647202169E+00   8.5971905888122659E+00   9.6341904776467757E-01
   3.0000000000000000E+01   2.4211656506090002E+00   8.2705751413724595E+00   1.0438635712251221E+00
   3.1000000000000000E+01   2.4567683321158174E+00   8.1507206769578637E+00   1.0833220360664662E+00
   3.2000000000000000E+01   2.5471573410552018E+00   7.8614823357461789E+00   1.1674794763299952E+00
   3.3000000000000000E+01   2.5822258400673359E+00   7.7547177060816272E+00   1.2086798262176688E+00
   3.4000000000000000E+01   2.6703370170021485E+00   7.4988409011953436E+00   1.2958199629212546E+00
   3.5000000000000000E+01   2.7043302188341731E+00   7.4045811061136364E+00   1.3382505921359611E+00
   3.6000000000000000E+01   2.7893618788808316E+00   7.1788578580223605E+00   1.4274466032882436E+00
   3.7000000000000000E+01   2.8217030566267458E+00   7.0965767982015207E+00   1.4704928497900076E+00
   3.8000000000000000E+01   2.9028171220067671E+00   6.8982755721202453E+00   1.5606741894543497E+00
   3.9000000000000000E+01   2.9329459693276458E+00   6.8274126603369085E+00   1.6036602141379364E+00
   4.0000000000000000E+01   3.0093571765005223E+00   6.6540564208989643E+00   1.6936915031500732E+00
   4.1000000000000000E+01   3.0367832619011819E+00   6.5939616746093881E+00   1.7359355736592528E+00
   4.2000000000000000E+01   3.1078343474845305E+00   6.4432109965189674E+00   1.8247030520783813E+00
   4.3000000000000000E+01   3.1751180911711749E+00   6.3066732852400644E+00   1.9122105528048121E+00
   4.4000000000000000E+01   3.1973918818258587E+00   6.2627395024337149E+00   1.9520625556374946E+00
   4.5000000000000000E+01   3.2586626145946189E+00   6.1449848638481201E+00   2.0367406303260314E+00
   4.6000000000000000E+01   3.2775056172251249E+00   6.1096561781105994E+00   2.0743716979909625E+00
   4.7000000000000000E+01   3.3326105641795238E+00   6.0086325892091192E+00   2.1554817365646874E+00
   4.8000000000000000E+01   3.3479800009770275E+00   5.9810490018542604E+00   2.1905358209729919E+00
   4.9000000000000000E+01   3.3969483910671121E+00   5.8948297524123499E+00   2.2675340826068755E+00
   5.0000000000000000E+01   3.4089096781090200E+00   5.8741457926158871E+00   2.2997773949392841E+00
   5.1000000000000000E+01   3.4519196407052632E+00   5.8009555630850302E+00   2.3723072962153147E+00
   5.2000000000000000E+01   3.4606206625427824E+00   5.7863702484970414E+00   2.4016156924658945E+00
   5.3000000000000000E+01   3.4979604792221473E+00   5.7246022538037860E+00   2.4694852684288540E+00
   5.4000000000000000E+01   3.5036070810432038E+00   5.7153761765743925E+00   2.4958269486918998E+00
   5.5000000000000000E+01   3.5356382304105560E+00   5.6635976698177215E+00   2.5589802776450776E+00
   5.6000000000000000E+01   3.5384717854829653E+00   5.6590623458478539E+00   2.5823960993438897E+00
   5.7000000000000000E+01   3.5655979792636088E+00   5.6160095892827648E+00   2.6408837033944104E+00
   5.8000000000000000E+01   3.5658768217501033E+00   5.6155704316347776E+00   2.6614680519121539E+00
   5.9000000000000000E+01   3.5885184622350588E+00   5.5801391726990692E+00   2.7154186083755820E+00
   6.0000000000000000E+01   3.5865043548513937E+00   5.5832728645610086E+00   2.7333031650026043E+00
   6.1000000000000000E+01   3.6050808542078507E+00   5.5545030064163905E+00   2.7829004287613852E+00
   6.2000000000000000E+01   3.6010290979853621E+00   5.5607527454511763E+00   2.7982403986499116E+00
   6.3000000000000000E+01   3.6159454836972111E+00   5.5378137013828006E+00   2.8437033059249210E+00
   6.4000000000000000E+01   3.6100986967245730E+00   5.5467825467596645E+00   2.8566674021312415E+00
   6.5000000000000000E+01   3.6217379325762415E+00   5.5289567649163800E+00   2.8982352837840102E+00
   6.6000000000000000E+01   3.6143220613288807E+00   5.5403010864253961E+00   2.9089972046880690E+00
   6.7000000000000000E+01   3.6237155819592961E+00   5.5259393266854362E+00   2.9480550029666688E+00
   6.8000000000000000E+01   3.6157339555990964E+00   5.5381376752189162E+00   2.9581520711804505E+00
   6.9000000000000000E+01   3.6076497614699665E+00   5.5505477989949217E+00   2.9680664496469551E+00
   7.0000000000000000E+01   3.6159044057725351E+00   5.5378766128618029E+00   3.0066241259969573E+00
   7.1000000000000000E+01   3.6074302666028077E+00   5.5508855232644869E+00   3.0161396971094878E+00
   7.2000000000000000E+01   3.5988661330613470E+00   5.5640948295117747E+00   3.0254840324203536E+00
   7.3000000000000000E+01   3.6059385462852562E+00   5.5531818376939128E+00   3.0634286285163332E+00
   7.4000000000000000E+01   3.5969933760674326E+00   5.5669917482484346E+00   3.0723641124334318E+00
   7.5000000000000000E+01   3.5879684498632600E+00   5.5809945719658769E+00   3.0811361275588141E+00
   7.6000000000000000E+01   3.5788674807644374E+00   5.5951868994027416E+00   3.0897486930012650E+00
   7.7000000000000000E+01   3.5696938420652415E+00   5.6095657860357475E+00   3.0982054373015258E+00
   7.8000000000000000E+01   3.5604506109455900E+00   5.6241286935738604E+00   3.1065095819924977E+00
   7.9000000000000000E+01   3.5654331176213701E+00   5.6162692672891028E+00   3.1429415226137043E+00
   8.0000000000000000E+01   3.5558346732367987E+00   5.6314295469884348E+00   3.1508282334847908E+00
   8.1000000000000000E+01   3.5461742355894099E+00   5.6467706076329920E+00   3.1585654394953835E+00
   8.2000000000000000E+01   3.5364547255695959E+00   5.6622900608027598E+00   3.1661560500645454E+00
   8.3000000000000000E+01   3.5266784870553995E+00   5.6779863876366790E+00   3.1736023065970858E+00
   8.4000000000000000E+01   3.5168477930380684E+00   5.6938581427128936E+00   3.1809060803290250E+00
   8.5000000000000000E+01   3.5069645904821396E+00   5.7099043706964565E+00   3.1880686422150459E+00
   8.6000000000000000E+01   3.4970315808749128E+00   5.7261228501865054E+00   3.1950928300698700E+00
   8.7000000000000000E+01   3.4745517645017685E+00   5.7631699857385978E+00   3.1747845970761008E+00
   8.8000000000000000E+01   3.4647457157340926E+00   5.7794811180909420E+00   3.1816862645947497E+00
   8.9000000000000000E+01   3.4548942405664276E+00   5.7959610479389623E+00   3.1884561532442537E+00
   9.0000000000000000E+01   3.4449990629941851E+00   5.8126089664789777E+00   3.1950954821331385E+00
   9.1000000000000000E+01   3.4350617927378355E+00   5.8294242291087501E+00   3.2016051427344578E+00
   9.2000000000000000E+01   3.4250843347641462E+00   5.8464056606800527E+00   3.2079864988100977E+00
   9.3000000000000000E+01   3.4150680439303458E+00   5.8635529908873742E+00   3.2142401066040307E+00
   9.4000000000000000E+01   3.4050148578690687E+00   5.8808649239208881E+00   3.2203674079133333E+00
   9.5000000000000000E+01   3.3840251850485208E+00   5.9173414345568949E+00   3.2004668065161117E+00
   9.6000000000000000E+01   3.3741111623488793E+00   5.9347281341885942E+00   3.2065081195646332E+00
   9.7000000000000000E+01   3.3641629603750607E+00   5.9522777817038950E+00   3.2124272879597209E+00
   9.8000000000000000E+01   3.3541818662154093E+00   5.9699900726210897E+00   3.2182245273787218E+00
   9.9000000000000000E+01   3.3339598404822555E+00   6.0062008545895242E+00   3.1986742449615440E+00
   1.0000000000000000E+02   3.3241186078387583E+00   6.0239825365590542E+00   3.2043979113404681E+00
   1.0399900000000000E+02   3.2751256419431698E+00   6.1140959560839780E+00   3.2017486757446627E+00
   1.0400100000000000E+02   3.2750872488333562E+00   6.1141676302530916E+00   3.2017106247268421E+00
   1.1000000000000000E+02   3.1993287371673329E+00   6.2589480757145290E+00   3.1860768314049626E+00
   1.2000000000000000E+02   3.0750429140333422E+00   6.5119196716532581E+00   3.1474667904697977E+00
   1.3000000000000000E+02   2.9599862834675834E+00   6.7650423094573693E+00   3.1125353056419089E+00
   1.4000000000000000E+02   2.8477207563822295E+00   7.0317401726252466E+00   3.0618090664324371E+00
   1.5000000000000000E+02   2.7394802566309044E+00   7.3095735567367539E+00   2.9983377338227517E+00
   1.5399900000000000E+02   2.7006576837979321E+00   7.4146503509883326E+00   2.9822605114295628E+00
   1.5400100000000000E+02   2.7006338274456829E+00   7.4147158491350202E+00   2.9822340424741851E+00
   1.6000000000000000E+02   2.6402073003627700E+00   7.5844167389129371E+00   2.9417292984930157E+00
   1.7000000000000000E+02   2.5490300529271868E+00   7.8557066912869686E+00   2.8929837229838595E+00
   1.8000000000000000E+02   2.4613388558049740E+00   8.1355853932280855E+00   3.0632145229954695E+00
   1.9000000000000000E+02   2.3811273496620098E+00   8.4096436278026250E+00   2.9897684384866396E+00
   2.0000000000000000E+02   2.3064742807193070E+00   8.6818364334098579E+00   2.9227558423862674E+00
   2.1000000000000000E+02   2.2374793712253158E+00   8.9495495246088694E+00   2.8664009523494780E+00
   2.2000000000000000E+02   2.1728242572974299E+00   9.2158546075779579E+00   2.8133395256912532E+00
   2.3000000000000000E+02   2.1126424970019637E+00   9.4783819181372184E+00   2.7674078240392905E+00
   2.4000000000000000E+02   2.0568985340840116E+00   9.7352553425728701E+00   2.7312677081906118E+00
   2.5000000000000000E+02   2.0048420111456839E+00   9.9880351328175454E+00   2.7008370628317531E+00
   2.6000000000000000E+02   1.9565437172308195E+00   1.0234594947570667E+01   2.6795193767236460E+00
   2.7000000000000000E+02   1.9109579133085104E+00   1.0478740690004340E+01   2.6598566963381209E+00
   2.8000000000000000E+02   1.8682185878886910E+00   1.0718463338758268E+01   2.6454752805533697E+00
   2.9000000000000000E+02   1.8276654101547321E+00   1.0956290102014016E+01   2.6316607053521168E+00
   3.0000000000000000E+02   1.7888794294946047E+00   1.1193841302501303E+01   2.6160815176103362E+00
   3.1000000000000000E+02   1.7521744060955073E+00   1.1428332917893442E+01   2.6035163015323564E+00
   3.2000000000000000E+02   1.7170375176068233E+00   1.1662198547054100E+01   2.5897480073332746E+00
   3.3000000000000000E+02   1.6841042637325736E+00   1.1890256959916728E+01   2.5831975754652721E+00
   3.4000000000000000E+02   1.6520596379511896E+00   1.2120889575091297E+01   2.5706766526434652E+00
   3.5000000000000000E+02   1.6212658774433895E+00   1.2351109538337200E+01   2.5573456959701533E+00
   3.6000000000000000E+02   1.5918895654193990E+00   1.2579033670464471E+01   2.5456294298104023E+00
   3.7000000000000000E+02   1.5634190324295725E+00   1.2808103283707288E+01   2.5308089334159551E+00
   3.8000000000000000E+02   1.5362546198510507E+00   1.3034579153951164E+01   2.5185598318926941E+00
   3.9000000000000000E+02   1.5099748699042461E+00   1.3261434241181449E+01   2.5042947398417628E+00
   4.0000000000000000E+02   1.4848558794609461E+00   1.3485775097810325E+01   2.4925207524698343E+00
   4.1000000000000000E+02   1.4605009370443203E+00   1.3710660455717335E+01   2.4786514775235315E+00
   4.2000000000000000E+02   1.4371830997145898E+00   1.3933111547894161E+01   2.4671929846795244E+00
   4.3000000000000000E+02   1.4145304484793253E+00   1.4156239948456898E+01   2.4536049784999365E+00
   4.4000000000000000E+02   1.3926578415599913E+00   1.4378573003000671E+01   2.4401294443119061E+00
   4.5000000000000000E+02   1.3717422345772476E+00   1.4597809951694702E+01   2.4299405479305172E+00
   4.6000000000000000E+02   1.3510524647802762E+00   1.4821358137508211E+01   2.4131677948520709E+00
   4.7000000000000000E+02   1.3314651930115449E+00   1.5039396109018714E+01   2.4027853547555855E+00
   4.8000000000000000E+02   1.3121849677259632E+00   1.5260373297656601E+01   2.3877670890172493E+00
   4.9000000000000000E+02   1.2938483448047806E+00   1.5476645716228060E+01   2.3780191489136131E+00
   5.0000000000000000E+02   1.2757757373611982E+00   1.5695887495470016E+01   2.3637584479599010E+00
   5.1000000000000000E+02   1.2581774037766200E+00   1.5915428446708031E+01   2.3485256508696697E+00
   5.2000000000000000E+02   1.2413208843304417E+00   1.6131552039320347E+01   2.3369348721409455E+00
   5.3000000000000000E+02   1.2245949324943406E+00   1.6351882497410397E+01   2.3196612728801629E+00
   5.4000000000000000E+02   1.2088874341274942E+00   1.6564348241012336E+01   2.3111961445435507E+00
   5.5000000000000000E+02   1.1931160475741474E+00   1.6783306606080359E+01   2.2945213139981133E+00
   5.6000000000000000E+02   1.1780399907251535E+00   1.6998092255548514E+01   2.2821789392079856E+00
   5.7000000000000000E+02   1.1632526729497015E+00   1.7214172731961153E+01   2.2680267369804779E+00
   5.8000000000000000E+02   1.1487747827065793E+00   1.7431121177549667E+01   2.2523698453853624E+00
   5.9000000000000000E+02   1.1350624645288603E+00   1.7641700848052782E+01   2.2433577449916338E+00
   6.0000000000000000E+02   1.1214545370108508E+00   1.7855768363508727E+01   2.2301842941496774E+00
   6.1000000000000000E+02   1.1081084729692781E+00   1.8070823327805066E+01   2.2154456765723749E+00
   6.2000000000000000E+02   1.0951109669037686E+00   1.8285299890372933E+01   2.2010010420011703E+00
   6.3000000000000000E+02   1.0826617054458412E+00   1.8495558069845643E+01   2.1907098855009375E+00
   6.4000000000000000E+02   1.0704125151198054E+00   1.8707210687676284E+01   2.1786929885080566E+00
   6.5000000000000000E+02   1.0583749832281877E+00   1.8919978987026351E+01   2.1650636611944654E+00
   6.6000000000000000E+02   1.0466344958457805E+00   1.9132211409571426E+01   2.1517015543009372E+00
   6.7000000000000000E+02   1.0351797751055767E+00   1.9343917766389332E+01   2.1386000054684788E+00
   6.8000000000000000E+02   1.0240001220693122E+00   1.9555107476555818E+01   2.1257526510594564E+00
   6.9000000000000000E+02   1.0130853439238250E+00   1.9765790279340312E+01   2.1131527730386539E+00
   7.0000000000000000E+02   1.0024257278288538E+00   1.9975976161787507E+01   2.1007936390918651E+00
   7.1000000000000000E+02   9.9201208317955014E-01   2.0185673927368214E+01   2.0886692730205727E+00
   7.2000000000000000E+02   9.8183560105588885E-01   2.0394893423641324E+01   2.0767728248208011E+00
   7.3000000000000000E+02   9.7179752461910152E-01   2.0605560248695120E+01   2.0632394273683214E+00
   7.4000000000000000E+02   9.6207330405697478E-01   2.0813832333389239E+01   2.0518093860364806E+00
   7.5000000000000000E+02   9.5256218675989834E-01   2.1021653726549832E+01   2.0405879157760349E+00
   7.6000000000000000E+02   9.4325697893282812E-01   2.1229031844245355E+01   2.0295702760250292E+00
   7.7000000000000000E+02   9.3407147152941983E-01   2.1437794701388629E+01   2.0169433826513767E+00
   7.8000000000000000E+02   9.2515895717316909E-01   2.1644315593351109E+01   2.0063254629829599E+00
   7.9000000000000000E+02   9.1620105445891764E-01   2.1855936909936801E+01   1.9907915539558563E+00
   8.0000000000000000E+02   9.0766006707254709E-01   2.2061599016530462E+01   1.9805970619650286E+00
   8.1000000000000000E+02   8.9929316748943011E-01   2.2266857090635057E+01   1.9705792760169925E+00
   8.2000000000000000E+02   8.9109485355211393E-01   2.2471718205137840E+01   1.9607337047403062E+00
   8.3000000000000000E+02   8.8298937539485567E-01   2.2677999306749459E+01   1.9494340950572806E+00
   8.4000000000000000E+02   8.7504367537774264E-01   2.2883923404654563E+01   1.9382011519949447E+00
   8.5000000000000000E+02   8.6718672791253604E-01   2.3091257970787726E+01   1.9256551193540874E+00
   8.6000000000000000E+02   8.5961803219280186E-01   2.3294570021979762E+01   1.9165107964911414E+00
   8.7000000000000000E+02   8.5212932762490901E-01   2.3499287953020726E+01   1.9059739874937813E+00
   8.8000000000000000E+02   8.4477987012488864E-01   2.3703728215151894E+01   1.8954484621059648E+00
   8.9000000000000000E+02   8.3750716518229473E-01   2.3909565524389379E+01   1.8836627048286905E+00
   9.0000000000000000E+02   8.3043545381370354E-01   2.4113171410386187E+01   1.8736607646788306E+00
   9.1000000000000000E+02   8.2355323801084046E-01   2.4314678783168230E+01   1.8652979551734590E+00
   9.2000000000000000E+02   8.1661318996873733E-01   2.4521318892532559E+01   1.8523891739790119E+00
   9.3000000000000000E+02   8.0992337537056602E-01   2.4723860370013217E+01   1.8428826168841979E+00
   9.4000000000000000E+02   8.0340857249013886E-01   2.4924345007928650E+01   1.8349530424462519E+00
   9.5000000000000000E+02   7.9683487913928053E-01   2.5129964773506810E+01   1.8225783668252449E+00
   9.6000000000000000E+02   7.9049566871199128E-01   2.5331489134784071E+01   1.8135301853466603E+00
   9.7000000000000000E+02   7.8431848715125863E-01   2.5530996363228514E+01   1.8060020553902332E+00
   9.8000000000000000E+02   7.7803104389422639E-01   2.5737318067470333E+01   1.7927656999000425E+00
   9.9000000000000000E+02   7.7206561799776208E-01   2.5936179485627239E+01   1.7855057495003308E+00
   1.0000000000000000E+03   7.6614444937747450E-01   2.6136627967927446E+01   1.7767872109133058E+00
   1.1000000000000000E+03   7.1170523316965351E-01   2.8135851065603070E+01   1.6882994198327879E+00
   1.2000000000000000E+03   6.6502517206814193E-01   3.0110788710145044E+01   1.6089363205398914E+00
   1.3000000000000000E+03   6.2452945997325737E-01   3.2063231162752722E+01   1.5288566243618260E+00
   1.4000000000000000E+03   5.8900154071600808E-01   3.3997249682453067E+01   1.4622133803508612E+00
   1.5000000000000000E+03   5.5761462369001802E-01   3.5910881085865142E+01   1.4025531930027704E+00
   1.6000000000000000E+03   5.2965028431269034E-01   3.7806894541851747E+01   1.3187654996504397E+00
   1.7000000000000000E+03   5.0452572557502684E-01   3.9689616263371079E+01   1.2668413226704165E+00
   1.8000000000000000E+03   4.8186009368364879E-01   4.1556527933226462E+01   1.2194207077249968E+00
   1.8439990000000000E+03   4.7256612193396369E-01   4.2373821384237708E+01   1.1723947946942157E+00
   1.8440010000000000E+03   4.7256570838855566E-01   4.2373858465851853E+01   1.1723939119161055E+00
   1.9000000000000000E+03   4.6128731005201884E-01   4.3409892287766475E+01   1.1482623972811266E+00
   2.0000000000000000E+03   4.4253595504060494E-01   4.5249277973886507E+01   1.1078243399486991E+00
   2.1000000000000000E+03   4.2536837793486210E-01   4.7075507916900385E+01   1.0705042852492843E+00
   2.2000000000000000E+03   4.0958742252296754E-01   4.8889275749058946E+01   1.0359368946495757E+00
   2.3000000000000000E+03   3.9502788337897149E-01   5.0691187345530132E+01   1.0038297150942885E+00
   2.4000000000000000E+03   3.8155008377055649E-01   5.2481792809966414E+01   9.7393121385354875E-01
   2.5000000000000000E+03   3.6903509531801915E-01   5.4261593808077933E+01   9.4602354948853551E-01
   2.6000000000000000E+03   3.5738099911045512E-01   5.6031049476367812E+01   9.1991705724945816E-01
   2.7000000000000000E+03   3.4649910790181382E-01   5.7790718609139752E+01   8.9535341800747026E-01
   2.8000000000000000E+03   3.3631484504909637E-01   5.9540733148869599E+01   8.7236314356234801E-01
   2.9000000000000000E+03   3.2676106724797771E-01   6.1281573755771866E+01   8.5073244093920253E-01
   3.0000000000000000E+03   3.1777966363469179E-01   6.3013574292441355E+01   8.3034647985924348E-01
   3.1000000000000000E+03   3.0931952648402117E-01   6.4737046091741320E+01   8.1110251059869620E-01
   3.2000000000000000E+03   3.0133551958343924E-01   6.6452280404092704E+01   7.9290822277833062E-01
   3.3000000000000000E+03   2.9378648627791348E-01   6.8159814621728884E+01   7.7553562070144655E-01
   3.4000000000000000E+03   2.8663905710888710E-01   6.9859399640241236E+01   7.5919117811139136E-01
   3.5000000000000000E+03   2.7986033198820448E-01   7.1551521077719798E+01   7.4366935960916025E-01
   3.6000000000000000E+03   2.7342182301671525E-01   7.3236408938168438E+01   7.2890760802576660E-01
   3.7000000000000000E+03   2.6729793179266442E-01   7.4914281262019159E+01   7.1484881308549597E-01
   3.8000000000000000E+03   2.6146559041514444E-01   7.6585344982786054E+01   7.0144079785812197E-01
   3.9000000000000000E+03   2.5590395533769394E-01   7.8249796556083680E+01   6.8863591376160005E-01
   4.0000000000000000E+03   2.5059286217304150E-01   7.9908231501199879E+01   6.7620511971493891E-01
   4.1000000000000000E+03   2.4551773948278929E-01   8.1560022853156724E+01   6.6447782320354953E-01
   4.2000000000000000E+03   2.4066169450612029E-01   8.3205731947351637E+01   6.5323525261415849E-01
   4.3000000000000000E+03   2.3601049132223934E-01   8.4845518226268652E+01   6.4244449806928494E-01
   4.4000000000000000E+03   2.3155111667041667E-01   8.6479533033623369E+01   6.3207558838428834E-01
   4.5000000000000000E+03   2.2727165091709567E-01   8.8107920025521366E+01   6.2210123640650061E-01
   4.6000000000000000E+03   2.2316115487567315E-01   8.9730815626167683E+01   6.1249657103010136E-01
   4.7000000000000000E+03   2.1920842263981555E-01   9.1348827759114457E+01   6.0305272402115184E-01
   4.8000000000000000E+03   2.1540659741750096E-01   9.2961091643169738E+01   5.9413664174308267E-01
   4.9000000000000000E+03   2.1174595803529642E-01   9.4568192133961574E+01   5.8554300875597587E-01
   5.0000000000000000E+03   2.0821739519466900E-01   9.6170795069020059E+01   5.7705046135889049E-01
   5.1000000000000000E+03   2.0481599294736322E-01   9.7767914286936872E+01   5.6904620685401597E-01
   5.2000000000000000E+03   2.0153376316202404E-01   9.9360187240551525E+01   5.6131523162523211E-01
   5.3000000000000000E+03   1.9836320740100979E-01   1.0094831952676795E+02   5.5363137262499951E-01
   5.4000000000000000E+03   1.9530086281521183E-01   1.0253120316226267E+02   5.4640267197665682E-01
   5.5000000000000000E+03   1.9233888988234973E-01   1.0411015918476116E+02   5.3919224234603746E-01
   5.6000000000000000E+03   1.8947339993769846E-01   1.0568466312240130E+02   5.3220117850601545E-01
   5.7000000000000000E+03   1.8670081189281917E-01   1.0725412621433730E+02   5.2563612028856854E-01
   5.8000000000000000E+03   1.8401435127683913E-01   1.0881994966221986E+02   5.1905452925067774E-01
   5.9000000000000000E+03   1.8141103992267787E-01   1.1038155368938193E+02   5.1266362778588870E-01
   6.0000000000000000E+03   1.7888811485540823E-01   1.1193830545565889E+02   5.0667319641118069E-01
   6.1000000000000000E+03   1.7643966479448045E-01   1.1349167131096306E+02   5.0063891397425631E-01
   6.2000000000000000E+03   1.7406340295149322E-01   1.1504102587636959E+02   4.9477149365942052E-01
   6.3000000000000000E+03   1.7175611118801215E-01   1.1658643354559892E+02   4.8906392483026684E-01
   6.4000000000000000E+03   1.6951476209851093E-01   1.1812795649876664E+02   4.8350959164039109E-01
   6.5000000000000000E+03   1.6733650495646110E-01   1.1966565483294745E+02   4.7810224003111351E-01
   6.6000000000000000E+03   1.6521865291673427E-01   1.2119958666630363E+02   4.7283595275469781E-01
   6.7000000000000000E+03   1.6315867126990760E-01   1.2272980827323588E+02   4.6770511920883806E-01
   6.8000000000000000E+03   1.6115517126077605E-01   1.2425559965847319E+02   4.6291876273607835E-01
   6.9000000000000000E+03   1.5920386698560859E-01   1.2577855564828589E+02   4.5804223249752224E-01
   7.0000000000000000E+03   1.5730363951526041E-01   1.2729796020472276E+02   4.5328597796566261E-01
   7.1000000000000000E+03   1.5545246450640304E-01   1.2881386285289079E+02   4.4864546857819210E-01
   7.2000000000000000E+03   1.5364748337342504E-01   1.3032710984536121E+02   4.4390625762750047E-01
   7.3000000000000000E+03   1.5188877655345323E-01   1.3183615601791755E+02   4.3948571184575647E-01
   7.4000000000000000E+03   1.5017366262781032E-01   1.3334183965866328E+02   4.3516866565611395E-01
   7.5000000000000000E+03   1.4850050460743405E-01   1.3484420471167368E+02   4.3095140869232207E-01
   7.6000000000000000E+03   1.4686774739799041E-01   1.3634329386702140E+02   4.2683040784768156E-01
   7.7000000000000000E+03   1.4527391268731632E-01   1.3783914863070927E+02   4.2280229202125541E-01
   7.8000000000000000E+03   1.4371759429033282E-01   1.3933180931639504E+02   4.1886385433302303E-01
   7.9000000000000000E+03   1.4219745372235937E-01   1.4082131514231889E+02   4.1501203237681661E-01
   8.0000000000000000E+03   1.4071221610916784E-01   1.4230770431144549E+02   4.1124389593217203E-01
   8.1000000000000000E+03   1.3925985898828988E-01   1.4379184776250202E+02   4.0735828248908934E-01
   8.2000000000000000E+03   1.3784085439836480E-01   1.4527211493626106E+02   4.0375066242555480E-01
   8.3000000000000000E+03   1.3645327371570870E-01   1.4674937359723040E+02   4.0021872679654391E-01
   8.4000000000000000E+03   1.3509606165188595E-01   1.4822365802691135E+02   3.9676004014646016E-01
   8.5000000000000000E+03   1.3376821009700929E-01   1.4969500173882770E+02   3.9337225346323801E-01
   8.6000000000000000E+03   1.3246801483026635E-01   1.5116428270423876E+02   3.8986182961264726E-01
   8.7000000000000000E+03   1.3119605110348229E-01   1.5262984117774391E+02   3.8661065658688909E-01
   8.8000000000000000E+03   1.2995068177428670E-01   1.5409255395714209E+02   3.8342395987459665E-01
   8.9000000000000000E+03   1.2873035699902927E-01   1.5555330467406904E+02   3.8011269895665367E-01
   9.0000000000000000E+03   1.2753569557518124E-01   1.5701041463538681E+02   3.7705053031143876E-01
   9.1000000000000000E+03   1.2636520276010318E-01   1.5846476724361267E+02   3.7404716169737023E-01
   9.2000000000000000E+03   1.2521813650276975E-01   1.5991639072690359E+02   3.7110084268062465E-01
   9.3000000000000000E+03   1.2409312635549692E-01   1.6136616935338142E+02   3.6802844466969359E-01
   9.4000000000000000E+03   1.2299082100794466E-01   1.6281241379613351E+02   3.6519268362424218E-01
   9.5000000000000000E+03   1.2190989240370120E-01   1.6425600948577107E+02   3.6240914533041502E-01
   9.6000000000000000E+03   1.2084908407398279E-01   1.6569784203588077E+02   3.5949899860483092E-01
   9.7000000000000000E+03   1.1980905895518329E-01   1.6713621338568541E+02   3.5681688604278750E-01
   9.8000000000000000E+03   1.1878859553480518E-01   1.6857201108337455E+02   3.5418270002368374E-01
   9.9000000000000000E+03   1.1778653842184771E-01   1.7000612049022939E+02   3.5142180163636794E-01
   1.0000000000000000E+04   1.1680355643099216E-01   1.7143683852556461E+02   3.4888090047029285E-01
   1.1000000000000000E+04   1.0788255382093381E-01   1.8561325936266522E+02   3.2507782257060319E-01
   1.2000000000000000E+04   1.0034283481607315E-01   1.9956016271392119E+02   3.0463997384192798E-01
   1.3000000000000000E+04   9.3882039233247422E-02   2.1329353949504130E+02   2.8699329974730503E-01
   1.4000000000000000E+04   8.8280106335322100E-02   2.2682836795654862E+02   2.7146052324057518E-01
   1.5000000000000000E+04   8.3374063629578957E-02   2.4017580013897179E+02   2.5777478453952785E-01
   1.6000000000000000E+04   7.9039800811797303E-02   2.5334619062049654E+02   2.4561772362192791E-01
   1.7000000000000000E+04   7.5181072841161795E-02   2.6634938404481318E+02   2.3463340157385346E-01
   1.8000000000000000E+04   7.1722679408243173E-02   2.7919247591258068E+02   2.2474418121144435E-01
   1.9000000000000000E+04   6.8604616525235487E-02   2.9188170501187625E+02   2.1588701557985668E-01
   2.0000000000000000E+04   6.5777937225217104E-02   3.0442475528701993E+02   2.0455491191007708E-01
   2.1000000000000000E+04   6.3203260875582798E-02   3.1682593849849417E+02   1.9711157057254275E-01
   2.2000000000000000E+04   6.0847688303596714E-02   3.2909109616721514E+02   1.9027546374290250E-01
   2.3000000000000000E+04   5.8683972133947618E-02   3.4122489863783272E+02   1.8397364664897192E-01
   2.4000000000000000E+04   5.6689240668861759E-02   3.5323162220570521E+02   1.7814454121361886E-01
   2.5000000000000000E+04   5.4844148972610862E-02   3.6511520040308886E+02   1.7273579017345059E-01
   2.6000000000000000E+04   5.3132220895443213E-02   3.7687926658433793E+02   1.6770258172760033E-01
   2.7000000000000000E+04   5.1539333598331336E-02   3.8852718972136648E+02   1.6300632823339772E-01
   2.8000000000000000E+04   5.0053309727779265E-02   4.0006210482337480E+02   1.5861361436677135E-01
   2.9000000000000000E+04   4.8663591876026868E-02   4.1148693861490955E+02   1.5449535258871783E-01
   3.0000000000000000E+04   4.7360980496531632E-02   4.2280443168903815E+02   1.5062609958537410E-01
   3.1000000000000000E+04   4.6137421278489431E-02   4.3401715761707806E+02   1.4698349888947418E-01
   3.2000000000000000E+04   4.4985831417490497E-02   4.4512753931866149E+02   1.4354782325207685E-01
   3.3000000000000000E+04   4.3899956656477918E-02   4.5613786363765917E+02   1.4030159643316459E-01
   3.4000000000000000E+04   4.2874252973850197E-02   4.6705029368756465E+02   1.3722927878814895E-01
   3.5000000000000000E+04   4.1903788030300641E-02   4.7786687992484133E+02   1.3431700435094945E-01
   3.6000000000000000E+04   4.0984158630063924E-02   4.8858957002920528E+02   1.3155235981172758E-01
   3.7000000000000000E+04   4.0111421262331921E-02   4.9922021740666537E+02   1.2892419780048814E-01
   3.8000000000000000E+04   3.9282033330241523E-02   5.0976058888621071E+02   1.2642247837570197E-01
   3.9000000000000000E+04   3.8492803214544895E-02   5.2021237142597204E+02   1.2403813387035428E-01
   4.0000000000000000E+04   3.7740847625468921E-02   5.3057717838744156E+02   1.2176295313776493E-01
   4.1000000000000000E+04   3.7023555067190766E-02   5.4085655488056489E+02   1.1958948204546553E-01
   4.2000000000000000E+04   3.6338554380782602E-02   5.5105198278502417E+02   1.1751093758038261E-01
   4.3000000000000000E+04   3.5683687583088430E-02   5.6116488511579314E+02   1.1552113345442283E-01
   4.4000000000000000E+04   3.5056986309227642E-02   5.7119663015074616E+02   1.1361441542984797E-01
   4.5000000000000000E+04   3.4456651336333077E-02   5.8114853494067665E+02   1.1178560492917644E-01
   4.6000000000000000E+04   3.3881034696899515E-02   5.9102186878915268E+02   1.1002994968875478E-01
   4.7000000000000000E+04   3.3328624037058725E-02   6.0081785617090384E+02   1.0834308047174736E-01
   4.8000000000000000E+04   3.2798028880792848E-02   6.1053767943958258E+02   1.0672097297341206E-01
   4.9000000000000000E+04   3.2287968531088188E-02   6.2018248140298238E+02   1.0515991420234971E-01
   5.0000000000000000E+04   3.1797261381405137E-02   6.2975336784135300E+02   1.0365647272968662E-01
   5.1000000000000000E+04   3.1324815477118045E-02   6.3925140940411904E+02   1.0220747232100168E-01
   5.2000000000000000E+04   3.0869620142642808E-02   6.4867764327978364E+02   1.0080996849215051E-01
   5.3000000000000000E+04   3.0430738477466128E-02   6.5803307592747728E+02   9.9461227570791302E-02
   5.4000000000000000E+04   3.0007300755840773E-02   6.6731868374312273E+02   9.8158708067866848E-02
   5.5000000000000000E+04   2.9598498451922639E-02   6.7653541532175063E+02   9.6900043938800029E-02
   5.6000000000000000E+04   2.9203578957117976E-02   6.8568419208053922E+02   9.5683029625664065E-02
   5.7000000000000000E+04   2.8821840754491689E-02   6.9476591081195966E+02   9.4505606542475223E-02
   5.8000000000000000E+04   2.8452629185220527E-02   7.0378144363098772E+02   9.3365850991972213E-02
   5.9000000000000000E+04   2.8095332543803978E-02   7.1273164009898073E+02   9.2261963189167823E-02
   6.0000000000000000E+04   2.7749378621911368E-02   7.2161732757720392E+02   9.1192257397402263E-02
   6.1000000000000000E+04   2.7414231539491567E-02   7.3043931266960681E+02   9.0155152960474300E-02
   6.2000000000000000E+04   2.7089388888534467E-02   7.3919838226941249E+02   8.9149166181827777E-02
   6.3000000000000000E+04   2.6774379165884987E-02   7.4789530390255072E+02   8.8172902968137679E-02
   6.4000000000000000E+04   2.6468759413252586E-02   7.5653082679219506E+02   8.7225052112868268E-02
   6.5000000000000000E+04   2.6172113066776751E-02   7.6510568298327314E+02   8.6304379175726281E-02
   6.6000000000000000E+04   2.5884048019741441E-02   7.7362058777666039E+02   8.5409720915444381E-02
   6.7000000000000000E+04   2.5604194858779537E-02   7.8207623998789427E+02   8.4539980207321175E-02
   6.8000000000000000E+04   2.5332205211210154E-02   7.9047332342824814E+02   8.3694121357649642E-02
   6.9000000000000000E+04   2.5067750276603396E-02   7.9881250699075190E+02   8.2871165848840217E-02
   7.0000000000000000E+04   2.4810519471421429E-02   8.0709444500496170E+02   8.2070188426567894E-02
   7.1000000000000000E+04   2.4560219155526399E-02   8.1531977855197158E+02   8.1290313481432244E-02
   7.2000000000000000E+04   2.4316571518083491E-02   8.2348913489634492E+02   8.0530711767355642E-02
   7.3000000000000000E+04   2.4079313480592432E-02   8.3160312935047216E+02   7.9790597320276907E-02
   7.4000000000000000E+04   2.3848195774880308E-02   8.3966236406712721E+02   7.9069224691033391E-02
   7.5000000000000000E+04   2.3622981997005965E-02   8.4766743020037097E+02   7.8365886311092231E-02
   7.6000000000000000E+04   2.3403447829052831E-02   8.5561890663876977E+02   7.7679910138726688E-02
   7.7000000000000000E+04   2.3189380233007796E-02   8.6351736190727820E+02   7.7010657409335687E-02
   7.8000000000000000E+04   2.2980576770798167E-02   8.7136335361769864E+02   7.6357520607167093E-02
   7.9000000000000000E+04   2.2776844955402067E-02   8.7915742862017453E+02   7.5719921569522924E-02
   8.0000000000000000E+04   2.2578001624125627E-02   8.8690012413120996E+02   7.5097309707554794E-02
   8.1000000000000000E+04   2.2383872374090577E-02   8.9459196819983845E+02   7.4489160367890606E-02
   8.2000000000000000E+04   2.2194291081989857E-02   9.0223347837953827E+02   7.3894973345980428E-02
   8.3000000000000000E+04   2.2009099371154785E-02   9.0982516391905517E+02   7.3314271432828385E-02
   8.4000000000000000E+04   2.1828146195227147E-02   9.1736752466181201E+02   7.2746599125956435E-02
   8.5000000000000000E+04   2.1651287386423565E-02   9.2486105263320246E+02   7.2191521376298029E-02
   8.6000000000000000E+04   2.1478385297197918E-02   9.3230623093832253E+02   7.1648622471358808E-02
   8.7000000000000000E+04   2.1309308405091959E-02   9.3970353530041098E+02   7.1117504941318382E-02
   8.8000000000000000E+04   2.1143931020715545E-02   9.4705343218595203E+02   7.0597788602309947E-02
   8.9000000000000000E+04   2.0982132900073291E-02   9.5435638209124716E+02   7.0089109564907145E-02
   9.0000000000000000E+04   2.0823799001864030E-02   9.6161283737319968E+02   6.9591119407561172E-02
   9.1000000000000000E+04   2.0668819198939585E-02   9.6882324289231929E+02   6.9103484350783950E-02
   9.2000000000000000E+04   2.0517088009184871E-02   9.7598803661159673E+02   6.8625884484088712E-02
   9.3000000000000000E+04   2.0368504337326124E-02   9.8310765049037389E+02   6.8158013036356546E-02
   9.4000000000000000E+04   2.0222971287708898E-02   9.9018250870197835E+02   6.7699575737224876E-02
   9.5000000000000000E+04   2.0080395916947054E-02   9.9721302935923927E+02   6.7250290156979697E-02
   9.6000000000000000E+04   1.9940689032080121E-02   1.0041996247399894E+03   6.6809885112335446E-02
   9.7000000000000000E+04   1.9803765031176913E-02   1.0111426999637375E+03   6.6378100132823678E-02
   9.8000000000000000E+04   1.9669541687152601E-02   1.0180426550635331E+03   6.5954684902794214E-02
   9.9000000000000000E+04   1.9537940009243027E-02   1.0248998836928815E+03   6.5539398791569795E-02
   1.0000000000000000E+05   1.9408884061261830E-02   1.0317147745262910E+03   6.5132010366623042E-02
   1.1000000000000000E+05   1.8243557805031774E-02   1.0976166303235391E+03   6.1447362003845832E-02
   1.2000000000000000E+05   1.7267297334499710E-02   1.1596738073805716E+03   5.8352129281978776E-02
   1.3000000000000000E+05   1.6437753949898680E-02   1.2181976019415415E+03   5.5716162503217995E-02
   1.4000000000000000E+05   1.5724389528710570E-02   1.2734632658717733E+03   5.3445181424414026E-02
   1.5000000000000000E+05   1.5104616570563867E-02   1.3257160385054481E+03   5.1469169333332329E-02
   1.6000000000000000E+05   1.4561362067679003E-02   1.3751757802601949E+03   4.9735011126147990E-02
   1.7000000000000000E+05   1.4081477095039954E-02   1.4220406217274653E+03   4.8201665443503162E-02
   1.8000000000000000E+05   1.3654667817693981E-02   1.4664899000416278E+03   4.6836906510685852E-02
   1.9000000000000000E+05   1.3272758480571981E-02   1.5086865682354176E+03   4.5615069697066704E-02
   2.0000000000000000E+05   1.2929172101095395E-02   1.5487791705839502E+03   4.4515457183354118E-02
   2.1000000000000000E+05   1.2618556953891465E-02   1.5869035196529578E+03   4.3521188058156204E-02
   2.2000000000000000E+05   1.2336513287847193E-02   1.6231841182222793E+03   4.2618354548860822E-02
   2.3000000000000000E+05   1.2079390241256843E-02   1.6577353693466039E+03   4.1795393199947906E-02
   2.4000000000000000E+05   1.1844132765540440E-02   1.6906626124059640E+03   4.1042609607792116E-02
   2.5000000000000000E+05   1.1628164639786630E-02   1.7220630308721800E+03   4.0351814510227887E-02
   2.6000000000000000E+05   1.1429297930639614E-02   1.7520264643194103E+03   3.9716041810861830E-02
   2.7000000000000000E+05   1.1245662458287144E-02   1.7806360912349176E+03   3.9129328002092748E-02
   2.8000000000000000E+05   1.1075650082203049E-02   1.8079690396907729E+03   3.8586537726160899E-02
   2.9000000000000000E+05   1.0917870375297319E-02   1.8340969213537085E+03   3.8083224653969780E-02
   3.0000000000000000E+05   1.0771114734739825E-02   1.8590863560748587E+03   3.7615519321167135E-02
   3.1000000000000000E+05   1.0634327860756980E-02   1.8829993493962372E+03   3.7180038630824738E-02
   3.2000000000000000E+05   1.0506583975732942E-02   1.9058937223860873E+03   3.6773811518274087E-02
   3.3000000000000000E+05   1.0387067567602225E-02   1.9278234509159126E+03   3.6394218055250921E-02
   3.4000000000000000E+05   1.0275057546179207E-02   1.9488389581348658E+03   3.6038939125459545E-02
   3.5000000000000000E+05   1.0169914012926960E-02   1.9689873894330524E+03   3.5705914488440724E-02
   3.6000000000000000E+05   1.0071066769837983E-02   1.9883129464540148E+03   3.5393307327826744E-02
   3.7000000000000000E+05   9.9780067618881751E-03   2.0068569726327162E+03   3.5099475338826430E-02
   3.8000000000000000E+05   9.8902774619881867E-03   2.0246583091356749E+03   3.4822945128234702E-02
   3.9000000000000000E+05   9.8074684862178817E-03   2.0417534322145780E+03   3.4562391246498313E-02
   4.0000000000000000E+05   9.7292101318983033E-03   2.0581765807914185E+03   3.4316618276788328E-02
   4.1000000000000000E+05   9.6551681866694633E-03   2.0739599824598267E+03   3.4084545064516296E-02
   4.2000000000000000E+05   9.5850399244773073E-03   2.0891339630141033E+03   3.3865191537611805E-02
   4.3000000000000000E+05   9.5185503845883809E-03   2.1037271048639418E+03   3.3657667097779051E-02
   4.4000000000000000E+05   9.4554495518938686E-03   2.1177663032489982E+03   3.3461160908423479E-02
   4.5000000000000000E+05   9.3955091161719538E-03   2.1312769957941678E+03   3.3274932783283084E-02
   4.6000000000000000E+05   9.3385206030182563E-03   2.1442831572914965E+03   3.3098306041336088E-02
   4.7000000000000000E+05   9.2842931605560397E-03   2.1568074269934409E+03   3.2930660770147675E-02
   4.8000000000000000E+05   9.2326514632269895E-03   2.1688712633448367E+03   3.2771427791374000E-02
   4.9000000000000000E+05   9.1834347090602991E-03   2.1804948886189322E+03   3.2620084043418471E-02
   5.0000000000000000E+05   9.1364947729417473E-03   2.1916974661196305E+03   3.2476147712652399E-02
   5.1000000000000000E+05   9.0916949004046389E-03   2.2024971869855049E+03   3.2339174195512015E-02
   5.2000000000000000E+05   9.0489088336398477E-03   2.2129112814828763E+03   3.2208752756057703E-02
   5.3000000000000000E+05   9.0080201944003624E-03   2.2229559893215410E+03   3.2084503679716436E-02
   5.4000000000000000E+05   8.9689205959566799E-03   2.2326468641164001E+03   3.1966074641661173E-02
   5.5000000000000000E+05   8.9315099356833509E-03   2.2419985632070629E+03   3.1853139086910086E-02
   5.6000000000000000E+05   8.8956952079524039E-03   2.2510250154671007E+03   3.1745393592428742E-02
   5.7000000000000000E+05   8.8613896325336547E-03   2.2597395299665068E+03   3.1642555660415676E-02
   5.8000000000000000E+05   8.8285125063512718E-03   2.2681547348623008E+03   3.1544362248896118E-02
   5.9000000000000000E+05   8.7969890808162979E-03   2.2762825165645822E+03   3.1450568478588820E-02
   6.0000000000000000E+05   8.7667489081063553E-03   2.2841343641718390E+03   3.1360945176654054E-02
   6.1000000000000000E+05   8.7377265159434402E-03   2.2917211252302022E+03   3.1275278441136534E-02
   6.2000000000000000E+05   8.7098607224349138E-03   2.2990531170599111E+03   3.1193368210367292E-02
   6.3000000000000000E+05   8.6830939449255313E-03   2.3061402502473343E+03   3.1115026862275394E-02
   6.4000000000000000E+05   8.6573724915573486E-03   2.3129918994012860E+03   3.1040078749751236E-02
   6.5000000000000000E+05   8.6326460742172095E-03   2.3196169831261673E+03   3.0968359111234047E-02
   6.6000000000000000E+05   8.6088669558270544E-03   2.3260241499629410E+03   3.0899712778478208E-02
   6.7000000000000000E+05   8.5859907356519213E-03   2.3322215291851526E+03   3.0833994265061115E-02
   6.8000000000000000E+05   8.5639757446631746E-03   2.3382168562948500E+03   3.0771066763520920E-02
   6.9000000000000000E+05   8.5427820457014570E-03   2.3440177141295017E+03   3.0710800868738772E-02
   7.0000000000000000E+05   8.5223728249005717E-03   2.3496311243934924E+03   3.0653075287886591E-02
   7.1000000000000000E+05   8.5027128651366090E-03   2.3550639379082400E+03   3.0597775211794291E-02
   7.2000000000000000E+05   8.4837694981155214E-03   2.3603225485463336E+03   3.0544792738114113E-02
   7.3000000000000000E+05   8.4655106096469847E-03   2.3654134247085544E+03   3.0494024893335941E-02
   7.4000000000000000E+05   8.4479075502288965E-03   2.3703422799091959E+03   3.0445375742846746E-02
   7.5000000000000000E+05   8.4309318079002597E-03   2.3751149812773542E+03   3.0398753367351795E-02
   7.6000000000000000E+05   8.4145569391678998E-03   2.3797369948098362E+03   3.0354071196687010E-02
   7.7000000000000000E+05   8.3987583127430859E-03   2.3842134393472711E+03   3.0311247576506176E-02
   7.8000000000000000E+05   8.3835117853823006E-03   2.3885494474984544E+03   3.0270204437882930E-02
   7.9000000000000000E+05   8.3687947877272573E-03   2.3927498464220052E+03   3.0230868009954982E-02
   8.0000000000000000E+05   8.3545861627668597E-03   2.3968191904361206E+03   3.0193168487858024E-02
   8.1000000000000000E+05   8.3408654418251921E-03   2.4007619572256071E+03   3.0157039277440907E-02
   8.2000000000000000E+05   8.3276135226089537E-03   2.4045823438739781E+03   3.0122417378611682E-02
   8.3000000000000000E+05   8.3148119760354314E-03   2.4082844567965190E+03   3.0089242671083601E-02
   8.4000000000000000E+05   8.3024430932067926E-03   2.4118722908749619E+03   3.0057457821142084E-02
   8.5000000000000000E+05   8.2904905156500446E-03   2.4153495387602634E+03   3.0027008672646079E-02
   8.6000000000000000E+05   8.2789384010881397E-03   2.4187198252906160E+03   2.9997843412751420E-02
   8.7000000000000000E+05   8.2677717187113961E-03   2.4219866155415157E+03   2.9969912760005366E-02
   8.8000000000000000E+05   8.2569760051259666E-03   2.4251532801646049E+03   2.9943169593303696E-02
   8.9000000000000000E+05   8.2465374630773421E-03   2.4282230612215276E+03   2.9917568984487594E-02
   9.0000000000000000E+05   8.2364430110433706E-03   2.4311990523364325E+03   2.9893068130145022E-02
   9.1000000000000000E+05   8.2266806727885923E-03   2.4340840783217136E+03   2.9869626590427877E-02
   9.2000000000000000E+05   8.2172376163151678E-03   2.4368812705760815E+03   2.9847204592806355E-02
   9.3000000000000000E+05   8.2081032496752696E-03   2.4395931476451501E+03   2.9825765506869009E-02
   9.4000000000000000E+05   8.1992661334552280E-03   2.4422225254241430E+03   2.9805273241123344E-02
   9.5000000000000000E+05   8.1907159482030589E-03   2.4447719307693469E+03   2.9785693779169266E-02
   9.6000000000000000E+05   8.1824428670935062E-03   2.4472437838340293E+03   2.9766994623575592E-02
   9.7000000000000000E+05   8.1744373801820192E-03   2.4496404476250077E+03   2.9749144596897155E-02
   9.8000000000000000E+05   8.1666902566287884E-03   2.4519642368973309E+03   2.9732113712128614E-02
   9.9000000000000000E+05   8.1591927256973226E-03   2.4542173614804888E+03   2.9715873335413763E-02
   1.0000000000000000E+06   8.1519364000792252E-03   2.4564019467665457E+03   2.9700396025908918E-02
   1.1000000000000000E+06   8.0910156422839934E-03   2.4748972599216263E+03   2.9582295608098962E-02
   1.2000000000000000E+06   8.0470904204728421E-03   2.4884065415901036E+03   2.9517261199149963E-02
   1.3000000000000000E+06   8.0156848383723337E-03   2.4981561584372171E+03   2.9490726824122473E-02
   1.4000000000000000E+06   7.9936678469432181E-03   2.5050368399694044E+03   2.9492544879824226E-02
   1.5000000000000000E+06   7.9788001034010163E-03   2.5097047405080534E+03   2.9515483012598119E-02
   1.6000000000000000E+06   7.9694398270270927E-03   2.5126524420401524E+03   2.9554278858257593E-02
   1.7000000000000000E+06   7.9643681205773011E-03   2.5142524981153429E+03   2.9605044329922718E-02
   1.8000000000000000E+06   7.9626642064018569E-03   2.5147905178485798E+03   2.9664863981039145E-02
   1.9000000000000000E+06   7.9636203018013819E-03   2.5144885974212152E+03   2.9731522668319122E-02
   2.0000000000000000E+06   7.9666915192303147E-03   2.5135192438085382E+03   2.9803324113183524E-02
   2.1000000000000000E+06   7.9714479327972331E-03   2.5120194739884564E+03   2.9878952848059789E-02
   2.2000000000000000E+06   7.9775510002322563E-03   2.5100977032285587E+03   2.9957383889275005E-02
   2.3000000000000000E+06   7.9847320008055982E-03   2.5078402682834394E+03   3.0037813657372039E-02
   2.4000000000000000E+06   7.9927760022664683E-03   2.5053163553430563E+03   3.0119608689180052E-02
   2.5000000000000000E+06   8.0015070464006036E-03   2.5025826168683384E+03   3.0202265208842831E-02
   2.6000000000000000E+06   8.0107814436704786E-03   2.4996852783811109E+03   3.0285382135928903E-02
   2.7000000000000000E+06   8.0204892834527981E-03   2.4966597093252667E+03   3.0368646199993472E-02
   2.8000000000000000E+06   8.0305291541505237E-03   2.4935383532879882E+03   3.0451798434648330E-02
   2.9000000000000000E+06   8.0408275323499701E-03   2.4903447266477365E+03   3.0534640610495312E-02
   3.0000000000000000E+06   8.0513168532088258E-03   2.4871002853515824E+03   3.0617009484621691E-02
   3.1000000000000000E+06   8.0619500497673951E-03   2.4838199591238385E+03   3.0698782933781477E-02
   3.2000000000000000E+06   8.0726737173389424E-03   2.4805204749031382E+03   3.0779853003953715E-02
   3.3000000000000000E+06   8.0834605149117285E-03   2.4772103984589503E+03   3.0860149048720385E-02
   3.4000000000000000E+06   8.0942704681582888E-03   2.4739020671282174E+03   3.0939602607872568E-02
   3.5000000000000000E+06   8.1050891918817564E-03   2.4705998871830561E+03   3.1018176650873475E-02
   3.6000000000000000E+06   8.1158836446092730E-03   2.4673138896430937E+03   3.1095827105422011E-02
   3.7000000000000000E+06   8.1266496351641397E-03   2.4640452513697214E+03   3.1172540681953128E-02
   3.8000000000000000E+06   8.1373568912664791E-03   2.4608030237143894E+03   3.1248287739882155E-02
   3.9000000000000000E+06   8.1480122394352664E-03   2.4575849734437261E+03   3.1323074027925696E-02
   4.0000000000000000E+06   8.1585861693441470E-03   2.4543998221546517E+03   3.1396878746705700E-02
   4.1000000000000000E+06   8.1690839939215724E-03   2.4512457526414701E+03   3.1469712613355669E-02
   4.2000000000000000E+06   8.1794962031653679E-03   2.4481254035330999E+03   3.1541576780585508E-02
   4.3000000000000000E+06   8.1898079414195399E-03   2.4450429834623005E+03   3.1612469538339447E-02
   4.4000000000000000E+06   8.2000341539750950E-03   2.4419937852776525E+03   3.1682415493782291E-02
   4.5000000000000000E+06   8.2101578626902622E-03   2.4389826332170151E+03   3.1751413583298575E-02
   4.6000000000000000E+06   8.2201768902281074E-03   2.4360099193091696E+03   3.1819476271410282E-02
   4.7000000000000000E+06   8.2300892018865000E-03   2.4330759912640651E+03   3.1886616646976111E-02
   4.8000000000000000E+06   8.2398961220657811E-03   2.4301802045110558E+03   3.1952850988994669E-02
   4.9000000000000000E+06   8.2495971176612254E-03   2.4273224688999890E+03   3.2018194275032462E-02
   5.0000000000000000E+06   8.2591932563596555E-03   2.4245022269763062E+03   3.2082663171895662E-02
   5.1000000000000000E+06   8.2686763316007494E-03   2.4217216444358160E+03   3.2146266581518847E-02
   5.2000000000000000E+06   8.2780615334704481E-03   2.4189760322640109E+03   3.2209033023402917E-02
   5.3000000000000000E+06   8.2873310748919418E-03   2.4162703603986006E+03   3.2270963248656241E-02
   5.4000000000000000E+06   8.2964911237896170E-03   2.4136025874424186E+03   3.2332077893041940E-02
   5.5000000000000000E+06   8.3055617676548177E-03   2.4109666514136138E+03   3.2392409226497325E-02
   5.6000000000000000E+06   8.3145238116947365E-03   2.4083679229959562E+03   3.2451956399962192E-02
   5.7000000000000000E+06   8.3233676540045466E-03   2.4058089556379869E+03   3.2510726233023986E-02
   5.8000000000000000E+06   8.3321299628629254E-03   2.4032789373572450E+03   3.2568763998606060E-02
   5.9000000000000000E+06   8.3407697284955361E-03   2.4007895068317130E+03   3.2626050015390096E-02
   6.0000000000000000E+06   8.3493201806709594E-03   2.3983308832052116E+03   3.2682625821740807E-02
   6.1000000000000000E+06   8.3577824276162664E-03   2.3959025754135205E+03   3.2738506424428500E-02
   6.2000000000000000E+06   8.3661380128560656E-03   2.3935096949513095E+03   3.2793689514013950E-02
   6.3000000000000000E+06   8.3743967411714412E-03   2.3911492447718192E+03   3.2848196636834540E-02
   6.4000000000000000E+06   8.3825678028128809E-03   2.3888184282091001E+03   3.2902048598148770E-02
   6.5000000000000000E+06   8.3906372902300685E-03   2.3865210413025270E+03   3.2955245802249442E-02
   6.6000000000000000E+06   8.3986155550115280E-03   2.3842539656578183E+03   3.3007809317695785E-02
   6.7000000000000000E+06   8.4065133624515245E-03   2.3820139907839402E+03   3.3059760122647497E-02
   6.8000000000000000E+06   8.4143186846483836E-03   2.3798043779356158E+03   3.3111099796151913E-02
   6.9000000000000000E+06   8.4220443887355560E-03   2.3776213373862361E+03   3.3161850050709998E-02
   7.0000000000000000E+06   8.4296699417292405E-03   2.3754705203753115E+03   3.3212005209841404E-02
   7.1000000000000000E+06   8.4372452655660096E-03   2.3733377201674061E+03   3.3261617056830020E-02
   7.2000000000000000E+06   8.4447014921672503E-03   2.3712421879737281E+03   3.3310639270397485E-02
   7.3000000000000000E+06   8.4520987762003799E-03   2.3691668747952813E+03   3.3359131674636611E-02
   7.4000000000000000E+06   8.4594062712823343E-03   2.3671203156479014E+03   3.3407078583438041E-02
   7.5000000000000000E+06   8.4666398093716979E-03   2.3650979484100280E+03   3.3454502841342999E-02
   7.6000000000000000E+06   8.4737847416094490E-03   2.3631037433302067E+03   3.3501401622949199E-02
   7.7000000000000000E+06   8.4808672172694728E-03   2.3611302865697749E+03   3.3547805774375647E-02
   7.8000000000000000E+06   8.4878626355871945E-03   2.3591843203393664E+03   3.3593703720111813E-02
   7.9000000000000000E+06   8.4948056930199429E-03   2.3572560888032385E+03   3.3639132871144631E-02
   8.0000000000000000E+06   8.5016678406728309E-03   2.3553534222159074E+03   3.3684077809113887E-02
   8.1000000000000000E+06   8.5084624256613790E-03   2.3534725125750483E+03   3.3728558017285554E-02
   8.2000000000000000E+06   8.5151826203382561E-03   2.3516151485986834E+03   3.3772575552573063E-02
   8.3000000000000000E+06   8.5218245021656622E-03   2.3497823075308393E+03   3.3816134989866631E-02
   8.4000000000000000E+06   8.5284177797104316E-03   2.3479657024672129E+03   3.3859268823050633E-02
   8.5000000000000000E+06   8.5349528849120171E-03   2.3461678949008165E+03   3.3901976196303453E-02
   8.6000000000000000E+06   8.5414082799871657E-03   2.3443947165000482E+03   3.3944246186841741E-02
   8.7000000000000000E+06   8.5477985092921992E-03   2.3426420757699634E+03   3.3986098181135627E-02
   8.8000000000000000E+06   8.5541248085544818E-03   2.3409095484609261E+03   3.4027539734066171E-02
   8.9000000000000000E+06   8.5604135690103972E-03   2.3391898395612843E+03   3.4068599666258303E-02
   9.0000000000000000E+06   8.5666169094619736E-03   2.3374959630743324E+03   3.4109244346944720E-02
   9.1000000000000000E+06   8.5727773300923547E-03   2.3358162322473331E+03   3.4149515470717588E-02
   9.2000000000000000E+06   8.5788893723446977E-03   2.3341520765640544E+03   3.4189414872170434E-02
   9.3000000000000000E+06   8.5849336133416651E-03   2.3325087117682692E+03   3.4228932024296832E-02
   9.4000000000000000E+06   8.5909109194808198E-03   2.3308858199965862E+03   3.4268073374986503E-02
   9.5000000000000000E+06   8.5968569365130580E-03   2.3292736625664634E+03   3.4306874330663845E-02
   9.6000000000000000E+06   8.6027076372437623E-03   2.3276895237471240E+03   3.4345287420134388E-02
   9.7000000000000000E+06   8.6085095148972449E-03   2.3261207307047621E+03   3.4383356516136360E-02
   9.8000000000000000E+06   8.6142899735983137E-03   2.3245598307514574E+03   3.4421109604897110E-02
   9.9000000000000000E+06   8.6200024519147295E-03   2.3230193442257923E+03   3.4458512883232970E-02
   1.0000000000000000E+07   8.6256785617122075E-03   2.3214906861886125E+03   3.4495598180070454E-02
   1.1000000000000000E+07   8.6797390753581109E-03   2.3070316134181144E+03   3.4849379668908484E-02
   1.2000000000000000E+07   8.7295595450550476E-03   2.2938651531868786E+03   3.5175529124992229E-02
   1.3000000000000000E+07   8.7757747613786217E-03   2.2817851400650529E+03   3.5477996107544492E-02
   1.4000000000000000E+07   8.8187530076156914E-03   2.2706648463540128E+03   3.5759842573555217E-02
   1.5000000000000000E+07   8.8588815295252855E-03   2.2603793014200869E+03   3.6023638599767246E-02
   1.6000000000000000E+07   8.8966649596358416E-03   2.2507796498938092E+03   3.6271659584001831E-02
   1.7000000000000000E+07   8.9322274797835784E-03   2.2418184588774998E+03   3.6505557808117720E-02
   1.8000000000000000E+07   8.9658497484651368E-03   2.2334115566123178E+03   3.6726871168512171E-02
   1.9000000000000000E+07   8.9977249932905526E-03   2.2254994965953670E+03   3.6936867963506342E-02
   2.0000000000000000E+07   9.0280234693555766E-03   2.2180306144575211E+03   3.7136642921726831E-02
   2.1000000000000000E+07   9.0568913981572893E-03   2.2109608653523037E+03   3.7327136668068112E-02
   2.2000000000000000E+07   9.0844557465623796E-03   2.2042522966385804E+03   3.7509165671144942E-02
   2.3000000000000000E+07   9.1108282232279861E-03   2.1978718018214349E+03   3.7683448332616616E-02
   2.4000000000000000E+07   9.1361061648942993E-03   2.1917906908761661E+03   3.7850611653625021E-02
   2.5000000000000000E+07   9.1603761465282249E-03   2.1859836455144823E+03   3.8011212789060271E-02
   2.6000000000000000E+07   9.1837144636996160E-03   2.1804284663054436E+03   3.8165743411213399E-02
   2.7000000000000000E+07   9.2061897229336435E-03   2.1751053417016365E+03   3.8314646188854835E-02
   2.8000000000000000E+07   9.2278624721005564E-03   2.1699968441893652E+03   3.8458311034802371E-02
   2.9000000000000000E+07   9.2487879704094000E-03   2.1650871992241478E+03   3.8597095760429675E-02
   3.0000000000000000E+07   9.2690157176325491E-03   2.1603623354504607E+03   3.8731319655611295E-02
   3.1000000000000000E+07   9.2885906576130588E-03   2.1558095497145596E+03   3.8861273220998103E-02
   3.2000000000000000E+07   9.3075522929130308E-03   2.1514176673837983E+03   3.8987212737541972E-02
   3.3000000000000000E+07   9.3259386015260067E-03   2.1471760965480807E+03   3.9109382860770620E-02
   3.4000000000000000E+07   9.3437836049923076E-03   2.1430753632150454E+03   3.9228006187970732E-02
   3.5000000000000000E+07   9.3611169871130918E-03   2.1391071675141070E+03   3.9343273525999138E-02
   3.6000000000000000E+07   9.3779672881279651E-03   2.1352636267372782E+03   3.9455370678232460E-02
   3.7000000000000000E+07   9.3943618597185884E-03   2.1315372711938003E+03   3.9564475178749281E-02
   3.8000000000000000E+07   9.4103231533866835E-03   2.1279218701288783E+03   3.9670732633652867E-02
   3.9000000000000000E+07   9.4258751826437181E-03   2.1244109491226400E+03   3.9774300196731921E-02
   4.0000000000000000E+07   9.4410346249962432E-03   2.1209997885247290E+03   3.9875284609128786E-02
   4.1000000000000000E+07   9.4558258557308258E-03   2.1176820246679576E+03   3.9973847587908881E-02
   4.2000000000000000E+07   9.4702616703066025E-03   2.1144539760561206E+03   4.0070068898011874E-02
   4.3000000000000000E+07   9.4843610133439563E-03   2.1113106528630065E+03   4.0164074424410473E-02
   4.4000000000000000E+07   9.4981399498157877E-03   2.1082477778672906E+03   4.0255968911335628E-02
   4.5000000000000000E+07   9.5116101613203566E-03   2.1052621063573929E+03   4.0345826951636035E-02
   4.6000000000000000E+07   9.5247867814180695E-03   2.1023496801143506E+03   4.0433748660852309E-02
   4.7000000000000000E+07   9.5376820952039667E-03   2.0995072223198740E+03   4.0519815302288043E-02
   4.8000000000000000E+07   9.5503076900829587E-03   2.0967316544015698E+03   4.0604098636183680E-02
   4.9000000000000000E+07   9.5626751910010306E-03   2.0940199309410505E+03   4.0686679737391880E-02
   5.0000000000000000E+07   9.5747923003019798E-03   2.0913699028688197E+03   4.0767606271713504E-02
   5.1000000000000000E+07   9.5866731965018812E-03   2.0887780393284370E+03   4.0846971102097986E-02
   5.2000000000000000E+07   9.5983233354276290E-03   2.0862427471224105E+03   4.0924811236030423E-02
   5.3000000000000000E+07   9.6097545980510669E-03   2.0837610616126231E+03   4.1001203886495481E-02
   5.4000000000000000E+07   9.6209709448268205E-03   2.0813317655676719E+03   4.1076172644930596E-02
   5.5000000000000000E+07   9.6319859169291134E-03   2.0789515906451720E+03   4.1149811012776288E-02
   5.6000000000000000E+07   9.6427987907555471E-03   2.0766203752243482E+03   4.1222110395187285E-02
   5.7000000000000000E+07   9.6534244197983288E-03   2.0743346166364877E+03   4.1293169294865095E-02
   5.8000000000000000E+07   9.6638645484485655E-03   2.0720936580476382E+03   4.1363000487460944E-02
   5.9000000000000000E+07   9.6741268581488141E-03   2.0698955819671191E+03   4.1431651871508046E-02
   6.0000000000000000E+07   9.6842185729444641E-03   2.0677385885336639E+03   4.1499172783274391E-02
   6.1000000000000000E+07   9.6941440161907814E-03   2.0656215143521335E+03   4.1565591976334498E-02
   6.2000000000000000E+07   9.7039083761776002E-03   2.0635430248115517E+03   4.1630943419385807E-02
   6.3000000000000000E+07   9.7135179397502963E-03   2.0615015658875122E+03   4.1695267355028223E-02
   6.4000000000000000E+07   9.7229746735581213E-03   2.0594965137087756E+03   4.1758576307341637E-02
   6.5000000000000000E+07   9.7322862491008594E-03   2.0575260458375524E+03   4.1820924626026261E-02
   6.6000000000000000E+07   9.7414593391834496E-03   2.0555885669538875E+03   4.1882353480413956E-02
   6.7000000000000000E+07   9.7504914190750455E-03   2.0536844331658558E+03   4.1942842512884944E-02
   6.8000000000000000E+07   9.7593903976184743E-03   2.0518118066019902E+03   4.2002449488536611E-02
   6.9000000000000000E+07   9.7681607534125491E-03   2.0499695847118460E+03   4.2061201979341448E-02
   7.0000000000000000E+07   9.7768050125272132E-03   2.0481570837726613E+03   4.2119116173872470E-02
   7.1000000000000000E+07   9.7853277416222444E-03   2.0463731999386214E+03   4.2176225349444041E-02
   7.2000000000000000E+07   9.7937312766711061E-03   2.0446173044149511E+03   4.2232539886117255E-02
   7.3000000000000000E+07   9.8020172327242423E-03   2.0428889245592923E+03   4.2288072552671682E-02
   7.4000000000000000E+07   9.8101928273591314E-03   2.0411864267567287E+03   4.2342871082960011E-02
   7.5000000000000000E+07   9.8182571789873375E-03   2.0395098720704943E+03   4.2396930476488688E-02
   7.6000000000000000E+07   9.8262197328935885E-03   2.0378571808280701E+03   4.2450313253887921E-02
   7.7000000000000000E+07   9.8340737732132578E-03   2.0362296343165162E+03   4.2502975578923748E-02
   7.8000000000000000E+07   9.8418245145715996E-03   2.0346260404688096E+03   4.2554946161404789E-02
   7.9000000000000000E+07   9.8494838725094874E-03   2.0330438327800191E+03   4.2606309851521959E-02
   8.0000000000000000E+07   9.8570433853326644E-03   2.0314846612999736E+03   4.2657012555129208E-02
   8.1000000000000000E+07   9.8645098853786129E-03   2.0299470197452299E+03   4.2707090086787303E-02
   8.2000000000000000E+07   9.8718817684072344E-03   2.0284311454332271E+03   4.2756538374758540E-02
   8.3000000000000000E+07   9.8791672585416337E-03   2.0269352587140722E+03   4.2805413132434939E-02
   8.4000000000000000E+07   9.8863704759658867E-03   2.0254584320658200E+03   4.2853743603052288E-02
   8.5000000000000000E+07   9.8934762662353307E-03   2.0240036872996293E+03   4.2901417966314914E-02
   8.6000000000000000E+07   9.9005122309281570E-03   2.0225652952094197E+03   4.2948632095954266E-02
   8.7000000000000000E+07   9.9074621241782498E-03   2.0211465047344357E+03   4.2995269703019270E-02
   8.8000000000000000E+07   9.9143300614127332E-03   2.0197463993062092E+03   4.3041363139728589E-02
   8.9000000000000000E+07   9.9211216550157966E-03   2.0183637636323076E+03   4.3086947032968684E-02
   9.0000000000000000E+07   9.9278359381944278E-03   2.0169987263824096E+03   4.3132014847691580E-02
   9.1000000000000000E+07   9.9344799967472502E-03   2.0156497823366774E+03   4.3176616118214668E-02
   9.2000000000000000E+07   9.9410544534626437E-03   2.0143167444472469E+03   4.3220749742278741E-02
   9.3000000000000000E+07   9.9475550852587483E-03   2.0130004077831975E+03   4.3264395883628431E-02
   9.4000000000000000E+07   9.9539836023669996E-03   2.0117003646972030E+03   4.3307556052636323E-02
   9.5000000000000000E+07   9.9603425991746410E-03   2.0104160317468388E+03   4.3350254112924716E-02
   9.6000000000000000E+07   9.9666384233986216E-03   2.0091460723668304E+03   4.3392529901742423E-02
   9.7000000000000000E+07   9.9728710099594650E-03   2.0078904483046219E+03   4.3434384738473879E-02
   9.8000000000000000E+07   9.9790374371533375E-03   2.0066496963442530E+03   4.3475803061719033E-02
   9.9000000000000000E+07   9.9851425196290609E-03   2.0054227972917872E+03   4.3516800992144812E-02
   1.0000000000000000E+08   9.9911862031794810E-03   2.0042097140276828E+03   4.3557397244096206E-02
   1.1000000000000000E+08   1.0048493182067327E-02   1.9927796218051421E+03   4.3942428426096268E-02
   1.2000000000000000E+08   1.0100826891321560E-02   1.9824547691512555E+03   4.4294229719958944E-02
   1.3000000000000000E+08   1.0148961498820188E-02   1.9730523606183262E+03   4.4617937009189257E-02
   1.4000000000000000E+08   1.0193538055918040E-02   1.9644241609954197E+03   4.4917830119742132E-02
   1.5000000000000000E+08   1.0235038895132357E-02   1.9564588516214642E+03   4.5197118438638884E-02
   1.6000000000000000E+08   1.0273858775974424E-02   1.9490663517683458E+03   4.5458430408565488E-02
   1.7000000000000000E+08   1.0310331994870995E-02   1.9421714502533075E+03   4.5704018877011691E-02
   1.8000000000000000E+08   1.0344716970547094E-02   1.9357158344770698E+03   4.5935588670987584E-02
   1.9000000000000000E+08   1.0377244419566112E-02   1.9296483375987523E+03   4.6154694405836541E-02
   2.0000000000000000E+08   1.0408103805581655E-02   1.9239270492606906E+03   4.6362600874125443E-02
   2.1000000000000000E+08   1.0437457854194589E-02   1.9185162443577474E+03   4.6560396901048413E-02
   2.2000000000000000E+08   1.0465446604820391E-02   1.9133853718051944E+03   4.6749020437566111E-02
   2.3000000000000000E+08   1.0492191419143140E-02   1.9085081126652758E+03   4.6929285675823371E-02
   2.4000000000000000E+08   1.0517798165795615E-02   1.9038616379036528E+03   4.7101900623515422E-02
   2.5000000000000000E+08   1.0542359744057645E-02   1.8994260231309920E+03   4.7267488175017816E-02
   2.6000000000000000E+08   1.0565958123338369E-02   1.8951837788227817E+03   4.7426599485432305E-02
   2.7000000000000000E+08   1.0588666010908751E-02   1.8911194689153408E+03   4.7579721359772328E-02
   2.8000000000000000E+08   1.0610548154172388E-02   1.8872194114869990E+03   4.7727286939783370E-02
   2.9000000000000000E+08   1.0631662514159070E-02   1.8834714153504656E+03   4.7869688552081138E-02
   3.0000000000000000E+08   1.0652061145671875E-02   1.8798645791859694E+03   4.8007273032138101E-02
   3.1000000000000000E+08   1.0671790959488198E-02   1.8763891196039708E+03   4.8140355877688182E-02
   3.2000000000000000E+08   1.0690894439177548E-02   1.8730362138541666E+03   4.8269223139608908E-02
   3.3000000000000000E+08   1.0709410121637829E-02   1.8697978894853704E+03   4.8394132573643181E-02
   3.4000000000000000E+08   1.0727373096688631E-02   1.8666669148715355E+03   4.8515320644963916E-02
   3.5000000000000000E+08   1.0744815419405584E-02   1.8636367086312825E+03   4.8633003317454154E-02
   3.6000000000000000E+08   1.0761766413638747E-02   1.8607012709079097E+03   4.8747377603853830E-02
   3.7000000000000000E+08   1.0778252993013783E-02   1.8578551140014113E+03   4.8858623365087638E-02
   3.8000000000000000E+08   1.0794299925683490E-02   1.8550932048336369E+03   4.8966907430851789E-02
   3.9000000000000000E+08   1.0809930068039451E-02   1.8524109145049649E+03   4.9072384186986125E-02
   4.0000000000000000E+08   1.0825164516163400E-02   1.8498039834103727E+03   4.9175195702757649E-02
   4.1000000000000000E+08   1.0840022800288967E-02   1.8472684801491264E+03   4.9275472178400503E-02
   4.2000000000000000E+08   1.0854523060577558E-02   1.8448007647427851E+03   4.9373336698839490E-02
   4.3000000000000000E+08   1.0868682126948486E-02   1.8423974690935024E+03   4.9468901182503695E-02
   4.4000000000000000E+08   1.0882515707749472E-02   1.8400554596776014E+03   4.9562272622154388E-02
   4.5000000000000000E+08   1.0896038414537521E-02   1.8377718287368582E+03   4.9653547883727160E-02
   4.6000000000000000E+08   1.0909263944600853E-02   1.8355438593070292E+03   4.9742822321449914E-02
   4.7000000000000000E+08   1.0922205027766699E-02   1.8333690305359651E+03   4.9830177697184855E-02
   4.8000000000000000E+08   1.0934873690742100E-02   1.8312449699373442E+03   4.9915698539102771E-02
   4.9000000000000000E+08   1.0947281142440424E-02   1.8291694698002182E+03   4.9999456815942242E-02
   5.0000000000000000E+08   1.0959437944261215E-02   1.8271404560082610E+03   5.0081527715342314E-02
   5.1000000000000000E+08   1.0971353984780908E-02   1.8251559899397005E+03   5.0161970978321140E-02
   5.2000000000000000E+08   1.0983038683112772E-02   1.8232142324929357E+03   5.0240858232316096E-02
   5.3000000000000000E+08   1.0994500813563837E-02   1.8213134714008731E+03   5.0318243551455172E-02
   5.4000000000000000E+08   1.1005748711072494E-02   1.8194520853384381E+03   5.0394185747580644E-02
   5.5000000000000000E+08   1.1016790185696908E-02   1.8176285565526500E+03   5.0468733894759921E-02
   5.6000000000000000E+08   1.1027632722052778E-02   1.8158414364877535E+03   5.0541940267064128E-02
   5.7000000000000000E+08   1.1038283375924425E-02   1.8140893616435797E+03   5.0613853057739688E-02
   5.8000000000000000E+08   1.1048748814013250E-02   1.8123710458214478E+03   5.0684519240143888E-02
   5.9000000000000000E+08   1.1059035310283804E-02   1.8106852796148453E+03   5.0753974185080042E-02
   6.0000000000000000E+08   1.1069148959177552E-02   1.8090308945087602E+03   5.0822266911020625E-02
   6.1000000000000000E+08   1.1079095401045980E-02   1.8074068069836428E+03   5.0889428227590489E-02
   6.2000000000000000E+08   1.1088880162002221E-02   1.8058119621211631E+03   5.0955501131489334E-02
   6.3000000000000000E+08   1.1098508356032906E-02   1.8042453815144295E+03   5.1020518267710299E-02
   6.4000000000000000E+08   1.1107984921838286E-02   1.8027061239256511E+03   5.1084513118416580E-02
   6.5000000000000000E+08   1.1117314569821497E-02   1.8011932933362339E+03   5.1147517702738565E-02
   6.6000000000000000E+08   1.1126501795181855E-02   1.7997060362442862E+03   5.1209560504933735E-02
   6.7000000000000000E+08   1.1135550811112853E-02   1.7982435519119590E+03   5.1270668715942658E-02
   6.8000000000000000E+08   1.1144465804926819E-02   1.7968050504690088E+03   5.1330873977960739E-02
   6.9000000000000000E+08   1.1153250691734874E-02   1.7953897923150600E+03   5.1390205030536547E-02
   7.0000000000000000E+08   1.1161909073773194E-02   1.7939970941102258E+03   5.1448674682745325E-02
   7.1000000000000000E+08   1.1170444740688146E-02   1.7926262479176889E+03   5.1506323842737220E-02
   7.2000000000000000E+08   1.1178860960079130E-02   1.7912766349434878E+03   5.1563161725557451E-02
   7.3000000000000000E+08   1.1187161178040642E-02   1.7899476126595707E+03   5.1619223369315501E-02
   7.4000000000000000E+08   1.1195348381121266E-02   1.7886386168061470E+03   5.1674515928051092E-02
   7.5000000000000000E+08   1.1203425746214855E-02   1.7873490570361525E+03   5.1729069275865944E-02
   7.6000000000000000E+08   1.1211396108140211E-02   1.7860784018265683E+03   5.1782902429121466E-02
   7.7000000000000000E+08   1.1219262254692620E-02   1.7848261310315804E+03   5.1836029935097769E-02
   7.8000000000000000E+08   1.1227026932854050E-02   1.7835917347337490E+03   5.1888474790161676E-02
   7.9000000000000000E+08   1.1234692733951160E-02   1.7823747313140116E+03   5.1940253987121779E-02
   8.0000000000000000E+08   1.1242262072121770E-02   1.7811746705965586E+03   5.1991379954064457E-02
   8.1000000000000000E+08   1.1249737349653767E-02   1.7799911074090960E+03   5.2041869887278366E-02
   8.2000000000000000E+08   1.1257120863982702E-02   1.7788236161823668E+03   5.2091734673015130E-02
   8.3000000000000000E+08   1.1264414974290258E-02   1.7776717644702505E+03   5.2141003240424956E-02
   8.4000000000000000E+08   1.1271621746704989E-02   1.7765351688567246E+03   5.2189686960556203E-02
   8.5000000000000000E+08   1.1278743141094331E-02   1.7754134651858724E+03   5.2237784458529668E-02
   8.6000000000000000E+08   1.1285781306758351E-02   1.7743062619049940E+03   5.2285325881763191E-02
   8.7000000000000000E+08   1.1292738153663204E-02   1.7732132075138954E+03   5.2332322128143656E-02
   8.8000000000000000E+08   1.1299615403749024E-02   1.7721339822263249E+03   5.2378774493017519E-02
   8.9000000000000000E+08   1.1306415061137170E-02   1.7710682240828392E+03   5.2424711202020149E-02
   9.0000000000000000E+08   1.1313138671358670E-02   1.7700156450629636E+03   5.2470129609254283E-02
   9.1000000000000000E+08   1.1319787885399580E-02   1.7689759424643873E+03   5.2515039137423974E-02
   9.2000000000000000E+08   1.1326364554709718E-02   1.7679487841264245E+03   5.2559466296835812E-02
   9.3000000000000000E+08   1.1332870127998093E-02   1.7669339026131518E+03   5.2603414537217702E-02
   9.4000000000000000E+08   1.1339306011318221E-02   1.7659310387323949E+03   5.2646883164807853E-02
   9.5000000000000000E+08   1.1345673929593550E-02   1.7649398852227575E+03   5.2689906139582687E-02
   9.6000000000000000E+08   1.1351975119983596E-02   1.7639602123353325E+03   5.2732472833632485E-02
   9.7000000000000000E+08   1.1358210956698183E-02   1.7629917703952165E+03   5.2774593842092557E-02
   9.8000000000000000E+08   1.1364382908811227E-02   1.7620342964285364E+03   5.2816292833949716E-02
   9.9000000000000000E+08   1.1370492095744223E-02   1.7610875830577706E+03   5.2857554369073870E-02
   1.0000000000000000E+09   1.1376539974522270E-02   1.7601513718508736E+03   5.2898411221403027E-02
   1.1000000000000000E+09   1.1433893711244382E-02   1.7513222484637181E+03   5.3285881139171293E-02
   1.2000000000000000E+09   1.1486253529753151E-02   1.7433388868878656E+03   5.3639623965190536E-02
   1.3000000000000000E+09   1.1534419993820294E-02   1.7360588962253858E+03   5.3965058802010968E-02
   1.4000000000000000E+09   1.1579015260243198E-02   1.7293726619245424E+03   5.4266375270927383E-02
   1.5000000000000000E+09   1.1620532243796566E-02   1.7231940863777040E+03   5.4546883478983121E-02
   1.6000000000000000E+09   1.1659369197331623E-02   1.7174541867714845E+03   5.4809329621592393E-02
   1.7000000000000000E+09   1.1695850669103757E-02   1.7120971368050248E+03   5.5055836197548495E-02
   1.8000000000000000E+09   1.1730246227119700E-02   1.7070769066020339E+03   5.5288248369157938E-02
   1.9000000000000000E+09   1.1762781955461611E-02   1.7023551502435250E+03   5.5508125837177111E-02
   2.0000000000000000E+09   1.1793648324893666E-02   1.6978997415757026E+03   5.5716711294374506E-02
   2.1000000000000000E+09   1.1823008359244994E-02   1.6936833532231735E+03   5.5915121073553321E-02
   2.2000000000000000E+09   1.1851002305725035E-02   1.6896826046011470E+03   5.6104302024478678E-02
   2.3000000000000000E+09   1.1877751657462250E-02   1.6858773461971850E+03   5.6285074670666166E-02
   2.4000000000000000E+09   1.1903362445332265E-02   1.6822500814401374E+03   5.6458154774509745E-02
   2.5000000000000000E+09   1.1927927577894577E-02   1.6787855486465176E+03   5.6624170343107592E-02
   2.6000000000000000E+09   1.1951529152817825E-02   1.6754703257658450E+03   5.6783675566901733E-02
   2.7000000000000000E+09   1.1974239859455914E-02   1.6722925779091204E+03   5.6937161800518596E-02
   2.8000000000000000E+09   1.1996124539583847E-02   1.6692417936306567E+03   5.7085066860011871E-02
   2.9000000000000000E+09   1.2017241170291987E-02   1.6663086110458025E+03   5.7227782426636856E-02
   3.0000000000000000E+09   1.2037641828830133E-02   1.6634846532078393E+03   5.7365660342236419E-02
   3.1000000000000000E+09   1.2057373557584086E-02   1.6607623830710884E+03   5.7499017910251235E-02
   3.2000000000000000E+09   1.2076478733454701E-02   1.6581350313315472E+03   5.7628142076365019E-02
   3.3000000000000000E+09   1.2094995987281015E-02   1.6555964519648608E+03   5.7753293409453371E-02
   3.4000000000000000E+09   1.2112960359193964E-02   1.6531410860164137E+03   5.7874709040578454E-02
   3.5000000000000000E+09   1.2130403953520762E-02   1.6507638591260375E+03   5.7992605580356800E-02
   3.6000000000000000E+09   1.2147356153549827E-02   1.6484601414456697E+03   5.8107181315965109E-02
   3.7000000000000000E+09   1.2163843834206475E-02   1.6462257092416871E+03   5.8218618165327043E-02
   3.8000000000000000E+09   1.2179891731018463E-02   1.6440566866514557E+03   5.8327083508657965E-02
   3.9000000000000000E+09   1.2195522871313981E-02   1.6419494805075287E+03   5.8432731836318162E-02
   4.0000000000000000E+09   1.2210758154533605E-02   1.6399008308617604E+03   5.8535705626697646E-02
   4.1000000000000000E+09   1.2225617281045816E-02   1.6379076804667261E+03   5.8636137079536743E-02
   4.2000000000000000E+09   1.2240118291491041E-02   1.6359672321951380E+03   5.8734148631132445E-02
   4.3000000000000000E+09   1.2254278078300439E-02   1.6340768762649859E+03   5.8829854193817185E-02
   4.4000000000000000E+09   1.2268112338275886E-02   1.6322341930792782E+03   5.8923359782842841E-02
   4.5000000000000000E+09   1.2281635684183084E-02   1.6304369351111889E+03   5.9014764271653648E-02
   4.6000000000000000E+09   1.2294861671799624E-02   1.6286830204036498E+03   5.9104159902900646E-02
   4.7000000000000000E+09   1.2307803361504119E-02   1.6269704556463212E+03   5.9191633312421152E-02
   4.8000000000000000E+09   1.2320472493656818E-02   1.6252974432093602E+03   5.9277265234981544E-02
   4.9000000000000000E+09   1.2332880339636055E-02   1.6236622663657986E+03   5.9361131636141262E-02
   5.0000000000000000E+09   1.2345037655390778E-02   1.6220632939363691E+03   5.9443304002991651E-02
   5.1000000000000000E+09   1.2356954133893681E-02   1.6204990506638685E+03   5.9523849237565998E-02
   5.2000000000000000E+09   1.2368639255872609E-02   1.6189681038327728E+03   5.9602830635229490E-02
   5.3000000000000000E+09   1.2380101776801737E-02   1.6174691294213874E+03   5.9680307721009074E-02
   5.4000000000000000E+09   1.2391349988123034E-02   1.6160008766006015E+03   5.9756336707192166E-02
   5.5000000000000000E+09   1.2402391737729463E-02   1.6145621640183413E+03   5.9830970699538119E-02
   5.6000000000000000E+09   1.2413234760215944E-02   1.6131518359138261E+03   5.9904260226981240E-02
   5.7000000000000000E+09   1.2423885577886144E-02   1.6117689041433300E+03   5.9976252448791775E-02
   5.8000000000000000E+09   1.2434351411143645E-02   1.6104122990384371E+03   6.0046992921735043E-02
   5.9000000000000000E+09   1.2444638087016251E-02   1.6090811402513650E+03   6.0116524032998706E-02
   6.0000000000000000E+09   1.2454752013646354E-02   1.6077744800644298E+03   6.0184886771631738E-02
   6.1000000000000000E+09   1.2464698777445812E-02   1.6064914845198498E+03   6.0252119630645015E-02
   6.2000000000000000E+09   1.2474483679733439E-02   1.6052313632510654E+03   6.0318259236172109E-02
   6.3000000000000000E+09   1.2484112158907297E-02   1.6039933147175736E+03   6.0383340799780846E-02
   6.4000000000000000E+09   1.2493588947434421E-02   1.6027766342659870E+03   6.0447397479615174E-02
   6.5000000000000000E+09   1.2502918815897639E-02   1.6015806179282172E+03   6.0510461105011563E-02
   6.6000000000000000E+09   1.2512106046445589E-02   1.6004046296234974E+03   6.0572561845653149E-02
   6.7000000000000000E+09   1.2521155387086435E-02   1.5992479786429026E+03   6.0633729014900724E-02
   6.8000000000000000E+09   1.2530070512591756E-02   1.5981101162159193E+03   6.0693989944331311E-02
   6.9000000000000000E+09   1.2538855672369958E-02   1.5969904245087203E+03   6.0753371354431741E-02
   7.0000000000000000E+09   1.2547514113178471E-02   1.5958884176141557E+03   6.0811898149559729E-02
   7.1000000000000000E+09   1.2556049976857019E-02   1.5948034995066268E+03   6.0869595044713454E-02
   7.2000000000000000E+09   1.2564466321122300E-02   1.5937352157495397E+03   6.0926484920754226E-02
   7.3000000000000000E+09   1.2572766710856600E-02   1.5926830508817566E+03   6.0982590272689152E-02
   7.4000000000000000E+09   1.2580954103044995E-02   1.5916465698118334E+03   6.1037932290004898E-02
   7.5000000000000000E+09   1.2589031550281493E-02   1.5906253283338483E+03   6.1092531463086144E-02
   7.6000000000000000E+09   1.2597002006284618E-02   1.5896188976616445E+03   6.1146407503805261E-02
   7.7000000000000000E+09   1.2604868310136543E-02   1.5886268662536115E+03   6.1199579369517539E-02
   7.8000000000000000E+09   1.2612633155962082E-02   1.5876488434618418E+03   6.1252065222563296E-02
   7.9000000000000000E+09   1.2620299082839971E-02   1.5866844606162485E+03   6.1303882509493438E-02
   8.0000000000000000E+09   1.2627868448953999E-02   1.5857333740858182E+03   6.1355047939807769E-02
   8.1000000000000000E+09   1.2635343822901452E-02   1.5847952160017651E+03   6.1405577828402780E-02
   8.2000000000000000E+09   1.2642727580925425E-02   1.5838696448133007E+03   6.1455487855789540E-02
   8.3000000000000000E+09   1.2650021868098580E-02   1.5829563499467326E+03   6.1504792960577412E-02
   8.4000000000000000E+09   1.2657228596374399E-02   1.5820550518308230E+03   6.1553507470907279E-02
   8.5000000000000000E+09   1.2664350269590280E-02   1.5811653986825106E+03   6.1601645689353106E-02
   8.6000000000000000E+09   1.2671388279116446E-02   1.5802871794303462E+03   6.1649220634513183E-02
   8.7000000000000000E+09   1.2678345027168329E-02   1.5794200583878630E+03   6.1696245684815493E-02
   8.8000000000000000E+09   1.2685222654161735E-02   1.5785637342756545E+03   6.1742733657241283E-02
   8.9000000000000000E+09   1.2692022324681231E-02   1.5777180287598183E+03   6.1788696175040958E-02
   9.0000000000000000E+09   1.2698746004867846E-02   1.5768826650596566E+03   6.1834145161672613E-02
   9.1000000000000000E+09   1.2705395341415224E-02   1.5760574075014340E+03   6.1879091928552232E-02
   9.2000000000000000E+09   1.2711972114905157E-02   1.5752420051010376E+03   6.1923547606056568E-02
   9.3000000000000000E+09   1.2718477518272845E-02   1.5744362809386771E+03   6.1967522474174558E-02
   9.4000000000000000E+09   1.2724913810205792E-02   1.5736399272906217E+03   6.2011027430685733E-02
   9.5000000000000000E+09   1.2731281458251127E-02   1.5728528592142518E+03   6.2054071611827570E-02
   9.6000000000000000E+09   1.2737582949696173E-02   1.5720747430774782E+03   6.2096665518685937E-02
   9.7000000000000000E+09   1.2743818700237230E-02   1.5713055022274380E+03   6.2138817707460131E-02
   9.8000000000000000E+09   1.2749990925472606E-02   1.5705448388253994E+03   6.2180537920409298E-02
   9.9000000000000000E+09   1.2756099969697685E-02   1.5697926866863720E+03   6.2221834202317805E-02
   1.0000000000000000E+10   1.2762148249707955E-02   1.5690487252825876E+03   6.2262715958541839E-02
   1.1000000000000000E+10   1.2819502373597347E-02   1.5620288416431345E+03   6.2650407930314969E-02
   1.2000000000000000E+10   1.2871862379358504E-02   1.5556748396551482E+03   6.3004344797111048E-02
   1.3000000000000000E+10   1.2920029359069078E-02   1.5498751501687370E+03   6.3329937090241845E-02
   1.4000000000000000E+10   1.2964624674340963E-02   1.5445439375274157E+03   6.3631389384734449E-02
   1.5000000000000000E+10   1.3006141943202194E-02   1.5396135556968659E+03   6.3912035798087588E-02
   1.6000000000000000E+10   1.3044978638299429E-02   1.5350299144439309E+03   6.4174563639094365E-02
   1.7000000000000000E+10   1.3081460450897007E-02   1.5307489953614911E+03   6.4421171585241466E-02
   1.8000000000000000E+10   1.3115856179719878E-02   1.5267346766148628E+03   6.4653680137466196E-02
   1.9000000000000000E+10   1.3148392352017963E-02   1.5229567164535065E+03   6.4873615311376837E-02
   2.0000000000000000E+10   1.3179258408076693E-02   1.5193899249141386E+03   6.5082266358356344E-02
   2.1000000000000000E+10   1.3208618452190308E-02   1.5160126333841629E+03   6.5280735711373938E-02
   2.2000000000000000E+10   1.3236612504428414E-02   1.5128064250859002E+03   6.5469970881173484E-02
   2.3000000000000000E+10   1.3263361966903683E-02   1.5097554068899742E+03   6.5650793076173886E-02
   2.4000000000000000E+10   1.3288973408604155E-02   1.5068457003688893E+03   6.5823919017060833E-02
   2.5000000000000000E+10   1.3313537970008348E-02   1.5040654473800341E+03   6.5989975808044860E-02
   2.6000000000000000E+10   1.3337139449270730E-02   1.5014038444478140E+03   6.6149519432668905E-02
   2.7000000000000000E+10   1.3359850592267540E-02   1.4988515256795977E+03   6.6303041631093032E-02
   2.8000000000000000E+10   1.3381735095625267E-02   1.4964003023507785E+03   6.6450979606081123E-02
   2.9000000000000000E+10   1.3402851599967904E-02   1.4940426888797031E+03   6.6593725817139987E-02
   3.0000000000000000E+10   1.3423252354326967E-02   1.4917720321794313E+03   6.6731632546327926E-02
   3.1000000000000000E+10   1.3442984346470812E-02   1.4895823670529448E+03   6.6865017238225397E-02
   3.2000000000000000E+10   1.3462089458513413E-02   1.4874683833279867E+03   6.6994166499756980E-02
   3.3000000000000000E+10   1.3480606746708559E-02   1.4854251607006388E+03   6.7119341602159738E-02
   3.4000000000000000E+10   1.3498570879169438E-02   1.4834483311098315E+03   6.7240779317330079E-02
   3.5000000000000000E+10   1.3516014303460284E-02   1.4815338304240433E+03   6.7358696682358457E-02
   3.6000000000000000E+10   1.3532967045039642E-02   1.4796779136775781E+03   6.7473292609273733E-02
   3.7000000000000000E+10   1.3549454854305287E-02   1.4778773506676534E+03   6.7584748424064603E-02
   3.8000000000000000E+10   1.3565502770839070E-02   1.4761290297413059E+03   6.7693231544482216E-02
   3.9000000000000000E+10   1.3581133730628324E-02   1.4744301057806651E+03   6.7798896569858227E-02
   4.0000000000000000E+10   1.3596368822041481E-02   1.4727779677916258E+03   6.7901886190089827E-02
   4.1000000000000000E+10   1.3611227750709779E-02   1.4711701846313952E+03   6.8002332742320371E-02
   4.2000000000000000E+10   1.3625729398396270E-02   1.4696044415375313E+03   6.8100359273447431E-02
   4.3000000000000000E+10   1.3639888217361208E-02   1.4680789258656864E+03   6.8196077869629529E-02
   4.4000000000000000E+10   1.3653722368522438E-02   1.4665914468303822E+03   6.8289596625703539E-02
   4.5000000000000000E+10   1.3667247074500399E-02   1.4651401510427193E+03   6.8381014808603410E-02
   4.6000000000000000E+10   1.3680471794005566E-02   1.4637238206832799E+03   6.8470421460858882E-02
   4.7000000000000000E+10   1.3693413710702658E-02   1.4623404262898114E+03   6.8557906575036076E-02
   4.8000000000000000E+10   1.3706083840539231E-02   1.4609886146941783E+03   6.8643550530397154E-02
   4.9000000000000000E+10   1.3718491068576401E-02   1.4596672726594306E+03   6.8727426972252870E-02
   5.0000000000000000E+10   1.3730648383077712E-02   1.4583748621624245E+03   6.8809609489217050E-02
   5.1000000000000000E+10   1.3742565258842647E-02   1.4571102313075767E+03   6.8890164866427836E-02
   5.2000000000000000E+10   1.3754249870974733E-02   1.4558723762412344E+03   6.8969155305174820E-02
   5.3000000000000000E+10   1.3765712941281340E-02   1.4546600331190518E+03   6.9046641953077401E-02
   5.4000000000000000E+10   1.3776959631784252E-02   1.4534725351792522E+03   6.9122678295347725E-02
   5.5000000000000000E+10   1.3788003056167383E-02   1.4523083844338671E+03   6.9197322128213765E-02
   5.6000000000000000E+10   1.3798846249104825E-02   1.4511671542373133E+03   6.9270620004725544E-02
   5.7000000000000000E+10   1.3809497220802396E-02   1.4500478998545439E+03   6.9342620141974440E-02
   5.8000000000000000E+10   1.3819962044111508E-02   1.4489498870659929E+03   6.9413367353620331E-02
   5.9000000000000000E+10   1.3830249013671232E-02   1.4478721549610191E+03   6.9482905961215841E-02
   6.0000000000000000E+10   1.3840362775419581E-02   1.4468141311031943E+03   6.9551275515108618E-02
   6.1000000000000000E+10   1.3850310178180511E-02   1.4457750177044950E+03   6.9618515813176338E-02
   6.2000000000000000E+10   1.3860093995780514E-02   1.4447544474927656E+03   6.9684661181952379E-02
   6.3000000000000000E+10   1.3869722292440562E-02   1.4437515056797949E+03   6.9749748870140765E-02
   6.4000000000000000E+10   1.3879200695939486E-02   1.4427655368460839E+03   6.9813813021824100E-02
   6.5000000000000000E+10   1.3888528760291667E-02   1.4417965206165688E+03   6.9876881173478442E-02
   6.6000000000000000E+10   1.3897716330836089E-02   1.4408433706940543E+03   6.9938988099117971E-02
   6.7000000000000000E+10   1.3906767206457119E-02   1.4399056334080312E+03   7.0000162230243829E-02
   6.8000000000000000E+10   1.3915682165360065E-02   1.4389831705784397E+03   7.0060428416051562E-02
   6.9000000000000000E+10   1.3924465759423157E-02   1.4380754557510018E+03   7.0119813879551116E-02
   7.0000000000000000E+10   1.3933124711228923E-02   1.4371817419342897E+03   7.0178346167435957E-02
   7.1000000000000000E+10   1.3941660937880542E-02   1.4363017815663400E+03   7.0236048391027955E-02
   7.2000000000000000E+10   1.3950078412645166E-02   1.4354351173338466E+03   7.0292944248977862E-02
   7.3000000000000000E+10   1.3958377682493195E-02   1.4345816468475857E+03   7.0349053274939899E-02
   7.4000000000000000E+10   1.3966565276022009E-02   1.4337406547227397E+03   7.0404400130575001E-02
   7.5000000000000000E+10   1.3974642344535163E-02   1.4329119808137564E+03   7.0459003479120902E-02
   7.6000000000000000E+10   1.3982612218290226E-02   1.4320952430389457E+03   7.0512883386893987E-02
   7.7000000000000000E+10   1.3990478491950675E-02   1.4312900344754180E+03   7.0566059359534777E-02
   7.8000000000000000E+10   1.3998243172324282E-02   1.4304961127308950E+03   7.0618549491818089E-02
   7.9000000000000000E+10   1.4005908263400202E-02   1.4297132371913995E+03   7.0670369983735631E-02
   8.0000000000000000E+10   1.4013478225224141E-02   1.4289409182531049E+03   7.0721539898368768E-02
   8.1000000000000000E+10   1.4020955654288757E-02   1.4281788586177124E+03   7.0772075340009344E-02
   8.2000000000000000E+10   1.4028339222195985E-02   1.4274271619685760E+03   7.0821989005679056E-02
   8.3000000000000000E+10   1.4035631845077565E-02   1.4266855004532229E+03   7.0871296500089304E-02
   8.4000000000000000E+10   1.4042838760270579E-02   1.4259533122123407E+03   7.0920014614539076E-02
   8.5000000000000000E+10   1.4049959154416701E-02   1.4252306517757283E+03   7.0968155462589180E-02
   8.6000000000000000E+10   1.4057000843106683E-02   1.4245166992994327E+03   7.1015736700891396E-02
   8.7000000000000000E+10   1.4063956719404171E-02   1.4238121492114508E+03   7.1062764331912803E-02
   8.8000000000000000E+10   1.4070835013632618E-02   1.4231161422666728E+03   7.1109256018152212E-02
   8.9000000000000000E+10   1.4077630878383573E-02   1.4224291442262145E+03   7.1155218781122465E-02
   9.0000000000000000E+10   1.4084355217649256E-02   1.4217500292792135E+03   7.1200671394552689E-02
   9.1000000000000000E+10   1.4091005692480766E-02   1.4210790116816929E+03   7.1245622134792436E-02
   9.2000000000000000E+10   1.4097584586899546E-02   1.4204158392977311E+03   7.1290082631179474E-02
   9.3000000000000000E+10   1.4104089501433610E-02   1.4197607325900967E+03   7.1334059787967682E-02
   9.4000000000000000E+10   1.4110525357715731E-02   1.4191131751251330E+03   7.1377567433645345E-02
   9.5000000000000000E+10   1.4116894690849955E-02   1.4184728923458474E+03   7.1420615686895866E-02
   9.6000000000000000E+10   1.4123193006003950E-02   1.4178403166025582E+03   7.1463209572513703E-02
   9.7000000000000000E+10   1.4129430525444620E-02   1.4172144027327354E+03   7.1505366202214482E-02
   9.8000000000000000E+10   1.4135602737282335E-02   1.4165955859991509E+03   7.1547088863245401E-02
   9.9000000000000000E+10   1.4141712806809535E-02   1.4159835316008885E+03   7.1588388613455747E-02
   1.0000000000000000E+11   1.4147758812768184E-02   1.4153784149189669E+03   7.1629270987036836E-02
   1.1000000000000000E+11   1.4205113464606950E-02   1.4096636744904554E+03   7.2016986031245650E-02
