   0.0000000000000000E+00   0.0000000000000000E+00   1.0000000000000000E+30   0.0000000000000000E+00
   1.0000000000000001E-01   0.0000000000000000E+00   1.0000000000000000E+30   0.0000000000000000E+00
   2.0000000000000001E-01   0.0000000000000000E+00   1.0000000000000000E+30   0.0000000000000000E+00
   3.0000000000000004E-01   0.0000000000000000E+00   1.0000000000000000E+30   0.0000000000000000E+00
   4.0000000000000002E-01   0.0000000000000000E+00   1.0000000000000000E+30   0.0000000000000000E+00
   5.0000000000000000E-01   0.0000000000000000E+00   1.0000000000000000E+30   0.0000000000000000E+00
   5.9999999999999998E-01   0.0000000000000000E+00   1.0000000000000000E+30   0.0000000000000000E+00
   6.9999999999999996E-01   0.0000000000000000E+00   1.0000000000000000E+30   0.0000000000000000E+00
   7.9999999999999993E-01   0.0000000000000000E+00   1.0000000000000000E+30   0.0000000000000000E+00
   8.9999999999999991E-01   0.0000000000000000E+00   1.0000000000000000E+30   0.0000000000000000E+00
   9.9999999999999989E-01   0.0000000000000000E+00   1.0000000000000000E+30   0.0000000000000000E+00
   1.0999999999999999E+00   0.0000000000000000E+00   1.0000000000000000E+30   0.0000000000000000E+00
   1.2000000000000000E+00   0.0000000000000000E+00   1.0000000000000000E+30   0.0000000000000000E+00
   1.3000000000000000E+00   4.2012388505133901E-03   4.7663161166437130E+03   2.4547259799122945E-04
   1.4000000000000001E+00   1.0328123468538022E-02   1.9388258190436018E+03   6.2200188736467161E-04
   1.5000000000000002E+00   1.7502205788936728E-02   1.1441090731391848E+03   1.0860782049389008E-03
   1.6000000000000003E+00   2.8450102437247004E-02   7.0384394879561478E+02   1.8538583862484220E-03
   1.7000000000000004E+00   3.6851183975280352E-02   5.4338640670280756E+02   2.4721322306144261E-03
   1.8000000000000005E+00   4.5689100818583246E-02   4.3827591448083575E+02   3.1527734819917844E-03
   1.9000000000000006E+00   5.4810870815577201E-02   3.6533687834386222E+02   3.8869269935124396E-03
   2.0000000000000004E+00   6.6649832935786316E-02   3.0044235013108261E+02   4.9153358156736318E-03
   2.1000000000000005E+00   7.6049411474946524E-02   2.6330818417534317E+02   5.7621216710517821E-03
   2.2000000000000006E+00   8.5671137565155583E-02   2.3373604007350164E+02   6.6616371872755412E-03
   2.3000000000000007E+00   9.5716098285569817E-02   2.0920652640194970E+02   7.6299879798393368E-03
   2.4000000000000008E+00   1.0601211989976357E-01   1.8888814280862556E+02   8.6565869514599551E-03
   2.5000000000000009E+00   1.1839307517014942E-01   1.6913516617668242E+02   9.9912284986920126E-03
   2.6000000000000010E+00   1.2794884876155554E-01   1.5650342020965775E+02   1.1054016958775136E-02
   2.7000000000000011E+00   1.3749073107891593E-01   1.4564205372926699E+02   1.2150185532018897E-02
   2.8000000000000012E+00   1.4690509174927935E-01   1.3630863440218303E+02   1.3266967906709427E-02
   2.9000000000000012E+00   1.5573126284180105E-01   1.2858325346923701E+02   1.4365569304313101E-02
   3.0000000000000013E+00   1.6394528500767780E-01   1.2214094746386823E+02   1.5441509585999170E-02
   3.1000000000000014E+00   1.7205926460799259E-01   1.1638101841649677E+02   1.6537558429313030E-02
   3.2000000000000015E+00   1.8010017785001262E-01   1.1118496762256403E+02   1.7651520146216779E-02
   3.3000000000000016E+00   1.9083618319809081E-01   1.0492995671730667E+02   1.9231187487504364E-02
   3.4000000000000017E+00   1.9827692559386209E-01   1.0099224800412961E+02   2.0364432215938803E-02
   3.5000000000000018E+00   2.0540701264750783E-01   9.7486605666355416E+01   2.1492067777000436E-02
   3.6000000000000019E+00   2.1248474063304784E-01   9.4239390477705044E+01   2.2637052010966777E-02
   3.7000000000000020E+00   2.1945503780042716E-01   9.1246173447528392E+01   2.3794865470424042E-02
   3.8000000000000020E+00   2.2611663830499931E-01   8.8557978719202225E+01   2.4943108840641392E-02
   3.9000000000000021E+00   2.3248502404529225E-01   8.6132139157361621E+01   2.6084175722029784E-02
   4.0000000000000018E+00   2.4140534819342480E-01   8.2949415134859407E+01   2.7739665335361770E-02
   4.1000000000000014E+00   2.4769281899523421E-01   8.0843815029845331E+01   2.8928796957714487E-02
   4.2000000000000011E+00   2.5373585351565825E-01   7.8918419157645573E+01   3.0112386595749257E-02
   4.3000000000000007E+00   2.5947313664308863E-01   7.7173431909507272E+01   3.1278813524682432E-02
   4.4000000000000004E+00   2.6520379734435684E-01   7.5505828512216681E+01   3.2465920124618866E-02
   4.5000000000000000E+00   2.7083794944771389E-01   7.3935105785230633E+01   3.3656240252390175E-02
   4.5999999999999996E+00   2.7633905458357899E-01   7.2463273326482593E+01   3.4852224820502348E-02
   4.6999999999999993E+00   2.8164087106557506E-01   7.1099170966593633E+01   3.6042489915791530E-02
   4.7999999999999989E+00   2.8924235248685554E-01   6.9230637459919265E+01   3.7783764050906256E-02
   4.8999999999999986E+00   2.9440487483484251E-01   6.8016646987605526E+01   3.9002067831019956E-02
   4.9999999999999982E+00   2.9943518237319994E-01   6.6874013548996714E+01   4.0218732489677916E-02
   5.0999999999999979E+00   3.0418713147275372E-01   6.5829321398710377E+01   4.1420983619326640E-02
   5.1999999999999975E+00   3.0863664418265385E-01   6.4880281782810727E+01   4.2602359008697195E-02
   5.2999999999999972E+00   3.1291259856533948E-01   6.3993691960249912E+01   4.3779410062252264E-02
   5.3999999999999968E+00   3.1929754372727814E-01   6.2714019686212055E+01   4.5510792783646739E-02
   5.4999999999999964E+00   3.2358718480709586E-01   6.1882649818190707E+01   4.6725404135392598E-02
   5.5999999999999961E+00   3.2769768970492424E-01   6.1106419337599533E+01   4.7930389736953481E-02
   5.6999999999999957E+00   3.3157379495817885E-01   6.0392083896730561E+01   4.9123954905970033E-02
   5.7999999999999954E+00   3.3517396844766045E-01   5.9743399929934050E+01   5.0293672852571622E-02
   5.8999999999999950E+00   3.4033571305135796E-01   5.8837294104512367E+01   5.1968680178647572E-02
   5.9999999999999947E+00   3.4321985025640384E-01   5.8342873898792092E+01   5.3092624323052902E-02
   6.0999999999999943E+00   3.4587203016238899E-01   5.7895495145039874E+01   5.4199599283422217E-02
   6.1999999999999940E+00   3.5008743127992381E-01   5.7198375759626998E+01   5.5793541013992261E-02
   6.2999999999999936E+00   3.5266040494964179E-01   5.6781062353543959E+01   5.6921643117244111E-02
   6.3999999999999932E+00   3.5517794887935766E-01   5.6378591368782637E+01   5.8049111037418895E-02
   6.4999999999999929E+00   3.5912004472099129E-01   5.5759718059260990E+01   5.9637459805349971E-02
   6.5999999999999925E+00   3.6163382049670884E-01   5.5372123148127713E+01   6.0793811990037513E-02
   6.6999999999999922E+00   3.6416800818877104E-01   5.4986797282565696E+01   6.1964454239322168E-02
   6.7999999999999918E+00   3.6663643396727075E-01   5.4616591772925759E+01   6.3132635683459976E-02
   6.8999999999999915E+00   3.7047013882395047E-01   5.4051407507873130E+01   6.4750259745272348E-02
   6.9999999999999911E+00   3.7315964415219482E-01   5.3661838188763575E+01   6.5975133313679574E-02
   7.0999999999999908E+00   3.7591251498812039E-01   5.3268863484644790E+01   6.7215343444936099E-02
   7.1999999999999904E+00   3.7870631901933555E-01   5.2875886768737253E+01   6.8469954040541847E-02
   7.2999999999999901E+00   3.8267223356940422E-01   5.2327894961942413E+01   7.0144185933889325E-02
   7.3999999999999897E+00   3.8562486326369311E-01   5.1927233824077426E+01   7.1448549118273891E-02
   7.4999999999999893E+00   3.8868296108770495E-01   5.1518678325992362E+01   7.2770920388315910E-02
   7.5999999999999890E+00   3.9180642086154321E-01   5.1107974185415202E+01   7.4111824835359774E-02
   7.6999999999999886E+00   3.9594725165307909E-01   5.0573485128308647E+01   7.5844844850587970E-02
   7.7999999999999883E+00   3.9894340401602962E-01   5.0193667175575335E+01   7.7198996070241693E-02
   7.8999999999999879E+00   4.0156025869698131E-01   4.9866569236828234E+01   7.8516846164141313E-02
   7.9999999999999876E+00   4.0381441974933313E-01   4.9588205531396810E+01   7.9796980822317773E-02
   8.0999999999999872E+00   4.0681911643860824E-01   4.9221955493071079E+01   8.1431930968986821E-02
   8.1999999999999869E+00   4.0882272441856377E-01   4.8980722565143225E+01   8.2715644455155238E-02
   8.2999999999999865E+00   4.1072676850841061E-01   4.8753658096822157E+01   8.3993374552940744E-02
   8.3999999999999861E+00   4.1337199823114107E-01   4.8441676090200026E+01   8.5600418634252828E-02
   8.4999999999999858E+00   4.1520015294993817E-01   4.8228384071636107E+01   8.6899751757630844E-02
   8.5999999999999854E+00   4.1696911143276927E-01   4.8023778965939904E+01   8.8200308327263638E-02
   8.6999999999999851E+00   4.1937633354885273E-01   4.7748122250057897E+01   8.9794068687919351E-02
   8.7999999999999847E+00   4.2111855473783105E-01   4.7550582176408639E+01   9.1121422079911002E-02
   8.8999999999999844E+00   4.2285231653780375E-01   4.7355617221223042E+01   9.2454604758566622E-02
   8.9999999999999840E+00   4.2462939124483795E-01   4.7157433884565343E+01   9.3803507346646012E-02
   9.0999999999999837E+00   4.2713296394739253E-01   4.6881028001243116E+01   9.5450838553180040E-02
   9.1999999999999833E+00   4.2917383167425360E-01   4.6658092747533544E+01   9.6860089794229137E-02
   9.2999999999999829E+00   4.3129000592981281E-01   4.6429159423486404E+01   9.8289283089076571E-02
   9.3999999999999826E+00   4.3384979277863150E-01   4.6155219563027394E+01   9.9956624862180404E-02
   9.4999999999999822E+00   4.3582346407359834E-01   4.5946200913336121E+01   1.0140533543418156E-01
   9.5999999999999819E+00   4.3775655238523187E-01   4.5743307173732248E+01   1.0285685217145789E-01
   9.6999999999999815E+00   4.3973824220238217E-01   4.5537163979146861E+01   1.0432103681936040E-01
   9.7999999999999812E+00   4.4227078244298401E-01   4.5276408114644461E+01   1.0601829560020268E-01
   9.8999999999999808E+00   4.4454435227692463E-01   4.5044847247542236E+01   1.0755859031537382E-01
   9.9999999999999805E+00   4.4685691873342054E-01   4.4811731907003463E+01   1.0911368905750275E-01
   1.0099999999999980E+01   4.4907201175005917E-01   4.4590693517138426E+01   1.1066160823993233E-01
   1.0199999999999980E+01   4.5153159360570438E-01   4.4347799194219441E+01   1.1238816831508300E-01
   1.0299999999999979E+01   4.5368101695969065E-01   4.4137690788263328E+01   1.1397050052678287E-01
   1.0399999999999979E+01   4.5593178407282586E-01   4.3919799282677729E+01   1.1557411206637414E-01
   1.0499999999999979E+01   4.5826356454780121E-01   4.3696322361632873E+01   1.1718960601038668E-01
   1.0599999999999978E+01   4.6062725883452998E-01   4.3472096058181833E+01   1.1882405656687670E-01
   1.0699999999999978E+01   4.6331161254586328E-01   4.3220225655555858E+01   1.2065854785008885E-01
   1.0799999999999978E+01   4.6567995797800477E-01   4.3000417132011250E+01   1.2233550695912822E-01
   1.0899999999999977E+01   4.6806215119755173E-01   4.2781567344931723E+01   1.2402044599719940E-01
   1.0999999999999977E+01   4.7041150493771322E-01   4.2567905403850808E+01   1.2570760822746918E-01
   1.1099999999999977E+01   4.7309042094052045E-01   4.2326860905918153E+01   1.2758685603665873E-01
   1.1199999999999976E+01   4.7556418135257411E-01   4.2106687652798534E+01   1.2934291487599628E-01
   1.1299999999999976E+01   4.7805896126542657E-01   4.1886951329323090E+01   1.3109754028766479E-01
   1.1399999999999975E+01   4.8057018670686658E-01   4.1668070548217301E+01   1.3287122963062145E-01
   1.1499999999999975E+01   4.8303551652171323E-01   4.1455403915773019E+01   1.3463865222766266E-01
   1.1599999999999975E+01   4.8588711902056442E-01   4.1212108037431165E+01   1.3662926179643714E-01
   1.1699999999999974E+01   4.8837630053367476E-01   4.1002056039963264E+01   1.3845342735062477E-01
   1.1799999999999974E+01   4.9080772613164447E-01   4.0798934851528237E+01   1.4028230598514246E-01
   1.1899999999999974E+01   4.9324126990557893E-01   4.0597641894209190E+01   1.4212193460523503E-01
   1.1999999999999973E+01   4.9597837858755411E-01   4.0373599551047363E+01   1.4415018565857513E-01
   1.2099999999999973E+01   4.9846145373167661E-01   4.0172479322445042E+01   1.4605060946150256E-01
   1.2199999999999973E+01   5.0088437299074129E-01   3.9978153687461557E+01   1.4795154781383990E-01
   1.2299999999999972E+01   5.0327376735986573E-01   3.9788349287741063E+01   1.4986239290915629E-01
   1.2399999999999972E+01   5.0567172534280802E-01   3.9599668004962290E+01   1.5178654244795226E-01
   1.2499999999999972E+01   5.0837232978638724E-01   3.9389304393269661E+01   1.5391566446837085E-01
   1.2599999999999971E+01   5.1081730410936887E-01   3.9200771551749021E+01   1.5589995486553682E-01
   1.2699999999999971E+01   5.1328309174015596E-01   3.9012452904271449E+01   1.5790187918558876E-01
   1.2799999999999971E+01   5.1573855164566407E-01   3.8826712447956332E+01   1.5991340985569438E-01
   1.2899999999999970E+01   5.1817687833798098E-01   3.8644009951387169E+01   1.6194351300518414E-01
   1.2999999999999970E+01   5.2091424332479852E-01   3.8440938599150790E+01   1.6419355977136385E-01
   1.3099999999999969E+01   5.2339097503188015E-01   3.8259032727593308E+01   1.6628060026616229E-01
   1.3199999999999969E+01   5.2589867042513005E-01   3.8076598343335171E+01   1.6838666384405457E-01
   1.3299999999999969E+01   5.2841001922085351E-01   3.7895633532077845E+01   1.7051490480388765E-01
   1.3399999999999968E+01   5.3090974592472717E-01   3.7717206355278989E+01   1.7265661825515488E-01
   1.3499999999999968E+01   5.3341377933202216E-01   3.7540148415640225E+01   1.7482014001076920E-01
   1.3599999999999968E+01   5.3629809888199553E-01   3.7338249911413079E+01   1.7725450566525677E-01
   1.3699999999999967E+01   5.3886615260212156E-01   3.7160308448352225E+01   1.7948731865693876E-01
   1.3799999999999967E+01   5.4145919437902357E-01   3.6982348163903360E+01   1.8174343868214130E-01
   1.3899999999999967E+01   5.4405203777241706E-01   3.6806097675987594E+01   1.8401391449904572E-01
   1.3999999999999966E+01   5.4666512575541981E-01   3.6630162597989994E+01   1.8632524303226863E-01
   1.4099999999999966E+01   5.4926935901893204E-01   3.6456489178347702E+01   1.8864527310199972E-01
   1.4199999999999966E+01   5.5233147296340346E-01   3.6254375177346560E+01   1.9128893874694353E-01
   1.4299999999999965E+01   5.5503157923688584E-01   3.6078005634568235E+01   1.9369375898114860E-01
   1.4399999999999965E+01   5.5772912446717460E-01   3.5903508647144754E+01   1.9611864565967135E-01
   1.4499999999999964E+01   5.6045609878851788E-01   3.5728815310167015E+01   1.9857958080155011E-01
   1.4599999999999964E+01   5.6319541039607046E-01   3.5555034848365288E+01   2.0106135176042284E-01
   1.4699999999999964E+01   5.6596438993855092E-01   3.5381081917973340E+01   2.0357611767772685E-01
   1.4799999999999963E+01   5.6876497143394966E-01   3.5206866542056552E+01   2.0613045897936833E-01
   1.4899999999999963E+01   5.7156843522070533E-01   3.5034181751725747E+01   2.0870552868336534E-01
   1.4999999999999963E+01   5.7493371681429983E-01   3.4829114830883100E+01   2.1170570724871351E-01
   1.5099999999999962E+01   5.7782584616877275E-01   3.4654788420840028E+01   2.1437496609979176E-01
   1.5199999999999962E+01   5.8074380725635100E-01   3.4480664611258653E+01   2.1708174476628475E-01
   1.5299999999999962E+01   5.8368602846992113E-01   3.4306855854617375E+01   2.1982241679744502E-01
   1.5399999999999961E+01   5.8666319658815758E-01   3.4132757192759435E+01   2.2260742823028876E-01
   1.5499999999999961E+01   5.8967190068147013E-01   3.3958600401222959E+01   2.2543704551200910E-01
   1.5599999999999961E+01   5.9269906024799202E-01   3.3785159765047084E+01   2.2830395173564200E-01
   1.5699999999999960E+01   5.9576623177442634E-01   3.3611224294185043E+01   2.3122341590157361E-01
   1.5799999999999960E+01   5.9885398494289099E-01   3.3437921340677526E+01   2.3417528877494945E-01
   1.5899999999999959E+01   6.0200278778688865E-01   3.3263022778825409E+01   2.3718536924737627E-01
