   1.0000000000000000E+00   0.0000000000000000E+00   1.0000000000000000E+30   0.0000000000000000E+00
   2.0000000000000000E+00   0.0000000000000000E+00   1.0000000000000000E+30   0.0000000000000000E+00
   3.0000000000000000E+00   0.0000000000000000E+00   1.0000000000000000E+30   0.0000000000000000E+00
   4.0000000000000000E+00   0.0000000000000000E+00   1.0000000000000000E+30   0.0000000000000000E+00
   5.0000000000000000E+00   0.0000000000000000E+00   1.0000000000000000E+30   0.0000000000000000E+00
   6.0000000000000000E+00   1.7139291466979640E-03   3.3059780157170862E+03   1.6950954758898340E-03
   7.0000000000000000E+00   7.5742573859193174E-03   7.4808813468813537E+02   7.8093874111854573E-03
   8.0000000000000000E+00   1.3983916697019439E-02   4.0519492515912378E+02   1.5010444531952861E-02
   9.0000000000000000E+00   2.0235193043515533E-02   2.8001769329776567E+02   2.2583721589408103E-02
   1.0000000000000000E+01   2.6159612611114932E-02   2.1660152861257211E+02   3.0318242253013068E-02
   1.1000000000000000E+01   3.1736951874775383E-02   1.7853674485934911E+02   3.8151456291161748E-02
   1.1259000000000000E+01   3.3032317423307186E-02   1.7153540900167684E+02   4.0054069705961183E-02
   1.1260999999999999E+01   3.3233158707805785E-02   1.7049875184296991E+02   4.0350558964878699E-02
   1.2000000000000000E+01   3.6989507325146269E-02   1.5318430790853492E+02   4.6069419943494179E-02
   1.3000000000000000E+01   4.1951122561470704E-02   1.3506699543444995E+02   5.4076449688863895E-02
   1.4000000000000000E+01   4.6658639776222387E-02   1.2143971848848798E+02   6.2186125772797973E-02
   1.5000000000000000E+01   5.1144040117891122E-02   1.1078929365805163E+02   7.0411346211471104E-02
   1.6000000000000000E+01   5.5437918016684379E-02   1.0220824089705050E+02   7.8768779589927632E-02
   1.6588999999999999E+01   5.7938094452989967E-02   9.7797694815070017E+01   8.3857075821915830E-02
   1.6591000000000001E+01   5.7937143614755902E-02   9.7799299826667621E+01   8.3856210746230120E-02
   1.7000000000000000E+01   5.9564616979355917E-02   9.5127147068603279E+01   8.7270742832660536E-02
   1.8000000000000000E+01   6.3546931620733882E-02   8.9165785585018881E+01   9.5931707558627191E-02
   1.9000000000000000E+01   6.7403801735227808E-02   8.4063686819000807E+01   1.0476391144602776E-01
   2.0000000000000000E+01   7.1152060359704741E-02   7.9635249504161052E+01   1.1377977568984698E-01
   2.1000000000000000E+01   7.4806108328015278E-02   7.5745312864486863E+01   1.2299045777256763E-01
   2.2000000000000000E+01   7.8379337371846158E-02   7.2292166143210039E+01   1.3240852933724243E-01
   2.3000000000000000E+01   8.1883085670431496E-02   6.9198809901790483E+01   1.4204496475841322E-01
   2.4000000000000000E+01   8.5327499011880290E-02   6.6405463011300697E+01   1.5191101136971544E-01
   2.5000000000000000E+01   8.8722183831931839E-02   6.3864659713672403E+01   1.6201890671022762E-01
   2.6000000000000000E+01   9.2075955440956800E-02   6.1538455423507841E+01   1.7238133266828315E-01
   2.7000000000000000E+01   9.5396546521171369E-02   5.9396406747520054E+01   1.8301061358248868E-01
   2.8000000000000000E+01   9.8691712964872225E-02   5.7413250912941535E+01   1.9392088843755811E-01
   2.9000000000000000E+01   1.0196848488554490E-01   5.5568267841189218E+01   2.0512642034291975E-01
   3.0000000000000000E+01   1.0523364451807182E-01   5.3844111409703693E+01   2.1664267745950258E-01
   3.1000000000000000E+01   1.0849397128551441E-01   5.2226054704633519E+01   2.2848674068640168E-01
   3.2000000000000000E+01   1.1175599560913065E-01   5.0701638409610972E+01   2.4067682526617606E-01
   3.3000000000000000E+01   1.1502626984724268E-01   4.9260156719026554E+01   2.5323292295062283E-01
   3.4000000000000000E+01   1.1831148724106211E-01   4.7892323996698558E+01   2.6617728374813415E-01
   3.5000000000000000E+01   1.2161847902173153E-01   4.6590058723458789E+01   2.7953434851517411E-01
   3.6000000000000000E+01   1.2495448985494628E-01   4.5346206335265343E+01   2.9333177053079590E-01
   3.7000000000000000E+01   1.2832706011332451E-01   4.4154460286680234E+01   3.0760032835940437E-01
   3.8000000000000000E+01   1.3174452711478618E-01   4.3009088905403750E+01   3.2237551785838869E-01
   3.9000000000000000E+01   1.3521602379290026E-01   4.1904886126208716E+01   3.3769813922458886E-01
   4.0000000000000000E+01   1.3875176939774728E-01   4.0837043765815991E+01   3.5361549297646533E-01
   4.1000000000000000E+01   1.4236354912347460E-01   3.9801003236901607E+01   3.7018375649583191E-01
   4.2000000000000000E+01   1.4606518055295667E-01   3.8792353235930172E+01   3.8747036995513268E-01
   4.3000000000000000E+01   1.4987351932055126E-01   3.7806625914757177E+01   4.0555885503954658E-01
   4.4000000000000000E+01   1.5381273524386999E-01   3.6838380583353121E+01   4.2456778738945089E-01
   4.5000000000000000E+01   1.5797330906900584E-01   3.5868160975251214E+01   4.4491608498079022E-01
   4.6000000000000000E+01   1.6202622111512147E-01   3.4970957419628427E+01   4.6514730340353200E-01
   4.7000000000000000E+01   1.6665716855941276E-01   3.3999210045742657E+01   4.8837909755982728E-01
   4.8000000000000000E+01   1.7129632409673567E-01   3.3078421906358891E+01   5.1204395411961612E-01
   4.9000000000000000E+01   1.7677402512925044E-01   3.2053420039156180E+01   5.4008536627759685E-01
   5.0000000000000000E+01   1.8239805871566148E-01   3.1065089833621613E+01   5.6927798334480317E-01
   5.1000000000000000E+01   1.8911480471575390E-01   2.9961758350948394E+01   6.0429453388237642E-01
   5.2000000000000000E+01   1.9591271571976035E-01   2.8922125134467230E+01   6.4022671663641850E-01
   5.3000000000000000E+01   2.0363582399358277E-01   2.7825222342306407E+01   6.8139253624202145E-01
   5.4000000000000000E+01   2.1115760506575959E-01   2.6834042172980787E+01   7.2209591844730570E-01
   5.5000000000000000E+01   2.1950906100576537E-01   2.5813112467969567E+01   7.6775261453802457E-01
   5.6000000000000000E+01   2.2757407550536057E-01   2.4898319665355487E+01   8.1251051990684409E-01
   5.7000000000000000E+01   2.3647039393202884E-01   2.3961613059725831E+01   8.6242681666257948E-01
   5.8000000000000000E+01   2.4502147869635535E-01   2.3125368884505463E+01   9.1111801687117588E-01
   5.9000000000000000E+01   2.5440722834894702E-01   2.2272213396815875E+01   9.6517952943710039E-01
   6.0000000000000000E+01   2.6341864554407624E-01   2.1510292362854479E+01   1.0178350908393312E+00
   6.1000000000000000E+01   2.7332734168424938E-01   2.0730498619585163E+01   1.0764153281744122E+00
   6.2000000000000000E+01   2.8290110083281789E-01   2.0028950268485154E+01   1.1338014383407875E+00
   6.3000000000000000E+01   2.9350841790034587E-01   1.9305109270849083E+01   1.1981317854694704E+00
   6.4000000000000000E+01   3.0385511500558399E-01   1.8647742952676918E+01   1.2617121382101026E+00
   6.5000000000000000E+01   3.1539329090000279E-01   1.7965544109423426E+01   1.3334466683450876E+00
   6.6000000000000000E+01   3.2669826996187407E-01   1.7343869253245405E+01   1.4046204205986841E+00
   6.7000000000000000E+01   3.3938684085470172E-01   1.6695438353504201E+01   1.4854476839684920E+00
   6.8000000000000000E+01   3.5183767166415703E-01   1.6104620214997436E+01   1.5657385463492903E+00
   6.9000000000000000E+01   3.6474937345565639E-01   1.5534535469651935E+01   1.6499763611409390E+00
   7.0000000000000000E+01   3.7782541236909212E-01   1.4996905697663802E+01   1.7362814558792241E+00
   7.1000000000000000E+01   3.9207618629960028E-01   1.4451813901164725E+01   1.8314927362181410E+00
   7.2000000000000000E+01   4.0460457070937239E-01   1.4004320488881120E+01   1.9161312023425960E+00
   7.3000000000000000E+01   4.1787034654320410E-01   1.3559737192058392E+01   2.0067637725255558E+00
   7.4000000000000000E+01   4.3187790425911327E-01   1.3119939741303975E+01   2.1036217436711868E+00
   7.5000000000000000E+01   4.4483936753832454E-01   1.2737658788690839E+01   2.1942507321323488E+00
   7.6000000000000000E+01   4.5831129221745959E-01   1.2363239081597207E+01   2.2895658108561645E+00
   7.7000000000000000E+01   4.7227432181833096E-01   1.1997713654353259E+01   2.3895922717062863E+00
   7.8000000000000000E+01   4.8464811748803771E-01   1.1691393972287676E+01   2.4792031085723467E+00
   7.9000000000000000E+01   4.9730040410281795E-01   1.1393942238399452E+01   2.5719100744961803E+00
   8.0000000000000000E+01   5.1021814015719802E-01   1.1105469667806119E+01   2.6677263945897716E+00
   8.1000000000000000E+01   5.2335805293795634E-01   1.0826645444112309E+01   2.7664388424458699E+00
   8.2000000000000000E+01   5.3408840977938621E-01   1.0609127582118351E+01   2.8478716582003938E+00
   8.3000000000000000E+01   5.4673580223067675E-01   1.0363711423985999E+01   2.9451456686446909E+00
   8.4000000000000000E+01   5.5690449232401118E-01   1.0174477235467458E+01   3.0241726229376451E+00
   8.5000000000000000E+01   5.6890088105236769E-01   9.9599284659195941E+00   3.1186488264853485E+00
   8.6000000000000000E+01   5.7848313146334418E-01   9.7949478062512121E+00   3.1949339890873123E+00
   8.7000000000000000E+01   5.8982170981897397E-01   9.6066522902645737E+00   3.2863868545477453E+00
   8.8000000000000000E+01   5.9907440699696279E-01   9.4582776585028459E+00   3.3618913499637664E+00
   8.9000000000000000E+01   6.0835738373207893E-01   9.3139530003232736E+00   3.4385407996725492E+00
   9.0000000000000000E+01   6.1766346352445789E-01   9.1736235249340528E+00   3.5163187261382984E+00
   9.1000000000000000E+01   6.2698519039129907E-01   9.0372343179971324E+00   3.5952065013132950E+00
   9.2000000000000000E+01   6.3631492053312477E-01   8.9047292411953531E+00   3.6751840387845309E+00
   9.3000000000000000E+01   6.4564503219286862E-01   8.7760484429586523E+00   3.7562313696748846E+00
   9.4000000000000000E+01   6.5268135739750610E-01   8.6814369910511928E+00   3.8182865276502964E+00
   9.5000000000000000E+01   6.5965893341604509E-01   8.5896086484233969E+00   3.8805625559692136E+00
   9.6000000000000000E+01   6.6889891803758705E-01   8.4709541706297333E+00   3.9637866072794998E+00
   9.7000000000000000E+01   6.7577136203948907E-01   8.3848064564019005E+00   4.0268463685151001E+00
   9.8000000000000000E+01   6.8258069941677679E-01   8.3011607042532010E+00   4.0901334835709164E+00
   9.9000000000000000E+01   6.8932620946981160E-01   8.2199283904181222E+00   4.1536539809200184E+00
   1.0000000000000000E+02   6.9600725992044676E-01   8.1410243912223823E+00   4.2174147581005146E+00
   1.1000000000000000E+02   7.4707899882390405E-01   7.5844885057675286E+00   4.7460246134962993E+00
   1.2000000000000000E+02   7.7972916255910663E-01   7.2668977275179092E+00   5.1496511331061585E+00
   1.3000000000000000E+02   7.9779459318510604E-01   7.1023445481856342E+00   5.4387060661915427E+00
   1.4000000000000000E+02   8.0944578019819269E-01   7.0001131862011103E+00   5.6874010311283323E+00
   1.5000000000000000E+02   8.1169277263979456E-01   6.9807349165528576E+00   5.8431264936526013E+00
   1.6000000000000000E+02   8.1059397506713082E-01   6.9901976251562390E+00   5.9722713538434808E+00
   1.7000000000000000E+02   8.0488941714302376E-01   7.0397398186605358E+00   6.0481798397317137E+00
   1.8000000000000000E+02   7.9591580908034598E-01   7.1191098541280784E+00   6.0811685961220743E+00
   1.9000000000000000E+02   7.8658001387475074E-01   7.2036054559383453E+00   6.1126162942517688E+00
   2.0000000000000000E+02   7.7483361732550471E-01   7.3128113607645133E+00   6.1042693822459828E+00
   2.1000000000000000E+02   7.6313772318627382E-01   7.4248879426671346E+00   6.0957519964283051E+00
   2.2000000000000000E+02   7.5060451913573079E-01   7.5488648616244216E+00   6.0688658927668628E+00
   2.3000000000000000E+02   7.3744690603344176E-01   7.6835525827309690E+00   6.0249661422403937E+00
   2.4000000000000000E+02   7.2464812372777787E-01   7.8192599883261265E+00   5.9827171788233438E+00
   2.5000000000000000E+02   7.1145184239652470E-01   7.9642946181621870E+00   5.9252362178953542E+00
   2.6000000000000000E+02   6.9869853127286186E-01   8.1096665097574050E+00   5.8701691575760320E+00
   2.7000000000000000E+02   6.8636937135526632E-01   8.2553393492661691E+00   5.8173840079870081E+00
   2.8000000000000000E+02   6.7382724842805353E-01   8.4089981411388592E+00   5.7512812352453127E+00
   2.8799900000000002E+02   6.6471805086113678E-01   8.5242338043019625E+00   5.7155997785276167E+00
   2.8800099999999998E+02   6.6471506924116996E-01   8.5242720402723631E+00   5.7155721074034860E+00
   2.9000000000000000E+02   6.6232942949873241E-01   8.5549755561496728E+00   5.7030726857843987E+00
   3.0000000000000000E+02   6.5010745220607147E-01   8.7158085332701809E+00   5.6274612188671371E+00
   3.1000000000000000E+02   6.3888103118573136E-01   8.8689627691152548E+00   5.5694008450591710E+00
   3.2000000000000000E+02   6.2804657784840601E-01   9.0219615540169205E+00   5.5136931152020692E+00
   3.3000000000000000E+02   6.1712582182603271E-01   9.1816156107587314E+00   5.4466839682560497E+00
   3.4000000000000000E+02   6.0660811937836812E-01   9.3408114703224872E+00   5.3824335245872303E+00
   3.5000000000000000E+02   5.9647066996393494E-01   9.4995653010445871E+00   5.3207715125958170E+00
   3.6000000000000000E+02   5.8669226299517030E-01   9.6578946696061312E+00   5.2615401619468205E+00
   3.7000000000000000E+02   5.7688279370964923E-01   9.8221200931364123E+00   5.1923855579472749E+00
   3.8000000000000000E+02   5.6778419519112633E-01   9.9795170902438830E+00   5.1378790416918694E+00
   3.9000000000000000E+02   5.5865345220026719E-01   1.0142624299847661E+01   5.0737465344373893E+00
   4.0000000000000000E+02   5.4984235982330232E-01   1.0305157429669681E+01   5.0120450583760476E+00
   4.1000000000000000E+02   5.4163927288581548E-01   1.0461228280754161E+01   4.9637493510509323E+00
   4.2000000000000000E+02   5.3340330825068039E-01   1.0622753912162272E+01   4.9062566037240698E+00
   4.3000000000000000E+02   5.2543938272050550E-01   1.0783759774805871E+01   4.8508156937462816E+00
   4.4000000000000000E+02   5.1773355382422515E-01   1.0944262811685450E+01   4.7973154348635028E+00
   4.5000000000000000E+02   5.1001767644060125E-01   1.1109834700288323E+01   4.7354660908376598E+00
   4.6000000000000000E+02   5.0280093343824628E-01   1.1269295068196477E+01   4.6857515525718272E+00
   4.7000000000000000E+02   4.9580521079823275E-01   1.1428302801331531E+01   4.6376780370248527E+00
   4.8000000000000000E+02   4.8879477585731385E-01   1.1592210799597952E+01   4.5815829335193010E+00
   4.9000000000000000E+02   4.8221969242285345E-01   1.1750271024833161E+01   4.5367344307693998E+00
   5.0000000000000000E+02   4.7562744288195968E-01   1.1913131095100505E+01   4.4840742039695689E+00
   5.1000000000000000E+02   4.6943412601756956E-01   1.2070302871990485E+01   4.4421323599695501E+00
   5.2000000000000000E+02   4.6322211636274352E-01   1.2232170872953469E+01   4.3925838559681472E+00
   5.3000000000000000E+02   4.5719069550356584E-01   1.2393541984136945E+01   4.3445626059769724E+00
   5.4000000000000000E+02   4.5151117602548069E-01   1.2549439261632907E+01   4.3065492795217173E+00
   5.5000000000000000E+02   4.4581105483100036E-01   1.2709895858522804E+01   4.2612221233369745E+00
   5.6000000000000000E+02   4.4026877061129954E-01   1.2869893250917739E+01   4.2172223166033138E+00
   5.7000000000000000E+02   4.3487626766161719E-01   1.3029481029047936E+01   4.1744264782148521E+00
   5.8000000000000000E+02   4.2962676737066574E-01   1.3188684946605342E+01   4.1327575062291988E+00
   5.9000000000000000E+02   4.2451457559390748E-01   1.3347508908387958E+01   4.0921772149557833E+00
   6.0000000000000000E+02   4.1953420027826960E-01   1.3505959885325000E+01   4.0526449594550700E+00
   6.1000000000000000E+02   4.1468048321472656E-01   1.3664043302819680E+01   4.0141233552437994E+00
   6.2000000000000000E+02   4.0994852425374384E-01   1.3821764793018321E+01   3.9765766276852146E+00
   6.3000000000000000E+02   4.0533364703440988E-01   1.3979130824535751E+01   3.9399694619141918E+00
   6.4000000000000000E+02   4.0083140597808631E-01   1.4136148003806840E+01   3.9042676711011874E+00
   6.5000000000000000E+02   3.9643760684631285E-01   1.4292821825243328E+01   3.8694399693679817E+00
   6.6000000000000000E+02   3.9203098455939950E-01   1.4453480216234501E+01   3.8286213792464574E+00
   6.7000000000000000E+02   3.8784610151451260E-01   1.4609434147601435E+01   3.7955616890938844E+00
   6.8000000000000000E+02   3.8375803602305170E-01   1.4765064305102536E+01   3.7632827432141061E+00
   6.9000000000000000E+02   3.7976334512724569E-01   1.4920376471777866E+01   3.7317575274349206E+00
   7.0000000000000000E+02   3.7575515945385207E-01   1.5079532341527576E+01   3.6945491959727859E+00
   7.1000000000000000E+02   3.7194083665141264E-01   1.5234175764331722E+01   3.6645530399694146E+00
   7.2000000000000000E+02   3.6811238749020997E-01   1.5392614516757897E+01   3.6290108626096895E+00
   7.3000000000000000E+02   3.6446601582392602E-01   1.5546612944614203E+01   3.6004372533876401E+00
   7.4000000000000000E+02   3.6089780518362835E-01   1.5700322911626436E+01   3.5724930897582703E+00
   7.5000000000000000E+02   3.5731533924329362E-01   1.5857735331149970E+01   3.5391991733863990E+00
   7.6000000000000000E+02   3.5389860358370834E-01   1.6010834804381965E+01   3.5125372105173551E+00
   7.7000000000000000E+02   3.5046739441069030E-01   1.6167586970559501E+01   3.4806477057303931E+00
   7.8000000000000000E+02   3.4719227349993714E-01   1.6320098435258640E+01   3.4551821272859540E+00
   7.9000000000000000E+02   3.4390256476136088E-01   1.6476213497890260E+01   3.4246049128749254E+00
   8.0000000000000000E+02   3.4068109517437822E-01   1.6632012048041450E+01   3.3946885926571593E+00
   8.1000000000000000E+02   3.3760301373040458E-01   1.6783653726518597E+01   3.3709124389602163E+00
   8.2000000000000000E+02   3.3450995618697948E-01   1.6938844344330956E+01   3.3421858067264338E+00
   8.3000000000000000E+02   3.3155231343812519E-01   1.7089948855198234E+01   3.3194213748505410E+00
   8.4000000000000000E+02   3.2857985891695185E-01   1.7244550832047018E+01   3.2918117358639818E+00
   8.5000000000000000E+02   3.2566570946654999E-01   1.7398859980566069E+01   3.2647666755730205E+00
   8.6000000000000000E+02   3.2287643274939848E-01   1.7549165887490034E+01   3.2434389186179504E+00
   8.7000000000000000E+02   3.2007228923261033E-01   1.7702913592005252E+01   3.2174108873485170E+00
   8.8000000000000000E+02   3.1732141280552650E-01   1.7856381103889788E+01   3.1918984573656326E+00
   8.9000000000000000E+02   3.1462225134497224E-01   1.8009571971651209E+01   3.1668865745477763E+00
   9.0000000000000000E+02   3.1203566635984253E-01   1.8158860317416035E+01   3.1472936914583727E+00
   9.1000000000000000E+02   3.0943424006788911E-01   1.8311522597619000E+01   3.1231830418183417E+00
   9.2000000000000000E+02   3.0688024711033729E-01   1.8463919176404193E+01   3.0995315476245957E+00
   9.3000000000000000E+02   3.0437231742166193E-01   1.8616055912964423E+01   3.0763244705928705E+00
   9.4000000000000000E+02   3.0190916936283174E-01   1.8767936367876960E+01   3.0535492589734834E+00
   9.5000000000000000E+02   2.9954553083406205E-01   1.8916029438673554E+01   3.0358633337487086E+00
   9.6000000000000000E+02   2.9716726096156926E-01   1.9067416986466046E+01   3.0138685209176437E+00
   9.7000000000000000E+02   2.9484273860447574E-01   1.9217743351249009E+01   3.0223134826245022E+00
   9.8000000000000000E+02   2.9257535795888190E-01   1.9366675713942165E+01   3.0008513142839290E+00
   9.9000000000000000E+02   2.9034566347404112E-01   1.9515401097033475E+01   2.9797240403076160E+00
   1.0000000000000000E+03   2.8815270315096442E-01   1.9663921308111629E+01   2.9589237048253718E+00
   1.1000000000000000E+03   2.6805525498917915E-01   2.1138224205710674E+01   2.7673184034449192E+00
   1.2000000000000000E+03   2.5078542883972005E-01   2.2593864825781235E+01   2.6012477726076590E+00
   1.3000000000000000E+03   2.3577439455479979E-01   2.4032347067116511E+01   2.4558144402211308E+00
   1.4000000000000000E+03   2.2259724547111423E-01   2.5454996388153877E+01   2.3273048527700673E+00
   1.5000000000000000E+03   2.1093014907682794E-01   2.6862978594000740E+01   2.2128526955915793E+00
   1.6000000000000000E+03   2.0052191587937807E-01   2.8257320675554819E+01   2.1102102149947206E+00
   1.7000000000000000E+03   1.9117464832511455E-01   2.9638930313836209E+01   2.0175895411931277E+00
   1.8000000000000000E+03   1.8273026523940541E-01   3.1008613007027510E+01   1.9335503914614864E+00
   1.9000000000000000E+03   1.7506092323556066E-01   3.2367086696188629E+01   1.8569191394365725E+00
   2.0000000000000000E+03   1.6806208128693190E-01   3.3714994102722713E+01   1.7867295104702883E+00
   2.1000000000000000E+03   1.6164739475847237E-01   3.5052913088679595E+01   1.7221784576596353E+00
   2.2000000000000000E+03   1.5574489919305320E-01   3.6381365353459664E+01   1.6625928723870720E+00
   2.3000000000000000E+03   1.5029411870059195E-01   3.7700823747921525E+01   1.6074041466505595E+00
   2.4000000000000000E+03   1.4524384736924670E-01   3.9011718445293354E+01   1.5561285063490817E+00
   2.5000000000000000E+03   1.4055042745936075E-01   4.0314442167872897E+01   1.5083516416312541E+00
   2.6000000000000000E+03   1.3617639902100390E-01   4.1609354632782264E+01   1.4637165754944204E+00
   2.7000000000000000E+03   1.3208943050511857E-01   4.2896786350067913E+01   1.4219139999876076E+00
   2.8000000000000000E+03   1.2826146428335838E-01   4.4177041881903662E+01   1.3826745122473099E+00
   2.9000000000000000E+03   1.2466802820053734E-01   4.5450402651477823E+01   1.3457623273135539E+00
   3.0000000000000000E+03   1.2128767660584787E-01   4.6717129374106733E+01   1.3109701491599990E+00
   3.1000000000000000E+03   1.1810153324063860E-01   4.7977464170045820E+01   1.2781149576844919E+00
   3.2000000000000000E+03   1.1509291490735325E-01   4.9231632407966771E+01   1.2470345257368958E+00
   3.3000000000000000E+03   1.1224701969404760E-01   5.0479844319471852E+01   1.2175845222592141E+00
   3.4000000000000000E+03   1.0955066715609330E-01   5.1722296418393427E+01   1.1896360892155187E+00
   3.5000000000000000E+03   1.0699208059663358E-01   5.2959172752627985E+01   1.1630738039932360E+00
   3.6000000000000000E+03   1.0456070367208078E-01   5.4190646012199458E+01   1.1377939573210922E+00
   3.7000000000000000E+03   1.0224704515178971E-01   5.5416878512904717E+01   1.1137030909318524E+00
   3.8000000000000000E+03   1.0004254689877430E-01   5.6638023072457742E+01   1.0907167502096147E+00
   3.9000000000000000E+03   9.7939471105288209E-02   5.7854223792865348E+01   1.0687584156924639E+00
   4.0000000000000000E+03   9.5930803573594250E-02   5.9065616761286947E+01   1.0477585840899655E+00
   4.1000000000000000E+03   9.4010170431659740E-02   6.0272330679362405E+01   1.0276539748697697E+00
   4.2000000000000000E+03   9.2171766148673909E-02   6.1474487429703373E+01   1.0083868427627611E+00
   4.3000000000000000E+03   9.0410291094958600E-02   6.2672202587302252E+01   9.8990437998025183E-01
   4.4000000000000000E+03   8.8720897197049356E-02   6.3865585882157404E+01   9.7215819472298881E-01
   4.5000000000000000E+03   8.7099140485701804E-02   6.5054741618378870E+01   9.5510385481479554E-01
   4.6000000000000000E+03   8.5540939533349181E-02   6.6239769055507878E+01   9.3870048712013632E-01
   4.7000000000000000E+03   8.4042538943973455E-02   6.7420762755127683E+01   9.2291042492483444E-01
   4.8000000000000000E+03   8.2600477189383209E-02   6.8597812897484104E+01   9.0769889667550352E-01
   4.9000000000000000E+03   8.1211558198715728E-02   6.9771005570606306E+01   8.9303375050821410E-01
   5.0000000000000000E+03   7.9872826197797134E-02   7.0940423035093332E+01   8.7888520983312091E-01
   5.1000000000000000E+03   7.8581543371350343E-02   7.2106143966956367E+01   8.6522565594879575E-01
   5.2000000000000000E+03   7.7335169983758015E-02   7.3268243680982863E+01   8.5202943424558575E-01
   5.3000000000000000E+03   7.6131346648043691E-02   7.4426794335783839E+01   8.3927268105683472E-01
   5.4000000000000000E+03   7.4967878475013780E-02   7.5581865123323709E+01   8.2693316861817512E-01
   5.5000000000000000E+03   7.3842720874092854E-02   7.6733522443485157E+01   8.1499016596026486E-01
   5.6000000000000000E+03   7.2753966807148102E-02   7.7881830065704506E+01   8.0342431384382240E-01
   5.7000000000000000E+03   7.1699835324543271E-02   7.9026849278419988E+01   7.9221751210664626E-01
   5.8000000000000000E+03   7.0678661234698403E-02   8.0168639027623371E+01   7.8135281800106116E-01
   5.9000000000000000E+03   6.9688885777827933E-02   8.1307256045740417E+01   7.7081435428443246E-01
   6.0000000000000000E+03   6.8729048191992340E-02   8.2442754970967101E+01   7.6058722598678430E-01
   6.1000000000000000E+03   6.7797778072465106E-02   8.3575188458594155E+01   7.5065744490761621E-01
   6.2000000000000000E+03   6.6893788438554994E-02   8.4704607284798783E+01   7.4101186101336292E-01
   6.3000000000000000E+03   6.6015869432632907E-02   8.5831060443162116E+01   7.3163810001072083E-01
   6.4000000000000000E+03   6.5162882584440002E-02   8.6954595235067558E+01   7.2252450645013533E-01
   6.5000000000000000E+03   6.4333755582536803E-02   8.8075257353983687E+01   7.1366009179651690E-01
   6.6000000000000000E+03   6.3527477500886123E-02   8.9193090964475616E+01   7.0503448696492499E-01
   6.7000000000000000E+03   6.2743094434939514E-02   9.0308138776223501E+01   6.9663789887727734E-01
   6.8000000000000000E+03   6.1979705506709483E-02   9.1420442113375799E+01   6.8846107064783291E-01
   6.9000000000000000E+03   6.1236459202913589E-02   9.2530040979420633E+01   6.8049524504730874E-01
   7.0000000000000000E+03   6.0512550013691872E-02   9.3636974118561341E+01   6.7273213093058970E-01
   7.1000000000000000E+03   5.9807215343787842E-02   9.4741279073257530E+01   6.6516387235310859E-01
   7.2000000000000000E+03   5.9119732670804628E-02   9.5842992237994096E+01   6.5778302012710499E-01
   7.3000000000000000E+03   5.8449416927082949E-02   9.6942148910552007E+01   6.5058250559162689E-01
   7.4000000000000000E+03   5.7795618085579752E-02   9.8038783339769452E+01   6.4355561640050019E-01
   7.5000000000000000E+03   5.7157718930703073E-02   9.9132928771174747E+01   6.3669597414544588E-01
   7.6000000000000000E+03   5.6535132998444926E-02   1.0022461748937728E+02   6.2999751365747636E-01
   7.7000000000000000E+03   5.5927302670097892E-02   1.0131388085894069E+02   6.2345446383525061E-01
   7.8000000000000000E+03   5.5333697407308903E-02   1.0240074936202939E+02   6.1706132987673956E-01
   7.9000000000000000E+03   5.4753812115208071E-02   1.0348525263515675E+02   6.1081287678805918E-01
   8.0000000000000000E+03   5.4187165623985581E-02   1.0456741950296997E+02   6.0470411406989488E-01
   8.1000000000000000E+03   5.3633299278072193E-02   1.0564727801104765E+02   5.9873028147891472E-01
   8.2000000000000000E+03   5.3091775624782976E-02   1.0672485545643070E+02   5.9288683577986434E-01
   8.3000000000000000E+03   5.2562177193888227E-02   1.0780017841686863E+02   5.8716943840788860E-01
   8.4000000000000000E+03   5.2044105360943005E-02   1.0887327277860129E+02   5.8157394396688988E-01
   8.5000000000000000E+03   5.1537179287750048E-02   1.0994416376270374E+02   5.7609638950098474E-01
   8.6000000000000000E+03   5.1041034933916506E-02   1.1101287595003379E+02   5.7073298447685927E-01
   8.7000000000000000E+03   5.0555324133900813E-02   1.1207943330503998E+02   5.6548010142316574E-01
   8.8000000000000000E+03   5.0079713734505912E-02   1.1314385919854173E+02   5.6033426717697787E-01
   8.9000000000000000E+03   4.9613884788431172E-02   1.1420617642909200E+02   5.5529215469161464E-01
   9.0000000000000000E+03   4.9157531799227307E-02   1.1526640724401217E+02   5.5035057536316567E-01
   9.1000000000000000E+03   4.8710362014638978E-02   1.1632457335827932E+02   5.4550647184076062E-01
   9.2000000000000000E+03   4.8272094763684582E-02   1.1738069597391790E+02   5.4075691128003767E-01
   9.3000000000000000E+03   4.7842460835394750E-02   1.1843479579729821E+02   5.3609907901390064E-01
   9.4000000000000000E+03   4.7421201895275537E-02   1.1948689305668411E+02   5.3153027260529306E-01
   9.5000000000000000E+03   4.7008069937672245E-02   1.2053700751792225E+02   5.2704789626010906E-01
   9.6000000000000000E+03   4.6602826770537294E-02   1.2158515850078093E+02   5.2264945556992104E-01
   9.7000000000000000E+03   4.6205243531559637E-02   1.2263136489281813E+02   5.1833255256804556E-01
   9.8000000000000000E+03   4.5815100232087597E-02   1.2367564516451193E+02   5.1409488107018642E-01
   9.9000000000000000E+03   4.5432185328073041E-02   1.2471801738269015E+02   5.0993422228600094E-01
   1.0000000000000000E+04   4.5056295315993630E-02   1.2575849922283511E+02   5.0584844068347101E-01
   1.1000000000000000E+04   4.1644039347419365E-02   1.3606297967901961E+02   4.6869137794844784E-01
   1.2000000000000000E+04   3.8757803596247753E-02   1.4619538657316420E+02   4.3716483199682571E-01
   1.3000000000000000E+04   3.6282680679128439E-02   1.5616850721671440E+02   4.1005452213377847E-01
   1.4000000000000000E+04   3.4135236364822685E-02   1.6599305242600880E+02   3.8647534870439720E-01
   1.5000000000000000E+04   3.2253372261571100E-02   1.7567812858537371E+02   3.6576627846594439E-01
   1.6000000000000000E+04   3.0589881869494986E-02   1.8523157767178910E+02   3.4742324218249648E-01
   1.7000000000000000E+04   2.9108216576685216E-02   1.9466022813705030E+02   3.3105487694582481E-01
   1.8000000000000000E+04   2.7779623220842469E-02   2.0397008391492415E+02   3.1635250250212099E-01
   1.9000000000000000E+04   2.6581160231742534E-02   2.1316646941218801E+02   3.0306924783280326E-01
   2.0000000000000000E+04   2.5494292321723535E-02   2.2225414253417296E+02   2.9100522271278967E-01
   2.1000000000000000E+04   2.4503875543697401E-02   2.3123738403648602E+02   2.7999678011871060E-01
   2.2000000000000000E+04   2.3597411500659613E-02   2.4012006907290774E+02   2.6990860691767710E-01
   2.3000000000000000E+04   2.2764490758009667E-02   2.4890572513626563E+02   2.6062780774664124E-01
   2.4000000000000000E+04   2.1996371593328252E-02   2.5759757946618976E+02   2.5205941798204784E-01
   2.5000000000000000E+04   2.1285657091176455E-02   2.6619859820202731E+02   2.4412295745497592E-01
   2.6000000000000000E+04   2.0626044733172824E-02   2.7471151899361763E+02   2.3674975293465428E-01
   2.7000000000000000E+04   2.0012130131624634E-02   2.8313887838087015E+02   2.2988083587721289E-01
   2.8000000000000000E+04   1.9439251689271710E-02   2.9148303494662440E+02   2.2346527580189021E-01
   2.9000000000000000E+04   1.8903366539127602E-02   2.9974618900563900E+02   2.1745884718062139E-01
   3.0000000000000000E+04   1.8400950632885663E-02   3.0793039949543248E+02   2.1182295424454597E-01
   3.1000000000000000E+04   1.7928917655482830E-02   3.1603759849649555E+02   2.0652375714557786E-01
   3.2000000000000000E+04   1.7484552740248287E-02   3.2406960381874495E+02   2.0153145667137531E-01
   3.3000000000000000E+04   1.7065457918386141E-02   3.3202812995574521E+02   1.9681970483226890E-01
   3.4000000000000000E+04   1.6669506943110462E-02   3.3991479764925322E+02   1.9236511614034829E-01
   3.5000000000000000E+04   1.6294807655132002E-02   3.4773114230014596E+02   1.8814686000221487E-01
   3.6000000000000000E+04   1.5939670458072923E-02   3.5547862136700968E+02   1.8414631889733557E-01
   3.7000000000000000E+04   1.5602581772180577E-02   3.6315862093945742E+02   1.8034680023343891E-01
   3.8000000000000000E+04   1.5282181572272582E-02   3.7077246155488541E+02   1.7673329227786150E-01
   3.9000000000000000E+04   1.4977244292556849E-02   3.7832140337699622E+02   1.7329225646415572E-01
   4.0000000000000000E+04   1.4686662520729013E-02   3.8580665086317754E+02   1.7001144987602390E-01
   4.1000000000000000E+04   1.4409433019381133E-02   3.9322935689828904E+02   1.6687977291506470E-01
   4.2000000000000000E+04   1.4144644691244599E-02   4.0059062657031927E+02   1.6388713804869529E-01
   4.3000000000000000E+04   1.3891468182955015E-02   4.0789152052572229E+02   1.6102435631856901E-01
   4.4000000000000000E+04   1.3649146869938102E-02   4.1513305801990464E+02   1.5828303884639192E-01
   4.5000000000000000E+04   1.3416989011427589E-02   4.2231621973113027E+02   1.5565551106747871E-01
   4.6000000000000000E+04   1.3194360906330489E-02   4.2944195021690189E+02   1.5313473782688281E-01
   4.7000000000000000E+04   1.2980680897940459E-02   4.3651116024115703E+02   1.5071425773157479E-01
   4.8000000000000000E+04   1.2775414109645115E-02   4.4352472889331762E+02   1.4838812546502231E-01
   4.9000000000000000E+04   1.2578067810975877E-02   4.5048350546621811E+02   1.4615086096261432E-01
   5.0000000000000000E+04   1.2388187325504544E-02   4.5738831118695896E+02   1.4399740449981768E-01
   5.1000000000000000E+04   1.2205352404944534E-02   4.6423994092827371E+02   1.4192307689051342E-01
   5.2000000000000000E+04   1.2029174016250949E-02   4.7103916460310410E+02   1.3992354416541025E-01
   5.3000000000000000E+04   1.1859291480505180E-02   4.7778672855748425E+02   1.3799478611961988E-01
   5.4000000000000000E+04   1.1695369921869786E-02   4.8448335686113415E+02   1.3613306824462376E-01
   5.5000000000000000E+04   1.1537097989424634E-02   4.9112975244503349E+02   1.3433491664770286E-01
   5.6000000000000000E+04   1.1384185815597660E-02   4.9772659821810390E+02   1.3259709556320204E-01
   5.7000000000000000E+04   1.1236363186392321E-02   5.0427455801199272E+02   1.3091658718080665E-01
   5.8000000000000000E+04   1.1093377892782183E-02   5.1077427761357416E+02   1.2929057347514092E-01
   5.9000000000000000E+04   1.0954994249547639E-02   5.1722638555599303E+02   1.2771641985374554E-01
   6.0000000000000000E+04   1.0820991756638117E-02   5.2363149394363847E+02   1.2619166037965335E-01
   6.1000000000000000E+04   1.0691163889323261E-02   5.2999019920916010E+02   1.2471398441139678E-01
   6.2000000000000000E+04   1.0565317001189168E-02   5.3630308289306038E+02   1.2328122448223763E-01
   6.3000000000000000E+04   1.0443269333613839E-02   5.4257071214684936E+02   1.2189134533644719E-01
   6.4000000000000000E+04   1.0324850109415638E-02   5.4879364053072027E+02   1.2054243392027988E-01
   6.5000000000000000E+04   1.0209898713928888E-02   5.5497240846768295E+02   1.1923269030385274E-01
   6.6000000000000000E+04   1.0098263945349148E-02   5.6110754384567679E+02   1.1796041938948781E-01
   6.7000000000000000E+04   9.9898033317296388E-03   5.6719956252623876E+02   1.1672402334358375E-01
   6.8000000000000000E+04   9.8843825067306771E-03   5.7324896882752773E+02   1.1552199467930700E-01
   6.9000000000000000E+04   9.7818746393014567E-03   5.7925625592405356E+02   1.1435290992722094E-01
   7.0000000000000000E+04   9.6821599084605369E-03   5.8522190637741096E+02   1.1321542382128606E-01
   7.1000000000000000E+04   9.5851250235808264E-03   5.9114639251345113E+02   1.1210826396906909E-01
   7.2000000000000000E+04   9.4906627853089034E-03   5.9703017667546271E+02   1.1103022597189109E-01
   7.3000000000000000E+04   9.3986716769706661E-03   6.0287371175694898E+02   1.0998016889616592E-01
   7.4000000000000000E+04   9.3090554916173372E-03   6.0867744150655790E+02   1.0895701113266119E-01
   7.5000000000000000E+04   9.2217229892688265E-03   6.1444180074308190E+02   1.0795972657041973E-01
   7.6000000000000000E+04   9.1365875771548428E-03   6.2016721578284125E+02   1.0698734105928297E-01
   7.7000000000000000E+04   9.0535670165747886E-03   6.2585410469782960E+02   1.0603892914271858E-01
   7.8000000000000000E+04   8.9725831510658483E-03   6.3150287760856554E+02   1.0511361103400402E-01
   7.9000000000000000E+04   8.8935616561453615E-03   6.3711393686295730E+02   1.0421054982469863E-01
   8.0000000000000000E+04   8.8164318047244620E-03   6.4268767739391581E+02   1.0332894888242022E-01
   8.1000000000000000E+04   8.7411262519857830E-03   6.4822448688382462E+02   1.0246804944677877E-01
   8.2000000000000000E+04   8.6675808339684059E-03   6.5372474604150511E+02   1.0162712839189370E-01
   8.3000000000000000E+04   8.5957343812697977E-03   6.5918882880175465E+02   1.0080549614463953E-01
   8.4000000000000000E+04   8.5255285453536920E-03   6.6461710254529953E+02   1.0000249475325769E-01
   8.5000000000000000E+04   8.4569076387209386E-03   6.7000992816059625E+02   9.9217496090659177E-02
   8.6000000000000000E+04   8.3898184804617054E-03   6.7536766053708379E+02   9.8449900157493164E-02
   8.7000000000000000E+04   8.3242102598223289E-03   6.8069064843649835E+02   9.7699133532989244E-02
   8.8000000000000000E+04   8.2600344035373384E-03   6.8597923479031431E+02   9.6964647908035509E-02
   8.9000000000000000E+04   8.1972444522489113E-03   6.9123375696398682E+02   9.6245918705337413E-02
   9.0000000000000000E+04   8.1357959485708741E-03   6.9645454670916797E+02   9.5542443823394926E-02
   9.1000000000000000E+04   8.0756463289306593E-03   7.0164193040267878E+02   9.4853742425062906E-02
   9.2000000000000000E+04   8.0167548221583371E-03   7.0679622929452512E+02   9.4179353816151515E-02
   9.3000000000000000E+04   7.9590823564787364E-03   7.1191775957285904E+02   9.3518836399910890E-02
   9.4000000000000000E+04   7.9025914730996502E-03   7.1700683234960945E+02   9.2871766702612032E-02
   9.5000000000000000E+04   7.8472462405796174E-03   7.2206375405669610E+02   9.2237738426397750E-02
   9.6000000000000000E+04   7.7930121784242200E-03   7.2708882647042719E+02   9.1616361595943538E-02
   9.7000000000000000E+04   7.7398561861753987E-03   7.3208234664630595E+02   9.1007261748007939E-02
   9.8000000000000000E+04   7.6877464724406756E-03   7.3704460725814329E+02   9.0410079155078482E-02
   9.9000000000000000E+04   7.6366524902662441E-03   7.4197589672993843E+02   8.9824468097294927E-02
   1.0000000000000000E+05   7.5865448792142654E-03   7.4687649907727962E+02   8.9250096203534857E-02
   1.1000000000000000E+05   7.1340015133971530E-03   7.9425439829799109E+02   8.4059764112434404E-02
   1.2000000000000000E+05   6.7547531194754578E-03   8.3884813837877539E+02   7.9706110882971581E-02
   1.3000000000000000E+05   6.4324083208273635E-03   8.8088501178224351E+02   7.6003019547728409E-02
   1.4000000000000000E+05   6.1551412305818603E-03   9.2056572988570929E+02   7.2815986391542575E-02
   1.5000000000000000E+05   5.9142009625346211E-03   9.5806891165427567E+02   7.0045332190597928E-02
   1.6000000000000000E+05   5.7029704195311606E-03   9.9355452731701712E+02   6.7615581169268954E-02
   1.7000000000000000E+05   5.5163515165023184E-03   1.0271666086777798E+03   6.5468512316069788E-02
   1.8000000000000000E+05   5.3503518108866076E-03   1.0590354204280382E+03   6.3558480151696087E-02
   1.9000000000000000E+05   5.2017994076734402E-03   1.0892792350127331E+03   6.1849183241136987E-02
   2.0000000000000000E+05   5.0681419338204263E-03   1.1180058004431132E+03   6.0311382745614067E-02
   2.1000000000000000E+05   4.9473019680634570E-03   1.1453135701150991E+03   5.8921259796661442E-02
   2.2000000000000000E+05   4.8375712209331855E-03   1.1712927460295211E+03   5.7659211926201777E-02
   2.3000000000000000E+05   4.7375318660261836E-03   1.1960261671512519E+03   5.6508957341963012E-02
   2.4000000000000000E+05   4.6459971929890031E-03   1.2195900781065377E+03   5.5456858671040291E-02
   2.5000000000000000E+05   4.5619662731486398E-03   1.2420547939670389E+03   5.4491405866101815E-02
   2.6000000000000000E+05   4.4845889140322512E-03   1.2634852799440928E+03   5.3602816157710592E-02
   2.7000000000000000E+05   4.4131382653203339E-03   1.2839416621062799E+03   5.2782721132344126E-02
   2.8000000000000000E+05   4.3469892131151461E-03   1.3034796733299654E+03   5.2023919700783461E-02
   2.9000000000000000E+05   4.2856011554111657E-03   1.3221510527935702E+03   5.1320181071042366E-02
   3.0000000000000000E+05   4.2285041656461514E-03   1.3400039015012696E+03   5.0666086426118764E-02
   3.1000000000000000E+05   4.1752878277282251E-03   1.3570829876327832E+03   5.0056900853234658E-02
   3.2000000000000000E+05   4.1255920644773531E-03   1.3734300412946991E+03   4.9488468456647276E-02
   3.3000000000000000E+05   4.0790996739726625E-03   1.3890839970482632E+03   4.8957126600009768E-02
   3.4000000000000000E+05   4.0355301192746100E-03   1.4040812265077877E+03   4.8459634743270447E-02
   3.5000000000000000E+05   3.9946343871373382E-03   1.4184557409622594E+03   4.7993115372785611E-02
   3.6000000000000000E+05   3.9561906775247603E-03   1.4322393790749613E+03   4.7555004527843003E-02
   3.7000000000000000E+05   3.9200007955190515E-03   1.4454619718335910E+03   4.7143010318450876E-02
   3.8000000000000000E+05   3.8858870804440071E-03   1.4581515011066108E+03   4.6755077685231766E-02
   3.9000000000000000E+05   3.8536898499270437E-03   1.4703342251550118E+03   4.6389358823612677E-02
   4.0000000000000000E+05   3.8232651359996423E-03   1.4820348257115340E+03   4.6044187456076142E-02
   4.1000000000000000E+05   3.7944828535295743E-03   1.4932765012258740E+03   4.5718057382364355E-02
   4.2000000000000000E+05   3.7672251262649073E-03   1.5040810914048284E+03   4.5409603541504466E-02
   4.3000000000000000E+05   3.7413849202118260E-03   1.5144691605693995E+03   4.5117586039163805E-02
   4.4000000000000000E+05   3.7168648228886342E-03   1.5244600892094338E+03   4.4840876130051985E-02
   4.5000000000000000E+05   3.6935759782262688E-03   1.5340721601187274E+03   4.4578444024492105E-02
   4.6000000000000000E+05   3.6714371912499040E-03   1.5433226238990101E+03   4.4329348431467588E-02
   4.7000000000000000E+05   3.6503740854917886E-03   1.5522277845441272E+03   4.4092727068512590E-02
   4.8000000000000000E+05   3.6303184426537162E-03   1.5608030449632636E+03   4.3867788785499760E-02
   4.9000000000000000E+05   3.6112075793989155E-03   1.5690629671372571E+03   4.3653806419591622E-02
   5.0000000000000000E+05   3.5929837654685181E-03   1.5770213419657214E+03   4.3450110289071329E-02
   5.1000000000000000E+05   3.5755937866502763E-03   1.5846912198570776E+03   4.3256082868212531E-02
   5.2000000000000000E+05   3.5589884949354281E-03   1.5920849667099071E+03   4.3071153750406654E-02
   5.3000000000000000E+05   3.5431224173256585E-03   1.5992143121481699E+03   4.2894795158535837E-02
   5.4000000000000000E+05   3.5279534442995853E-03   1.6060903775914603E+03   4.2726518231560810E-02
   5.5000000000000000E+05   3.5134425248809164E-03   1.6127237145204938E+03   4.2565869515114520E-02
   5.6000000000000000E+05   3.4995533741930224E-03   1.6191243491997923E+03   4.2412427663562582E-02
   5.7000000000000000E+05   3.4862522581964894E-03   1.6253018025756583E+03   4.2265800903075405E-02
   5.8000000000000000E+05   3.4735077584212809E-03   1.6312651283829357E+03   4.2125624292943524E-02
   5.9000000000000000E+05   3.4612905959718722E-03   1.6370229318723921E+03   4.1991557674081373E-02
   6.0000000000000000E+05   3.4495734304664100E-03   1.6425834073965766E+03   4.1863283435689770E-02
   6.1000000000000000E+05   3.4383307214689452E-03   1.6479543529947168E+03   4.1740504828242785E-02
   6.2000000000000000E+05   3.4275385902679503E-03   1.6531431901507062E+03   4.1622944309717989E-02
   6.3000000000000000E+05   3.4171746580728512E-03   1.6581569999924232E+03   4.1510341887217105E-02
   6.4000000000000000E+05   3.4072179714497073E-03   1.6630025219869765E+03   4.1402453938726783E-02
   6.5000000000000000E+05   3.3976488586663915E-03   1.6676861898272366E+03   4.1299051837660208E-02
   6.6000000000000000E+05   3.3884488370356266E-03   1.6722141463517803E+03   4.1199920826896254E-02
   6.7000000000000000E+05   3.3796005617419697E-03   1.6765922409953801E+03   4.1104859129019893E-02
   6.8000000000000000E+05   3.3710876916396718E-03   1.6808260709243702E+03   4.1013676860082372E-02
   6.9000000000000000E+05   3.3628948471082754E-03   1.6849209794212095E+03   4.0926195192715127E-02
   7.0000000000000000E+05   3.3550075276768685E-03   1.6888820763402905E+03   4.0842245580995133E-02
   7.1000000000000000E+05   3.3474120839637623E-03   1.6927142333700058E+03   4.0761669199081245E-02
   7.2000000000000000E+05   3.3400956185391049E-03   1.6964221167891324E+03   4.0684316085498357E-02
   7.3000000000000000E+05   3.3330459245017961E-03   1.7000102032278974E+03   4.0610044404355845E-02
   7.4000000000000000E+05   3.3262514932469920E-03   1.7034827615963036E+03   4.0538720256681302E-02
   7.5000000000000000E+05   3.3197014243063509E-03   1.7068438860172987E+03   4.0470216942408037E-02
   7.6000000000000000E+05   3.3133854218319924E-03   1.7100974858359002E+03   4.0404414578287265E-02
   7.7000000000000000E+05   3.3072936901186556E-03   1.7132473285966107E+03   4.0341199417089461E-02
   7.8000000000000000E+05   3.3014169930430186E-03   1.7162969995672950E+03   4.0280463923756574E-02
   7.9000000000000000E+05   3.2957465357242393E-03   1.7192499538606253E+03   4.0222105832294651E-02
   8.0000000000000000E+05   3.2902739608817698E-03   1.7221095102857969E+03   4.0166028106323866E-02
   8.1000000000000000E+05   3.2849913880168623E-03   1.7248788231682051E+03   4.0112138877211066E-02
   8.2000000000000000E+05   3.2798912652041499E-03   1.7275609528865075E+03   4.0060350463378636E-02
   8.3000000000000000E+05   3.2749664571108763E-03   1.7301588134367817E+03   4.0010579799453751E-02
   8.4000000000000000E+05   3.2702101427594362E-03   1.7326752202838584E+03   3.9962747694704245E-02
   8.5000000000000000E+05   3.2656158766689860E-03   1.7351128526665234E+03   3.9916778967045763E-02
   8.6000000000000000E+05   3.2611774452706989E-03   1.7374743247097003E+03   3.9872601638549519E-02
   8.7000000000000000E+05   3.2568890097750048E-03   1.7397621050253879E+03   3.9830147610188424E-02
   8.8000000000000000E+05   3.2527449294638120E-03   1.7419786064855205E+03   3.9789351446744718E-02
   8.9000000000000000E+05   3.2487399046215483E-03   1.7441261060695103E+03   3.9750151347336400E-02
   9.0000000000000000E+05   3.2448688037391713E-03   1.7462068336787136E+03   3.9712487781492070E-02
   9.1000000000000000E+05   3.2411267535920919E-03   1.7482229206865904E+03   3.9676304118734650E-02
   9.2000000000000000E+05   3.2375091159577438E-03   1.7501764092497369E+03   3.9641546342993918E-02
   9.3000000000000000E+05   3.2340114379086479E-03   1.7520692762745477E+03   3.9608162772396371E-02
   9.4000000000000000E+05   3.2306294868696107E-03   1.7539034118612640E+03   3.9576104101092531E-02
   9.5000000000000000E+05   3.2273591676547303E-03   1.7556806618451949E+03   3.9545322883389210E-02
   9.6000000000000000E+05   3.2241966251672811E-03   1.7574027698097455E+03   3.9515774131803502E-02
   9.7000000000000000E+05   3.2211381022547330E-03   1.7590714522652652E+03   3.9487414378919318E-02
   9.8000000000000000E+05   3.2181800566337417E-03   1.7606883330844903E+03   3.9460202302819491E-02
   9.9000000000000000E+05   3.2153190614151450E-03   1.7622549959276414E+03   3.9434098184183260E-02
   1.0000000000000000E+06   3.2125518432435402E-03   1.7637729617957996E+03   3.9409063951695966E-02
   1.1000000000000000E+06   3.1894055783537848E-03   1.7765730761670127E+03   3.9210227277177080E-02
   1.2000000000000000E+06   3.1728613052047507E-03   1.7858366737258193E+03   3.9086154431042630E-02
   1.3000000000000000E+06   3.1611749534489527E-03   1.7924386226387685E+03   3.9016624386995540E-02
   1.4000000000000000E+06   3.1531273805517424E-03   1.7970133761258721E+03   3.8987530541045007E-02
   1.5000000000000000E+06   3.1478458221089532E-03   1.8000284638095895E+03   3.8988797359851911E-02
   1.6000000000000000E+06   3.1446923442225673E-03   1.8018335211360775E+03   3.9013082522933236E-02
   1.7000000000000000E+06   3.1431924716753433E-03   1.8026933223278190E+03   3.9054943877164572E-02
   1.8000000000000000E+06   3.1429878271464970E-03   1.8028106983234929E+03   3.9110288082444739E-02
   1.9000000000000000E+06   3.1438042918514046E-03   1.8023424976442629E+03   3.9175998055255117E-02
   2.0000000000000000E+06   3.1454294558179116E-03   1.8014112727913075E+03   3.9249672634020669E-02
   2.1000000000000000E+06   3.1476973348294108E-03   1.8001133770973868E+03   3.9329446500342133E-02
   2.2000000000000000E+06   3.1504769334895241E-03   1.7985251754261271E+03   3.9413857351959854E-02
   2.3000000000000000E+06   3.1536638185528680E-03   1.7967077042727678E+03   3.9501750313179651E-02
   2.4000000000000000E+06   3.1571745959806867E-03   1.7947097657170164E+03   3.9592209879666711E-02
   2.5000000000000000E+06   3.1609416480519359E-03   1.7925709204319724E+03   3.9684503602705173E-02
   2.6000000000000000E+06   3.1649105920977098E-03   1.7903229537124573E+03   3.9778046443857677E-02
   2.7000000000000000E+06   3.1690368409156688E-03   1.7879918612252566E+03   3.9872367363209822E-02
   2.8000000000000000E+06   3.1732840421891365E-03   1.7855987690188913E+03   3.9967086936683778E-02
   2.9000000000000000E+06   3.1776222966159659E-03   1.7831609771603414E+03   4.0061898760382651E-02
   3.0000000000000000E+06   3.1820268900913766E-03   1.7806927078851620E+03   4.0156555231434861E-02
   3.1000000000000000E+06   3.1864775040115517E-03   1.7782055804087272E+03   4.0250856732263980E-02
   3.2000000000000000E+06   3.1909575637456685E-03   1.7757090046753856E+03   4.0344643999180543E-02
   3.3000000000000000E+06   3.1954528258677818E-03   1.7732109933250083E+03   4.0437786412673128E-02
   3.4000000000000000E+06   3.1999520702250123E-03   1.7707177967455559E+03   4.0530182268310670E-02
   3.5000000000000000E+06   3.2044455353379183E-03   1.7682347903855682E+03   4.0621748970070738E-02
   3.6000000000000000E+06   3.2089252872200720E-03   1.7657662838229919E+03   4.0712422666024470E-02
   3.7000000000000000E+06   3.2133848208697894E-03   1.7633157543659836E+03   4.0802152836004635E-02
   3.8000000000000000E+06   3.2178186708458675E-03   1.7608860719273337E+03   4.0890902687647078E-02
   3.9000000000000000E+06   3.2222226581273996E-03   1.7584793729844673E+03   4.0978644858324684E-02
   4.0000000000000000E+06   3.2265929807028001E-03   1.7560975658745865E+03   4.1065359151911826E-02
   4.1000000000000000E+06   3.2309266181165691E-03   1.7537421146331285E+03   4.1151032700765630E-02
   4.2000000000000000E+06   3.2352214340708070E-03   1.7514139897220405E+03   4.1235659614754755E-02
   4.3000000000000000E+06   3.2394752817271814E-03   1.7491141579136165E+03   4.1319234698228340E-02
   4.4000000000000000E+06   3.2436868162091701E-03   1.7468431450179887E+03   4.1401762080251946E-02
   4.5000000000000000E+06   3.2478547084830302E-03   1.7446014640620183E+03   4.1483243556091426E-02
   4.6000000000000000E+06   3.2519784967385201E-03   1.7423891594495415E+03   4.1563689570590409E-02
   4.7000000000000000E+06   3.2560571728856998E-03   1.7402065684425620E+03   4.1643105602138145E-02
   4.8000000000000000E+06   3.2600906611984803E-03   1.7380535292835050E+03   4.1721505785170837E-02
   4.9000000000000000E+06   3.2640785744584167E-03   1.7359300489328336E+03   4.1798899912071912E-02
   5.0000000000000000E+06   3.2680217144137216E-03   1.7338355049751326E+03   4.1875308066877871E-02
   5.1000000000000000E+06   3.2719186979424226E-03   1.7317704388692378E+03   4.1950734774528819E-02
   5.2000000000000000E+06   3.2757702964516483E-03   1.7297342507861188E+03   4.2025200241091340E-02
   5.3000000000000000E+06   3.2795772498172017E-03   1.7277263646697265E+03   4.2098719784805942E-02
   5.4000000000000000E+06   3.2833397352108338E-03   1.7257465070444098E+03   4.2171310756382620E-02
   5.5000000000000000E+06   3.2870575946231072E-03   1.7237945841742696E+03   4.2242985797269969E-02
   5.6000000000000000E+06   3.2907320457915851E-03   1.7218697847874173E+03   4.2313763594096977E-02
   5.7000000000000000E+06   3.2943631687470487E-03   1.7199719002550819E+03   4.2383661237122262E-02
   5.8000000000000000E+06   3.2979518222155603E-03   1.7181003195109317E+03   4.2452694122603225E-02
   5.9000000000000000E+06   3.3014972999957249E-03   1.7162552516664337E+03   4.2520871994503176E-02
   6.0000000000000000E+06   3.3050023561374459E-03   1.7144351104494558E+03   4.2588224220746790E-02
   6.1000000000000000E+06   3.3084656813028158E-03   1.7126404277069482E+03   4.2654754437801444E-02
   6.2000000000000000E+06   3.3118897643737697E-03   1.7108697700122916E+03   4.2720490869496835E-02
   6.3000000000000000E+06   3.3152747336869181E-03   1.7091229338869355E+03   4.2785445495768848E-02
   6.4000000000000000E+06   3.3186191958669230E-03   1.7074005015510763E+03   4.2849621051869353E-02
   6.5000000000000000E+06   3.3219254689255203E-03   1.7057011460624235E+03   4.2913043339037407E-02
   6.6000000000000000E+06   3.3251943040742368E-03   1.7040243550693006E+03   4.2975728174702202E-02
   6.7000000000000000E+06   3.3284264118499090E-03   1.7023696420949216E+03   4.3037689637211878E-02
   6.8000000000000000E+06   3.3316215822664186E-03   1.7007369953539655E+03   4.3098937723565121E-02
   6.9000000000000000E+06   3.3347810275669385E-03   1.6991256795095453E+03   4.3159489591400028E-02
   7.0000000000000000E+06   3.3379057245688792E-03   1.6975350854799999E+03   4.3219361690601581E-02
   7.1000000000000000E+06   3.3409966072421083E-03   1.6959646313910807E+03   4.3278567991463242E-02
   7.2000000000000000E+06   3.3440523833395568E-03   1.6944148685319394E+03   4.3337111525406785E-02
   7.3000000000000000E+06   3.3470744437017132E-03   1.6928849880057162E+03   4.3395008475002932E-02
   7.4000000000000000E+06   3.3500650306487012E-03   1.6913737577156874E+03   4.3452282496042688E-02
   7.5000000000000000E+06   3.3530219284137607E-03   1.6898822019218858E+03   4.3508928692982160E-02
   7.6000000000000000E+06   3.3559487270102975E-03   1.6884084175290880E+03   4.3564975422566946E-02
   7.7000000000000000E+06   3.3588428572198566E-03   1.6869536088300920E+03   4.3620419187646968E-02
   7.8000000000000000E+06   3.3617083445702570E-03   1.6855156660547696E+03   4.3675288622480248E-02
   7.9000000000000000E+06   3.3645428607243671E-03   1.6840956748163733E+03   4.3729581030898496E-02
   8.0000000000000000E+06   3.3673485624380055E-03   1.6826924728510435E+03   4.3783312137038469E-02
   8.1000000000000000E+06   3.3701252692217108E-03   1.6813060722780660E+03   4.3836494492984095E-02
   8.2000000000000000E+06   3.3728726065583203E-03   1.6799365823845976E+03   4.3889127250223793E-02
   8.3000000000000000E+06   3.3755946013472090E-03   1.6785819236761470E+03   4.3941244336724063E-02
   8.4000000000000000E+06   3.3782861603261893E-03   1.6772445585051075E+03   4.3992822576433131E-02
   8.5000000000000000E+06   3.3809526403269308E-03   1.6759217540924510E+03   4.4043899779634299E-02
   8.6000000000000000E+06   3.3835928329997867E-03   1.6746140446386773E+03   4.4094475435352103E-02
   8.7000000000000000E+06   3.3862057002570943E-03   1.6733218773596691E+03   4.4144549410083493E-02
   8.8000000000000000E+06   3.3887950159291959E-03   1.6720433230236438E+03   4.4194152284709000E-02
   8.9000000000000000E+06   3.3913578545907348E-03   1.6707797650460589E+03   4.4243270905453019E-02
   9.0000000000000000E+06   3.3938972298098277E-03   1.6695296574427246E+03   4.4291930290725139E-02
   9.1000000000000000E+06   3.3964123343543482E-03   1.6682933406427376E+03   4.4340129315895808E-02
   9.2000000000000000E+06   3.3989029148989492E-03   1.6670708817961847E+03   4.4387873320525878E-02
   9.3000000000000000E+06   3.4013698216007302E-03   1.6658618076447856E+03   4.4435174488403222E-02
   9.4000000000000000E+06   3.4038156412881681E-03   1.6646647987479855E+03   4.4482050367142589E-02
   9.5000000000000000E+06   3.4062364312063761E-03   1.6634817323803413E+03   4.4528483658567125E-02
   9.6000000000000000E+06   3.4086363247731052E-03   1.6623105370026190E+03   4.4574503995626770E-02
   9.7000000000000000E+06   3.4110158309564663E-03   1.6611509181683803E+03   4.4620123624474033E-02
   9.8000000000000000E+06   3.4133719487772539E-03   1.6600042903352439E+03   4.4665323887245367E-02
   9.9000000000000000E+06   3.4157080294590510E-03   1.6588689755129851E+03   4.4710131431066481E-02
   1.0000000000000000E+07   3.4180214294080601E-03   1.6577462126858284E+03   4.4754535465407988E-02
   1.1000000000000000E+07   3.4401026863967329E-03   1.6471055070205402E+03   4.5178456604501004E-02
   1.2000000000000000E+07   3.4604372655829166E-03   1.6374266153690062E+03   4.5569430493587151E-02
   1.3000000000000000E+07   3.4792734342743601E-03   1.6285618783687128E+03   4.5932106218255123E-02
   1.4000000000000000E+07   3.4968072800216471E-03   1.6203958713575821E+03   4.6270196665015854E-02
   1.5000000000000000E+07   3.5132136952690449E-03   1.6128287576444422E+03   4.6586841688686646E-02
   1.6000000000000000E+07   3.5286068706495031E-03   1.6057929622625393E+03   4.6884448466859401E-02
   1.7000000000000000E+07   3.5431148892501570E-03   1.5992177100075282E+03   4.7165213089972145E-02
   1.8000000000000000E+07   3.5568260646466274E-03   1.5930529006745669E+03   4.7430898171846654E-02
   1.9000000000000000E+07   3.5698275694330157E-03   1.5872509159819615E+03   4.7683039172063436E-02
   2.0000000000000000E+07   3.5821835634429521E-03   1.5817760254681741E+03   4.7922928498615250E-02
   2.1000000000000000E+07   3.5939604093853700E-03   1.5765927929209533E+03   4.8151721871586478E-02
   2.2000000000000000E+07   3.6051936381827441E-03   1.5716803723020989E+03   4.8370292060827394E-02
   2.3000000000000000E+07   3.6159500141470288E-03   1.5670050905880191E+03   4.8579626372282809E-02
   2.4000000000000000E+07   3.6262590205201162E-03   1.5625502887180703E+03   4.8780428686517191E-02
   2.5000000000000000E+07   3.6361523635544254E-03   1.5582988590558830E+03   4.8973310632473149E-02
   2.6000000000000000E+07   3.6456709191467389E-03   1.5542302651952957E+03   4.9158973084095899E-02
   2.7000000000000000E+07   3.6548383513548546E-03   1.5503317889229600E+03   4.9337867014416836E-02
   2.8000000000000000E+07   3.6636678956646126E-03   1.5465954450143540E+03   4.9510412749860420E-02
   2.9000000000000000E+07   3.6722092710261877E-03   1.5429981412515763E+03   4.9677213596560327E-02
   3.0000000000000000E+07   3.6804543185304812E-03   1.5395414775159061E+03   4.9838456309088786E-02
   3.1000000000000000E+07   3.6884269698203047E-03   1.5362137100294181E+03   4.9994522892654755E-02
   3.2000000000000000E+07   3.6961493833868159E-03   1.5330040785008021E+03   5.0145787025859076E-02
   3.3000000000000000E+07   3.7036573478026491E-03   1.5298964097858386E+03   5.0292670190877520E-02
   3.4000000000000000E+07   3.7109382665785704E-03   1.5268947291608752E+03   5.0435227989955166E-02
   3.5000000000000000E+07   3.7179897849934462E-03   1.5239988292464341E+03   5.0573610129487100E-02
   3.6000000000000000E+07   3.7248688314414254E-03   1.5211843251101918E+03   5.0708382697377256E-02
   3.7000000000000000E+07   3.7315572206027018E-03   1.5184577763395616E+03   5.0839517328637639E-02
   3.8000000000000000E+07   3.7380443821126296E-03   1.5158225800084915E+03   5.0967032235318330E-02
   3.9000000000000000E+07   3.7443919522741950E-03   1.5132529264300929E+03   5.1091536605720071E-02
   4.0000000000000000E+07   3.7505767040368169E-03   1.5107575518670401E+03   5.1212928519444853E-02
   4.1000000000000000E+07   3.7566062593787260E-03   1.5083327046410504E+03   5.1331355442027646E-02
   4.2000000000000000E+07   3.7624895580029251E-03   1.5059741674041368E+03   5.1446969875059569E-02
   4.3000000000000000E+07   3.7682488035013892E-03   1.5036724948244582E+03   5.1560028983346634E-02
   4.4000000000000000E+07   3.7738597469556103E-03   1.5014368469976057E+03   5.1670399737848802E-02
   4.5000000000000000E+07   3.7793536667347530E-03   1.4992542585662932E+03   5.1778405240977890E-02
   4.6000000000000000E+07   3.7847103047251294E-03   1.4971323095471985E+03   5.1883937036123214E-02
   4.7000000000000000E+07   3.7899727917927143E-03   1.4950534979434537E+03   5.1987408729014889E-02
   4.8000000000000000E+07   3.7951194844134646E-03   1.4930260042539678E+03   5.2088693207139221E-02
   4.9000000000000000E+07   3.8001607106927827E-03   1.4910453822483848E+03   5.2187925400718621E-02
   5.0000000000000000E+07   3.8051006951638103E-03   1.4891096276852359E+03   5.2285186705560850E-02
   5.1000000000000000E+07   3.8099434138078952E-03   1.4872168596900624E+03   5.2380553773499899E-02
   5.2000000000000000E+07   3.8146926139258461E-03   1.4853653106400354E+03   5.2474098879581807E-02
   5.3000000000000000E+07   3.8193518306677242E-03   1.4835533176030053E+03   5.2565890243683425E-02
   5.4000000000000000E+07   3.8239244022258067E-03   1.4817793145131373E+03   5.2655992325463585E-02
   5.5000000000000000E+07   3.8284134861447127E-03   1.4800418241098091E+03   5.2744466107153290E-02
   5.6000000000000000E+07   3.8328220696506950E-03   1.4783394523703016E+03   5.2831369324438777E-02
   5.7000000000000000E+07   3.8371529833870523E-03   1.4766708817740835E+03   5.2916756702888992E-02
   5.8000000000000000E+07   3.8414089109043413E-03   1.4750348663470661E+03   5.3000680155108809E-02
   5.9000000000000000E+07   3.8455924002420332E-03   1.4734302260228085E+03   5.3083188981488380E-02
   6.0000000000000000E+07   3.8497058711489344E-03   1.4718558427917374E+03   5.3164330030146117E-02
   6.1000000000000000E+07   3.8537516248519830E-03   1.4703106559696475E+03   5.3244147865307782E-02
   6.2000000000000000E+07   3.8577318507295182E-03   1.4687936587424299E+03   5.3322684908614172E-02
   6.3000000000000000E+07   3.8616486343139491E-03   1.4673038942826706E+03   5.3399981577226148E-02
   6.4000000000000000E+07   3.8655039627994814E-03   1.4658404528905517E+03   5.3476076404227149E-02
   6.5000000000000000E+07   3.8692997319571586E-03   1.4644024686643093E+03   5.3551006159053866E-02
   6.6000000000000000E+07   3.8730377510956507E-03   1.4629891169734374E+03   5.3624805948033503E-02
   6.7000000000000000E+07   3.8767197483092265E-03   1.4615996118758515E+03   5.3697509315566515E-02
   6.8000000000000000E+07   3.8803473760327650E-03   1.4602332034698661E+03   5.3769148339469483E-02
   6.9000000000000000E+07   3.8839222139629395E-03   1.4588891762841781E+03   5.3839753706374630E-02
   7.0000000000000000E+07   3.8874457746785850E-03   1.4575668466909221E+03   5.3909354799568383E-02
   7.1000000000000000E+07   3.8909195060082154E-03   1.4562655615801500E+03   5.3977979762870762E-02
   7.2000000000000000E+07   3.8943447960738732E-03   1.4549846960630368E+03   5.4045655579180299E-02
   7.3000000000000000E+07   3.8977229754845757E-03   1.4537236522756659E+03   5.4112408125551077E-02
   7.4000000000000000E+07   3.9010553213033369E-03   1.4524818575469831E+03   5.4178262239810850E-02
   7.5000000000000000E+07   3.9043430583139841E-03   1.4512587636003120E+03   5.4243241763144857E-02
   7.6000000000000000E+07   3.9075873643505407E-03   1.4500538442656073E+03   5.4307369610794222E-02
   7.7000000000000000E+07   3.9107893706987933E-03   1.4488665950495194E+03   5.4370667806135989E-02
   7.8000000000000000E+07   3.9139501641139102E-03   1.4476965321205114E+03   5.4433157522487008E-02
   7.9000000000000000E+07   3.9170707916059396E-03   1.4465431902896892E+03   5.4494859144906850E-02
   8.0000000000000000E+07   3.9201522598568232E-03   1.4454061229976721E+03   5.4555792290247068E-02
   8.1000000000000000E+07   3.9231955381728223E-03   1.4442849010067896E+03   5.4615975852395374E-02
   8.2000000000000000E+07   3.9262015610970384E-03   1.4431791112367116E+03   5.4675428042720485E-02
   8.3000000000000000E+07   3.9291712283127406E-03   1.4420883566108648E+03   5.4734166408988892E-02
   8.4000000000000000E+07   3.9321054082294719E-03   1.4410122545599729E+03   5.4792207883574820E-02
   8.5000000000000000E+07   3.9350049380193174E-03   1.4399504368429837E+03   5.4849568798672511E-02
   8.6000000000000000E+07   3.9378706257734162E-03   1.4389025485994332E+03   5.4906264920240345E-02
   8.7000000000000000E+07   3.9407032518031012E-03   1.4378682477264920E+03   5.4962311475068956E-02
   8.8000000000000000E+07   3.9435035692454139E-03   1.4368472045188078E+03   5.5017723168362488E-02
   8.9000000000000000E+07   3.9462723064574417E-03   1.4358391006642819E+03   5.5072514217344749E-02
   9.0000000000000000E+07   3.9490101667979871E-03   1.4348436292010363E+03   5.5126698361213360E-02
   9.1000000000000000E+07   3.9517178313266330E-03   1.4338604934193916E+03   5.5180288895543113E-02
   9.2000000000000000E+07   3.9543959577697119E-03   1.4328894071285592E+03   5.5233298676271830E-02
   9.3000000000000000E+07   3.9570451834096939E-03   1.4319300935042068E+03   5.5285740151876137E-02
   9.4000000000000000E+07   3.9596661248964904E-03   1.4309822850602927E+03   5.5337625373598501E-02
   9.5000000000000000E+07   3.9622593789186101E-03   1.4300457233132101E+03   5.5388966009609124E-02
   9.6000000000000000E+07   3.9648255244632367E-03   1.4291201578781486E+03   5.5439773372274799E-02
   9.7000000000000000E+07   3.9673651214326205E-03   1.4282053468862823E+03   5.5490058417528937E-02
   9.8000000000000000E+07   3.9698787136989485E-03   1.4273010558049773E+03   5.5539831774611283E-02
   9.9000000000000000E+07   3.9723668276369743E-03   1.4264070578926996E+03   5.5589103745059140E-02
   1.0000000000000000E+08   3.9748299744101056E-03   1.4255231333061288E+03   5.5637884327862944E-02
   1.1000000000000000E+08   3.9981905020116358E-03   1.4171941223484312E+03   5.6100665406159218E-02
   1.2000000000000000E+08   4.0195195253323610E-03   1.4096739781383928E+03   5.6523418304645204E-02
   1.3000000000000000E+08   4.0391421298583774E-03   1.4028256241824511E+03   5.6912517914981857E-02
   1.4000000000000000E+08   4.0573111454165972E-03   1.3965436409483004E+03   5.7272928223637228E-02
   1.5000000000000000E+08   4.0742270839103463E-03   1.3907452782533462E+03   5.7608590142853841E-02
   1.6000000000000000E+08   4.0900516434838668E-03   1.3853644338470476E+03   5.7922684622129447E-02
   1.7000000000000000E+08   4.1049171207545154E-03   1.3803474985723269E+03   5.8217816284379116E-02
   1.8000000000000000E+08   4.1189331288893983E-03   1.3756504177595168E+03   5.8496144722766222E-02
   1.9000000000000000E+08   4.1321915075068138E-03   1.3712365627746428E+03   5.8759480460187724E-02
   2.0000000000000000E+08   4.1447699622794380E-03   1.3670751648576536E+03   5.9009356302477327E-02
   2.1000000000000000E+08   4.1567348308380776E-03   1.3631401352435551E+03   5.9247081428068359E-02
   2.2000000000000000E+08   4.1681431903737628E-03   1.3594091711067435E+03   5.9473782828314829E-02
   2.3000000000000000E+08   4.1790445110332754E-03   1.3558630602092423E+03   5.9690437659897955E-02
   2.4000000000000000E+08   4.1894819447717670E-03   1.3524851411643679E+03   5.9897898642093668E-02
   2.5000000000000000E+08   4.1994933606646296E-03   1.3492608733600796E+03   6.0096914353737624E-02
   2.6000000000000000E+08   4.2091121719677249E-03   1.3461774949160613E+03   6.0288145510329003E-02
   2.7000000000000000E+08   4.2183680085656284E-03   1.3432237462389860E+03   6.0472178206579005E-02
   2.8000000000000000E+08   4.2272872699919547E-03   1.3403896441348300E+03   6.0649534753408292E-02
   2.9000000000000000E+08   4.2358935762849747E-03   1.3376662981343545E+03   6.0820682602100391E-02
   3.0000000000000000E+08   4.2442081435645745E-03   1.3350457583169668E+03   6.0986041754885277E-02
   3.1000000000000000E+08   4.2522501025242078E-03   1.3325208872631115E+03   6.1145990993768870E-02
   3.2000000000000000E+08   4.2600367614696070E-03   1.3300852543642161E+03   6.1300873102769514E-02
   3.3000000000000000E+08   4.2675838321828523E-03   1.3277330457459270E+03   6.1450999289216782E-02
   3.4000000000000000E+08   4.2749056169907422E-03   1.3254589895411214E+03   6.1596652927944917E-02
   3.5000000000000000E+08   4.2820151770191677E-03   1.3232582896692638E+03   6.1738092816536548E-02
   3.6000000000000000E+08   4.2889244686468283E-03   1.3211265716852142E+03   6.1875555912892767E-02
   3.7000000000000000E+08   4.2956444656997586E-03   1.3190598348453379E+03   6.2009259737929541E-02
   3.8000000000000000E+08   4.3021852624902240E-03   1.3170544115992934E+03   6.2139404427977885E-02
   3.9000000000000000E+08   4.3085561690485059E-03   1.3151069307590180E+03   6.2266174563321522E-02
   4.0000000000000000E+08   4.3147657872870532E-03   1.3132142875923964E+03   6.2389740723963256E-02
   4.1000000000000000E+08   4.3208220820440948E-03   1.3113736163835845E+03   6.2510260875812379E-02
   4.2000000000000000E+08   4.3267324430828740E-03   1.3095822665297364E+03   6.2627881586564585E-02
   4.3000000000000000E+08   4.3325037369017858E-03   1.3078377823932763E+03   6.2742739083991445E-02
   4.4000000000000000E+08   4.3381423575777796E-03   1.3061378840144766E+03   6.2854960218719003E-02
   4.5000000000000000E+08   4.3436542686753968E-03   1.3044804510208251E+03   6.2964663312185781E-02
   4.6000000000000000E+08   4.3490450390896536E-03   1.3028635087822111E+03   6.3071958880138126E-02
   4.7000000000000000E+08   4.3543198792509201E-03   1.3012852148232575E+03   6.3176950327032327E-02
   4.8000000000000000E+08   4.3594836703111121E-03   1.2997438476643836E+03   6.3279734532111914E-02
   4.9000000000000000E+08   4.3645409920609014E-03   1.2982377963197166E+03   6.3380402396017735E-02
   5.0000000000000000E+08   4.3694961449293806E-03   1.2967655518029508E+03   6.3479039305380486E-02
   5.1000000000000000E+08   4.3743531775099114E-03   1.2953256972052927E+03   6.3575725600462679E-02
   5.2000000000000000E+08   4.3791158987236166E-03   1.2939169025263177E+03   6.3670536926982310E-02
   5.3000000000000000E+08   4.3837879010987053E-03   1.2925379163668242E+03   6.3763544622289864E-02
   5.4000000000000000E+08   4.3883725767761422E-03   1.2911875599320281E+03   6.3854816031765987E-02
   5.5000000000000000E+08   4.3928731304213407E-03   1.2898647220746714E+03   6.3944414793647944E-02
   5.6000000000000000E+08   4.3972925934080637E-03   1.2885683540764094E+03   6.4032401114717530E-02
   5.7000000000000000E+08   4.4016338357216883E-03   1.2872974652038920E+03   6.4118831998615691E-02
   5.8000000000000000E+08   4.4058995771588750E-03   1.2860511185627263E+03   6.4203761483616534E-02
   5.9000000000000000E+08   4.4100924022161918E-03   1.2848284259605962E+03   6.4287240858236519E-02
   6.0000000000000000E+08   4.4142147598581882E-03   1.2836285472576890E+03   6.4369318800180361E-02
   6.1000000000000000E+08   4.4182689791085932E-03   1.2824506851602771E+03   6.4450041585158893E-02
   6.2000000000000000E+08   4.4222572743080196E-03   1.2812940830917271E+03   6.4529453222277697E-02
   6.3000000000000000E+08   4.4261817598223747E-03   1.2801580203763710E+03   6.4607595656524491E-02
   6.4000000000000000E+08   4.4300444418527447E-03   1.2790418141066043E+03   6.4684508798587739E-02
   6.5000000000000000E+08   4.4338472363866198E-03   1.2779448134748807E+03   6.4760230723691525E-02
   6.6000000000000000E+08   4.4375919735289314E-03   1.2768663981006437E+03   6.4834797773905134E-02
   6.7000000000000000E+08   4.4412803978659205E-03   1.2758059775291119E+03   6.4908244646834187E-02
   6.8000000000000000E+08   4.4449141821325975E-03   1.2747629869339023E+03   6.4980604518959026E-02
   6.9000000000000000E+08   4.4484949144624700E-03   1.2737368904387936E+03   6.5051909051400153E-02
   7.0000000000000000E+08   4.4520241294442493E-03   1.2727271718959737E+03   6.5122188636981923E-02
   7.1000000000000000E+08   4.4555032826788833E-03   1.2717333418893563E+03   6.5191472289174421E-02
   7.2000000000000000E+08   4.4589337787360982E-03   1.2707549294635014E+03   6.5259787862824090E-02
   7.3000000000000000E+08   4.4623169547714338E-03   1.2697914865553169E+03   6.5327162009435294E-02
   7.4000000000000000E+08   4.4656541015812177E-03   1.2688425817561413E+03   6.5393620343648790E-02
   7.5000000000000000E+08   4.4689464560687241E-03   1.2679078022484766E+03   6.5459187431647733E-02
   7.6000000000000000E+08   4.4721952008386903E-03   1.2669867537127191E+03   6.5523886841888451E-02
   7.7000000000000000E+08   4.4754014818260733E-03   1.2660790551394869E+03   6.5587741273785777E-02
   7.8000000000000000E+08   4.4785663893843527E-03   1.2651843440148537E+03   6.5650772479765376E-02
   7.9000000000000000E+08   4.4816909809555312E-03   1.2643022697366193E+03   6.5713001438709534E-02
   8.0000000000000000E+08   4.4847762679473650E-03   1.2634324971741744E+03   6.5774448296847254E-02
   8.1000000000000000E+08   4.4878232296319829E-03   1.2625747026013908E+03   6.5835132485761158E-02
   8.2000000000000000E+08   4.4908328081354103E-03   1.2617285749795749E+03   6.5895072716993866E-02
   8.3000000000000000E+08   4.4938059009782582E-03   1.2608938179209597E+03   6.5954286955064778E-02
   8.4000000000000000E+08   4.4967433924291110E-03   1.2600701407645508E+03   6.6012792639096943E-02
   8.5000000000000000E+08   4.4996461195741392E-03   1.2592572679952179E+03   6.6070606496986872E-02
   8.6000000000000000E+08   4.5025148967249486E-03   1.2584549322872242E+03   6.6127744699789437E-02
   8.7000000000000000E+08   4.5053505075889344E-03   1.2576628766032504E+03   6.6184222853700361E-02
   8.8000000000000000E+08   4.5081537136809416E-03   1.2568808517519933E+03   6.6240056055940827E-02
   8.9000000000000000E+08   4.5109252424854768E-03   1.2561086196050958E+03   6.6295258833737838E-02
   9.0000000000000000E+08   4.5136658082779498E-03   1.2553459472095881E+03   6.6349845315724423E-02
   9.1000000000000000E+08   4.5163760888060076E-03   1.2545926132068837E+03   6.6403829060534186E-02
   9.2000000000000000E+08   4.5190567469941250E-03   1.2538484017154963E+03   6.6457223238105087E-02
   9.3000000000000000E+08   4.5217084291354773E-03   1.2531131027755273E+03   6.6510040635283110E-02
   9.4000000000000000E+08   4.5243317511709635E-03   1.2523865160890809E+03   6.6562293546532203E-02
   9.5000000000000000E+08   4.5269273098642567E-03   1.2516684478527930E+03   6.6613993890235937E-02
   9.6000000000000000E+08   4.5294956923182866E-03   1.2509587080720091E+03   6.6665153265908050E-02
   9.7000000000000000E+08   4.5320374591344432E-03   1.2502571151656771E+03   6.6715782860254494E-02
   9.8000000000000000E+08   4.5345531571067479E-03   1.2495634924027477E+03   6.6765893545293206E-02
   9.9000000000000000E+08   4.5370433121847539E-03   1.2488776697949845E+03   6.6815495816486520E-02
   1.0000000000000000E+09   4.5395084435577724E-03   1.2481994801708981E+03   6.6864599932961011E-02
   1.1000000000000000E+09   4.5628859958040486E-03   1.2418044379567591E+03   6.7330284621723552E-02
   1.2000000000000000E+09   4.5842280580138065E-03   1.2360231663376703E+03   6.7755445874900913E-02
   1.3000000000000000E+09   4.6038608713074580E-03   1.2307522398849244E+03   6.8146575151304845E-02
   1.4000000000000000E+09   4.6220380373785831E-03   1.2259120400259276E+03   6.8508719185841838E-02
   1.5000000000000000E+09   4.6389605809395770E-03   1.2214400145501079E+03   6.8845879086460143E-02
   1.6000000000000000E+09   4.6547905751633542E-03   1.2172861459575686E+03   6.9161280819552320E-02
   1.7000000000000000E+09   4.6696605720288201E-03   1.2134098382697703E+03   6.9457563179006698E-02
   1.8000000000000000E+09   4.6836803848060420E-03   1.2097776991490550E+03   6.9736912285060834E-02
   1.9000000000000000E+09   4.6969419963899459E-03   1.2063619443960019E+03   7.0001159517847092E-02
   2.0000000000000000E+09   4.7095232164998131E-03   1.2031392179209652E+03   7.0251854248713039E-02
   2.1000000000000000E+09   4.7214904807930487E-03   1.2000896967875460E+03   7.0490319151745570E-02
   2.2000000000000000E+09   4.7329009190859254E-03   1.1971964290717797E+03   7.0717692074566157E-02
   2.3000000000000000E+09   4.7438040560790502E-03   1.1944447984142862E+03   7.0934959208238724E-02
   2.4000000000000000E+09   4.7542430922072896E-03   1.1918221196488118E+03   7.1142980808827666E-02
   2.5000000000000000E+09   4.7642559207061947E-03   1.1893173191754829E+03   7.1342511666316402E-02
   2.6000000000000000E+09   4.7738759934079994E-03   1.1869206672532750E+03   7.1534217879104176E-02
   2.7000000000000000E+09   4.7831329597294130E-03   1.1846235777231577E+03   7.1718690038746757E-02
   2.8000000000000000E+09   4.7920532236422758E-03   1.1824184363239438E+03   7.1896454217441397E-02
   2.9000000000000000E+09   4.8006604434049594E-03   1.1802984498235717E+03   7.2067981324739086E-02
   3.0000000000000000E+09   4.8089758250783520E-03   1.1782575512090239E+03   7.2233694089684830E-02
   3.1000000000000000E+09   4.8170185312497275E-03   1.1762902805379433E+03   7.2393973965593356E-02
   3.2000000000000000E+09   4.8248058644724126E-03   1.1743917244844022E+03   7.2549165775451507E-02
   3.3000000000000000E+09   4.8323535557842417E-03   1.1725574327436905E+03   7.2699582734965226E-02
   3.4000000000000000E+09   4.8396759092536436E-03   1.1707833718051661E+03   7.2845509879892884E-02
   3.5000000000000000E+09   4.8467859855015321E-03   1.1690658709565221E+03   7.2987207453065098E-02
   3.6000000000000000E+09   4.8536957494496723E-03   1.1674015785028691E+03   7.3124913767143473E-02
   3.7000000000000000E+09   4.8604161874852489E-03   1.1657874266137442E+03   7.3258847582878345E-02
   3.8000000000000000E+09   4.8669573822508238E-03   1.1642206073437526E+03   7.3389209993445781E-02
   3.9000000000000000E+09   4.8733286655833616E-03   1.1626985307796679E+03   7.3516186631949032E-02
   4.0000000000000000E+09   4.8795386340831108E-03   1.1612188168574512E+03   7.3639948873224642E-02
   4.1000000000000000E+09   4.8855952624551396E-03   1.1597792643659952E+03   7.3760655536329808E-02
   4.2000000000000000E+09   4.8915059209790977E-03   1.1583778433505502E+03   7.3878453696352875E-02
   4.3000000000000000E+09   4.8972774829213533E-03   1.1570126665765672E+03   7.3993480265933262E-02
   4.4000000000000000E+09   4.9029163740446323E-03   1.1556819752171104E+03   7.4105862863755145E-02
   4.5000000000000000E+09   4.9084285328434268E-03   1.1543841458760749E+03   7.4215720150273029E-02
   4.6000000000000000E+09   4.9138195155465974E-03   1.1531176636734740E+03   7.4323163027717271E-02
   4.7000000000000000E+09   4.9190945768494490E-03   1.1518811014829632E+03   7.4428295617004120E-02
   4.8000000000000000E+09   4.9242585727723807E-03   1.1506731410917989E+03   7.4531214998301246E-02
   4.9000000000000000E+09   4.9293160920741126E-03   1.1494925408802576E+03   7.4632012540026285E-02
   5.0000000000000000E+09   4.9342714285955320E-03   1.1483381409954211E+03   7.4730773874541800E-02
   5.1000000000000000E+09   4.9391286230673929E-03   1.1472088523909049E+03   7.4827579610367956E-02
   5.2000000000000000E+09   4.9438914981625292E-03   1.1461036476197235E+03   7.4922505753392266E-02
   5.3000000000000000E+09   4.9485636554777697E-03   1.1450215605912333E+03   7.5015623979926366E-02
   5.4000000000000000E+09   4.9531484781966603E-03   1.1439616850620164E+03   7.5107001777582311E-02
   5.5000000000000000E+09   4.9576491549764845E-03   1.1429231682908571E+03   7.5196702944480970E-02
   5.6000000000000000E+09   4.9620687529137722E-03   1.1419051935048185E+03   7.5284788104056075E-02
   5.7000000000000000E+09   4.9664101188952765E-03   1.1409070020058273E+03   7.5371314309779905E-02
   5.8000000000000000E+09   4.9706759657053446E-03   1.1399278727025555E+03   7.5456335725159043E-02
   5.9000000000000000E+09   4.9748689115905586E-03   1.1389671125361613E+03   7.5539904030481567E-02
   6.0000000000000000E+09   4.9789913694122424E-03   1.1380240814012691E+03   7.5622067829586206E-02
   6.1000000000000000E+09   4.9830456878599983E-03   1.1370981593214342E+03   7.5702873677609153E-02
   6.2000000000000000E+09   4.9870340683207462E-03   1.1361887650765866E+03   7.5782365576457164E-02
   6.3000000000000000E+09   4.9909586464144300E-03   1.1352953372095949E+03   7.5860585817655382E-02
   6.4000000000000000E+09   4.9948214260926360E-03   1.1344173487124635E+03   7.5937574386746115E-02
   6.5000000000000000E+09   4.9986242949025522E-03   1.1335543031826671E+03   7.6013369273267004E-02
   6.6000000000000000E+09   5.0023691099980311E-03   1.1327057150091919E+03   7.6088007092147122E-02
   6.7000000000000000E+09   5.0060576070797714E-03   1.1318711297822113E+03   7.6161522607778712E-02
   6.8000000000000000E+09   5.0096914682590098E-03   1.1310501086505756E+03   7.6233949156768191E-02
   6.9000000000000000E+09   5.0132722746666020E-03   1.1302422388093880E+03   7.6305318402496922E-02
   7.0000000000000000E+09   5.0168015336572317E-03   1.1294471271119955E+03   7.6375660664238842E-02
   7.1000000000000000E+09   5.0202807649482317E-03   1.1286643804947914E+03   7.6445005484617884E-02
   7.2000000000000000E+09   5.0237113179043740E-03   1.1278936469311013E+03   7.6513380382410456E-02
   7.3000000000000000E+09   5.0270945391192633E-03   1.1271345775154098E+03   7.6580812130399870E-02
   7.4000000000000000E+09   5.0304317555188204E-03   1.1263868301689786E+03   7.6647326684936595E-02
   7.5000000000000000E+09   5.0337241559439720E-03   1.1256500960207327E+03   7.6712948394461869E-02
   7.6000000000000000E+09   5.0369729727080103E-03   1.1249240585926568E+03   7.6777701111891514E-02
   7.7000000000000000E+09   5.0401792937843238E-03   1.1242084356935336E+03   7.6841607287725211E-02
   7.8000000000000000E+09   5.0433442470976817E-03   1.1235029381032193E+03   7.6904688928182141E-02
   7.9000000000000000E+09   5.0464688896208979E-03   1.1228072942516192E+03   7.6966967122004765E-02
   8.0000000000000000E+09   5.0495542110470405E-03   1.1221212492548541E+03   7.7028461860285544E-02
   8.1000000000000000E+09   5.0526012139863246E-03   1.1214445469781638E+03   7.7089192836812495E-02
   8.2000000000000000E+09   5.0556108309462158E-03   1.1207769484147016E+03   7.7149178625715922E-02
   8.3000000000000000E+09   5.0585839621523033E-03   1.1201182231774958E+03   7.7208437368159535E-02
   8.4000000000000000E+09   5.0615214875467142E-03   1.1194681467660012E+03   7.7266986486458383E-02
   8.5000000000000000E+09   5.0644242793692210E-03   1.1188264977250180E+03   7.7324842933169421E-02
   8.6000000000000000E+09   5.0672930672746880E-03   1.1181930873652111E+03   7.7382022411821488E-02
   8.7000000000000000E+09   5.0701287216269311E-03   1.1175676971100663E+03   7.7438541056371657E-02
   8.8000000000000000E+09   5.0729319524300074E-03   1.1169501449287166E+03   7.7494413779807952E-02
   8.9000000000000000E+09   5.0757035258702961E-03   1.1163402374863231E+03   7.7549655263336070E-02
   9.0000000000000000E+09   5.0784441066368067E-03   1.1157378048279152E+03   7.7604279455832550E-02
   9.1000000000000000E+09   5.0811544300190456E-03   1.1151426624636117E+03   7.7658300257392149E-02
   9.2000000000000000E+09   5.0838351200958214E-03   1.1145546512872384E+03   7.7711730565249881E-02
   9.3000000000000000E+09   5.0864868242514833E-03   1.1139736079654629E+03   7.7764583314739136E-02
   9.4000000000000000E+09   5.0891101651875858E-03   1.1133993754429475E+03   7.7816870763012011E-02
   9.5000000000000000E+09   5.0917057555959723E-03   1.1128317996877252E+03   7.7868605029866506E-02
   9.6000000000000000E+09   5.0942741879374445E-03   1.1122707318928851E+03   7.7919797751979381E-02
   9.7000000000000000E+09   5.0968159653365982E-03   1.1117160435095311E+03   7.7970459732539299E-02
   9.8000000000000000E+09   5.0993316851351000E-03   1.1111675861363576E+03   7.8020602214829371E-02
   9.9000000000000000E+09   5.1018218650820072E-03   1.1106252294422543E+03   7.8070235680837083E-02
   1.0000000000000000E+10   5.1042870030841717E-03   1.1100888480715346E+03   7.8119370247710637E-02
   1.1000000000000000E+10   5.1276647835606622E-03   1.1050277891889773E+03   7.8585329975725954E-02
   1.2000000000000000E+10   5.1490069668029374E-03   1.1004475457135404E+03   7.9010719911545166E-02
   1.3000000000000000E+10   5.1686399388892901E-03   1.0962675184330694E+03   7.9402043041860007E-02
   1.4000000000000000E+10   5.1868171333540681E-03   1.0924256502207056E+03   7.9764352470093627E-02
   1.5000000000000000E+10   5.2037397517568276E-03   1.0888730700967994E+03   8.0101656020120759E-02
   1.6000000000000000E+10   5.2195698604127908E-03   1.0855706947146982E+03   8.0417183772265435E-02
   1.7000000000000000E+10   5.2344398748442314E-03   1.0824868018278328E+03   8.0713576746360288E-02
   1.8000000000000000E+10   5.2484597304528922E-03   1.0795952280253607E+03   8.0993024307180930E-02
   1.9000000000000000E+10   5.2617214209709582E-03   1.0768742063951029E+03   8.1257359916716163E-02
   2.0000000000000000E+10   5.2743026283928818E-03   1.0743054539528289E+03   8.1508133659055862E-02
   2.1000000000000000E+10   5.2862699219954189E-03   1.0718733933550971E+03   8.1746670272311972E-02
   2.2000000000000000E+10   5.2976804273386696E-03   1.0695647193514612E+03   8.1974108626773012E-02
   2.3000000000000000E+10   5.3085835795614184E-03   1.0673679701108410E+03   8.2191435181438038E-02
   2.4000000000000000E+10   5.3190226119397728E-03   1.0652731700672025E+03   8.2399511264549460E-02
   2.5000000000000000E+10   5.3290354671681507E-03   1.0632716022232141E+03   8.2599092344209910E-02
   2.6000000000000000E+10   5.3386555457843841E-03   1.0613556223822086E+03   8.2790844729940694E-02
   2.7000000000000000E+10   5.3479124983206085E-03   1.0595184721626542E+03   8.2975359652026293E-02
   2.8000000000000000E+10   5.3568328262638019E-03   1.0577541363059845E+03   8.3153163989722154E-02
   2.9000000000000000E+10   5.3654399984720590E-03   1.0560573002575384E+03   8.3324727799856863E-02
   3.0000000000000000E+10   5.3737553923600082E-03   1.0544231483881827E+03   8.3490475095744046E-02
   3.1000000000000000E+10   5.3817981089998709E-03   1.0528473875682409E+03   8.3650787263860063E-02
   3.2000000000000000E+10   5.3895854797230136E-03   1.0513261364529683E+03   8.3806009770725998E-02
   3.3000000000000000E+10   5.3971332089171259E-03   1.0498558883294777E+03   8.3956455309328770E-02
   3.4000000000000000E+10   5.4044555159665940E-03   1.0484334754426791E+03   8.4102408893039785E-02
   3.5000000000000000E+10   5.4115655854700762E-03   1.0470559748354260E+03   8.4244131595158575E-02
   3.6000000000000000E+10   5.4184753804191873E-03   1.0457207390765816E+03   8.4381861991174381E-02
   3.7000000000000000E+10   5.4251958299445461E-03   1.0444253547872631E+03   8.4515818406287135E-02
   3.8000000000000000E+10   5.4317371109946283E-03   1.0431675840885182E+03   8.4646202763040440E-02
   3.9000000000000000E+10   5.4381083588055899E-03   1.0419454166089336E+03   8.4773199314015169E-02
   4.0000000000000000E+10   5.4443183522283984E-03   1.0407569346419637E+03   8.4896981119338522E-02
   4.1000000000000000E+10   5.4503749270827561E-03   1.0396004229589728E+03   8.5017705527459922E-02
   4.2000000000000000E+10   5.4562855016604293E-03   1.0384742656438891E+03   8.5135520667126680E-02
   4.3000000000000000E+10   5.4620571423597700E-03   1.0373769317675506E+03   8.5250564390561487E-02
   4.4000000000000000E+10   5.4676959975487448E-03   1.0363070810850616E+03   8.5362962560358246E-02
   4.5000000000000000E+10   5.4732081417582295E-03   1.0352634017788300E+03   8.5472834969136949E-02
   4.6000000000000000E+10   5.4785991520677540E-03   1.0342446896012916E+03   8.5580292535815131E-02
   4.7000000000000000E+10   5.4838742853165210E-03   1.0332498129382573E+03   8.5685439343483161E-02
   4.8000000000000000E+10   5.4890381783723810E-03   1.0322777680443039E+03   8.5788371361403687E-02
   4.9000000000000000E+10   5.4940957999018479E-03   1.0313274987999737E+03   8.5889182381527276E-02
   5.0000000000000000E+10   5.4990510239325196E-03   1.0303981641232622E+03   8.5987955297244290E-02
   5.1000000000000000E+10   5.5039083742897277E-03   1.0294888094337928E+03   8.6084773794993200E-02
   5.2000000000000000E+10   5.5086712349500530E-03   1.0285987015399712E+03   8.6179711176366899E-02
   5.3000000000000000E+10   5.5133432636337316E-03   1.0277270629700879E+03   8.6272839303063328E-02
   5.4000000000000000E+10   5.5179281240019459E-03   1.0268731219664244E+03   8.6364227894995579E-02
   5.5000000000000000E+10   5.5224288232970462E-03   1.0260362352841200E+03   8.6453939252080086E-02
   5.6000000000000000E+10   5.5268484634481869E-03   1.0252157476279128E+03   8.6542034486313923E-02
   5.7000000000000000E+10   5.5311897765077198E-03   1.0244110776213042E+03   8.6628569838311340E-02
   5.8000000000000000E+10   5.5354557523376383E-03   1.0236216010013912E+03   8.6713601115797262E-02
   5.9000000000000000E+10   5.5396486128082550E-03   1.0228468402092022E+03   8.6797177833881203E-02
   6.0000000000000000E+10   5.5437710433076156E-03   1.0220862361046472E+03   8.6879349809448739E-02
   6.1000000000000000E+10   5.5478254202801173E-03   1.0213392906646509E+03   8.6960164071323828E-02
   6.2000000000000000E+10   5.5518137139358940E-03   1.0206055843079104E+03   8.7039663593443672E-02
   6.3000000000000000E+10   5.5557382455742339E-03   1.0198846362126554E+03   8.7117891173755124E-02
   6.4000000000000000E+10   5.5596010162580747E-03   1.0191760277239993E+03   8.7194887056956813E-02
   6.5000000000000000E+10   5.5634039946247530E-03   1.0184793491457373E+03   8.7270689944045493E-02
   6.6000000000000000E+10   5.5671488802576316E-03   1.0177942428617066E+03   8.7345335146172987E-02
   6.7000000000000000E+10   5.5708372851157959E-03   1.0171203697905952E+03   8.7418857084634052E-02
   6.8000000000000000E+10   5.5744710934820859E-03   1.0164573435685039E+03   8.7491289615391862E-02
   6.9000000000000000E+10   5.5780520239096581E-03   1.0158048105669628E+03   8.7562666228410760E-02
   7.0000000000000000E+10   5.5815812447270125E-03   1.0151625195518122E+03   8.7633014327987951E-02
   7.1000000000000000E+10   5.5850604780747553E-03   1.0145301204389882E+03   8.7702365158163931E-02
   7.2000000000000000E+10   5.5884912270253648E-03   1.0139073050842414E+03   8.7770747318579437E-02
   7.3000000000000000E+10   5.5918742746040931E-03   1.0132938977569169E+03   8.7838183694844973E-02
   7.4000000000000000E+10   5.5952113670219277E-03   1.0126895496525408E+03   8.7904702664338155E-02
   7.5000000000000000E+10   5.5985038806456349E-03   1.0120939808702553E+03   8.7970330680261305E-02
   7.6000000000000000E+10   5.6017525926091083E-03   1.0115070213840135E+03   8.8035088206217721E-02
   7.7000000000000000E+10   5.6049588032773953E-03   1.0109284079246045E+03   8.8098998516938670E-02
   7.8000000000000000E+10   5.6081238470712435E-03   1.0103578726135489E+03   8.8162085788872482E-02
   7.9000000000000000E+10   5.6112487328584702E-03   1.0097952076691751E+03   8.8224370352668294E-02
   8.0000000000000000E+10   5.6143341122113812E-03   1.0092402707484038E+03   8.8285870282744372E-02
   8.1000000000000000E+10   5.6173809759994401E-03   1.0086928594819199E+03   8.8346605033786496E-02
   8.2000000000000000E+10   5.6203905603276856E-03   1.0081527286512730E+03   8.8406594974704461E-02
   8.3000000000000000E+10   5.6233636997656423E-03   1.0076197062829775E+03   8.8465858324118962E-02
   8.4000000000000000E+10   5.6263011834587172E-03   1.0070936294947797E+03   8.8524411252703786E-02
   8.5000000000000000E+10   5.6292040514177083E-03   1.0065742914494609E+03   8.8582272704320147E-02
   8.6000000000000000E+10   5.6320727865941233E-03   1.0060615858813743E+03   8.8639455925427435E-02
   8.7000000000000000E+10   5.6349083901743582E-03   1.0055553146809698E+03   8.8695978072233866E-02
   8.8000000000000000E+10   5.6377117017761538E-03   1.0050553095318942E+03   8.8751855209840996E-02
   8.9000000000000000E+10   5.6404831523557616E-03   1.0045614757511875E+03   8.8807099898182681E-02
   9.0000000000000000E+10   5.6432238393677699E-03   1.0040736006167388E+03   8.8861728440958146E-02
   9.1000000000000000E+10   5.6459342323893387E-03   1.0035915840065134E+03   8.8915753293439509E-02
   9.2000000000000000E+10   5.6486148750711533E-03   1.0031153131870826E+03   8.8969187135312627E-02
   9.3000000000000000E+10   5.6512666699188360E-03   1.0026446123381385E+03   8.9022043789724892E-02
   9.4000000000000000E+10   5.6538897501429092E-03   1.0021794428051932E+03   8.9074333064614139E-02
   9.5000000000000000E+10   5.6564855858057365E-03   1.0017195294723078E+03   8.9126072194595354E-02
   9.6000000000000000E+10   5.6590539892128365E-03   1.0012648916728876E+03   8.9177267928089263E-02
   9.7000000000000000E+10   5.6615956433957127E-03   1.0008153948772173E+03   8.9227932684185690E-02
   9.8000000000000000E+10   5.6641114482092495E-03   1.0003708668676759E+03   8.9278078719796011E-02
   9.9000000000000000E+10   5.6666016110138466E-03   9.9993125835194144E+02   8.9327715271552019E-02
   1.0000000000000000E+11   5.6690666404847377E-03   9.9949646719900261E+02   8.9376851919762454E-02
   1.1000000000000000E+11   5.6924444814723313E-03   9.9539171579494575E+02   8.9842839441214017E-02
