   1.0000000000000000E+00   0.0000000000000000E+00   1.0000000000000000E+30   0.0000000000000000E+00
   2.0000000000000000E+00   0.0000000000000000E+00   1.0000000000000000E+30   0.0000000000000000E+00
   3.0000000000000000E+00   0.0000000000000000E+00   1.0000000000000000E+30   0.0000000000000000E+00
   4.0000000000000000E+00   0.0000000000000000E+00   1.0000000000000000E+30   0.0000000000000000E+00
   5.0000000000000000E+00   0.0000000000000000E+00   1.0000000000000000E+30   0.0000000000000000E+00
   6.0000000000000000E+00   0.0000000000000000E+00   1.0000000000000000E+30   0.0000000000000000E+00
   7.0000000000000000E+00   0.0000000000000000E+00   1.0000000000000000E+30   0.0000000000000000E+00
   8.0000000000000000E+00   0.0000000000000000E+00   1.0000000000000000E+30   0.0000000000000000E+00
   9.0000000000000000E+00   0.0000000000000000E+00   1.0000000000000000E+30   0.0000000000000000E+00
   1.0000000000000000E+01   0.0000000000000000E+00   1.0000000000000000E+30   0.0000000000000000E+00
   1.1000000000000000E+01   0.0000000000000000E+00   1.0000000000000000E+30   0.0000000000000000E+00
   1.1259000000000000E+01   0.0000000000000000E+00   1.0000000000000000E+30   0.0000000000000000E+00
   1.1260999999999999E+01   0.0000000000000000E+00   1.0000000000000000E+30   0.0000000000000000E+00
   1.2000000000000000E+01   0.0000000000000000E+00   1.0000000000000000E+30   0.0000000000000000E+00
   1.3000000000000000E+01   0.0000000000000000E+00   1.0000000000000000E+30   0.0000000000000000E+00
   1.4000000000000000E+01   0.0000000000000000E+00   1.0000000000000000E+30   0.0000000000000000E+00
   1.5000000000000000E+01   0.0000000000000000E+00   1.0000000000000000E+30   0.0000000000000000E+00
   1.6000000000000000E+01   0.0000000000000000E+00   1.0000000000000000E+30   0.0000000000000000E+00
   1.6588999999999999E+01   0.0000000000000000E+00   1.0000000000000000E+30   0.0000000000000000E+00
   1.6591000000000001E+01   0.0000000000000000E+00   1.0000000000000000E+30   0.0000000000000000E+00
   1.7000000000000000E+01   0.0000000000000000E+00   1.0000000000000000E+30   0.0000000000000000E+00
   1.8000000000000000E+01   0.0000000000000000E+00   1.0000000000000000E+30   0.0000000000000000E+00
   1.9000000000000000E+01   0.0000000000000000E+00   1.0000000000000000E+30   0.0000000000000000E+00
   2.0000000000000000E+01   0.0000000000000000E+00   1.0000000000000000E+30   0.0000000000000000E+00
   2.1000000000000000E+01   0.0000000000000000E+00   1.0000000000000000E+30   0.0000000000000000E+00
   2.2000000000000000E+01   0.0000000000000000E+00   1.0000000000000000E+30   0.0000000000000000E+00
   2.3000000000000000E+01   0.0000000000000000E+00   1.0000000000000000E+30   0.0000000000000000E+00
   2.4000000000000000E+01   0.0000000000000000E+00   1.0000000000000000E+30   0.0000000000000000E+00
   2.5000000000000000E+01   0.0000000000000000E+00   1.0000000000000000E+30   0.0000000000000000E+00
   2.6000000000000000E+01   0.0000000000000000E+00   1.0000000000000000E+30   0.0000000000000000E+00
   2.7000000000000000E+01   0.0000000000000000E+00   1.0000000000000000E+30   0.0000000000000000E+00
   2.8000000000000000E+01   0.0000000000000000E+00   1.0000000000000000E+30   0.0000000000000000E+00
   2.9000000000000000E+01   0.0000000000000000E+00   1.0000000000000000E+30   0.0000000000000000E+00
   3.0000000000000000E+01   0.0000000000000000E+00   1.0000000000000000E+30   0.0000000000000000E+00
   3.1000000000000000E+01   0.0000000000000000E+00   1.0000000000000000E+30   0.0000000000000000E+00
   3.2000000000000000E+01   0.0000000000000000E+00   1.0000000000000000E+30   0.0000000000000000E+00
   3.3000000000000000E+01   0.0000000000000000E+00   1.0000000000000000E+30   0.0000000000000000E+00
   3.4000000000000000E+01   0.0000000000000000E+00   1.0000000000000000E+30   0.0000000000000000E+00
   3.5000000000000000E+01   0.0000000000000000E+00   1.0000000000000000E+30   0.0000000000000000E+00
   3.6000000000000000E+01   0.0000000000000000E+00   1.0000000000000000E+30   0.0000000000000000E+00
   3.7000000000000000E+01   0.0000000000000000E+00   1.0000000000000000E+30   0.0000000000000000E+00
   3.8000000000000000E+01   0.0000000000000000E+00   1.0000000000000000E+30   0.0000000000000000E+00
   3.9000000000000000E+01   0.0000000000000000E+00   1.0000000000000000E+30   0.0000000000000000E+00
   4.0000000000000000E+01   0.0000000000000000E+00   1.0000000000000000E+30   0.0000000000000000E+00
   4.1000000000000000E+01   0.0000000000000000E+00   1.0000000000000000E+30   0.0000000000000000E+00
   4.2000000000000000E+01   0.0000000000000000E+00   1.0000000000000000E+30   0.0000000000000000E+00
   4.3000000000000000E+01   0.0000000000000000E+00   1.0000000000000000E+30   0.0000000000000000E+00
   4.4000000000000000E+01   0.0000000000000000E+00   1.0000000000000000E+30   0.0000000000000000E+00
   4.5000000000000000E+01   0.0000000000000000E+00   1.0000000000000000E+30   0.0000000000000000E+00
   4.6000000000000000E+01   0.0000000000000000E+00   1.0000000000000000E+30   0.0000000000000000E+00
   4.7000000000000000E+01   0.0000000000000000E+00   1.0000000000000000E+30   0.0000000000000000E+00
   4.8000000000000000E+01   0.0000000000000000E+00   1.0000000000000000E+30   0.0000000000000000E+00
   4.9000000000000000E+01   0.0000000000000000E+00   1.0000000000000000E+30   0.0000000000000000E+00
   5.0000000000000000E+01   0.0000000000000000E+00   1.0000000000000000E+30   0.0000000000000000E+00
   5.1000000000000000E+01   0.0000000000000000E+00   1.0000000000000000E+30   0.0000000000000000E+00
   5.2000000000000000E+01   0.0000000000000000E+00   1.0000000000000000E+30   0.0000000000000000E+00
   5.3000000000000000E+01   0.0000000000000000E+00   1.0000000000000000E+30   0.0000000000000000E+00
   5.4000000000000000E+01   0.0000000000000000E+00   1.0000000000000000E+30   0.0000000000000000E+00
   5.5000000000000000E+01   0.0000000000000000E+00   1.0000000000000000E+30   0.0000000000000000E+00
   5.6000000000000000E+01   0.0000000000000000E+00   1.0000000000000000E+30   0.0000000000000000E+00
   5.7000000000000000E+01   0.0000000000000000E+00   1.0000000000000000E+30   0.0000000000000000E+00
   5.8000000000000000E+01   0.0000000000000000E+00   1.0000000000000000E+30   0.0000000000000000E+00
   5.9000000000000000E+01   0.0000000000000000E+00   1.0000000000000000E+30   0.0000000000000000E+00
   6.0000000000000000E+01   0.0000000000000000E+00   1.0000000000000000E+30   0.0000000000000000E+00
   6.1000000000000000E+01   0.0000000000000000E+00   1.0000000000000000E+30   0.0000000000000000E+00
   6.2000000000000000E+01   0.0000000000000000E+00   1.0000000000000000E+30   0.0000000000000000E+00
   6.3000000000000000E+01   0.0000000000000000E+00   1.0000000000000000E+30   0.0000000000000000E+00
   6.4000000000000000E+01   0.0000000000000000E+00   1.0000000000000000E+30   0.0000000000000000E+00
   6.5000000000000000E+01   0.0000000000000000E+00   1.0000000000000000E+30   0.0000000000000000E+00
   6.6000000000000000E+01   0.0000000000000000E+00   1.0000000000000000E+30   0.0000000000000000E+00
   6.7000000000000000E+01   0.0000000000000000E+00   1.0000000000000000E+30   0.0000000000000000E+00
   6.8000000000000000E+01   0.0000000000000000E+00   1.0000000000000000E+30   0.0000000000000000E+00
   6.9000000000000000E+01   0.0000000000000000E+00   1.0000000000000000E+30   0.0000000000000000E+00
   7.0000000000000000E+01   0.0000000000000000E+00   1.0000000000000000E+30   0.0000000000000000E+00
   7.1000000000000000E+01   0.0000000000000000E+00   1.0000000000000000E+30   0.0000000000000000E+00
   7.2000000000000000E+01   0.0000000000000000E+00   1.0000000000000000E+30   0.0000000000000000E+00
   7.3000000000000000E+01   0.0000000000000000E+00   1.0000000000000000E+30   0.0000000000000000E+00
   7.4000000000000000E+01   0.0000000000000000E+00   1.0000000000000000E+30   0.0000000000000000E+00
   7.5000000000000000E+01   0.0000000000000000E+00   1.0000000000000000E+30   0.0000000000000000E+00
   7.6000000000000000E+01   0.0000000000000000E+00   1.0000000000000000E+30   0.0000000000000000E+00
   7.7000000000000000E+01   0.0000000000000000E+00   1.0000000000000000E+30   0.0000000000000000E+00
   7.8000000000000000E+01   0.0000000000000000E+00   1.0000000000000000E+30   0.0000000000000000E+00
   7.9000000000000000E+01   0.0000000000000000E+00   1.0000000000000000E+30   0.0000000000000000E+00
   8.0000000000000000E+01   0.0000000000000000E+00   1.0000000000000000E+30   0.0000000000000000E+00
   8.1000000000000000E+01   0.0000000000000000E+00   1.0000000000000000E+30   0.0000000000000000E+00
   8.2000000000000000E+01   0.0000000000000000E+00   1.0000000000000000E+30   0.0000000000000000E+00
   8.3000000000000000E+01   0.0000000000000000E+00   1.0000000000000000E+30   0.0000000000000000E+00
   8.4000000000000000E+01   0.0000000000000000E+00   1.0000000000000000E+30   0.0000000000000000E+00
   8.5000000000000000E+01   0.0000000000000000E+00   1.0000000000000000E+30   0.0000000000000000E+00
   8.6000000000000000E+01   0.0000000000000000E+00   1.0000000000000000E+30   0.0000000000000000E+00
   8.7000000000000000E+01   0.0000000000000000E+00   1.0000000000000000E+30   0.0000000000000000E+00
   8.8000000000000000E+01   0.0000000000000000E+00   1.0000000000000000E+30   0.0000000000000000E+00
   8.9000000000000000E+01   0.0000000000000000E+00   1.0000000000000000E+30   0.0000000000000000E+00
   9.0000000000000000E+01   0.0000000000000000E+00   1.0000000000000000E+30   0.0000000000000000E+00
   9.1000000000000000E+01   0.0000000000000000E+00   1.0000000000000000E+30   0.0000000000000000E+00
   9.2000000000000000E+01   0.0000000000000000E+00   1.0000000000000000E+30   0.0000000000000000E+00
   9.3000000000000000E+01   0.0000000000000000E+00   1.0000000000000000E+30   0.0000000000000000E+00
   9.4000000000000000E+01   0.0000000000000000E+00   1.0000000000000000E+30   0.0000000000000000E+00
   9.5000000000000000E+01   0.0000000000000000E+00   1.0000000000000000E+30   0.0000000000000000E+00
   9.6000000000000000E+01   0.0000000000000000E+00   1.0000000000000000E+30   0.0000000000000000E+00
   9.7000000000000000E+01   0.0000000000000000E+00   1.0000000000000000E+30   0.0000000000000000E+00
   9.8000000000000000E+01   0.0000000000000000E+00   1.0000000000000000E+30   0.0000000000000000E+00
   9.9000000000000000E+01   0.0000000000000000E+00   1.0000000000000000E+30   0.0000000000000000E+00
   1.0000000000000000E+02   0.0000000000000000E+00   1.0000000000000000E+30   0.0000000000000000E+00
   1.1000000000000000E+02   0.0000000000000000E+00   1.0000000000000000E+30   0.0000000000000000E+00
   1.2000000000000000E+02   0.0000000000000000E+00   1.0000000000000000E+30   0.0000000000000000E+00
   1.3000000000000000E+02   0.0000000000000000E+00   1.0000000000000000E+30   0.0000000000000000E+00
   1.4000000000000000E+02   0.0000000000000000E+00   1.0000000000000000E+30   0.0000000000000000E+00
   1.5000000000000000E+02   0.0000000000000000E+00   1.0000000000000000E+30   0.0000000000000000E+00
   1.6000000000000000E+02   0.0000000000000000E+00   1.0000000000000000E+30   0.0000000000000000E+00
   1.7000000000000000E+02   0.0000000000000000E+00   1.0000000000000000E+30   0.0000000000000000E+00
   1.8000000000000000E+02   0.0000000000000000E+00   1.0000000000000000E+30   0.0000000000000000E+00
   1.9000000000000000E+02   0.0000000000000000E+00   1.0000000000000000E+30   0.0000000000000000E+00
   2.0000000000000000E+02   0.0000000000000000E+00   1.0000000000000000E+30   0.0000000000000000E+00
   2.1000000000000000E+02   0.0000000000000000E+00   1.0000000000000000E+30   0.0000000000000000E+00
   2.2000000000000000E+02   0.0000000000000000E+00   1.0000000000000000E+30   0.0000000000000000E+00
   2.3000000000000000E+02   0.0000000000000000E+00   1.0000000000000000E+30   0.0000000000000000E+00
   2.4000000000000000E+02   0.0000000000000000E+00   1.0000000000000000E+30   0.0000000000000000E+00
   2.5000000000000000E+02   0.0000000000000000E+00   1.0000000000000000E+30   0.0000000000000000E+00
   2.6000000000000000E+02   0.0000000000000000E+00   1.0000000000000000E+30   0.0000000000000000E+00
   2.7000000000000000E+02   0.0000000000000000E+00   1.0000000000000000E+30   0.0000000000000000E+00
   2.8000000000000000E+02   0.0000000000000000E+00   1.0000000000000000E+30   0.0000000000000000E+00
   2.8799900000000002E+02   0.0000000000000000E+00   1.0000000000000000E+30   0.0000000000000000E+00
   2.8800099999999998E+02   0.0000000000000000E+00   1.0000000000000000E+30   0.0000000000000000E+00
   2.9000000000000000E+02   1.2282792938097889E-03   4.6131300169566175E+03   1.1944132479645461E-03
   3.0000000000000000E+02   7.2457331495776982E-03   7.8200672899614813E+02   7.1728696611141210E-03
   3.1000000000000000E+02   1.2490594329627652E-02   4.5363830814999540E+02   1.2559965751206072E-02
   3.2000000000000000E+02   1.8139504736734126E-02   3.1236862095830134E+02   1.8551875055087194E-02
   3.3000000000000000E+02   2.3609081336116135E-02   2.4000137908001915E+02   2.4547475503619486E-02
   3.4000000000000000E+02   2.8384298164935168E-02   1.9962487874651862E+02   2.9943474897551121E-02
   3.5000000000000000E+02   3.3537448017955288E-02   1.6895179610704537E+02   3.5940484121666123E-02
   3.6000000000000000E+02   3.8040954963276759E-02   1.4895031118304345E+02   4.1334862954102596E-02
   3.7000000000000000E+02   4.2906536599606152E-02   1.3205941398523939E+02   4.7327637082367119E-02
   3.8000000000000000E+02   4.7631144195736080E-02   1.1896023442551378E+02   5.3316226739054229E-02
   3.9000000000000000E+02   5.1766229477858208E-02   1.0945769349308709E+02   5.8700323501450803E-02
   4.0000000000000000E+02   5.6240751394324585E-02   1.0074922434361373E+02   6.4678265269396684E-02
   4.1000000000000000E+02   6.0160537261349789E-02   9.4184864986577821E+01   7.0051844433311236E-02
   4.2000000000000000E+02   6.4406014821941290E-02   8.7976442808100856E+01   7.6016092511667424E-02
   4.3000000000000000E+02   6.8128447754434218E-02   8.3169546147650522E+01   8.1376974387599429E-02
   4.4000000000000000E+02   7.2163574209044345E-02   7.8519005489753866E+01   8.7325125852910204E-02
   4.5000000000000000E+02   7.6094681808740336E-02   7.4462655533824503E+01   9.3263641172716724E-02
   4.6000000000000000E+02   7.9546076152903405E-02   7.1231823787117108E+01   9.8601795366573070E-02
   4.7000000000000000E+02   8.3291525077543810E-02   6.8028674876645752E+01   1.0452141577092668E-01
   4.8000000000000000E+02   8.6582700469246335E-02   6.5442773773183703E+01   1.0984332254564567E-01
   4.9000000000000000E+02   9.0156584929337508E-02   6.2848566013467014E+01   1.1574274549591584E-01
   5.0000000000000000E+02   9.3299601429194676E-02   6.0731364257545273E+01   1.2104753513888121E-01
   5.1000000000000000E+02   9.6714604228675033E-02   5.8586933428201228E+01   1.2692576509179090E-01
   5.2000000000000000E+02   1.0005046849419064E-01   5.6633538700613073E+01   1.3279194279129264E-01
   5.3000000000000000E+02   1.0298790265916756E-01   5.5018229648119068E+01   1.3806909641323722E-01
   5.4000000000000000E+02   1.0618186128681682E-01   5.3363277030666545E+01   1.4391292089706367E-01
   5.5000000000000000E+02   1.0899662993894532E-01   5.1985204337548360E+01   1.4917170681058392E-01
   5.6000000000000000E+02   1.1205851770152800E-01   5.0564760231545975E+01   1.5499271261301423E-01
   5.7000000000000000E+02   1.1505433972583928E-01   4.9248138688050524E+01   1.6080090363895280E-01
   5.8000000000000000E+02   1.1769780870127318E-01   4.8142035455065532E+01   1.6603075379861446E-01
   5.9000000000000000E+02   1.2057483684151804E-01   4.6993321557862096E+01   1.7181562247515200E-01
   6.0000000000000000E+02   1.2311554422477577E-01   4.6023531107779846E+01   1.7702671818567120E-01
   6.1000000000000000E+02   1.2588153354542306E-01   4.5012258111994001E+01   1.8278813382243161E-01
   6.2000000000000000E+02   1.2832614263790734E-01   4.4154775971629839E+01   1.8798047090044095E-01
   6.3000000000000000E+02   1.3098817684650021E-01   4.3257431440703392E+01   1.9371839015722264E-01
   6.4000000000000000E+02   1.3359791502941876E-01   4.2412428953195061E+01   1.9944315414681249E-01
   6.5000000000000000E+02   1.3590733937534569E-01   4.1691729861853915E+01   2.0460647213919311E-01
   6.6000000000000000E+02   1.3842279803976018E-01   4.0934095826127333E+01   2.1030779160294874E-01
   6.7000000000000000E+02   1.4065058801020683E-01   4.0285733317154879E+01   2.1545264952231405E-01
   6.8000000000000000E+02   1.4307745016346496E-01   3.9602411651917251E+01   2.2113063332225308E-01
   6.9000000000000000E+02   1.4545962162931711E-01   3.8953848607689487E+01   2.2679560755893063E-01
   7.0000000000000000E+02   1.4757204440561852E-01   3.8396243016773468E+01   2.3191209790950884E-01
   7.1000000000000000E+02   1.4987345376240124E-01   3.7806642452258586E+01   2.3755401598576870E-01
   7.2000000000000000E+02   1.5191593228566699E-01   3.7298339905687506E+01   2.4265262757515235E-01
   7.3000000000000000E+02   1.5414122961646604E-01   3.6759873354967219E+01   2.4827176663891767E-01
   7.4000000000000000E+02   1.5611776741265565E-01   3.6294472905848664E+01   2.5335277967119413E-01
   7.5000000000000000E+02   1.5827124461417763E-01   3.5800641444963055E+01   2.5894942961065220E-01
   7.6000000000000000E+02   1.6038832623429422E-01   3.5328082863107184E+01   2.6453348516711517E-01
   7.7000000000000000E+02   1.6227117639830335E-01   3.4918167263249458E+01   2.6958762145628512E-01
   7.8000000000000000E+02   1.6432238646945685E-01   3.4482289365566217E+01   2.7514966965661808E-01
   7.9000000000000000E+02   1.6614816179881500E-01   3.4103369054069347E+01   2.8018703588054678E-01
   8.0000000000000000E+02   1.6813703946972289E-01   3.3699963418831054E+01   2.8572742216597019E-01
   8.1000000000000000E+02   1.6990881535866342E-01   3.3348546792697661E+01   2.9074838474468478E-01
   8.2000000000000000E+02   1.7183866835823339E-01   3.2974022282736840E+01   2.9626749707324845E-01
   8.3000000000000000E+02   1.7373850950977968E-01   3.2613449346768256E+01   3.0177467562639620E-01
   8.4000000000000000E+02   1.7543319216667458E-01   3.2298403794060199E+01   3.0677063951388539E-01
   8.5000000000000000E+02   1.7727862168658684E-01   3.1962184867939591E+01   3.1225716165651340E-01
   8.6000000000000000E+02   1.7892614488061850E-01   3.1667882205033663E+01   3.1723765222076622E-01
   8.7000000000000000E+02   1.8071991543030072E-01   3.1353556501997893E+01   3.2270390341251315E-01
   8.8000000000000000E+02   1.8248735869988642E-01   3.1049888166767250E+01   3.2815875243031134E-01
   8.9000000000000000E+02   1.8406737475364182E-01   3.0783359012230960E+01   3.3311573976703601E-01
   9.0000000000000000E+02   1.8578704381918423E-01   3.0498424233472434E+01   3.3855098824220053E-01
   9.1000000000000000E+02   1.8732565814866439E-01   3.0247922977980011E+01   3.4349350983078136E-01
   9.2000000000000000E+02   1.8899989044061136E-01   2.9979975471259252E+01   3.4890960361350609E-01
   9.3000000000000000E+02   1.9049913445325864E-01   2.9744030573905260E+01   3.5383807819723856E-01
   9.4000000000000000E+02   1.9213009973696124E-01   2.9491537698869838E+01   3.5923542249679769E-01
   9.5000000000000000E+02   1.9373896567294913E-01   2.9246631207092072E+01   3.6462220103120596E-01
   9.6000000000000000E+02   1.9518164331569668E-01   2.9030455852425607E+01   3.6952934990191821E-01
   9.7000000000000000E+02   1.9675033344983928E-01   2.8798996068409679E+01   3.7489808102735667E-01
   9.8000000000000000E+02   1.9815821252450608E-01   2.8594384291690545E+01   3.7979220847266743E-01
   9.9000000000000000E+02   1.9968860203822569E-01   2.8375240357461919E+01   3.8514337040027319E-01
   1.0000000000000000E+03   2.0106330405859824E-01   2.8181234293398674E+01   3.9002489340458280E-01
   1.1000000000000000E+03   2.1474270216041624E-01   2.6386051877318106E+01   4.4120293896886631E-01
   1.2000000000000000E+03   2.2702546657076120E-01   2.4958486662614657E+01   4.9171334985587578E-01
   1.3000000000000000E+03   2.3814073323657001E-01   2.3793544273047040E+01   5.4148008799350555E-01
   1.4000000000000000E+03   2.4832065502208822E-01   2.2818126341428190E+01   5.9066669963946927E-01
   1.5000000000000000E+03   2.5782321525851337E-01   2.1977121314691672E+01   6.3983869643314228E-01
   1.6000000000000000E+03   2.6670366938786594E-01   2.1245347289316321E+01   6.8876613876758119E-01
   1.7000000000000000E+03   2.7506837372090992E-01   2.0599285926012236E+01   7.3754614717208455E-01
   1.8000000000000000E+03   2.8300453793128238E-01   2.0021629762191491E+01   7.8627274405909298E-01
   1.9000000000000000E+03   2.9052540952847661E-01   1.9503327053824616E+01   8.3465754291718142E-01
   2.0000000000000000E+03   2.9786568643788724E-01   1.9022708346306167E+01   8.8389925068844999E-01
   2.1000000000000000E+03   3.0480039788265634E-01   1.8589910376894004E+01   9.3223770996239974E-01
   2.2000000000000000E+03   3.1161791607886041E-01   1.8183203811831792E+01   9.8140706326060778E-01
   2.3000000000000000E+03   3.1833506535803802E-01   1.7799522252150602E+01   1.0314061016872857E+00
   2.4000000000000000E+03   3.2482848517305146E-01   1.7443704410533933E+01   1.0811107758104697E+00
   2.5000000000000000E+03   3.3142360141061050E-01   1.7096585926179035E+01   1.1329934959658374E+00
   2.6000000000000000E+03   3.3783305770726968E-01   1.6772225068601642E+01   1.1845776328340554E+00
   2.7000000000000000E+03   3.4414657078758520E-01   1.6464531570118488E+01   1.2364197181165359E+00
   2.8000000000000000E+03   3.5050754239535808E-01   1.6165735095905468E+01   1.2896900379376193E+00
   2.9000000000000000E+03   3.5668813888574513E-01   1.5885619570027876E+01   1.3421060699252991E+00
   3.0000000000000000E+03   3.6307683461552581E-01   1.5606096394115463E+01   1.3972900384167579E+00
   3.1000000000000000E+03   3.6967636503282608E-01   1.5327493492793547E+01   1.4553388690529347E+00
   3.2000000000000000E+03   3.7606402974877201E-01   1.5067147164448308E+01   1.5117465204027354E+00
   3.3000000000000000E+03   3.8266712398947872E-01   1.4807156727777858E+01   1.5708585008646816E+00
   3.4000000000000000E+03   3.8949866332026106E-01   1.4547449357537928E+01   1.6328189924376997E+00
   3.5000000000000000E+03   3.9635952709430633E-01   1.4295637400263738E+01   1.6952562945807936E+00
   3.6000000000000000E+03   4.0348612186259186E-01   1.4043139955653432E+01   1.7607595456697471E+00
   3.7000000000000000E+03   4.1069197245036437E-01   1.3796744177085234E+01   1.8269143894937510E+00
   3.8000000000000000E+03   4.1843901251283183E-01   1.3541309270981166E+01   1.8992635511919640E+00
   3.9000000000000000E+03   4.2631155584297215E-01   1.3291246746234835E+01   1.9723569455805952E+00
   4.0000000000000000E+03   4.3457785747501726E-01   1.3038427941087518E+01   2.0492376146913927E+00
   4.1000000000000000E+03   4.4332921019205063E-01   1.2781048370409893E+01   2.1306444020063400E+00
   4.2000000000000000E+03   4.5269506458144482E-01   1.2516619956347681E+01   2.2176237115122035E+00
   4.3000000000000000E+03   4.6303036291730271E-01   1.2237236547038709E+01   2.3140619877816331E+00
   4.4000000000000000E+03   4.7432004226044516E-01   1.1945968069316674E+01   2.4177953876477516E+00
   4.5000000000000000E+03   4.8724858258555592E-01   1.1628996536865829E+01   2.5355273798977485E+00
   4.6000000000000000E+03   5.0243568876220801E-01   1.1277487260985374E+01   2.6725879608493508E+00
   4.7000000000000000E+03   5.1973058788212967E-01   1.0902210128847104E+01   2.8271912498777652E+00
   4.8000000000000000E+03   5.3843040380956342E-01   1.0523573779247963E+01   2.9966334501383693E+00
   4.9000000000000000E+03   5.5750441559495412E-01   1.0163528612474540E+01   3.1705465724240809E+00
   5.0000000000000000E+03   5.7704332203618180E-01   9.8193876665726858E+00   3.3510064032928915E+00
   5.1000000000000000E+03   5.9715561782644422E-01   9.4886691346961882E+00   3.5391065527578838E+00
   5.2000000000000000E+03   6.1771562061839869E-01   9.1728489459401015E+00   3.7326648665587419E+00
   5.3000000000000000E+03   6.3897606421639352E-01   8.8676437143681692E+00   3.9366052619671374E+00
   5.4000000000000000E+03   6.6066401673286623E-01   8.5765410798380106E+00   4.1461434282847263E+00
   5.5000000000000000E+03   6.8320621208422871E-01   8.2935605374467194E+00   4.3679395987847869E+00
   5.6000000000000000E+03   7.0655409167476257E-01   8.0195021814245706E+00   4.5991985266681832E+00
   5.7000000000000000E+03   7.3113909274161726E-01   7.7498414949105161E+00   4.8455577317340754E+00
   5.8000000000000000E+03   7.5723309389044824E-01   7.4827845285641539E+00   5.1100125985386988E+00
   5.9000000000000000E+03   7.8500875003981607E-01   7.2180241037986139E+00   5.3946986018348344E+00
   6.0000000000000000E+03   8.1444756018046505E-01   6.9571232778015766E+00   5.6999076608212231E+00
   6.1000000000000000E+03   8.4528560312630185E-01   6.7033107609116271E+00   6.0234271888272071E+00
   6.2000000000000000E+03   8.7705464504620223E-01   6.4605006215795422E+00   6.3608207326125532E+00
   6.3000000000000000E+03   9.0909021360922027E-01   6.2328380557354466E+00   6.7040076167386653E+00
   6.4000000000000000E+03   9.4120270484985447E-01   6.0201825284640647E+00   7.0538327988895508E+00
   6.5000000000000000E+03   9.7283201850499279E-01   5.8244506468730437E+00   7.4015340210599128E+00
   6.6000000000000000E+03   1.0040553100765841E+00   5.6433266400911961E+00   7.7506630892781434E+00
   6.7000000000000000E+03   1.0344775368619927E+00   5.4773659915982593E+00   8.0939597764339801E+00
   6.8000000000000000E+03   1.0640790059203316E+00   5.3249918924764952E+00   8.4324002654818049E+00
   6.9000000000000000E+03   1.0928561999699429E+00   5.1847736963344797E+00   8.7672015119637585E+00
   7.0000000000000000E+03   1.1204914629019092E+00   5.0568989296942544E+00   9.0916538625567238E+00
   7.1000000000000000E+03   1.1470905171827452E+00   4.9396381493907153E+00   9.4081323163524857E+00
   7.2000000000000000E+03   1.1726645637688038E+00   4.8319120868372494E+00   9.7165275984808925E+00
   7.3000000000000000E+03   1.1972313708698541E+00   4.7327627869986406E+00   1.0016812561107619E+01
   7.4000000000000000E+03   1.2208043398639821E+00   4.6413760948060885E+00   1.0308907057283408E+01
   7.5000000000000000E+03   1.2433904201359418E+00   4.5570658963744615E+00   1.0592653403903103E+01
   7.6000000000000000E+03   1.2649920032295694E+00   4.4792473509825941E+00   1.0867832029564660E+01
   7.7000000000000000E+03   1.2856118170405395E+00   4.4074051003387282E+00   1.1134228878583501E+01
   7.8000000000000000E+03   1.3052554710106512E+00   4.3410751422423850E+00   1.1391661713907379E+01
   7.9000000000000000E+03   1.3239341778387212E+00   4.2798291443235623E+00   1.1640021454018349E+01
   8.0000000000000000E+03   1.3416658251193261E+00   4.2232663107270154E+00   1.1879292852362655E+01
   8.1000000000000000E+03   1.3584741587065434E+00   4.1710120455108521E+00   1.2109541104397158E+01
   8.2000000000000000E+03   1.3743885396061293E+00   4.1227148773403117E+00   1.2330918344163257E+01
   8.3000000000000000E+03   1.3893408826838236E+00   4.0783454587002819E+00   1.2540811623791111E+01
   8.4000000000000000E+03   1.4035724096098756E+00   4.0369930619077525E+00   1.2745175928333975E+01
   8.5000000000000000E+03   1.4170166748984674E+00   3.9986911797535560E+00   1.2941451027550242E+01
   8.6000000000000000E+03   1.4296142491513733E+00   3.9634552347556049E+00   1.3127140736704355E+01
   8.7000000000000000E+03   1.4416009681713693E+00   3.9304996351852108E+00   1.3308268539183953E+01
   8.8000000000000000E+03   1.4529129238318363E+00   3.8998979130397182E+00   1.3482298406222986E+01
   8.9000000000000000E+03   1.4634924525855395E+00   3.8717057060798408E+00   1.3646768756538668E+01
   9.0000000000000000E+03   1.4735627337329353E+00   3.8452465916575922E+00   1.3807633901557143E+01
   9.1000000000000000E+03   1.4829682764617318E+00   3.8208585911220139E+00   1.3959561855047038E+01
   9.2000000000000000E+03   1.4919246420198400E+00   3.7979211013024226E+00   1.4108481922150496E+01
   9.3000000000000000E+03   1.5002768414822705E+00   3.7767776738338554E+00   1.4249034163461538E+01
   9.4000000000000000E+03   1.5082321448420513E+00   3.7568567271675573E+00   1.4387097629679914E+01
   9.5000000000000000E+03   1.5156365866104184E+00   3.7385031012956573E+00   1.4517301140650209E+01
   9.6000000000000000E+03   1.5226019471058894E+00   3.7214007838689289E+00   1.4642649665998736E+01
   9.7000000000000000E+03   1.5292374495045717E+00   3.7052532824878837E+00   1.4766203033404144E+01
   9.8000000000000000E+03   1.5353878917691242E+00   3.6904108140070182E+00   1.4882490309095024E+01
   9.9000000000000000E+03   1.5412434053309338E+00   3.6763901534836236E+00   1.4997304848498779E+01
   1.0000000000000000E+04   1.5466526304812256E+00   3.6635324363152106E+00   1.5105234220168285E+01
   1.1000000000000000E+04   1.5840464600971218E+00   3.5770491726188411E+00   1.5992377446164697E+01
   1.2000000000000000E+04   1.5979953526434558E+00   3.5458251302840034E+00   1.6584925224961236E+01
   1.3000000000000000E+04   1.5957504061959602E+00   3.5508134965715907E+00   1.6945733712343511E+01
   1.4000000000000000E+04   1.5825713906703094E+00   3.5803832376119535E+00   1.7131592372907104E+01
   1.5000000000000000E+04   1.5621794003870741E+00   3.6271199569500467E+00   1.7186782150318962E+01
   1.6000000000000000E+04   1.5372410911302370E+00   3.6859618911918384E+00   1.7148545715846097E+01
   1.7000000000000000E+04   1.5095208895351453E+00   3.7536493325541960E+00   1.7040883705630151E+01
   1.8000000000000000E+04   1.4803014002451509E+00   3.8277421601721375E+00   1.6885786104492276E+01
   1.9000000000000000E+04   1.4503873828285547E+00   3.9066887554068011E+00   1.6695446432224827E+01
   2.0000000000000000E+04   1.4203854163217433E+00   3.9892074463518092E+00   1.6482722877921173E+01
   2.1000000000000000E+04   1.3906453033036501E+00   4.0745199843694335E+00   1.6253272413682105E+01
   2.2000000000000000E+04   1.3614792311875499E+00   4.1618057401711974E+00   1.6017029969002404E+01
   2.3000000000000000E+04   1.3329905013107501E+00   4.2507520300471313E+00   1.5774017994730849E+01
   2.4000000000000000E+04   1.3052834137144020E+00   4.3409822111782308E+00   1.5527424979506627E+01
   2.5000000000000000E+04   1.2784648446229174E+00   4.4320437150162393E+00   1.5283492914227969E+01
   2.6000000000000000E+04   1.2525126200894241E+00   4.5238762377305788E+00   1.5039904321158497E+01
   2.7000000000000000E+04   1.2274566506206090E+00   4.6162217432406631E+00   1.4799797281746390E+01
   2.8000000000000000E+04   1.2032889962700324E+00   4.7089370027020907E+00   1.4564064947396117E+01
   2.9000000000000000E+04   1.1799910458976837E+00   4.8019110815960619E+00   1.4333251104311220E+01
   3.0000000000000000E+04   1.1575381119123271E+00   4.8950544445739830E+00   1.4107722202330949E+01
   3.1000000000000000E+04   1.1359015255052904E+00   4.9882951578568182E+00   1.3887677072844914E+01
   3.2000000000000000E+04   1.1150359566042338E+00   5.0816406824550100E+00   1.3671666787602209E+01
   3.3000000000000000E+04   1.0949261186261408E+00   5.1749720671472312E+00   1.3461417969435393E+01
   3.4000000000000000E+04   1.0755536906870375E+00   5.2681815222639194E+00   1.3258492612328261E+01
   3.5000000000000000E+04   1.0568583976378627E+00   5.3613730014773155E+00   1.3059653637836306E+01
   3.6000000000000000E+04   1.0388236286078132E+00   5.4544505182981133E+00   1.2866418987522446E+01
   3.7000000000000000E+04   1.0214186117616491E+00   5.5473945885004499E+00   1.2678628259365317E+01
   3.8000000000000000E+04   1.0046143280386621E+00   5.6401864091890115E+00   1.2496159904711821E+01
   3.9000000000000000E+04   9.8837153247221066E-01   5.7328766494390377E+00   1.2317401978868798E+01
   4.0000000000000000E+04   9.7268630392195787E-01   5.8253231865541260E+00   1.2145142943382972E+01
   4.1000000000000000E+04   9.5752206459693245E-01   5.9175786010376674E+00   1.1977809597435504E+01
   4.2000000000000000E+04   9.4284419711316325E-01   6.0097013873864213E+00   1.1813792325149963E+01
   4.3000000000000000E+04   9.2864949355476401E-01   6.1015615889592549E+00   1.1655665433726645E+01
   4.4000000000000000E+04   9.1489782769261829E-01   6.1932730715630386E+00   1.1500669747980961E+01
   4.5000000000000000E+04   9.0158601856696186E-01   6.2847160035671932E+00   1.1351187669284958E+01
   4.6000000000000000E+04   8.8867801855068584E-01   6.3760011626269808E+00   1.1204603749286493E+01
   4.7000000000000000E+04   8.7616264574383618E-01   6.4670778958737358E+00   1.1061837172507637E+01
   4.8000000000000000E+04   8.6403194150131513E-01   6.5578733925447006E+00   1.0924269752050796E+01
   4.9000000000000000E+04   8.5225294127547035E-01   6.6485098555368269E+00   1.0789149473052776E+01
   5.0000000000000000E+04   8.4081746521185063E-01   6.7389324245929716E+00   1.0657508307332344E+01
   5.1000000000000000E+04   8.2971097777249758E-01   6.8291395814626190E+00   1.0529268572341426E+01
   5.2000000000000000E+04   8.1891985934260225E-01   6.9191289169966330E+00   1.0404357272552700E+01
   5.3000000000000000E+04   8.0843067750368069E-01   7.0089028498728840E+00   1.0282639419463681E+01
   5.4000000000000000E+04   7.9823093751849916E-01   7.0984621281343134E+00   1.0163995021966377E+01
   5.5000000000000000E+04   7.8830860853119511E-01   7.1878094672056214E+00   1.0048299597122787E+01
   5.6000000000000000E+04   7.7865248393527842E-01   7.2769460014349470E+00   9.9354497869009535E+00
   5.7000000000000000E+04   7.6925183177295853E-01   7.3658740160823859E+00   9.8253434514450468E+00
   5.8000000000000000E+04   7.6009676557238604E-01   7.4545930677830325E+00   9.7179105967254937E+00
   5.9000000000000000E+04   7.5117209027100551E-01   7.5431610850131241E+00   9.6119816129468134E+00
   6.0000000000000000E+04   7.4247965601061183E-01   7.6314711569676055E+00   9.5096032442410809E+00
   6.1000000000000000E+04   7.3400514161882258E-01   7.7195809105418283E+00   9.4095892796141829E+00
   6.2000000000000000E+04   7.2573995505467914E-01   7.8074963904299670E+00   9.3117921846652951E+00
   6.3000000000000000E+04   7.1767257997599865E-01   7.8952606489016350E+00   9.2153529173494615E+00
   6.4000000000000000E+04   7.0980433706391677E-01   7.9827803010028395E+00   9.1220320255833585E+00
   6.5000000000000000E+04   7.0211843107310767E-01   8.0701656995673190E+00   9.0296853207827343E+00
   6.6000000000000000E+04   6.9461884110872707E-01   8.1572968427346400E+00   8.9405687744011146E+00
   6.7000000000000000E+04   6.8729292030840006E-01   8.2442462479283041E+00   8.8532836421188694E+00
   6.8000000000000000E+04   6.8013058442572361E-01   8.3310649590395158E+00   8.7668564232405934E+00
   6.9000000000000000E+04   6.7313524172618278E-01   8.4176428869625415E+00   8.6833293388842385E+00
   7.0000000000000000E+04   6.6629201426387774E-01   8.5040972399170496E+00   8.6005049794542305E+00
   7.1000000000000000E+04   6.5960477342793211E-01   8.5903139391081123E+00   8.5204731226056207E+00
   7.2000000000000000E+04   6.5305941230589104E-01   8.6764113229351594E+00   8.4410524063558618E+00
   7.3000000000000000E+04   6.4665981694282637E-01   8.7622764412176011E+00   8.3642821641748277E+00
   7.4000000000000000E+04   6.4039293126017049E-01   8.8480240847290350E+00   8.2880805081743283E+00
   7.5000000000000000E+04   6.3425865017365424E-01   8.9335984269648616E+00   8.2134511107119046E+00
   7.6000000000000000E+04   6.2825597527246002E-01   9.0189545384314247E+00   8.1411804418922422E+00
   7.7000000000000000E+04   6.2237352780323829E-01   9.1041984055458904E+00   8.0693741833445340E+00
   7.8000000000000000E+04   6.1661134497737402E-01   9.1892763985523658E+00   7.9989818988441330E+00
   7.9000000000000000E+04   6.1096914223674614E-01   9.2741379028347026E+00   7.9308862089311214E+00
   8.0000000000000000E+04   6.0543627098116459E-01   9.3588910196899864E+00   7.8631835275774362E+00
   8.1000000000000000E+04   6.0001257886501491E-01   9.4434888185151600E+00   7.7967075268238153E+00
   8.2000000000000000E+04   5.9469832121211241E-01   9.5278763658376526E+00   7.7323852179745574E+00
   8.3000000000000000E+04   5.8948349815655254E-01   9.6121640337680923E+00   7.6683181490737766E+00
   8.4000000000000000E+04   5.8436915644274967E-01   9.6962887534522526E+00   7.6055929890292582E+00
   8.5000000000000000E+04   5.7935097400510971E-01   9.7802754007801820E+00   7.5437926857081701E+00
   8.6000000000000000E+04   5.7443024351724681E-01   9.8640559814293454E+00   7.4840490944388005E+00
   8.7000000000000000E+04   5.6959760151510375E-01   9.9477456794206063E+00   7.4244467940571903E+00
   8.8000000000000000E+04   5.6485393747145674E-01   1.0031287211778602E+01   7.3659997104337318E+00
   8.9000000000000000E+04   5.6019589326603803E-01   1.0114697639865273E+01   7.3084098714174281E+00
   9.0000000000000000E+04   5.5562141675851351E-01   1.0197972771706327E+01   7.2517229772845893E+00
   9.1000000000000000E+04   5.5112859700991290E-01   1.0281107005191927E+01   7.1960348444368156E+00
   9.2000000000000000E+04   5.4671758246270041E-01   1.0364056802337775E+01   7.1420539220604065E+00
   9.3000000000000000E+04   5.4238112833476360E-01   1.0446919672291704E+01   7.0881848825896991E+00
   9.4000000000000000E+04   5.3812012463656245E-01   1.0529641654467172E+01   7.0353052333262935E+00
   9.5000000000000000E+04   5.3393219284854898E-01   1.0612231581787103E+01   6.9832816363643708E+00
   9.6000000000000000E+04   5.2981526638061816E-01   1.0694693866011818E+01   6.9320386686615034E+00
   9.7000000000000000E+04   5.2576757200839486E-01   1.0777028445926563E+01   6.8815837875822563E+00
   9.8000000000000000E+04   5.1693959209550044E-01   1.0961071982339915E+01   6.7843224896907737E+00
   9.9000000000000000E+04   5.1311164162272505E-01   1.1042844519295477E+01   6.7341869560560790E+00
   1.0000000000000000E+05   5.0934592047269711E-01   1.1124487017038835E+01   6.6848662839410879E+00
   1.1000000000000000E+05   4.7479351959433413E-01   1.1934055216931885E+01   6.2323121798635031E+00
   1.2000000000000000E+05   4.4503658685176478E-01   1.2732014056560134E+01   5.8425406393711139E+00
   1.3000000000000000E+05   4.1911581240296170E-01   1.3519442387519364E+01   5.5029876387260614E+00
   1.4000000000000000E+05   3.9631456529532444E-01   1.4297259237136247E+01   5.2042704443032495E+00
   1.5000000000000000E+05   3.7608634007066855E-01   1.5066253346014918E+01   4.9392352061826106E+00
   1.6000000000000000E+05   3.5800681418452607E-01   1.5827106789536415E+01   4.7023281843399651E+00
   1.7000000000000000E+05   3.4174129613243537E-01   1.6580413732861775E+01   4.4891691059303067E+00
   1.8000000000000000E+05   3.2702208751416784E-01   1.7326695338995204E+01   4.2962546036141189E+00
   1.9000000000000000E+05   3.1363240141285542E-01   1.8066411677986672E+01   4.1207476189346606E+00
   2.0000000000000000E+05   3.0139471957828656E-01   1.8799971304767428E+01   3.9603249751733256E+00
   2.1000000000000000E+05   2.9016221866875258E-01   1.9527739019492149E+01   3.8130651528608324E+00
   2.2000000000000000E+05   2.7981235903447998E-01   2.0250042203396713E+01   3.6773643840868604E+00
   2.3000000000000000E+05   2.7024202358952959E-01   2.0967176030648066E+01   3.5518730403750181E+00
   2.4000000000000000E+05   2.6136378517272196E-01   2.1679407786873394E+01   3.4354467917166596E+00
   2.5000000000000000E+05   2.5310300719113693E-01   2.2386980472346721E+01   3.3271086710664464E+00
   2.6000000000000000E+05   2.4539556759394940E-01   2.3090115828236840E+01   3.2260192956160667E+00
   2.7000000000000000E+05   2.3818605471156093E-01   2.3789016894133017E+01   3.1314532622709534E+00
   2.8000000000000000E+05   2.3142632424207588E-01   2.4483870182171927E+01   3.0427802682911760E+00
   2.9000000000000000E+05   2.2507433546469036E-01   2.5174847535511791E+01   2.9594498851008719E+00
   3.0000000000000000E+05   2.1909320538257998E-01   2.5862107725275596E+01   2.8809791832053557E+00
   3.1000000000000000E+05   2.1345043444823922E-01   2.6545797829492095E+01   2.8069426018185295E+00
   3.2000000000000000E+05   2.0811726848551709E-01   2.7226054429378244E+01   2.7369636002586697E+00
   3.3000000000000000E+05   2.0306816954722667E-01   2.7903004651659344E+01   2.6707077344653571E+00
   3.4000000000000000E+05   1.9828037452651578E-01   2.8576767080508407E+01   2.6078768815380853E+00
   3.5000000000000000E+05   1.9373352493326318E-01   2.9247452558518699E+01   2.5482043952851616E+00
   3.6000000000000000E+05   1.8940935474619078E-01   2.9915164892847866E+01   2.4914510215616072E+00
   3.7000000000000000E+05   1.8529142594061229E-01   3.0580001479918934E+01   2.4374014373394304E+00
   3.8000000000000000E+05   1.8136490337318742E-01   3.1242053859897428E+01   2.3858613046915700E+00
   3.9000000000000000E+05   1.7761636232829817E-01   3.1901408210393591E+01   2.3366547521123939E+00
   4.0000000000000000E+05   1.7403362330511513E-01   3.2558145787416215E+01   2.2896222122440633E+00
   4.1000000000000000E+05   1.7060560963260543E-01   3.3212343320259215E+01   2.2446185583013687E+00
   4.2000000000000000E+05   1.6732222429988189E-01   3.3864073366159609E+01   2.2015114919118197E+00
   4.3000000000000000E+05   1.6417424303087963E-01   3.4513404629582809E+01   2.1601801435265000E+00
   4.4000000000000000E+05   1.6115322114672795E-01   3.5160402250484339E+01   2.1205138532424117E+00
   4.5000000000000000E+05   1.5825141217719074E-01   3.5805128065055598E+01   2.0824111053844492E+00
   4.6000000000000000E+05   1.5546169652025207E-01   3.6447640842141936E+01   2.0457785945684757E+00
   4.7000000000000000E+05   1.5277751872521644E-01   3.7087996498171862E+01   2.0105304046375796E+00
   4.8000000000000000E+05   1.5019283220293431E-01   3.7726248292756502E+01   1.9765872847826911E+00
   4.9000000000000000E+05   1.4770205035155487E-01   3.8362447007294136E+01   1.9438760096501204E+00
   5.0000000000000000E+05   1.4530000324314685E-01   3.8996641108109976E+01   1.9123288122100663E+00
   5.1000000000000000E+05   1.4298189914278073E-01   3.9628876895962712E+01   1.8818828798988863E+00
   5.2000000000000000E+05   1.4074329024037280E-01   4.0259198643167984E+01   1.8524799058861994E+00
   5.3000000000000000E+05   1.3858004206467772E-01   4.0887648719544288E+01   1.8240656885547573E+00
   5.4000000000000000E+05   1.3648830612312995E-01   4.1514267708535876E+01   1.7965897731978002E+00
   5.5000000000000000E+05   1.3446449537715305E-01   4.2139094514037524E+01   1.7700051308454703E+00
   5.6000000000000000E+05   1.3250526221322076E-01   4.2762166459188855E+01   1.7442678697538085E+00
   5.7000000000000000E+05   1.3060747861789035E-01   4.3383519377611414E+01   1.7193369757570149E+00
   5.8000000000000000E+05   1.2876821830200619E-01   4.4003187697999969E+01   1.6951740781329214E+00
   5.9000000000000000E+05   1.2698474055365921E-01   4.4621204522490437E+01   1.6717432381089612E+00
   6.0000000000000000E+05   1.2525447562703726E-01   4.5237601699376825E+01   1.6490107574687147E+00
   6.1000000000000000E+05   1.2357501149829886E-01   4.5852409890799123E+01   1.6269450050708802E+00
   6.2000000000000000E+05   1.2194408184132068E-01   4.6465658635679858E+01   1.6055162593295262E+00
   6.3000000000000000E+05   1.2035955509335917E-01   4.7077376408421486E+01   1.5846965649755873E+00
   6.4000000000000000E+05   1.1881942449706097E-01   4.7687590673529719E+01   1.5644596025960678E+00
   6.5000000000000000E+05   1.1732179901732123E-01   4.8296327936836889E+01   1.5447805696392893E+00
   6.6000000000000000E+05   1.1586489504521642E-01   4.8903613793193941E+01   1.5256360717189204E+00
   6.7000000000000000E+05   1.1444702880949763E-01   4.9509472971219601E+01   1.5070040231898745E+00
   6.8000000000000000E+05   1.1306660942607735E-01   5.0113929375274743E+01   1.4888635560798151E+00
   6.9000000000000000E+05   1.1172213252429912E-01   5.0717006124528055E+01   1.4711949365709129E+00
   7.0000000000000000E+05   1.1041217439307113E-01   5.1318725590063146E+01   1.4539794882989701E+00
   7.1000000000000000E+05   1.0913538659950808E-01   5.1919109429404386E+01   1.4371995218301161E+00
   7.2000000000000000E+05   1.0789049103525153E-01   5.2518178618993097E+01   1.4208382697510613E+00
   7.3000000000000000E+05   1.0667627535035321E-01   5.3115953485166870E+01   1.4048798268306557E+00
   7.4000000000000000E+05   1.0549158874180629E-01   5.3712453732670866E+01   1.3893090948257336E+00
   7.5000000000000000E+05   1.0433533806253709E-01   5.4307698472055257E+01   1.3741117314872169E+00
   7.6000000000000000E+05   1.0320648422381731E-01   5.4901706245435712E+01   1.3592741034122480E+00
   7.7000000000000000E+05   1.0210403886572102E-01   5.5494495050601849E+01   1.3447832424035602E+00
   7.8000000000000000E+05   1.0102706127184799E-01   5.6086082363945295E+01   1.3306268050317080E+00
   7.9000000000000000E+05   9.9974655507657800E-02   5.6676485162243914E+01   1.3167930351267025E+00
   8.0000000000000000E+05   9.8945967764086165E-02   5.7265719943130868E+01   1.3032707289596905E+00
   8.1000000000000000E+05   9.7940183889116045E-02   5.7853802744492214E+01   1.2900492028865671E+00
   8.2000000000000000E+05   9.6956527092105366E-02   5.8440749162740815E+01   1.2771182632526998E+00
   8.3000000000000000E+05   9.5994255805954748E-02   5.9026574370596094E+01   1.2644681783728398E+00
   8.4000000000000000E+05   9.5052661696305246E-02   5.9611293133314362E+01   1.2520896524300071E+00
   8.5000000000000000E+05   9.4131067804157961E-02   6.0194919824652466E+01   1.2399738011283656E+00
   8.6000000000000000E+05   9.3228826812925839E-02   6.0777468441709644E+01   1.2281121289731389E+00
   8.7000000000000000E+05   9.2345319429753894E-02   6.1358952619038170E+01   1.2164965080476235E+00
   8.8000000000000000E+05   9.1479952872123543E-02   6.1939385642237959E+01   1.2051191581754754E+00
   8.9000000000000000E+05   9.0632159451727895E-02   6.2518780461124585E+01   1.1939726283531571E+00
   9.0000000000000000E+05   8.9801395250231897E-02   6.3097149701196663E+01   1.1830497793820656E+00
   9.1000000000000000E+05   8.8987138876231456E-02   6.3674505676164223E+01   1.1723437675770132E+00
   9.2000000000000000E+05   8.8188890301689665E-02   6.4250860398587548E+01   1.1618480295074376E+00
   9.3000000000000000E+05   8.7406169769418660E-02   6.4826225590572520E+01   1.1515562676693609E+00
   9.4000000000000000E+05   8.6638516767423637E-02   6.5400612693899774E+01   1.1414624370395736E+00
   9.5000000000000000E+05   8.5885489065090387E-02   6.5974032879826055E+01   1.1315607324349040E+00
   9.6000000000000000E+05   8.5146661807619359E-02   6.6546497058011170E+01   1.1218455766373936E+00
   9.7000000000000000E+05   8.4421626662998045E-02   6.7118015885895176E+01   1.1123116092117435E+00
   9.8000000000000000E+05   8.3709991020634519E-02   6.7688599776381437E+01   1.1029536759893290E+00
   9.9000000000000000E+05   8.3011377234646716E-02   6.8258258906651278E+01   1.0937668191503995E+00
   1.0000000000000000E+06   8.2325421912019248E-02   6.8827003225512357E+01   1.0847462678866207E+00
   1.1000000000000000E+06   7.6091089250128599E-02   7.4466171207696803E+01   1.0027554435638411E+00
   1.2000000000000000E+06   7.0806978644899585E-02   8.0023356283799941E+01   9.3325097658968537E-01
   1.3000000000000000E+06   6.6267098147334294E-02   8.5505661752115628E+01   8.7352766716257868E-01
   1.4000000000000000E+06   6.2321547629413762E-02   9.0918988616482054E+01   8.2161660235928446E-01
   1.5000000000000000E+06   5.8858537410894099E-02   9.6268312614092537E+01   7.7604921280567485E-01
   1.6000000000000000E+06   5.5792932131318515E-02   1.0155788310504606E+02   7.3570692395366422E-01
   1.7000000000000000E+06   5.3058707951763172E-02   1.0679136937581463E+02   6.9972214934229360E-01
   1.8000000000000000E+06   5.0603843549940380E-02   1.1197197054583988E+02   6.6741121985111496E-01
   1.9000000000000000E+06   4.8386773093742570E-02   1.1710249965424900E+02   6.3822781212392443E-01
   2.0000000000000000E+06   4.6373869589802413E-02   1.2218544903844321E+02   6.1172990136605010E-01
   2.1000000000000000E+06   4.4537624594517836E-02   1.2722304189024196E+02   5.8755585551327938E-01
   2.2000000000000000E+06   4.2855308778611718E-02   1.3221727344800078E+02   5.6540684252735585E-01
   2.3000000000000000E+06   4.1307970997447124E-02   1.3716994426645627E+02   5.4503368236970295E-01
   2.4000000000000000E+06   3.9879679810148026E-02   1.4208268738502647E+02   5.2622688278702101E-01
   2.5000000000000000E+06   3.8556941400858330E-02   1.4695699071592014E+02   5.0880899179665895E-01
   2.6000000000000000E+06   3.7328247690002286E-02   1.5179421564430439E+02   4.9262866011351142E-01
   2.7000000000000000E+06   3.6183721783485195E-02   1.5659561261789162E+02   4.7755598217962325E-01
   2.8000000000000000E+06   3.5114837078577148E-02   1.6136233429763101E+02   4.6347880478084114E-01
   2.9000000000000000E+06   3.4114192720507801E-02   1.6609544672220724E+02   4.5029977597481741E-01
   3.0000000000000000E+06   3.3175332606117498E-02   1.7079593886077180E+02   4.3793396618290459E-01
   3.1000000000000000E+06   3.2292598367596050E-02   1.7546473080239849E+02   4.2630693574053696E-01
   3.2000000000000000E+06   3.1461009088560782E-02   1.8010268086221200E+02   4.1535315376227355E-01
   3.3000000000000000E+06   3.0676162242195694E-02   1.8471059172083210E+02   4.0501469585496330E-01
   3.4000000000000000E+06   2.9934151586044174E-02   1.8928921580399495E+02   3.9524016471073142E-01
   3.5000000000000000E+06   2.9231498716787166E-02   1.9383925998382702E+02   3.8598379021330981E-01
   3.6000000000000000E+06   2.8565095696506039E-02   1.9836138970727413E+02   3.7720467506469585E-01
   3.7000000000000000E+06   2.7932156703897922E-02   2.0285623267642259E+02   3.6886615907357956E-01
   3.8000000000000000E+06   2.7330177103354423E-02   2.0732438205769108E+02   3.6093528089873517E-01
   3.9000000000000000E+06   2.6756898621340289E-02   2.1176639937489085E+02   3.5338232012084309E-01
   4.0000000000000000E+06   2.6210279593715229E-02   2.1618281709741368E+02   3.4618040598391275E-01
   4.1000000000000000E+06   2.5688469447153910E-02   2.2057414090538538E+02   3.3930518175660490E-01
   4.2000000000000000E+06   2.5189786713459887E-02   2.2494085177992142E+02   3.3273451559644812E-01
   4.3000000000000000E+06   2.4712700026813798E-02   2.2928340785637565E+02   3.2644825060924043E-01
   4.4000000000000000E+06   2.4255811638431702E-02   2.3360224609027230E+02   3.2042798800610228E-01
   4.5000000000000000E+06   2.3817843063128712E-02   2.3789778379436095E+02   3.1465689831515126E-01
   4.6000000000000000E+06   2.3397622549827669E-02   2.4217041998234762E+02   3.0911955654515355E-01
   4.7000000000000000E+06   2.2994074099548730E-02   2.4642053665432940E+02   3.0380179774454152E-01
   4.8000000000000000E+06   2.2606207822975875E-02   2.5064849990989399E+02   2.9869059013694782E-01
   4.9000000000000000E+06   2.2233111441825468E-02   2.5485466099993536E+02   2.9377392331810642E-01
   5.0000000000000000E+06   2.1873942783216280E-02   2.5903935726794793E+02   2.8904070951359467E-01
   5.1000000000000000E+06   2.1527923130927353E-02   2.6320291302694426E+02   2.8448069609967785E-01
   5.2000000000000000E+06   2.1194331322389914E-02   2.6734564036442930E+02   2.8008438794824270E-01
   5.3000000000000000E+06   2.0872498498279900E-02   2.7146783984424127E+02   2.7584297831799698E-01
   5.4000000000000000E+06   2.0561803412371061E-02   2.7556980123986222E+02   2.7174828718139271E-01
   5.5000000000000000E+06   2.0261668247254332E-02   2.7965180410295415E+02   2.6779270612933748E-01
   5.6000000000000000E+06   1.9971554858410165E-02   2.8371411838743899E+02   2.6396914897839258E-01
   5.7000000000000000E+06   1.9690961409716785E-02   2.8775700493141693E+02   2.6027100746680820E-01
   5.8000000000000000E+06   1.9419419339975482E-02   2.9178071600813206E+02   2.5669211136609249E-01
   5.9000000000000000E+06   1.9156490636102422E-02   2.9578549574219198E+02   2.5322669257524988E-01
   6.0000000000000000E+06   1.8901765368395676E-02   2.9977158054000034E+02   2.4986935268421731E-01
   6.1000000000000000E+06   1.8654859458959994E-02   3.0373919953380903E+02   2.4661503363143131E-01
   6.2000000000000000E+06   1.8415412666870853E-02   3.0768857488997105E+02   2.4345899115490185E-01
   6.3000000000000000E+06   1.8183086754242413E-02   3.1161992218720474E+02   2.4039677067119200E-01
   6.4000000000000000E+06   1.7957563821191680E-02   3.1553345074533604E+02   2.3742418536495960E-01
   6.5000000000000000E+06   1.7738544794035162E-02   3.1942936386673375E+02   2.3453729626522477E-01
   6.6000000000000000E+06   1.7525748038436911E-02   3.2330785921680820E+02   2.3173239403157533E-01
   6.7000000000000000E+06   1.7318908102231096E-02   3.2716912902553412E+02   2.2900598237941744E-01
   6.8000000000000000E+06   1.7117774564474754E-02   3.3101336030207716E+02   2.2635476292350074E-01
   6.9000000000000000E+06   1.6922110973771203E-02   3.3484073519330320E+02   2.2377562124413494E-01
   7.0000000000000000E+06   1.6731693890261877E-02   3.3865143102923031E+02   2.2126561421339547E-01
   7.1000000000000000E+06   1.6546311989770975E-02   3.4244562069076778E+02   2.1882195826748929E-01
   7.2000000000000000E+06   1.6365765255504837E-02   3.4622347265883644E+02   2.1644201870716240E-01
   7.3000000000000000E+06   1.6189864219110145E-02   3.4998515137588038E+02   2.1412329977387115E-01
   7.4000000000000000E+06   1.6018429280373909E-02   3.5373081719208056E+02   2.1186343561305954E-01
   7.5000000000000000E+06   1.5851290059621343E-02   3.5746062674822878E+02   2.0966018182851701E-01
   7.6000000000000000E+06   1.5688284817474734E-02   3.6117473295543317E+02   2.0751140777895100E-01
   7.7000000000000000E+06   1.5529259905951576E-02   3.6487328525608888E+02   2.0541508939616121E-01
   7.8000000000000000E+06   1.5374069267783232E-02   3.6855642971206794E+02   2.0336930257014194E-01
   7.9000000000000000E+06   1.5222573970788586E-02   3.7222430913151823E+02   2.0137221702729699E-01
   8.0000000000000000E+06   1.5074641775723227E-02   3.7587706320194593E+02   1.9942209063208544E-01
   8.1000000000000000E+06   1.4930146735281776E-02   3.7951482861787667E+02   1.9751726412115364E-01
   8.2000000000000000E+06   1.4788968822665807E-02   3.8313773917733118E+02   1.9565615620305646E-01
   8.3000000000000000E+06   1.4650993586069340E-02   3.8674592587821758E+02   1.9383725900789106E-01
   8.4000000000000000E+06   1.4516111826712457E-02   3.9033951702227085E+02   1.9205913384852993E-01
   8.5000000000000000E+06   1.4384219295972132E-02   3.9391863839748783E+02   1.9032040725741881E-01
   8.6000000000000000E+06   1.4255216422212240E-02   3.9748341320523321E+02   1.8861976734371014E-01
   8.7000000000000000E+06   1.4129008048212693E-02   4.0103396219644628E+02   1.8695596035106449E-01
   8.8000000000000000E+06   1.4005503182445461E-02   4.0457040390967609E+02   1.8532778742589961E-01
   8.9000000000000000E+06   1.3884614777498481E-02   4.0809285459348303E+02   1.8373410165079654E-01
   9.0000000000000000E+06   1.3766259518866071E-02   4.1160142823945108E+02   1.8217380526104848E-01
   9.1000000000000000E+06   1.3650357621075864E-02   4.1509623679981115E+02   1.8064584699469718E-01
   9.2000000000000000E+06   1.3536832644857813E-02   4.1857739015726230E+02   1.7914921965779643E-01
   9.3000000000000000E+06   1.3425611320050721E-02   4.2204499626902708E+02   1.7768295781243937E-01
   9.4000000000000000E+06   1.3316623385888245E-02   4.2549916110751877E+02   1.7624613564647409E-01
   9.5000000000000000E+06   1.3209801434327447E-02   4.2893998881435101E+02   1.7483786493309370E-01
   9.6000000000000000E+06   1.3105080765645778E-02   4.3236758176522392E+02   1.7345729312861696E-01
   9.7000000000000000E+06   1.3002399254291593E-02   4.3578204058070395E+02   1.7210360159133037E-01
   9.8000000000000000E+06   1.2901697223068736E-02   4.3918346412197667E+02   1.7077600392499045E-01
   9.9000000000000000E+06   1.2802917316398559E-02   4.4257194977137527E+02   1.6947374434612422E-01
   1.0000000000000000E+07   1.2706004398016156E-02   4.4594759312100541E+02   1.6819609626898541E-01
   1.1000000000000000E+07   1.1828815624510510E-02   4.7901770213910891E+02   1.5663166352558533E-01
   1.2000000000000000E+07   1.1090678858202486E-02   5.1089857996290056E+02   1.4690046562335377E-01
   1.3000000000000000E+07   1.0460723255227167E-02   5.4166542228797016E+02   1.3859562998413016E-01
   1.4000000000000000E+07   9.9166388512962646E-03   5.7138433338626112E+02   1.3142308786857970E-01
   1.5000000000000000E+07   9.4418907563975848E-03   6.0011413239884530E+02   1.2516487396359319E-01
   1.6000000000000000E+07   9.0239572915244877E-03   6.2790767912898400E+02   1.1965591331006681E-01
   1.7000000000000000E+07   8.6531776162139060E-03   6.5481287115419195E+02   1.1476883702048034E-01
   1.8000000000000000E+07   8.3219758430944542E-03   6.8087341111209980E+02   1.1040375799805137E-01
   1.9000000000000000E+07   8.0243252926063234E-03   7.0612940937241240E+02   1.0648121065013530E-01
   2.0000000000000000E+07   7.7553702896468232E-03   7.3061786450666705E+02   1.0293716639552782E-01
   2.1000000000000000E+07   7.5111538831670833E-03   7.5437305207905706E+02   9.9719444871356547E-02
   2.2000000000000000E+07   7.2884183369129208E-03   7.7742684592939986E+02   9.6785084315051381E-02
   2.3000000000000000E+07   7.0844566663857489E-03   7.9980898272201932E+02   9.4098384446704667E-02
   2.4000000000000000E+07   6.8970005455441137E-03   8.2154728596345194E+02   9.1629428852384190E-02
   2.5000000000000000E+07   6.7241345764379483E-03   8.4266785785864511E+02   8.9352954921039174E-02
   2.6000000000000000E+07   6.5642299956852734E-03   8.6319523892439258E+02   8.7247479619025292E-02
   2.7000000000000000E+07   6.4158927855820910E-03   8.8315255083648321E+02   8.5294615574342952E-02
   2.8000000000000000E+07   6.2779227005930185E-03   9.0256161945813358E+02   8.3478530826438496E-02
   2.9000000000000000E+07   6.1492806424035410E-03   9.2144307748905862E+02   8.1785518453133241E-02
   3.0000000000000000E+07   6.0290623536223397E-03   9.3981646683018289E+02   8.0203650085116152E-02
   3.1000000000000000E+07   5.9164772023622735E-03   9.5770031484577748E+02   7.8722495783566881E-02
   3.2000000000000000E+07   5.8108307950513471E-03   9.7511221361078105E+02   7.7332894961273754E-02
   3.3000000000000000E+07   5.7115107166943917E-03   9.9206888694408428E+02   7.6026768375109008E-02
   3.4000000000000000E+07   5.6179747644087919E-03   1.0085862463065902E+03   7.4796962715579438E-02
   3.5000000000000000E+07   5.5297411054903399E-03   1.0246794508796036E+03   7.3637121111491649E-02
   3.6000000000000000E+07   5.4463800866889856E-03   1.0403629547134435E+03   7.2541574957187382E-02
   3.7000000000000000E+07   5.3675073497679139E-03   1.0556505488018038E+03   7.1505253051327669E-02
   3.8000000000000000E+07   5.2927779818445191E-03   1.0705554056710223E+03   7.0523604573177773E-02
   3.9000000000000000E+07   5.2218815614719282E-03   1.0850901179541574E+03   6.9592533758829941E-02
   4.0000000000000000E+07   5.1545379626707745E-03   1.0992667277872411E+03   6.8708344416624670E-02
   4.1000000000000000E+07   5.0904937114748415E-03   1.1130967644076654E+03   6.7867692035285171E-02
   4.2000000000000000E+07   5.0295189117589871E-03   1.1265912662606042E+03   6.7067543021581480E-02
   4.3000000000000000E+07   4.9714045209454964E-03   1.1397608172111841E+03   6.6305139065090057E-02
   4.4000000000000000E+07   4.9159600634625274E-03   1.1526155636604685E+03   6.5577966688122241E-02
   4.5000000000000000E+07   4.8630116059245297E-03   1.1651652388773157E+03   6.4883730655766067E-02
   4.6000000000000000E+07   4.8123999659728826E-03   1.1774191919924351E+03   6.4220330458761465E-02
   4.7000000000000000E+07   4.7639792106250059E-03   1.1893863992611421E+03   6.3585840326608342E-02
   4.8000000000000000E+07   4.7176152917637239E-03   1.2010754860347777E+03   6.2978491276340393E-02
   4.9000000000000000E+07   4.6731848642952911E-03   1.2124947426693914E+03   6.2396655496695812E-02
   5.0000000000000000E+07   4.6305742107279066E-03   1.2236521480107128E+03   6.1838832363806683E-02
   5.1000000000000000E+07   4.5896783438036121E-03   1.2345553773130960E+03   6.1303636369565012E-02
   5.2000000000000000E+07   4.5504001876041696E-03   1.2452118156367101E+03   6.0789786299024942E-02
   5.3000000000000000E+07   4.5126498074742555E-03   1.2556285821459767E+03   6.0296095375347705E-02
   5.4000000000000000E+07   4.4763438307010668E-03   1.2658125232960031E+03   5.9821463075898425E-02
   5.5000000000000000E+07   4.4414047690183355E-03   1.2757702515667340E+03   5.9364866951311802E-02
   5.6000000000000000E+07   4.4077605821959765E-03   1.2855081336240066E+03   5.8925356136478924E-02
   5.7000000000000000E+07   4.3753441805391303E-03   1.2950323096141028E+03   5.8502045163136542E-02
   5.8000000000000000E+07   4.3440930077973255E-03   1.3043487027809447E+03   5.8094108373678725E-02
   5.9000000000000000E+07   4.3139486468905868E-03   1.3134630342816699E+03   5.7700774810999639E-02
   6.0000000000000000E+07   4.2848565035955057E-03   1.3223808252914855E+03   5.7321323966900248E-02
   6.1000000000000000E+07   4.2567655096006915E-03   1.3311074022519356E+03   5.6955081691917347E-02
   6.2000000000000000E+07   4.2296278019732063E-03   1.3396479181541251E+03   5.6601416371002605E-02
   6.3000000000000000E+07   4.2033985181346382E-03   1.3480073457309813E+03   5.6259735802823847E-02
   6.4000000000000000E+07   4.1780355391376374E-03   1.3561904934513175E+03   5.5929484059075260E-02
   6.5000000000000000E+07   4.1534992913418913E-03   1.3642020094457757E+03   5.5610138791439105E-02
   6.6000000000000000E+07   4.1297525498483721E-03   1.3720463904521966E+03   5.5301208680986501E-02
   6.7000000000000000E+07   4.1067602550176807E-03   1.3797279918050194E+03   5.5002231122939511E-02
   6.8000000000000000E+07   4.0844894318084676E-03   1.3872510075197856E+03   5.4712770546684428E-02
   6.9000000000000000E+07   4.0629089084162464E-03   1.3946195219249814E+03   5.4432415786664523E-02
   7.0000000000000000E+07   4.0419893243884260E-03   1.4018374678259549E+03   5.4160779085377045E-02
   7.1000000000000000E+07   4.0217029039182435E-03   1.4089086675099163E+03   5.3897493922387095E-02
   7.2000000000000000E+07   4.0020234140274568E-03   1.4158368138526187E+03   5.3642213978782514E-02
   7.3000000000000000E+07   3.9829259805721851E-03   1.4226255037424041E+03   5.3394611213798071E-02
   7.4000000000000000E+07   3.9643871670754687E-03   1.4292781811369305E+03   5.3154375772131154E-02
   7.5000000000000000E+07   3.9463846623329158E-03   1.4357982214867563E+03   5.2921213356208127E-02
   7.6000000000000000E+07   3.9288973331986169E-03   1.4421888888776850E+03   5.2694845130627867E-02
   7.7000000000000000E+07   3.9119051563348845E-03   1.4484533374497664E+03   5.2475006665203681E-02
   7.8000000000000000E+07   3.8953890961853617E-03   1.4545946347256981E+03   5.2261446681107798E-02
   7.9000000000000000E+07   3.8793310589971012E-03   1.4606157590852954E+03   5.2053926498028369E-02
   8.0000000000000000E+07   3.8637138843720595E-03   1.4665195842784567E+03   5.1852219347382766E-02
   8.1000000000000000E+07   3.8485212035049921E-03   1.4723089155179352E+03   5.1656109278211175E-02
   8.2000000000000000E+07   3.8337374634050572E-03   1.4779864645315554E+03   5.1465390923624711E-02
   8.3000000000000000E+07   3.8193477970311497E-03   1.4835548843927400E+03   5.1279868285841065E-02
   8.4000000000000000E+07   3.8053381409092041E-03   1.4890167101224790E+03   5.1099355273783779E-02
   8.5000000000000000E+07   3.7916949638064981E-03   1.4943744508898681E+03   5.0923673683088685E-02
   8.6000000000000000E+07   3.7784054392714828E-03   1.4996305109524512E+03   5.0752653992112352E-02
   8.7000000000000000E+07   3.7654573040612769E-03   1.5047872335104839E+03   5.0586134286112784E-02
   8.8000000000000000E+07   3.7528388058788334E-03   1.5098469112513108E+03   5.0423959627567821E-02
   8.9000000000000000E+07   3.7405387893312148E-03   1.5148117419986168E+03   5.0265982513307959E-02
   9.0000000000000000E+07   3.7285465036629990E-03   1.5196838966373662E+03   5.0112061246314003E-02
   9.1000000000000000E+07   3.7168517446110028E-03   1.5244654532415918E+03   4.9962060958587198E-02
   9.2000000000000000E+07   3.7054446723693746E-03   1.5291584628781045E+03   4.9815851959418372E-02
   9.3000000000000000E+07   3.6943159461451922E-03   1.5337648869454661E+03   4.9673310680100669E-02
   9.4000000000000000E+07   3.6834565299235450E-03   1.5382866699930414E+03   4.9534318159713306E-02
   9.5000000000000000E+07   3.6728578730135073E-03   1.5427256581619911E+03   4.9398761060382969E-02
   9.6000000000000000E+07   3.6625116447363366E-03   1.5470837035080945E+03   4.9266529946943471E-02
   9.7000000000000000E+07   3.6524099843556162E-03   1.5513625534237187E+03   4.9137520628480903E-02
   9.8000000000000000E+07   3.6425452402150081E-03   1.5555639548201616E+03   4.9011632478850077E-02
   9.9000000000000000E+07   3.6329101624152376E-03   1.5596895673613885E+03   4.8888769471777692E-02
   1.0000000000000000E+08   3.6234977206901029E-03   1.5637410359405642E+03   4.8768838894168789E-02
   1.1000000000000000E+08   3.5402579620978157E-03   1.6005082511339492E+03   4.7712863084072132E-02
   1.2000000000000000E+08   3.4732694865754177E-03   1.6313770357816372E+03   4.6870772595302770E-02
   1.3000000000000000E+08   3.4186786700015504E-03   1.6574275111611014E+03   4.6191704714292077E-02
   1.4000000000000000E+08   3.3737327088790661E-03   1.6795082979062772E+03   4.5639331021606833E-02
   1.5000000000000000E+08   3.3364154739344305E-03   1.6982933102148686E+03   4.5187049438070712E-02
   1.6000000000000000E+08   3.3052184260890715E-03   1.7143230337683940E+03   4.4814960932876020E-02
   1.7000000000000000E+08   3.2789921236604466E-03   1.7280346721768990E+03   4.4507906671708293E-02
   1.8000000000000000E+08   3.2568465296926069E-03   1.7397847972943975E+03   4.4254153376137126E-02
   1.9000000000000000E+08   3.2380826235327868E-03   1.7498664296892798E+03   4.4044490530826735E-02
   2.0000000000000000E+08   3.2221447836808313E-03   1.7585218728152222E+03   4.3871599562372049E-02
   2.1000000000000000E+08   3.2085863512979172E-03   1.7659528088399907E+03   4.3729600312356211E-02
   2.2000000000000000E+08   3.1970444834262374E-03   1.7723281952610794E+03   4.3613720417840694E-02
   2.3000000000000000E+08   3.1872220159313508E-03   1.7777902044970872E+03   4.3520053464420221E-02
   2.4000000000000000E+08   3.1788737240945148E-03   1.7824590000328510E+03   4.3445376870698431E-02
   2.5000000000000000E+08   3.1717952875503202E-03   1.7864368806274417E+03   4.3387009705269694E-02
   2.6000000000000000E+08   3.1658157814128287E-03   1.7898110536777720E+03   4.3342710080095707E-02
   2.7000000000000000E+08   3.1607909299433863E-03   1.7926563967904399E+03   4.3310588987576511E-02
   2.8000000000000000E+08   3.1565984744286123E-03   1.7950373243166052E+03   4.3289046919307128E-02
   2.9000000000000000E+08   3.1531346007728262E-03   1.7970092612257777E+03   4.3276725047215740E-02
   3.0000000000000000E+08   3.1503099398166746E-03   1.7986205128153031E+03   4.3272458424832093E-02
   3.1000000000000000E+08   3.1480476605942696E-03   1.7999130541786587E+03   4.3275246655131994E-02
   3.2000000000000000E+08   3.1462819029702449E-03   1.8009232021234432E+03   4.3284230001289788E-02
   3.3000000000000000E+08   3.1449551166162506E-03   1.8016829714176197E+03   4.3298660819467850E-02
   3.4000000000000000E+08   3.1440173023823048E-03   1.8022203870146564E+03   4.3317891205443618E-02
   3.5000000000000000E+08   3.1434248340180839E-03   1.8025600670200777E+03   4.3341355518923437E-02
   3.6000000000000000E+08   3.1431392574257614E-03   1.8027238424430661E+03   4.3368558658706528E-02
   3.7000000000000000E+08   3.1431271475958126E-03   1.8027307879715640E+03   4.3399067611106221E-02
   3.8000000000000000E+08   3.1433591431787636E-03   1.8025977374479014E+03   4.3432503049506833E-02
   3.9000000000000000E+08   3.1438089720549995E-03   1.8023398144882849E+03   4.3468528677330157E-02
   4.0000000000000000E+08   3.1444535281289314E-03   1.8019703674399107E+03   4.3506846741642999E-02
   4.1000000000000000E+08   3.1452719835700369E-03   1.8015014628556182E+03   4.3547193833111647E-02
   4.2000000000000000E+08   3.1462460882807569E-03   1.8009437025876362E+03   4.3589336405802370E-02
   4.3000000000000000E+08   3.1473603425297473E-03   1.8003061177691188E+03   4.3633072222865540E-02
   4.4000000000000000E+08   3.1485989494338348E-03   1.7995979070307076E+03   4.3678208342229533E-02
   4.5000000000000000E+08   3.1499495951787700E-03   1.7988262695227786E+03   4.3724584854972250E-02
   4.6000000000000000E+08   3.1514003617910589E-03   1.7979981687442255E+03   4.3772053020208312E-02
   4.7000000000000000E+08   3.1529410917941511E-03   1.7971195510842574E+03   4.3820482437380751E-02
   4.8000000000000000E+08   3.1545622199504577E-03   1.7961960121265897E+03   4.3869754447905404E-02
   4.9000000000000000E+08   3.1562553257661846E-03   1.7952324811063042E+03   4.3919762988046236E-02
   5.0000000000000000E+08   3.1580121815954713E-03   1.7942337627771801E+03   4.3970410106166695E-02
   5.1000000000000000E+08   3.1598263878782943E-03   1.7932036080263460E+03   4.4021611851707949E-02
   5.2000000000000000E+08   3.1616913989693852E-03   1.7921458372968423E+03   4.4073290456355163E-02
   5.3000000000000000E+08   3.1636027265602713E-03   1.7910630914270912E+03   4.4125382639531592E-02
   5.4000000000000000E+08   3.1655533926387572E-03   1.7899594088845697E+03   4.4177814733842205E-02
   5.5000000000000000E+08   3.1675403403580923E-03   1.7888365957920666E+03   4.4230539969597485E-02
   5.6000000000000000E+08   3.1695582858855928E-03   1.7876977068737015E+03   4.4283499487874897E-02
   5.7000000000000000E+08   3.1716039649635026E-03   1.7865446449413234E+03   4.4336652375863490E-02
   5.8000000000000000E+08   3.1736734965483681E-03   1.7853796509447766E+03   4.4389952060688076E-02
   5.9000000000000000E+08   3.1757648027242766E-03   1.7842039418723793E+03   4.4443369336772238E-02
   6.0000000000000000E+08   3.1778721554088819E-03   1.7830207769170529E+03   4.4496851158427352E-02
   6.1000000000000000E+08   3.1799966030046445E-03   1.7818296013670106E+03   4.4550388921406232E-02
   6.2000000000000000E+08   3.1821339299120226E-03   1.7806328093918000E+03   4.4603944423902864E-02
   6.3000000000000000E+08   3.1842810051050012E-03   1.7794321764932838E+03   4.4657486013427200E-02
   6.4000000000000000E+08   3.1864375581371427E-03   1.7782278723807156E+03   4.4711000164019243E-02
   6.5000000000000000E+08   3.1886014935672566E-03   1.7770210830394876E+03   4.4764465557796736E-02
   6.6000000000000000E+08   3.1907695338734016E-03   1.7758136459958530E+03   4.4817852494352897E-02
   6.7000000000000000E+08   3.1929422997471462E-03   1.7746052222518801E+03   4.4871157150184193E-02
   6.8000000000000000E+08   3.1951178059983916E-03   1.7733969210282903E+03   4.4924360489566148E-02
   6.9000000000000000E+08   3.1972933618771588E-03   1.7721902366048548E+03   4.4977438317610377E-02
   7.0000000000000000E+08   3.1994696057457794E-03   1.7709848123903180E+03   4.5030390881942405E-02
   7.1000000000000000E+08   3.2016452317969405E-03   1.7697813684060247E+03   4.5083205255173703E-02
   7.2000000000000000E+08   3.2038183006668172E-03   1.7685809704941425E+03   4.5135862740711311E-02
   7.3000000000000000E+08   3.2059879038082986E-03   1.7673841104482917E+03   4.5188356983420608E-02
   7.4000000000000000E+08   3.2081545249651581E-03   1.7661905108955909E+03   4.5240684991529563E-02
   7.5000000000000000E+08   3.2103166985888183E-03   1.7650009676524908E+03   4.5292835152887914E-02
   7.6000000000000000E+08   3.2124734115443906E-03   1.7638160238519120E+03   4.5344797913757458E-02
   7.7000000000000000E+08   3.2146241478105101E-03   1.7626359471415929E+03   4.5396570082517254E-02
   7.8000000000000000E+08   3.2167688216738948E-03   1.7614607681169061E+03   4.5448146999692324E-02
   7.9000000000000000E+08   3.2189075832925358E-03   1.7602903882330149E+03   4.5499529720258142E-02
   8.0000000000000000E+08   3.2210386533650338E-03   1.7591257632256898E+03   4.5550704185492064E-02
   8.1000000000000000E+08   3.2231624247850126E-03   1.7579666590516781E+03   4.5601671032299229E-02
   8.2000000000000000E+08   3.2252769310545208E-03   1.7568141280902714E+03   4.5652419055584134E-02
   8.3000000000000000E+08   3.2273839855637854E-03   1.7556671610274459E+03   4.5702958450698571E-02
   8.4000000000000000E+08   3.2294820498971195E-03   1.7545265748297688E+03   4.5753277113169982E-02
   8.5000000000000000E+08   3.2315707589530450E-03   1.7533925456473485E+03   4.5803373960830673E-02
   8.6000000000000000E+08   3.2336506814499813E-03   1.7522647427518248E+03   4.5853251156685773E-02
   8.7000000000000000E+08   3.2357216875901111E-03   1.7511432151942197E+03   4.5902908098799065E-02
   8.8000000000000000E+08   3.2377825360795217E-03   1.7500286125890229E+03   4.5952339411724878E-02
   8.9000000000000000E+08   3.2398346356943028E-03   1.7489201507551431E+03   4.6001549562925223E-02
   9.0000000000000000E+08   3.2418755238038926E-03   1.7478191367544234E+03   4.6050526722216829E-02
   9.1000000000000000E+08   3.2439083352885653E-03   1.7467238570957245E+03   4.6099288199708814E-02
   9.2000000000000000E+08   3.2459282671083206E-03   1.7456368758660326E+03   4.6147807421720144E-02
   9.3000000000000000E+08   3.2479385027528221E-03   1.7445564547105064E+03   4.6196101621366149E-02
   9.4000000000000000E+08   3.2499402348989568E-03   1.7434819319550904E+03   4.6244178847292296E-02
   9.5000000000000000E+08   3.2519301535900878E-03   1.7424150617825512E+03   4.6292020063789838E-02
   9.6000000000000000E+08   3.2539090297699501E-03   1.7413554059563896E+03   4.6339631436154688E-02
   9.7000000000000000E+08   3.2558790314131548E-03   1.7403017817344701E+03   4.6387027097066984E-02
   9.8000000000000000E+08   3.2578356373989198E-03   1.7392565832462194E+03   4.6434178715005790E-02
   9.9000000000000000E+08   3.2597845173124285E-03   1.7382167592328451E+03   4.6481120527369406E-02
   1.0000000000000000E+09   3.2617213490363879E-03   1.7371845946172521E+03   4.6527830450041878E-02
   1.1000000000000000E+09   3.2805099245161533E-03   1.7272351585145504E+03   4.6982731069890725E-02
   1.2000000000000000E+09   3.2982574640094435E-03   1.7179411071785241E+03   4.7416202502867474E-02
   1.3000000000000000E+09   3.3150267260857150E-03   1.7092507987622496E+03   4.7829577019081873E-02
   1.4000000000000000E+09   3.3308737341961230E-03   1.7011188449770837E+03   4.8224146638666698E-02
   1.5000000000000000E+09   3.3458872481668300E-03   1.6934856614145203E+03   4.8601333576585949E-02
   1.6000000000000000E+09   3.3601216623736522E-03   1.6863115829792591E+03   4.8962287593958785E-02
   1.7000000000000000E+09   3.3736479932088177E-03   1.6795504720369011E+03   4.9308193214779750E-02
   1.8000000000000000E+09   3.3865253627328186E-03   1.6731639283834450E+03   4.9640086869761603E-02
   1.9000000000000000E+09   3.3988115367784206E-03   1.6671157015228212E+03   4.9958954742702052E-02
   2.0000000000000000E+09   3.4105478956890909E-03   1.6613788320176552E+03   5.0265615099794339E-02
   2.1000000000000000E+09   3.4217862385470281E-03   1.6559222828268262E+03   5.0560908537198503E-02
   2.2000000000000000E+09   3.4325463813070431E-03   1.6507313958923512E+03   5.0845448831879775E-02
   2.3000000000000000E+09   3.4428926616163306E-03   1.6457707620835624E+03   5.1120048102327398E-02
   2.4000000000000000E+09   3.4528248983802467E-03   1.6410366138573340E+03   5.1385134528875311E-02
   2.5000000000000000E+09   3.4623932589075671E-03   1.6365015917539019E+03   5.1641402244369014E-02
   2.6000000000000000E+09   3.4716139648575490E-03   1.6321549967358528E+03   5.1889291609613877E-02
   2.7000000000000000E+09   3.4805138252812910E-03   1.6279814889177396E+03   5.2129301477091432E-02
   2.8000000000000000E+09   3.4891042082765421E-03   1.6239733012385616E+03   5.2361790766343549E-02
   2.9000000000000000E+09   3.4974249235620934E-03   1.6201097102348178E+03   5.2587308560109826E-02
   3.0000000000000000E+09   3.5054767977497248E-03   1.6163884134442233E+03   5.2806081661750458E-02
   3.1000000000000000E+09   3.5132815405588018E-03   1.6127976121660263E+03   5.3018555049525476E-02
   3.2000000000000000E+09   3.5208357011669200E-03   1.6093372597881369E+03   5.3224867710892937E-02
   3.3000000000000000E+09   3.5282039915618393E-03   1.6059763247906583E+03   5.3425704098800722E-02
   3.4000000000000000E+09   3.5353441937862771E-03   1.6027327945717850E+03   5.3620949098830598E-02
   3.5000000000000000E+09   3.5422802847322513E-03   1.5995945052407119E+03   5.3810959426289329E-02
   3.6000000000000000E+09   3.5490192535776333E-03   1.5965571541400677E+03   5.3995976349025872E-02
   3.7000000000000000E+09   3.5555975558593930E-03   1.5936033227783796E+03   5.4176363357142994E-02
   3.8000000000000000E+09   3.5620042642700834E-03   1.5907370286771175E+03   5.4352188512308823E-02
   3.9000000000000000E+09   3.5682476542215577E-03   1.5879537040475807E+03   5.4523713621139676E-02
   4.0000000000000000E+09   3.5743498152224122E-03   1.5852427357134982E+03   5.4691173760087940E-02
   4.1000000000000000E+09   3.5803164628614580E-03   1.5826009064438031E+03   5.4854716750523030E-02
   4.2000000000000000E+09   3.5861076169579481E-03   1.5800451867885643E+03   5.5014296781856313E-02
   4.3000000000000000E+09   3.5917803042522312E-03   1.5775497384325283E+03   5.5170256084785194E-02
   4.4000000000000000E+09   3.5973395898250566E-03   1.5751118119364896E+03   5.5322863197484834E-02
   4.5000000000000000E+09   3.6027821472021763E-03   1.5727323629269235E+03   5.5472156991667909E-02
   4.6000000000000000E+09   3.6080941140573101E-03   1.5704169293712091E+03   5.5618104544170106E-02
   4.7000000000000000E+09   3.6133191606497884E-03   1.5681460251801423E+03   5.5761127017537562E-02
   4.8000000000000000E+09   3.6183709172983298E-03   1.5659566719353670E+03   5.5900798951914583E-02
   4.9000000000000000E+09   3.6233835304405040E-03   1.5637903169448248E+03   5.6037920997553767E-02
   5.0000000000000000E+09   3.6282548357298963E-03   1.5616907676057272E+03   5.6172080762125910E-02
   5.1000000000000000E+09   3.6330542481351051E-03   1.5596277105932993E+03   5.6303697687478844E-02
   5.2000000000000000E+09   3.6377943812764563E-03   1.5575954783601626E+03   5.6432928035094310E-02
   5.3000000000000000E+09   3.6424067986086952E-03   1.5556230791257472E+03   5.6559444410154827E-02
   5.4000000000000000E+09   3.6469188125147225E-03   1.5536984426513991E+03   5.6683457669062833E-02
   5.5000000000000000E+09   3.6514166335630334E-03   1.5517845943400748E+03   5.6805592533929583E-02
   5.6000000000000000E+09   3.6557609914002927E-03   1.5499405165734981E+03   5.6925023545399224E-02
   5.7000000000000000E+09   3.6600703079589922E-03   1.5481156378768937E+03   5.7042535751967133E-02
   5.8000000000000000E+09   3.6643058196741455E-03   1.5463261960990174E+03   5.7158002073730507E-02
   5.9000000000000000E+09   3.6684204251868657E-03   1.5445917923084246E+03   5.7271090087491421E-02
   6.0000000000000000E+09   3.6725499043677016E-03   1.5428550263514414E+03   5.7382771494140256E-02
   6.1000000000000000E+09   3.6765528945133623E-03   1.5411751828556808E+03   5.7492119184489127E-02
   6.2000000000000000E+09   3.6805502750611651E-03   1.5395013397517171E+03   5.7600077064508544E-02
   6.3000000000000000E+09   3.6843880576545879E-03   1.5378977433466164E+03   5.7705512351803004E-02
   6.4000000000000000E+09   3.6882330283110813E-03   1.5362944900677521E+03   5.7809731292124959E-02
   6.5000000000000000E+09   3.6920154155691198E-03   1.5347205907066273E+03   5.7912234634606173E-02
   6.6000000000000000E+09   3.6957212751322771E-03   1.5331816599933957E+03   5.8013025844435413E-02
   6.7000000000000000E+09   3.6993848965909278E-03   1.5316633002156020E+03   5.8112259839160546E-02
   6.8000000000000000E+09   3.7029902177547740E-03   1.5301720356463150E+03   5.8209937635970418E-02
   6.9000000000000000E+09   3.7065450115138761E-03   1.5287045110416573E+03   5.8306149862604309E-02
   7.0000000000000000E+09   3.7100667369050666E-03   1.5272534111359305E+03   5.8400979220117596E-02
   7.1000000000000000E+09   3.7135321309445654E-03   1.5258282087460948E+03   5.8494402533642638E-02
   7.2000000000000000E+09   3.7169096718407224E-03   1.5244416947787004E+03   5.8586085655972515E-02
   7.3000000000000000E+09   3.7202846055040635E-03   1.5230587657452877E+03   5.8676801058843465E-02
   7.4000000000000000E+09   3.7236269872690819E-03   1.5216916460356383E+03   5.8766322992340810E-02
   7.5000000000000000E+09   3.7269118658935134E-03   1.5203504357948534E+03   5.8854463724100102E-02
   7.6000000000000000E+09   3.7301018414744626E-03   1.5190502351647406E+03   5.8940936343056874E-02
   7.7000000000000000E+09   3.7333075833896399E-03   1.5177458467902616E+03   5.9026681297541538E-02
   7.8000000000000000E+09   3.7364429600000577E-03   1.5164722545316540E+03   5.9111005808157438E-02
   7.9000000000000000E+09   3.7395689661756156E-03   1.5152045946287062E+03   5.9194436709615279E-02
   8.0000000000000000E+09   3.7426172032742405E-03   1.5139705109363338E+03   5.9276426811887703E-02
   8.1000000000000000E+09   3.7456911181180655E-03   1.5127280656091762E+03   5.9357853645213426E-02
   8.2000000000000000E+09   3.7486878444872177E-03   1.5115187805815542E+03   5.9437882748273434E-02
   8.3000000000000000E+09   3.7516485784206809E-03   1.5103259170040656E+03   5.9516873984428245E-02
   8.4000000000000000E+09   3.7545564634119668E-03   1.5091561772202044E+03   5.9594705070617530E-02
   8.5000000000000000E+09   3.7574250335158299E-03   1.5080040264112276E+03   5.9671505222101268E-02
   8.6000000000000000E+09   3.7603089353166696E-03   1.5068474896472944E+03   5.9747744112323080E-02
   8.7000000000000000E+09   3.7631556291810508E-03   1.5057076129251961E+03   5.9823001790220182E-02
   8.8000000000000000E+09   3.7659199801937607E-03   1.5046023572674749E+03   5.9896919211220374E-02
   8.9000000000000000E+09   3.7687047855324749E-03   1.5034905629201846E+03   5.9970363901771913E-02
   9.0000000000000000E+09   3.7714175615824251E-03   1.5024091039929199E+03   6.0042583103407661E-02
   9.1000000000000000E+09   3.7741406781140094E-03   1.5013250863536171E+03   6.0114273974627049E-02
   9.2000000000000000E+09   3.7767696213422412E-03   1.5002800402388527E+03   6.0184583080472247E-02
   9.3000000000000000E+09   3.7793861406728462E-03   1.4992413763975583E+03   6.0254201580421184E-02
   9.4000000000000000E+09   3.7820277577243545E-03   1.4981942075669940E+03   6.0323453372616798E-02
   9.5000000000000000E+09   3.7845690694728539E-03   1.4971881806002950E+03   6.0391310544735198E-02
   9.6000000000000000E+09   3.7872190106934102E-03   1.4961405885113506E+03   6.0459518074511109E-02
   9.7000000000000000E+09   3.7896557643919545E-03   1.4951785681223610E+03   6.0525418110447038E-02
   9.8000000000000000E+09   3.7922118919822951E-03   1.4941707480692294E+03   6.0591780389010960E-02
   9.9000000000000000E+09   3.7946937798373640E-03   1.4931934981386194E+03   6.0657009806067919E-02
   1.0000000000000000E+10   3.7971508799973844E-03   1.4922272668512232E+03   6.0721527118339190E-02
   1.1000000000000000E+10   3.8204594481592805E-03   1.4831232097517036E+03   6.1330490723375895E-02
   1.2000000000000000E+10   3.8417485862612139E-03   1.4749044483919668E+03   6.1881714877559023E-02
   1.3000000000000000E+10   3.8613398956608824E-03   1.4674212145497802E+03   6.2384647254536102E-02
   1.4000000000000000E+10   3.8794838962713505E-03   1.4605582162426615E+03   6.2846648255354826E-02
   1.5000000000000000E+10   3.8963795193928479E-03   1.4542248903831496E+03   6.3273555488013195E-02
   1.6000000000000000E+10   3.9121873517494509E-03   1.4483488570521549E+03   6.3670071078160792E-02
   1.7000000000000000E+10   3.9270388877851977E-03   1.4428713953163547E+03   6.4040034222203127E-02
   1.8000000000000000E+10   3.9410431534098204E-03   1.4377442364663691E+03   6.4386617288342524E-02
   1.9000000000000000E+10   3.9542915457320285E-03   1.4329272421999096E+03   6.4712469668854286E-02
   2.0000000000000000E+10   3.9668614373643534E-03   1.4283866903213377E+03   6.5019825161698311E-02
   2.1000000000000000E+10   3.9788189050012183E-03   1.4240939873785180E+03   6.5310583374067255E-02
   2.2000000000000000E+10   3.9902208256696508E-03   1.4200246871122208E+03   6.5586372302283230E-02
   2.3000000000000000E+10   4.0011165073876725E-03   1.4161577322275180E+03   6.5848597038962633E-02
   2.4000000000000000E+10   4.0115489749296797E-03   1.4124748606813505E+03   6.6098478132994923E-02
   2.5000000000000000E+10   4.0215559936864547E-03   1.4089601359214562E+03   6.6337082107670128E-02
   2.6000000000000000E+10   4.0311708929895865E-03   1.4055995714133696E+03   6.6565345983266869E-02
   2.7000000000000000E+10   4.0404232346085509E-03   1.4023808275692124E+03   6.6784097137977297E-02
   2.8000000000000000E+10   4.0493393598448968E-03   1.3992929650868402E+03   6.6994069548069524E-02
   2.9000000000000000E+10   4.0579428396667104E-03   1.3963262429654123E+03   6.7195917139922109E-02
   3.0000000000000000E+10   4.0662548524768522E-03   1.3934719502465002E+03   6.7390224885671451E-02
   3.1000000000000000E+10   4.0742944944282752E-03   1.3907222679236700E+03   6.7577518023762259E-02
   3.2000000000000000E+10   4.0820790453740029E-03   1.3880701516305576E+03   6.7758269829750015E-02
   3.3000000000000000E+10   4.0896241909542498E-03   1.3855092338345376E+03   6.7932908156356442E-02
   3.4000000000000000E+10   4.0969442157226506E-03   1.3830337395699109E+03   6.8101821014256977E-02
   3.5000000000000000E+10   4.1040521605767337E-03   1.3806384172963224E+03   6.8265361273507033E-02
   3.6000000000000000E+10   4.1109599661232361E-03   1.3783184769915504E+03   6.8423850754737406E-02
   3.7000000000000000E+10   4.1176785922058153E-03   1.3760695383572565E+03   6.8577583715243362E-02
   3.8000000000000000E+10   4.1242181239970113E-03   1.3738875852639844E+03   6.8726829884295140E-02
   3.9000000000000000E+10   4.1305878590218170E-03   1.3717689280242196E+03   6.8871837055552207E-02
   4.0000000000000000E+10   4.1367963907920705E-03   1.3697101680161027E+03   6.9012833403942611E-02
   4.1000000000000000E+10   4.1428516758597886E-03   1.3677081688675889E+03   6.9150029460441867E-02
   4.2000000000000000E+10   4.1487610954949383E-03   1.3657600302974897E+03   6.9283619869616855E-02
   4.3000000000000000E+10   4.1545315128490978E-03   1.3638630642121270E+03   6.9413784947816221E-02
   4.4000000000000000E+10   4.1601693143134772E-03   1.3620147766546536E+03   6.9540692001624785E-02
   4.5000000000000000E+10   4.1656804577662110E-03   1.3602128480393915E+03   6.9664496573385012E-02
   4.6000000000000000E+10   4.1710705097782403E-03   1.3584551175044664E+03   6.9785343496634678E-02
   4.7000000000000000E+10   4.1763446756824347E-03   1.3567395700055163E+03   6.9903367833684005E-02
   4.8000000000000000E+10   4.1815078340025000E-03   1.3550643223491390E+03   7.0018695742253348E-02
   4.9000000000000000E+10   4.1865645599382783E-03   1.3534276131080969E+03   7.0131445220519603E-02
   5.0000000000000000E+10   4.1915191522424143E-03   1.3518277917086114E+03   7.0241726796206536E-02
   5.1000000000000000E+10   4.1963756549143550E-03   1.3502633094452685E+03   7.0349644138246112E-02
   5.2000000000000000E+10   4.2011378767511202E-03   1.3487327114010561E+03   7.0455294610891991E-02
   5.3000000000000000E+10   4.2058094074113655E-03   1.3472346296756493E+03   7.0558769752271433E-02
   5.4000000000000000E+10   4.2103936367901759E-03   1.3457677757179711E+03   7.0660155745121217E-02
   5.5000000000000000E+10   4.2148937670346762E-03   1.3443309351700673E+03   7.0759533809138728E-02
   5.6000000000000000E+10   4.2193128294197284E-03   1.3429229612869151E+03   7.0856980592336707E-02
   5.7000000000000000E+10   4.2236536901581918E-03   1.3415427720041112E+03   7.0952568456976089E-02
   5.8000000000000000E+10   4.2279190717871814E-03   1.3401893421496009E+03   7.1046365867526148E-02
   5.9000000000000000E+10   4.2321115517320648E-03   1.3388617030099831E+03   7.1138437577142971E-02
   6.0000000000000000E+10   4.2362335820492099E-03   1.3375589352509865E+03   7.1228844961188156E-02
   6.1000000000000000E+10   4.2402874898887456E-03   1.3362801680290977E+03   7.1317646194185888E-02
   6.2000000000000000E+10   4.2442754893976002E-03   1.3350245745439188E+03   7.1404896490901482E-02
   6.3000000000000000E+10   4.2481996903418777E-03   1.3337913686972233E+03   7.1490648309217003E-02
   6.4000000000000000E+10   4.2520621018554555E-03   1.3325798033400479E+03   7.1574951509303167E-02
   6.5000000000000000E+10   4.2558646388667458E-03   1.3313891677224528E+03   7.1657853531531063E-02
   6.6000000000000000E+10   4.2596091291599858E-03   1.3302187847920254E+03   7.1739399546435406E-02
   6.7000000000000000E+10   4.2632973192575172E-03   1.3290680089060793E+03   7.1819632606558090E-02
   6.8000000000000000E+10   4.2669308749317099E-03   1.3279362252548558E+03   7.1898593745899061E-02
   6.9000000000000000E+10   4.2705113932954260E-03   1.3268228457078924E+03   7.1976322153145339E-02
   7.0000000000000000E+10   4.2740403994816116E-03   1.3257273094955899E+03   7.2052855229068180E-02
   7.1000000000000000E+10   4.2775193545635214E-03   1.3246490804150658E+03   7.2128228720047774E-02
   7.2000000000000000E+10   4.2809496583865753E-03   1.3235876456477004E+03   7.2202476809257995E-02
   7.3000000000000000E+10   4.2843326517332378E-03   1.3225425148040110E+03   7.2275632196691794E-02
   7.4000000000000000E+10   4.2876696239416380E-03   1.3215132173059751E+03   7.2347726210134453E-02
   7.5000000000000000E+10   4.2909618078844879E-03   1.3204993036919493E+03   7.2418788833755215E-02
   7.6000000000000000E+10   4.2942103913962944E-03   1.3195003418632691E+03   7.2488848837173894E-02
   7.7000000000000000E+10   4.2974165156702895E-03   1.3185159173700497E+03   7.2557933806911667E-02
   7.8000000000000000E+10   4.3005812732054343E-03   1.3175456338386805E+03   7.2626070195216441E-02
   7.9000000000000000E+10   4.3037057187871389E-03   1.3165891094145381E+03   7.2693283419964658E-02
   8.0000000000000000E+10   4.3067908663550064E-03   1.3156459775525934E+03   7.2759597895884334E-02
   8.1000000000000000E+10   4.3098376930722701E-03   1.3147158856093838E+03   7.2825037099291751E-02
   8.2000000000000000E+10   4.3128471390285273E-03   1.3137984947819257E+03   7.2889623591262304E-02
   8.3000000000000000E+10   4.3158201104089621E-03   1.3128934789970403E+03   7.2953379087905820E-02
   8.4000000000000000E+10   4.3187574788654251E-03   1.3120005249678379E+03   7.3016324479543204E-02
   8.5000000000000000E+10   4.3216600883574938E-03   1.3111193299873187E+03   7.3078479898602819E-02
   8.6000000000000000E+10   4.3245287532845088E-03   1.3102496023819215E+03   7.3139864748613767E-02
   8.7000000000000000E+10   4.3273642562274908E-03   1.3093910620826507E+03   7.3200497706362944E-02
   8.8000000000000000E+10   4.3301673553889520E-03   1.3085434382642363E+03   7.3260396801339667E-02
   8.9000000000000000E+10   4.3329387832644860E-03   1.3077064696518109E+03   7.3319579423845219E-02
   9.0000000000000000E+10   4.3356792493658824E-03   1.3068799036065525E+03   7.3378062370047625E-02
   9.1000000000000000E+10   4.3383894341105971E-03   1.3060634978800215E+03   7.3435861820223713E-02
   9.2000000000000000E+10   4.3410700026730422E-03   1.3052570163556927E+03   7.3492993446223509E-02
   9.3000000000000000E+10   4.3437215937123545E-03   1.3044602323689892E+03   7.3549472363314272E-02
   9.4000000000000000E+10   4.3463448284116694E-03   1.3036729259125254E+03   7.3605313202308995E-02
   9.5000000000000000E+10   4.3489403043895040E-03   1.3028948853956795E+03   7.3660530079681458E-02
   9.6000000000000000E+10   4.3515086044107320E-03   1.3021259049647485E+03   7.3715136683973767E-02
   9.7000000000000000E+10   4.3540502910933039E-03   1.3013657860294088E+03   7.3769146245904013E-02
   9.8000000000000000E+10   4.3565659127471146E-03   1.3006143354565424E+03   7.3822571591062314E-02
   9.9000000000000000E+10   4.3590559947247476E-03   1.2998713680983597E+03   7.3875425098496983E-02
   1.0000000000000000E+11   4.3615210524277541E-03   1.2991367028542093E+03   7.3927718800244485E-02
   1.1000000000000000E+11   4.3848979849800303E-03   1.2922106965519333E+03   7.4422262165218106E-02
