   1.0000000000000000E-02   0.0000000000000000E+00   1.0000000000000000E+30
   1.1000000000000000E-01   1.3567062225410490E+01   4.1764473290817938E-01
   2.1000000000000002E-01   3.8486100218918111E+01   1.4722749375097630E-01
   3.1000000000000005E-01   8.7875298095162918E+01   6.4480146324443696E-02
   4.1000000000000003E-01   1.1651433673461223E+02   4.8631028921241631E-02
   5.1000000000000001E-01   1.2147921523762024E+02   4.6643469571290702E-02
   6.0999999999999999E-01   1.1889322854358046E+02   4.7657988170480677E-02
   7.0999999999999996E-01   1.1392399716474233E+02   4.9736773818482349E-02
   8.0999999999999994E-01   1.0858514188921062E+02   5.2182204497752072E-02
   9.0999999999999992E-01   1.0321076285633444E+02   5.4899430279062772E-02
   1.0100000000000000E+00   9.8227838597013644E+01   5.7684381132788967E-02
   2.0099999999999998E+00   6.5870790255846501E+01   8.6020101739667496E-02
   3.0099999999999998E+00   3.1672279788689007E+01   1.7890130162034518E-01
   4.0099999999999998E+00   2.5018218921854512E+01   2.2648343182138073E-01
   5.0099999999999998E+00   2.0842360056952046E+01   2.7186038740321194E-01
   6.0099999999999998E+00   1.7960591461137991E+01   3.1548026086670977E-01
   7.0099999999999998E+00   1.5843403650648614E+01   3.5763856078035633E-01
   8.0099999999999998E+00   1.4217244206311300E+01   3.9854503427358146E-01
   9.0099999999999998E+00   1.2926038787356394E+01   4.3835641937130959E-01
   1.0010000000000000E+01   1.1874012636438772E+01   4.7719437842703960E-01
   1.1010000000000000E+01   1.0999018560088365E+01   5.1515615220806499E-01
   1.2010000000000000E+01   1.0258905905969321E+01   5.5232128371342515E-01
   1.3010000000000000E+01   9.6240400219585833E+00   5.8875608024820814E-01
   1.4010000000000000E+01   9.0729555137805225E+00   6.2451668267016713E-01
   1.5010000000000000E+01   8.5897086376683731E+00   6.5965125459927987E-01
   1.6009999999999998E+01   8.1621999018088935E+00   6.9420158139283950E-01
   1.7009999999999998E+01   7.7810750688958725E+00   7.2820426860169640E-01
   1.8009999999999998E+01   7.4389840613509630E+00   7.6169165476759959E-01
   1.9009999999999998E+01   7.1300684637062854E+00   7.9469252060096718E-01
   2.0009999999999998E+01   6.8495991553280993E+00   8.2723265274182300E-01
   2.1009999999999998E+01   6.5937151126927089E+00   8.5933528862551578E-01
   2.2009999999999998E+01   6.3592317335675634E+00   8.9102148134825698E-01
   2.3009999999999998E+01   6.1434980208401688E+00   9.2231039389271541E-01
   2.4009999999999998E+01   5.9442886038421818E+00   9.5321954519801932E-01
   2.5009999999999998E+01   5.7597210707309552E+00   9.8376501394730309E-01
   2.6009999999999998E+01   5.5881919092679704E+00   1.0139616125356838E+00
   2.7009999999999998E+01   5.4283263821767820E+00   1.0438230276802256E+00
   2.8009999999999998E+01   5.2789388387641036E+00   1.0733619487826418E+00
   2.9009999999999998E+01   5.1390010776992900E+00   1.1025901714768571E+00
   3.0009999999999998E+01   5.0076168782376254E+00   1.1315186878822034E+00
   3.1009999999999998E+01   4.8840013129808328E+00   1.1601577715428537E+00
   3.2009999999999998E+01   4.7674638982629567E+00   1.1885170397503628E+00
   3.3009999999999998E+01   4.6573946831445934E+00   1.2166055198170331E+00
   3.4009999999999998E+01   4.5532527725946546E+00   1.2444316980564520E+00
   3.5009999999999998E+01   4.4545567452913568E+00   1.2720035692596408E+00
   3.6009999999999998E+01   4.3608766368464087E+00   1.2993286789185041E+00
   3.7009999999999998E+01   4.2718272012867384E+00   1.3264141578042918E+00
   3.8009999999999998E+01   4.1870621964120609E+00   1.3532667569007339E+00
   3.9009999999999998E+01   4.1062695322532896E+00   1.3798928772147394E+00
   4.0009999999999998E+01   4.0291671308893475E+00   1.4062985960648213E+00
   4.1009999999999998E+01   3.9554993829426834E+00   1.4324896886382146E+00
   4.2009999999999998E+01   3.8850340760124698E+00   1.4584716552334371E+00
   4.3009999999999998E+01   3.8175597708860303E+00   1.4842497353132793E+00
   4.4009999999999998E+01   3.7528835040375084E+00   1.5098289284450921E+00
   4.5009999999999998E+01   3.6908287990340987E+00   1.5352140096454974E+00
   4.6009999999999998E+01   3.6312339295393534E+00   1.5604095438155952E+00
   4.7009999999999998E+01   3.5739503962085810E+00   1.5854198999211642E+00
   4.8009999999999998E+01   3.5188415929532160E+00   1.6102492623786453E+00
   4.9009999999999998E+01   3.4657816267988331E+00   1.6349016440236042E+00
   5.0009999999999998E+01   3.4146542827052215E+00   1.6593808949207065E+00
   5.1009999999999998E+01   3.3653521005097025E+00   1.6836907135577381E+00
   5.2009999999999998E+01   3.3177755654918490E+00   1.7078346523539536E+00
   5.3009999999999998E+01   3.2718323718804467E+00   1.7318161309785030E+00
   5.4009999999999998E+01   3.2274367841239608E+00   1.7556384395669029E+00
   5.5009999999999998E+01   3.1845090538263996E+00   1.7793047479867841E+00
   5.6009999999999998E+01   3.1429749028224778E+00   1.8028181117169597E+00
   5.7009999999999998E+01   3.1027650592097760E+00   1.8261814772799159E+00
   5.8009999999999998E+01   3.0638148360691839E+00   1.8493976896951960E+00
   5.9009999999999998E+01   3.0260637594708863E+00   1.8724694949821423E+00
   6.0009999999999998E+01   2.9894552238364027E+00   1.8953995478175110E+00
   6.1009999999999998E+01   2.9539361876581980E+00   1.9181904142527315E+00
   6.2009999999999998E+01   2.9194568940402128E+00   1.9408445766221909E+00
   6.3009999999999998E+01   2.8859706162687018E+00   1.9633644388265157E+00
   6.4009999999999991E+01   2.8534334348028758E+00   1.9857523257316334E+00
   6.5009999999999991E+01   2.8218040197863599E+00   2.0080104924895545E+00
   6.6009999999999991E+01   2.7910434456801894E+00   2.0301411245496874E+00
   6.7009999999999991E+01   2.7611150181380859E+00   2.0521463402495757E+00
   6.8009999999999991E+01   2.7319841115228529E+00   2.0740281964237974E+00
   6.9009999999999991E+01   2.7036180278327246E+00   2.0957886880279331E+00
   7.0009999999999991E+01   2.6759858602300755E+00   2.1174297531576065E+00
   7.1009999999999991E+01   2.6490583728294945E+00   2.1389532739620445E+00
   7.2009999999999991E+01   2.6228078866976894E+00   2.1603610802827031E+00
   7.3009999999999991E+01   2.5972081786895722E+00   2.1816549501007327E+00
   7.4009999999999991E+01   2.5722343829652172E+00   2.2028366143478437E+00
   7.5009999999999991E+01   2.5478629084548472E+00   2.2239077544860884E+00
   7.6009999999999991E+01   2.5240713520034372E+00   2.2448700093136265E+00
   7.7009999999999991E+01   2.5008384276272553E+00   2.2657249732267593E+00
   7.8009999999999991E+01   2.4781438946943144E+00   2.2864742001509786E+00
   7.9009999999999991E+01   2.4559684964931554E+00   2.3071192026978045E+00
   8.0009999999999991E+01   2.4342938978820232E+00   2.3276614563303744E+00
   8.1009999999999991E+01   2.4131026332443839E+00   2.3481023978918243E+00
   8.2009999999999991E+01   2.3923780516364190E+00   2.3684434304203923E+00
   8.3009999999999991E+01   2.3721042723991945E+00   2.3886859213609912E+00
   8.4009999999999991E+01   2.3522661397145281E+00   2.4088312048601215E+00
   8.5009999999999991E+01   2.3328491800533899E+00   2.4288805842778642E+00
   8.6009999999999991E+01   2.3138395665410019E+00   2.4488353304247155E+00
   8.7009999999999991E+01   2.2952240800927384E+00   2.4686966857071622E+00
   8.8009999999999991E+01   2.2769900778753520E+00   2.4884658631307381E+00
   8.9009999999999991E+01   2.2591254613970460E+00   2.5081440479079111E+00
   9.0009999999999991E+01   2.2416186470761370E+00   2.5277323985821392E+00
   9.1009999999999991E+01   2.2244585390003460E+00   2.5472320477713040E+00
   9.2009999999999991E+01   2.2076345036157843E+00   2.5666441026355509E+00
   9.3009999999999991E+01   2.1911363451596002E+00   2.5859696462966992E+00
   9.4009999999999991E+01   2.1749542837879097E+00   2.6052097378395991E+00
   9.5009999999999991E+01   2.1590789332107527E+00   2.6243654144936821E+00
   9.6009999999999991E+01   2.1435012821334132E+00   2.6434376908049568E+00
   9.7009999999999991E+01   2.1282126757325757E+00   2.6624275590924129E+00
   9.8009999999999991E+01   2.1132047966047498E+00   2.6813359919417277E+00
   9.9009999999999991E+01   2.0984696486114989E+00   2.7001639424374777E+00
   1.0000999999999999E+02   2.0839995431163687E+00   2.7189123424696535E+00
   1.1000999999999999E+02   1.9523760656396669E+00   2.9022134511896733E+00
   1.2000999999999999E+02   1.8412682035697177E+00   3.0773420561409641E+00
   1.3000999999999999E+02   1.7457084692220899E+00   3.2457951481470158E+00
   1.4000999999999999E+02   1.6623540088854636E+00   3.4085471862152659E+00
   1.5000999999999999E+02   1.5889203660095359E+00   3.5660768158636640E+00
   1.6000999999999999E+02   1.5236678125303047E+00   3.7187975179908292E+00
   1.7000999999999999E+02   1.4652469450980958E+00   3.8670697102875522E+00
   1.8000999999999999E+02   1.4125942062112409E+00   4.0112100520911262E+00
   1.9000999999999999E+02   1.3648594077102814E+00   4.1514987166231121E+00
   2.0000999999999999E+02   1.3213543445812503E+00   4.2881851508770650E+00
   2.1000999999999999E+02   1.2815156473744798E+00   4.4214926997488728E+00
   2.2000999999999999E+02   1.2448774606613124E+00   4.5516223552398243E+00
   2.3000999999999999E+02   1.2110510326881643E+00   4.6787558298868293E+00
   2.4000999999999999E+02   1.1797092526312758E+00   4.8030580982916282E+00
   2.5000999999999999E+02   1.1505747852307542E+00   4.9246795186319190E+00
   2.6000999999999999E+02   1.1234108603628732E+00   5.0437576129983022E+00
   2.7000999999999999E+02   1.0980140464478949E+00   5.1604185737063775E+00
   2.8000999999999999E+02   1.0742085237426864E+00   5.2747785502002644E+00
   2.9000999999999999E+02   1.0518415067025386E+00   5.3869447472589824E+00
   3.0000999999999999E+02   1.0307795530290180E+00   5.4970163725402319E+00
   3.1000999999999999E+02   1.0109055643516300E+00   5.6050854593073511E+00
   3.2000999999999999E+02   9.9211633215024952E-01   5.7112375795685448E+00
   3.3000999999999999E+02   9.7432051576637113E-01   5.8155524673760377E+00
   3.4000999999999999E+02   9.5743696564068925E-01   5.9181045675299861E+00
   3.5000999999999999E+02   9.4139332490320127E-01   6.0189635188488735E+00
   3.6000999999999999E+02   9.2612485670467071E-01   6.1181945808491518E+00
   3.7000999999999999E+02   9.1157345585816429E-01   6.2158590106663265E+00
   3.8000999999999999E+02   8.9768681073765477E-01   6.3120144038031780E+00
   3.9000999999999999E+02   8.8441769076470145E-01   6.4067149929814162E+00
   4.0000999999999999E+02   8.7172333708779759E-01   6.5000119170946649E+00
   4.1000999999999999E+02   8.5956493894298514E-01   6.5919534671202467E+00
   4.2000999999999999E+02   8.4790718339625704E-01   6.6825852999433693E+00
   4.3000999999999999E+02   8.3671786461525821E-01   6.7719506408359837E+00
   4.4000999999999999E+02   8.2596754632304936E-01   6.8600904535588931E+00
   4.5000999999999999E+02   8.1562926545727377E-01   6.9470436133793125E+00
   4.6000999999999999E+02   8.0567827575387219E-01   7.0328470432919961E+00
   4.7000999999999999E+02   7.9609182091387987E-01   7.1175358553183496E+00
   4.8000999999999999E+02   7.8684893643246678E-01   7.2011434687457703E+00
   4.9000999999999999E+02   7.7793027419807081E-01   7.2837017241953044E+00
   5.0000999999999999E+02   7.6931794791256569E-01   7.3652409837241821E+00
   5.1000999999999999E+02   7.6099539555888240E-01   7.4457902275727861E+00
   5.2000999999999999E+02   7.5294725767969695E-01   7.5253771385546564E+00
   5.3000999999999999E+02   7.4515926871797555E-01   7.6040281820942299E+00
   5.4000999999999999E+02   7.3761816012178083E-01   7.6817686789933726E+00
   5.5000999999999999E+02   7.3031157310243333E-01   7.7586228784648767E+00
   5.6000999999999999E+02   7.2322798204440542E-01   7.8346140085220242E+00
   5.7000999999999999E+02   7.1635662338724682E-01   7.9097643471039465E+00
   5.8000999999999999E+02   7.0968743297792236E-01   7.9840952737519917E+00
   5.9000999999999999E+02   7.0321099049793689E-01   8.0576273068030755E+00
   6.0000999999999999E+02   6.9691846678468983E-01   8.1303801657343193E+00
   6.1000999999999999E+02   6.9080157798380093E-01   8.2023728087272616E+00
   6.2000999999999999E+02   6.8485254403150531E-01   8.2736234666298483E+00
   6.3000999999999999E+02   6.7906404948625765E-01   8.3441496921637324E+00
   6.4000999999999999E+02   6.7342920926697292E-01   8.4139683897107460E+00
   6.5000999999999999E+02   6.6794153761034258E-01   8.4830958406208818E+00
   6.6000999999999999E+02   6.6259491833040451E-01   8.5515477446730799E+00
   6.7000999999999999E+02   6.5738357876903886E-01   8.6193392449660600E+00
   6.8000999999999999E+02   6.5230206535506041E-01   8.6864849590748836E+00
   6.9000999999999999E+02   6.4734522267640282E-01   8.7529989887832382E+00
   7.0000999999999999E+02   6.4250817128287563E-01   8.8188949693303798E+00
   7.1000999999999999E+02   6.3778629086575800E-01   8.8841860677009201E+00
   7.2000999999999999E+02   6.3317520230695290E-01   8.9488850145039756E+00
   7.3000999999999999E+02   6.2867075173309117E-01   9.0130041263409435E+00
   7.4000999999999999E+02   6.2426899602954911E-01   9.0765553239360450E+00
   7.5000999999999999E+02   6.1996619032867528E-01   9.1395501365586878E+00
   7.6000999999999999E+02   6.1575877417230807E-01   9.2019997394217157E+00
   7.7000999999999999E+02   6.1164336104497929E-01   9.2639149549495876E+00
   7.8000999999999999E+02   6.0761672776712872E-01   9.3253062671635494E+00
   7.9000999999999999E+02   6.0367580344843152E-01   9.3861838541690776E+00
   8.0000999999999999E+02   5.9981766288733063E-01   9.4465575625180467E+00
   8.1000999999999999E+02   5.9603951451857595E-01   9.5064369751673947E+00
   8.2000999999999999E+02   5.9233869596644129E-01   9.5658313698979249E+00
   8.3000999999999999E+02   5.8871266491334862E-01   9.6247497585502284E+00
   8.4000999999999999E+02   5.8515899175607911E-01   9.6832009066044549E+00
   8.5000999999999999E+02   5.8167535521474190E-01   9.7411933111526974E+00
   8.6000999999999999E+02   5.7825953433528976E-01   9.7987352443631277E+00
   8.7000999999999999E+02   5.7490940457336714E-01   9.8558347357094238E+00
   8.8000999999999999E+02   5.7162293144125309E-01   9.9124996003813095E+00
   8.9000999999999999E+02   5.6839816639835306E-01   9.9687374352104037E+00
   9.0000999999999999E+02   5.6523324178962142E-01   1.0024555635723148E+01
   9.1000999999999999E+02   5.6212636698838281E-01   1.0079961397002597E+01
   9.2000999999999999E+02   5.5907582461007932E-01   1.0134961717280559E+01
   9.3000999999999999E+02   5.5607996571688145E-01   1.0189563423986161E+01
   9.4000999999999999E+02   5.5313720737166983E-01   1.0243773161462473E+01
   9.5000999999999999E+02   5.5024602971311065E-01   1.0297597390088367E+01
   9.6000999999999999E+02   5.4740497104203945E-01   1.0351042426037928E+01
   9.7000999999999999E+02   5.4461262655023979E-01   1.0404114416832224E+01
   9.8000999999999999E+02   5.4186764550481703E-01   1.0456819347834347E+01
   9.9000999999999999E+02   5.3916872769178925E-01   1.0509163066147357E+01
   1.0000100000000000E+03   5.3651462117665083E-01   1.0561151282426239E+01
   1.1000100000000000E+03   5.1219344683863643E-01   1.1062640716028765E+01
   1.2000100000000000E+03   4.9126402728244428E-01   1.1533944609835064E+01
   1.3000100000000000E+03   4.7301253839274710E-01   1.1978989180146215E+01
   1.4000100000000000E+03   4.5691713378197646E-01   1.2400962145105103E+01
   1.5000100000000000E+03   4.4258671517100895E-01   1.2802490190630492E+01
   1.6000100000000000E+03   4.2972189193042060E-01   1.3185765458739233E+01
   1.7000100000000000E+03   4.1808924055229413E-01   1.3552637881795693E+01
   1.8000100000000000E+03   4.0750383325858303E-01   1.3904684120810952E+01
   1.9000100000000000E+03   3.9781709725649256E-01   1.4243259323334019E+01
   2.0000100000000000E+03   3.8890815984777449E-01   1.4569537655620467E+01
   2.1000100000000002E+03   3.8067759038384569E-01   1.4884543305443449E+01
   2.2000100000000002E+03   3.7304276660150781E-01   1.5189175576571310E+01
   2.3000100000000002E+03   3.6593441705952900E-01   1.5484228362587858E+01
   2.4000100000000002E+03   3.5929398057700473E-01   1.5770406368569313E+01
   2.5000100000000002E+03   3.5307158016166823E-01   1.6048338064722479E+01
   2.6000100000000002E+03   3.4722444081294029E-01   1.6318586520621007E+01
   2.7000100000000002E+03   3.4171681868575166E-01   1.6581601401044747E+01
   2.8000100000000002E+03   3.3651427275417434E-01   1.6837954696855949E+01
   2.9000100000000002E+03   3.3159007605028179E-01   1.7088002593361686E+01
   3.0000100000000002E+03   3.2691970317670815E-01   1.7332121693556925E+01
   3.1000100000000002E+03   3.2248154387971378E-01   1.7570655397239481E+01
   3.2000100000000002E+03   3.1825647415206737E-01   1.7803917719432846E+01
   3.3000100000000002E+03   3.1422750151524564E-01   1.8032196584185044E+01
   3.4000100000000002E+03   3.1037947021802337E-01   1.8255756656521235E+01
   3.5000100000000002E+03   3.0669881447515068E-01   1.8474841805882821E+01
   3.6000100000000002E+03   3.0317335098405812E-01   1.8689677245999640E+01
   3.7000100000000002E+03   2.9979210358127167E-01   1.8900471399321365E+01
   3.8000100000000002E+03   2.9654515401779002E-01   1.9107417547414354E+01
   3.9000100000000002E+03   2.9342351488982710E-01   1.9310695264514603E+01
   4.0000100000000002E+03   2.9041902045643470E-01   1.9510471699046978E+01
   4.1000100000000002E+03   2.8752423277669553E-01   1.9706902700896357E+01
   4.2000100000000002E+03   2.8473236066381941E-01   1.9900133817842548E+01
   4.3000100000000002E+03   2.8203718909462838E-01   2.0090301203431370E+01
   4.4000100000000002E+03   2.7943301812619015E-01   2.0277532402850795E+01
   4.5000100000000002E+03   2.7691460935973961E-01   2.0461947069463719E+01
   4.6000100000000002E+03   2.7447713907117460E-01   2.0643657605345812E+01
   4.7000100000000002E+03   2.7211615682522905E-01   2.0822769752401836E+01
   4.8000100000000002E+03   2.6982754945579568E-01   2.0999383090822896E+01
   4.9000100000000002E+03   2.6760750870098954E-01   2.1173591529568547E+01
   5.0000100000000002E+03   2.6545250285630123E-01   2.1345483725001959E+01
   5.1000100000000002E+03   2.6335925162285739E-01   2.1515143457327600E+01
   5.2000100000000002E+03   2.6132470329075641E-01   2.1682650006401595E+01
   5.3000100000000002E+03   2.5934601496106841E-01   2.1848078445819937E+01
   5.4000100000000002E+03   2.5742053430690914E-01   2.2011499955651104E+01
   5.5000100000000002E+03   2.5554578355831009E-01   2.2172982080087053E+01
   5.6000100000000002E+03   2.5371944497197813E-01   2.2332588974826169E+01
   5.7000100000000002E+03   2.5193934784981836E-01   2.2490381624937189E+01
   5.8000100000000002E+03   2.5020345668900840E-01   2.2646418056977762E+01
   5.9000100000000002E+03   2.4850986048074111E-01   2.2800753533557803E+01
   6.0000100000000002E+03   2.4685676313218036E-01   2.2953440722408807E+01
   6.1000100000000002E+03   2.4524247480823391E-01   2.3104529849125360E+01
   6.2000100000000002E+03   2.4366540392108113E-01   2.3254068851380307E+01
   6.3000100000000002E+03   2.4212404970370435E-01   2.3402103535002638E+01
   6.4000100000000002E+03   2.4061699603657791E-01   2.3548677661235754E+01
   6.5000100000000002E+03   2.3914290498772617E-01   2.3693833106907469E+01
   6.6000100000000002E+03   2.3770051158237149E-01   2.3837609947745840E+01
   6.7000100000000002E+03   2.3628861867906459E-01   2.3980046568287150E+01
   6.8000100000000002E+03   2.3490609246292704E-01   2.4121179744941937E+01
   6.9000100000000002E+03   2.3355185797567965E-01   2.4261044757221548E+01
   7.0000100000000002E+03   2.3222489542644553E-01   2.4399675448556373E+01
   7.1000100000000002E+03   2.3092423644355609E-01   2.4537104319343218E+01
   7.2000100000000002E+03   2.2964896097688017E-01   2.4673362576417915E+01
   7.3000100000000002E+03   2.2839819402520792E-01   2.4808480223161677E+01
   7.4000100000000002E+03   2.2717110291958315E-01   2.4942486111387197E+01
   7.5000100000000002E+03   2.2596689474128570E-01   2.5075407997120909E+01
   7.6000100000000002E+03   2.2478481393771968E-01   2.5207272592044990E+01
   7.7000100000000002E+03   2.2362413989121871E-01   2.5338105636701499E+01
   7.8000100000000002E+03   2.2248418511815546E-01   2.5467931918266636E+01
   7.9000100000000002E+03   2.2136429309548522E-01   2.5596775343691498E+01
   8.0000100000000002E+03   2.2026383671937255E-01   2.5724658953885651E+01
   8.1000100000000002E+03   2.1918221631662541E-01   2.5851605001087037E+01
   8.2000100000000002E+03   2.1811885849610460E-01   2.5977634939719838E+01
   8.3000100000000002E+03   2.1707321432352356E-01   2.6102769506307457E+01
   8.4000100000000002E+03   2.1604475818504626E-01   2.6227028728125863E+01
   8.5000100000000002E+03   2.1503298654460404E-01   2.6350431952471062E+01
   8.6000100000000002E+03   2.1403741657475495E-01   2.6472997899884607E+01
   8.7000100000000002E+03   2.1305758526108878E-01   2.6594744667441077E+01
   8.8000100000000002E+03   2.1209304833542800E-01   2.6715689759520188E+01
   8.9000100000000002E+03   2.1114337912183578E-01   2.6835850136748295E+01
   9.0000100000000002E+03   2.1020816787760913E-01   2.6955242209138561E+01
   9.1000100000000002E+03   2.0928702093883297E-01   2.7073881858809784E+01
   9.2000100000000002E+03   2.0837955954677026E-01   2.7191784509979481E+01
   9.3000100000000002E+03   2.0748541965274128E-01   2.7308965077948564E+01
   9.4000100000000002E+03   2.0660425083660272E-01   2.7425438036903973E+01
   9.5000100000000002E+03   2.0573571566523813E-01   2.7541217435965098E+01
   9.6000100000000002E+03   2.0487948932285630E-01   2.7656316882707557E+01
   9.7000100000000002E+03   2.0403525864297289E-01   2.7770749610463767E+01
   9.8000100000000002E+03   2.0320272198001391E-01   2.7884528436767283E+01
   9.9000100000000002E+03   2.0238158825387331E-01   2.7997665836935489E+01
   1.0000010000000000E+04   2.0157157683569008E-01   2.8110173906606853E+01
   1.1000010000000000E+04   1.9402792783046363E-01   2.9203074747214725E+01
   1.2000010000000000E+04   1.8734897324459657E-01   3.0244158702074106E+01
   1.3000010000000000E+04   1.8136935877802310E-01   3.1241286387382875E+01
   1.4000010000000000E+04   1.7596582347269354E-01   3.2200639690465231E+01
   1.5000010000000000E+04   1.7104425268602738E-01   3.3127170252725406E+01
   1.6000010000000000E+04   1.6653130132029906E-01   3.4024907237000853E+01
   1.7000010000000002E+04   1.6236879341373694E-01   3.4897174268222606E+01
   1.8000010000000002E+04   1.5850987057030597E-01   3.5746745985556807E+01
   1.9000010000000002E+04   1.5491627730803023E-01   3.6575963339305602E+01
   2.0000010000000002E+04   1.5155640586123703E-01   3.7386820090390110E+01
   2.1000010000000002E+04   1.4840386146180712E-01   3.8181028604423865E+01
   2.2000010000000002E+04   1.4543639070690834E-01   3.8960070804418450E+01
   2.3000010000000002E+04   1.4263506928374545E-01   3.9725238035313453E+01
   2.4000010000000002E+04   1.3998367790685667E-01   4.0477662568992066E+01
   2.5000010000000002E+04   1.3746821591957759E-01   4.1218343029890576E+01
   2.6000010000000002E+04   1.3507651981796601E-01   4.1948164544927614E+01
   2.7000010000000002E+04   1.3279795805381325E-01   4.2667915700813069E+01
   2.8000010000000002E+04   1.3062318751667071E-01   4.3378302024340563E+01
   2.9000010000000002E+04   1.2854395543629141E-01   4.4079957398607405E+01
   3.0000010000000002E+04   1.2655293774080476E-01   4.4773453549417241E+01
   3.1000010000000002E+04   1.2464360630151811E-01   4.5459307922890240E+01
   3.2000010000000002E+04   1.2281011876990799E-01   4.6137990389018327E+01
   3.3000010000000002E+04   1.2104722643735867E-01   4.6809929035527716E+01
   3.4000010000000002E+04   1.1935019744125228E-01   4.7475514921282745E+01
   3.5000010000000002E+04   1.1771475167999726E-01   4.8135106251454189E+01
   3.6000010000000002E+04   1.1613700504416709E-01   4.8789032206619623E+01
   3.7000010000000002E+04   1.1461342344370014E-01   4.9437595608192822E+01
   3.8000010000000002E+04   1.1314078127616151E-01   5.0081076120994325E+01
   3.9000010000000002E+04   1.1171612761268419E-01   5.0719732240673146E+01
   4.0000010000000002E+04   1.1033675568655667E-01   5.1353803582703854E+01
   4.1000010000000002E+04   1.0900017713996965E-01   5.1983512579104335E+01
   4.2000010000000002E+04   1.0770409907169239E-01   5.2609066213056053E+01
   4.3000010000000002E+04   1.0644640442975563E-01   5.3230657341924285E+01
   4.4000010000000002E+04   1.0522513479839722E-01   5.3848465866413136E+01
   4.5000010000000002E+04   1.0403847452321677E-01   5.4462660140367269E+01
   4.6000010000000002E+04   1.0288473761337101E-01   5.5073397774247006E+01
   4.7000010000000002E+04   1.0176235601605073E-01   5.5680826400938436E+01
   4.8000010000000002E+04   1.0066986838525843E-01   5.6285084806070373E+01
   4.9000010000000002E+04   9.9605911164963104E-02   5.6886303365028937E+01
   5.0000010000000002E+04   9.8569209705078153E-02   5.7484604943406559E+01
   5.1000010000000002E+04   9.7558571161052668E-02   5.8080105233667865E+01
   5.2000010000000002E+04   9.6572877401121957E-02   5.8672913471814866E+01
   5.3000010000000002E+04   9.5611079092631376E-02   5.9263132821569648E+01
   5.4000010000000002E+04   9.4672190200982331E-02   5.9850860822499705E+01
   5.5000010000000002E+04   9.3755282876580887E-02   6.0436189893845182E+01
   5.6000010000000002E+04   9.2859483241230084E-02   6.1019207534900296E+01
   5.7000010000000002E+04   9.1983967064402608E-02   6.1599996828936646E+01
   5.8000010000000002E+04   9.1127956201372595E-02   6.2178636673899945E+01
   5.9000010000000002E+04   9.0290715579674233E-02   6.2755201828921614E+01
   6.0000010000000002E+04   8.9471549449778379E-02   6.3329763643589715E+01
   6.1000010000000002E+04   8.8669799222811596E-02   6.3902389868302514E+01
   6.2000010000000002E+04   8.7884840488053367E-02   6.4473145175139180E+01
   6.3000010000000002E+04   8.7116080939870444E-02   6.5042091177071725E+01
   6.4000010000000002E+04   8.6362958303683748E-02   6.5609286559588895E+01
   6.5000010000000002E+04   8.5624938042234797E-02   6.6174787498069023E+01
   6.6000010000000009E+04   8.4901511817217570E-02   6.6738647618888876E+01
   6.7000010000000009E+04   8.4192195875197065E-02   6.7300918102665548E+01
   6.8000010000000009E+04   8.3496529236617406E-02   6.7861648038362972E+01
   6.9000010000000009E+04   8.2814072503395605E-02   6.8420884376237908E+01
   7.0000010000000009E+04   8.2144406534803427E-02   6.8978672054554565E+01
   7.1000010000000009E+04   8.1487131159203918E-02   6.9535054172050323E+01
   7.2000010000000009E+04   8.0841864002447153E-02   7.0090072135257699E+01
   7.3000010000000009E+04   8.0208239807241108E-02   7.0643765442271615E+01
   7.4000010000000009E+04   7.9585908706738082E-02   7.1196172432475947E+01
   7.5000010000000009E+04   7.8974536502949028E-02   7.1747329334039577E+01
   7.6000010000000009E+04   7.8373802338384410E-02   7.2297271670142337E+01
   7.7000010000000009E+04   7.7783399432129113E-02   7.2846032969082799E+01
   7.8000010000000009E+04   7.7203033080120567E-02   7.3393645993155133E+01
   7.9000010000000009E+04   7.6632421052922423E-02   7.3940141804564959E+01
   8.0000010000000009E+04   7.6071292099473539E-02   7.4485550634145568E+01
   8.1000010000000009E+04   7.5519385676861520E-02   7.5029901643072975E+01
   8.2000010000000009E+04   7.4976451639512595E-02   7.5573222732964325E+01
   8.3000010000000009E+04   7.4442249478691463E-02   7.6115540827418499E+01
   8.4000010000000009E+04   7.3916547699263022E-02   7.6656882062914690E+01
   8.5000010000000009E+04   7.3399123638409336E-02   7.7197271555911570E+01
   8.6000010000000009E+04   7.2889762920875900E-02   7.7736733560665613E+01
   8.7000010000000009E+04   7.2388259251834744E-02   7.8275291297830165E+01
   8.8000010000000009E+04   7.1894413425533141E-02   7.8812967649415043E+01
   8.9000010000000009E+04   7.1408033687237707E-02   7.9349784427587437E+01
   9.0000010000000009E+04   7.0928935105951871E-02   7.9885762714697009E+01
   9.1000010000000009E+04   7.0456939276613784E-02   8.0420922873681434E+01
   9.2000010000000009E+04   6.9991873733908985E-02   8.0955284909526611E+01
   9.3000010000000009E+04   6.9533572218112516E-02   8.1488867876749836E+01
   9.4000010000000009E+04   6.9081874029138804E-02   8.2021690336457866E+01
   9.5000010000000009E+04   6.8636624023132892E-02   8.2553770091758977E+01
   9.6000010000000009E+04   6.8197671998302276E-02   8.3085124659699076E+01
   9.7000010000000009E+04   6.7764872725468273E-02   8.3615770997392644E+01
   9.8000010000000009E+04   6.7338085999885930E-02   8.4145725191681450E+01
   9.9000010000000009E+04   6.6917175752022898E-02   8.4675003327660974E+01
   1.0000001000000001E+05   6.6502010657576383E-02   8.5203620513911162E+01
   1.1000001000000001E+05   6.2640172944992412E-02   9.0456520362036812E+01
   1.2000001000000001E+05   5.9234494436389271E-02   9.5657304639698495E+01
   1.3000001000000001E+05   5.6203671287863091E-02   1.0081569316814016E+02
   1.4000001000000001E+05   5.3485511701260743E-02   1.0593919548023416E+02
   1.5000001000000001E+05   5.1031457121912510E-02   1.1103371134286476E+02
   1.6000001000000001E+05   4.8802925968934527E-02   1.1610394186379395E+02
   1.7000001000000001E+05   4.6768798914347501E-02   1.2115367961142917E+02
   1.8000001000000001E+05   4.4903646000792274E-02   1.2618601347828725E+02
   1.9000001000000001E+05   4.3186445198633669E-02   1.3120348418164042E+02
   2.0000001000000001E+05   4.1599641435273518E-02   1.3620819516669371E+02
   2.1000001000000001E+05   4.0128440674010828E-02   1.4120190030583308E+02
   2.2000001000000001E+05   3.8760273642613613E-02   1.4618607009138083E+02
   2.3000001000000001E+05   3.7484381899290167E-02   1.5116194511900204E+02
   2.4000001000000001E+05   3.6291496222646699E-02   1.5613057242716744E+02
   2.5000001000000001E+05   3.5173580594042936E-02   1.6109284251941796E+02
   2.6000001000000001E+05   3.4123629423067930E-02   1.6604951393739481E+02
   2.7000001000000001E+05   3.3135503735505889E-02   1.7100123555413654E+02
   2.8000001000000001E+05   3.2203799185495117E-02   1.7594855957344086E+02
   2.9000001000000001E+05   3.1323736166713939E-02   1.8089196158858579E+02
   3.0000001000000001E+05   3.0491070800453032E-02   1.8583184948020997E+02
   3.1000001000000001E+05   2.9702020329411820E-02   1.9076857454943439E+02
   3.2000001000000001E+05   2.8953201884815073E-02   1.9570243394917719E+02
   3.3000001000000001E+05   2.8241578672640204E-02   2.0063368783875777E+02
   3.4000001000000001E+05   2.7564417162124509E-02   2.0556255719660189E+02
   3.5000001000000001E+05   2.6919249397320703E-02   2.1048923006167388E+02
   3.6000001000000001E+05   2.6303840318865224E-02   2.1541387154089369E+02
   3.7000001000000001E+05   2.5716161724533546E-02   2.2033661711166542E+02
   3.8000001000000001E+05   2.5154367588633750E-02   2.2525758437435525E+02
   3.9000001000000001E+05   2.4616774009750538E-02   2.3017687359179826E+02
   4.0000001000000001E+05   2.4101841795023182E-02   2.3509456777905814E+02
   4.1000001000000001E+05   2.3608160623020669E-02   2.4001073908125676E+02
   4.2000001000000001E+05   2.3134436560049230E-02   2.4492544111773068E+02
   4.3000001000000001E+05   2.2679478694906940E-02   2.4983872670550659E+02
   4.4000001000000001E+05   2.2242190859026508E-02   2.5475062755253290E+02
   4.5000001000000001E+05   2.1821560359323054E-02   2.5966117849401996E+02
   4.6000001000000001E+05   2.1416651683211850E-02   2.6457039892570424E+02
   4.7000001000000001E+05   2.1026598017158737E-02   2.6947830908529789E+02
   4.8000001000000001E+05   2.0650595848300295E-02   2.7438491950083790E+02
   4.9000001000000001E+05   2.0287899022903892E-02   2.7929023469031370E+02
   5.0000001000000001E+05   1.9937813328720848E-02   2.8419425872133701E+02
   5.1000001000000001E+05   1.9599692257133896E-02   2.8909699219475380E+02
   5.2000001000000001E+05   1.9272933138597220E-02   2.9399842975290005E+02
   5.3000001000000001E+05   1.8956973141415274E-02   2.9889856556800453E+02
   5.4000001000000001E+05   1.8651286562564651E-02   3.0379738472588667E+02
   5.5000001000000001E+05   1.8355380541015091E-02   3.0869488468621313E+02
   5.6000001000000001E+05   1.8068794060564216E-02   3.1359104877103687E+02
   5.7000001000000001E+05   1.7791094406155263E-02   3.1848586433894980E+02
   5.8000001000000001E+05   1.7521875506342391E-02   3.2337931389988569E+02
   5.9000001000000001E+05   1.7260755602634494E-02   3.2827138104054870E+02
   6.0000001000000001E+05   1.7007375564670066E-02   3.3316204830866479E+02
   6.1000001000000001E+05   1.6761397083321843E-02   3.3805130033690847E+02
   6.2000001000000001E+05   1.6522501623480141E-02   3.4293911470572687E+02
   6.3000001000000001E+05   1.6290388167647139E-02   3.4782547973493740E+02
   6.4000001000000001E+05   1.6064773192641005E-02   3.5271036892545783E+02
   6.5000001000000001E+05   1.5845388355862803E-02   3.5759376496340099E+02
   6.6000001000000001E+05   1.5631979789316637E-02   3.6247565285061802E+02
   6.7000001000000001E+05   1.5424307792788432E-02   3.6735600427588889E+02
   6.8000001000000001E+05   1.5222144951969300E-02   3.7223479984975256E+02
   6.9000001000000001E+05   1.5025275237407642E-02   3.7711203222243427E+02
   7.0000001000000001E+05   1.4833494689464082E-02   3.8198767034344269E+02
   7.1000001000000001E+05   1.4646609292560939E-02   3.8686169380909899E+02
   7.2000001000000001E+05   1.4464434418750997E-02   3.9173409173433072E+02
   7.3000001000000001E+05   1.4286795084781654E-02   3.9660484005372791E+02
   7.4000001000000001E+05   1.4113524437193195E-02   4.0147392699077460E+02
   7.5000001000000001E+05   1.3944464255491895E-02   4.0634132481989258E+02
   7.6000001000000001E+05   1.3779463520995983E-02   4.1120701621267904E+02
   7.7000001000000001E+05   1.3618378085383062E-02   4.1607099200468650E+02
   7.8000001000000001E+05   1.3461070983836363E-02   4.2093322933101132E+02
   7.9000001000000001E+05   1.3307411561878434E-02   4.2579370549507439E+02
   8.0000001000000001E+05   1.3157274476374783E-02   4.3065241890746222E+02
   8.1000001000000001E+05   1.3010541012083338E-02   4.3550933617732011E+02
   8.2000001000000001E+05   1.2867096913139276E-02   4.4036445188301519E+02
   8.3000001000000001E+05   1.2726833289110440E-02   4.4521774983321575E+02
   8.4000001000000001E+05   1.2589646015839579E-02   4.5006921341166441E+02
   8.5000001000000001E+05   1.2455435613642202E-02   4.5491882060504730E+02
   8.6000001000000001E+05   1.2324106377696766E-02   4.5976656690780402E+02
   8.7000001000000001E+05   1.2195566902297532E-02   4.6461243867333070E+02
   8.8000001000000001E+05   1.2069729549237540E-02   4.6945642455080161E+02
   8.9000001000000001E+05   1.1946510696404582E-02   4.7429849798615385E+02
   9.0000001000000001E+05   1.1825829465721241E-02   4.7913865965211937E+02
   9.1000001000000001E+05   1.1707608917285978E-02   4.8397688370972151E+02
   9.2000001000000001E+05   1.1591774493043312E-02   4.8881317376219960E+02
   9.3000001000000001E+05   1.1478255233975937E-02   4.9364750687091168E+02
   9.4000001000000001E+05   1.1366982704014324E-02   4.9847987166191024E+02
   9.5000001000000001E+05   1.1257890843630033E-02   5.0331026994157463E+02
   9.6000001000000001E+05   1.1150916601523815E-02   5.0813868329944324E+02
   9.7000001000000001E+05   1.1045999498265329E-02   5.1296508571904599E+02
   9.8000001000000001E+05   1.0943080426222650E-02   5.1778949425450639E+02
   9.9000001000000001E+05   1.0842103227742855E-02   5.2261189184967986E+02
   1.0000000100000000E+06   1.0743013817123895E-02   5.2743226211331114E+02
   1.1000000100000000E+06   9.8453304777826357E-03   5.7552279146614865E+02
   1.2000000100000000E+06   9.0891638301918206E-03   6.2340300882888062E+02
   1.3000000100000000E+06   8.4435695655130129E-03   6.7106832430484599E+02
   1.4000000100000000E+06   7.8859918005820279E-03   7.1851610079812883E+02
   1.5000000100000000E+06   7.3996042868504164E-03   7.6574528310242829E+02
   1.6000000100000000E+06   6.9716032419072900E-03   8.1275595911996459E+02
   1.7000000100000000E+06   6.5920751934671618E-03   8.5954906659673861E+02
   1.8000000100000000E+06   6.2532264800322862E-03   9.0612615704444454E+02
   1.9000000100000000E+06   5.9488465304575744E-03   9.5248920113667475E+02
   2.0000000100000000E+06   5.6739253631205742E-03   9.9864057365109250E+02
   2.1000000099999998E+06   5.4243784546107992E-03   1.0445827345737378E+03
   2.2000000099999998E+06   5.1968416267160139E-03   1.0903184061548561E+03
   2.3000000099999998E+06   4.9885204115354088E-03   1.1358502345460424E+03
   2.4000000099999998E+06   4.7970732637469832E-03   1.1811810593558348E+03
   2.5000000099999998E+06   4.6205246262041484E-03   1.2263135764596320E+03
   2.6000000099999998E+06   4.4571954939083454E-03   1.2712505177805715E+03
   2.7000000099999998E+06   4.3056501321329672E-03   1.3159945433544181E+03
   2.8000000099999998E+06   4.1646530609203416E-03   1.3605484050160098E+03
   2.9000000099999998E+06   4.0331363759239583E-03   1.4049145754914205E+03
   3.0000000099999998E+06   3.9101715140695339E-03   1.4490955343242911E+03
   3.1000000099999998E+06   3.7949471008697838E-03   1.4930938242015402E+03
   3.2000000099999998E+06   3.6867517204522086E-03   1.5369117611166964E+03
   3.3000000099999998E+06   3.5849584761584634E-03   1.5805516624984623E+03
   3.4000000099999998E+06   3.4890133781458827E-03   1.6240155784359099E+03
   3.5000000099999998E+06   3.3984239768789703E-03   1.6673058211777111E+03
   3.6000000099999998E+06   3.3127520048426874E-03   1.7104244661831501E+03
   3.7000000099999998E+06   3.2316056820239471E-03   1.7533735972179250E+03
   3.8000000099999998E+06   3.1546343217866901E-03   1.7961549585471578E+03
   3.9000000099999998E+06   3.0815221247261150E-03   1.8387705329176649E+03
   4.0000000099999998E+06   3.0119843848944263E-03   1.8812222626043999E+03
   4.1000000099999998E+06   2.9457642025979085E-03   1.9235117578260697E+03
   4.2000000099999998E+06   2.8826284543928319E-03   1.9656407924668488E+03
   4.3000000099999998E+06   2.8223655257453664E-03   2.0076110014076962E+03
   4.4000000099999998E+06   2.7647827880535689E-03   2.0494239561832906E+03
   4.5000000099999998E+06   2.7097040803965664E-03   2.0910815023945202E+03
   4.6000000099999998E+06   2.6569692697428473E-03   2.1325847250121242E+03
   4.7000000099999998E+06   2.6064307870813552E-03   2.1739353707623900E+03
   4.8000000099999998E+06   2.5579536351347468E-03   2.2151347865152884E+03
   4.9000000099999998E+06   2.5114134492477259E-03   2.2561844929107483E+03
   5.0000000099999998E+06   2.4666961853102207E-03   2.2970855159317525E+03
   5.1000000099999998E+06   2.4236958046798215E-03   2.3378396201947216E+03
   5.2000000099999998E+06   2.3823151958403963E-03   2.3784476921331038E+03
   5.3000000099999998E+06   2.3424639068891236E-03   2.4189111571008780E+03
   5.4000000099999998E+06   2.3040579367124086E-03   2.4592315970861227E+03
   5.5000000099999998E+06   2.2670202679194807E-03   2.4994095375601928E+03
   5.6000000099999998E+06   2.2312784906686040E-03   2.5394463771227097E+03
   5.7000000099999998E+06   2.1967654584097930E-03   2.5793432147198378E+03
   5.8000000099999998E+06   2.1634181753003323E-03   2.6191016347052800E+03
   5.9000000099999998E+06   2.1311787210566311E-03   2.6587221538468275E+03
   6.0000000099999998E+06   2.0999923925446862E-03   2.6982060028389560E+03
   6.1000000099999998E+06   2.0698082055538090E-03   2.7375541677129122E+03
   6.2000000099999998E+06   2.0405782646528729E-03   2.7767678298014730E+03
   6.3000000099999998E+06   2.0122581624725643E-03   2.8158474817753254E+03
   6.4000000099999998E+06   1.9848052306508154E-03   2.8547950156410407E+03
   6.5000000099999998E+06   1.9581804927208224E-03   2.8936107271741907E+03
   6.6000000099999998E+06   1.9323469576426181E-03   2.9322953919169640E+03
   6.7000000099999998E+06   1.9072694334166924E-03   2.9708503582158983E+03
   6.8000000099999998E+06   1.8829151990680979E-03   3.0092762978834971E+03
   6.9000000099999998E+06   1.8592531794619615E-03   3.0475742314556246E+03
   7.0000000099999998E+06   1.8362543101709831E-03   3.0857447403092024E+03
   7.1000000099999998E+06   1.8138907340800002E-03   3.1237890866420348E+03
   7.2000000099999998E+06   1.7921365274804336E-03   3.1617078233689854E+03
   7.3000000099999998E+06   1.7709670857372279E-03   3.1995016311223267E+03
   7.4000000099999998E+06   1.7503588532336853E-03   3.2371716628348636E+03
   7.5000000099999998E+06   1.7302897399667804E-03   3.2747186489061642E+03
   7.6000000099999998E+06   1.7107386980365496E-03   3.3121435120298870E+03
   7.7000000099999998E+06   1.6916861543426682E-03   3.3494463881108677E+03
   7.8000000099999998E+06   1.6731130876294063E-03   3.3866282688090937E+03
   7.9000000099999998E+06   1.6550014716168314E-03   3.4236900550575851E+03
   8.0000000099999998E+06   1.6373342136439734E-03   3.4606325527576687E+03
   8.1000000099999998E+06   1.6200950978226029E-03   3.4974564685095124E+03
   8.2000000099999998E+06   1.6032687323184935E-03   3.5341624053793407E+03
   8.3000000099999998E+06   1.5868403285996815E-03   3.5707512453256104E+03
   8.4000000099999998E+06   1.5707959989281753E-03   3.6072233971480223E+03
   8.5000000099999998E+06   1.5551223706707124E-03   3.6435795576887108E+03
   8.6000000099999998E+06   1.5398065458268665E-03   3.6798207507537859E+03
   8.7000000099999998E+06   1.5248365813747753E-03   3.7159471045557038E+03
   8.8000000099999998E+06   1.5102007655982317E-03   3.7519594801924713E+03
   8.9000000099999998E+06   1.4958879302684350E-03   3.7878586790010531E+03
   9.0000000099999998E+06   1.4818875942396823E-03   3.8236449927144431E+03
   9.1000000099999998E+06   1.4681894159246367E-03   3.8593195251388906E+03
   9.2000000099999998E+06   1.4547838603318913E-03   3.8948824179198255E+03
   9.3000000099999998E+06   1.4416613066845739E-03   3.9303351301776629E+03
   9.4000000099999998E+06   1.4288134164385942E-03   3.9656767036829742E+03
   9.5000000099999998E+06   1.4162311980044061E-03   4.0009089529057146E+03
   9.6000000099999998E+06   1.4039063777452657E-03   4.0360327221964722E+03
   9.7000000099999998E+06   1.3918313833865760E-03   4.0710477915028046E+03
   9.8000000099999998E+06   1.3799986278840480E-03   4.1059548647292622E+03
   9.9000000099999998E+06   1.3684010167462487E-03   4.1407540699971114E+03
   1.0000000010000000E+07   1.3570312310432593E-03   4.1754470714164327E+03
   1.1000000010000000E+07   1.2545237405026239E-03   4.5166240355164982E+03
   1.2000000010000000E+07   1.1688462258560119E-03   4.8476967749376336E+03
   1.3000000010000000E+07   1.0961618698930504E-03   5.1691380945708788E+03
   1.4000000010000000E+07   1.0337204783432529E-03   5.4813774111948233E+03
   1.5000000010000000E+07   9.7949789750478573E-04   5.7848129066071106E+03
   1.6000000010000000E+07   9.3197158534707135E-04   6.0798120549674104E+03
   1.7000000009999998E+07   8.8997402953284587E-04   6.3667162090723605E+03
   1.8000000009999998E+07   8.5259439409999941E-04   6.6458472149133468E+03
   1.9000000009999998E+07   8.1911228258622708E-04   6.9175034973105021E+03
   2.0000000009999998E+07   7.8894961681587978E-04   7.1819694929930602E+03
   2.1000000009999998E+07   7.6163764119898205E-04   7.4395116167845554E+03
   2.2000000009999998E+07   7.3679206316188978E-04   7.6903815374504375E+03
   2.3000000009999998E+07   7.1409453562886220E-04   7.9348206669727633E+03
   2.4000000009999998E+07   6.9327975920154049E-04   8.1730528033965184E+03
   2.5000000009999998E+07   6.7412401165390149E-04   8.4052963275683978E+03
   2.6000000009999998E+07   6.5643805989701288E-04   8.6317543506986367E+03
   2.7000000009999998E+07   6.4005987932321115E-04   8.8526281095318354E+03
   2.8000000009999998E+07   6.2485111085488609E-04   9.0680995537129184E+03
   2.9000000009999998E+07   6.1069205833064102E-04   9.2783457753963648E+03
   3.0000000009999998E+07   5.9747855093020253E-04   9.4835405733956486E+03
   3.1000000009999998E+07   5.8512034579535834E-04   9.6838404615346099E+03
   3.2000000009999998E+07   5.7353715267682653E-04   9.8794159245564661E+03
   3.3000000009999998E+07   5.6265996495295561E-04   1.0070402076596954E+04
   3.4000000009999998E+07   5.5242689189162236E-04   1.0256944697384206E+04
   3.5000000009999998E+07   5.4278303625216492E-04   1.0439184169432698E+04
   3.6000000009999998E+07   5.3367969963184271E-04   1.0617252414489501E+04
   3.7000000009999998E+07   5.2507328807554262E-04   1.0791278490375256E+04
   3.8000000009999998E+07   5.1692505751411305E-04   1.0961380179032076E+04
   3.9000000009999998E+07   5.0919978213528427E-04   1.1127679701117417E+04
   4.0000000009999998E+07   5.0186643205435790E-04   1.1290279081400085E+04
   4.1000000009999998E+07   4.9489627276850926E-04   1.1449292288629982E+04
   4.2000000009999998E+07   4.8826344154703446E-04   1.1604825586628293E+04
   4.3000000009999998E+07   4.8194462350477059E-04   1.1756977468230072E+04
   4.4000000009999998E+07   4.7591826184032523E-04   1.1905851348442851E+04
   4.5000000009999998E+07   4.7016557741996030E-04   1.2051524721511147E+04
   4.6000000009999998E+07   4.6466831587580230E-04   1.2194100363397045E+04
   4.7000000009999998E+07   4.5941059981815656E-04   1.2333655518011574E+04
   4.8000000009999998E+07   4.5437695162262981E-04   1.2470289391320468E+04
   4.9000000009999998E+07   4.4955423892773075E-04   1.2604067738289306E+04
   5.0000000009999998E+07   4.4492998171088071E-04   1.2735064644760592E+04
   5.1000000009999998E+07   4.4049194587130353E-04   1.2863372719045548E+04
   5.2000000009999998E+07   4.3622992896163347E-04   1.2989049359743858E+04
   5.3000000009999998E+07   4.3213378521107169E-04   1.3112170983605472E+04
   5.4000000009999998E+07   4.2819414932929227E-04   1.3232810603217165E+04
   5.5000000009999998E+07   4.2440293095890333E-04   1.3351020141821067E+04
   5.6000000009999998E+07   4.2075185747422186E-04   1.3466873595031877E+04
   5.7000000009999998E+07   4.1723352829449618E-04   1.3580433247159437E+04
   5.8000000009999998E+07   4.1384166677173307E-04   1.3691738977567922E+04
   5.9000000009999998E+07   4.1056876906267746E-04   1.3800884301102817E+04
   6.0000000009999998E+07   4.0741010481717884E-04   1.3907883021268874E+04
   6.1000000009999998E+07   4.0435903802446370E-04   1.4012824115823048E+04
   6.2000000009999998E+07   4.0141107936756597E-04   1.4115734145673021E+04
   6.3000000009999998E+07   3.9856091785520900E-04   1.4216677615989083E+04
   6.4000000009999998E+07   3.9580386353939788E-04   1.4315706847354220E+04
   6.5000000009999998E+07   3.9313583561628290E-04   1.4412860813356825E+04
   6.6000000009999998E+07   3.9055273528517716E-04   1.4508186904241780E+04
   6.7000000009999998E+07   3.8805103569460107E-04   1.4601718738716532E+04
   6.8000000009999990E+07   3.8562652120676278E-04   1.4693522794408997E+04
   6.9000000009999990E+07   3.8327613051948204E-04   1.4783628899092631E+04
   7.0000000009999990E+07   3.8099702260998593E-04   1.4872063935472084E+04
   7.1000000009999990E+07   3.7878559916534654E-04   1.4958889915471189E+04
   7.2000000009999990E+07   3.7663907270815965E-04   1.5044143027270835E+04
   7.3000000009999990E+07   3.7455515356008717E-04   1.5127844392538107E+04
   7.4000000009999990E+07   3.7253106541983356E-04   1.5210039122762899E+04
   7.5000000009999990E+07   3.7056483514993763E-04   1.5290744134390290E+04
   7.6000000009999990E+07   3.6865330634201250E-04   1.5370029190036539E+04
   7.7000000009999990E+07   3.6679477044999681E-04   1.5447908574401714E+04
   7.8000000009999990E+07   3.6498731545312607E-04   1.5524408217983409E+04
   7.9000000009999990E+07   3.6322880604373561E-04   1.5599566953943506E+04
   8.0000000009999990E+07   3.6151720811119809E-04   1.5673422875453716E+04
   8.1000000009999990E+07   3.5985127515312956E-04   1.5745983051106428E+04
   8.2000000009999990E+07   3.5822882353736828E-04   1.5817298070905088E+04
   8.3000000009999990E+07   3.5664844612954551E-04   1.5887387540788763E+04
   8.4000000009999990E+07   3.5510882479213344E-04   1.5956269413459349E+04
   8.5000000009999990E+07   3.5360836934086946E-04   1.6023976157697018E+04
   8.6000000009999990E+07   3.5214520056811084E-04   1.6090556027283617E+04
   8.7000000009999990E+07   3.5071894114385054E-04   1.6155991065096667E+04
   8.8000000009999990E+07   3.4932785018996858E-04   1.6220327341203576E+04
   8.9000000009999990E+07   3.4797060200191643E-04   1.6283594208481460E+04
   9.0000000009999990E+07   3.4664555719899948E-04   1.6345837879085813E+04
   9.1000000009999990E+07   3.4535260546723971E-04   1.6407034404197402E+04
   9.2000000009999990E+07   3.4409096815573751E-04   1.6467192120298998E+04
   9.3000000009999990E+07   3.4285841656843635E-04   1.6526390503087470E+04
   9.4000000009999990E+07   3.4165463262551197E-04   1.6584619491142552E+04
   9.5000000009999990E+07   3.4047859696527128E-04   1.6641903867038567E+04
   9.6000000009999990E+07   3.3932933015976078E-04   1.6698267953473063E+04
   9.7000000009999990E+07   3.3820627770528050E-04   1.6753716453536264E+04
   9.8000000009999990E+07   3.3710854169160712E-04   1.6808272051035019E+04
   9.9000000009999990E+07   3.3603525835293420E-04   1.6861957007883539E+04
   1.0000000000999999E+08   3.3498559635889520E-04   1.6914793176389518E+04
   1.1000000000999999E+08   3.2564694870796301E-04   1.7399862341598713E+04
   1.2000000000999999E+08   3.1803769174935465E-04   1.7816165273724073E+04
   1.3000000000999999E+08   3.1174769066970748E-04   1.8175634492457200E+04
   1.4000000000999999E+08   3.0648534309068927E-04   1.8487709794995244E+04
   1.5000000000999999E+08   3.0203810210359112E-04   1.8759924791001540E+04
   1.6000000000999999E+08   2.9824537528806391E-04   1.8998491004286101E+04
   1.7000000000999999E+08   2.9498648448608581E-04   1.9208378612164797E+04
   1.8000000000999999E+08   2.9216754522737347E-04   1.9393708069356569E+04
   1.9000000000999999E+08   2.8971338669499101E-04   1.9557991931679626E+04
   2.0000000000999999E+08   2.8756650177341942E-04   1.9704006010911377E+04
   2.1000000000999999E+08   2.8567986539720827E-04   1.9834131718040167E+04
   2.2000000000999999E+08   2.8401425005416869E-04   1.9950449945379587E+04
   2.3000000000999999E+08   2.8253863950757730E-04   2.0054644877442519E+04
   2.4000000000999999E+08   2.8122718728082762E-04   2.0148166093991662E+04
   2.5000000000999999E+08   2.8005859977612863E-04   2.0232237410347807E+04
   2.6000000000999999E+08   2.7901347592096295E-04   2.0308022975511405E+04
   2.7000000000999999E+08   2.7807747436369367E-04   2.0376379253464642E+04
   2.8000000000999999E+08   2.7723578061326752E-04   2.0438242376024133E+04
   2.9000000000999999E+08   2.7648029889572361E-04   2.0494089821630521E+04
   3.0000000000999999E+08   2.7579785429815293E-04   2.0544801169318456E+04
   3.1000000000999999E+08   2.7518229329113965E-04   2.0590758263233991E+04
   3.2000000000999999E+08   2.7462717355533471E-04   2.0632379549791811E+04
   3.3000000000999999E+08   2.7412428960150835E-04   2.0670229871702097E+04
   3.4000000000999999E+08   2.7366938814741692E-04   2.0704588546922198E+04
   3.5000000000999999E+08   2.7325601879774378E-04   2.0735909512295795E+04
   3.6000000000999999E+08   2.7288273362670703E-04   2.0764274837672114E+04
   3.7000000000999999E+08   2.7254338733902732E-04   2.0790128627967013E+04
   3.8000000000999999E+08   2.7223679622122602E-04   2.0813542320986311E+04
   3.9000000000999999E+08   2.7195893201363840E-04   2.0834807805452259E+04
   4.0000000000999999E+08   2.7170488049392956E-04   2.0854288922523821E+04
   4.1000000000999999E+08   2.7147736275532562E-04   2.0871766330612987E+04
   4.2000000000999999E+08   2.7126974130459923E-04   2.0887740933544905E+04
   4.3000000000999999E+08   2.7108305998492440E-04   2.0902125274059272E+04
   4.4000000000999999E+08   2.7091358221004608E-04   2.0915201199056373E+04
   4.5000000000999999E+08   2.7076169894954712E-04   2.0926933541423958E+04
   4.6000000000999999E+08   2.7062402371132323E-04   2.0937579752802754E+04
   4.7000000000999999E+08   2.7050001729548326E-04   2.0947178252083708E+04
   4.8000000000999999E+08   2.7038937278260400E-04   2.0955749928958598E+04
   4.9000000000999999E+08   2.7029053264525621E-04   2.0963413050492800E+04
   5.0000000000999999E+08   2.7020203402463986E-04   2.0970279146616303E+04
   5.1000000000999999E+08   2.7012402541532545E-04   2.0976335114095120E+04
   5.2000000000999999E+08   2.7005684476002280E-04   2.0981553289328062E+04
   5.3000000000999999E+08   2.6999626110912412E-04   2.0986261277114896E+04
   5.4000000000999999E+08   2.6994593763122110E-04   2.0990173548086310E+04
   5.5000000000999999E+08   2.6990173135795100E-04   2.0993611456184139E+04
   5.6000000000999999E+08   2.6986432865575065E-04   2.0996521132321464E+04
   5.7000000000999999E+08   2.6983287730271340E-04   2.0998968458256273E+04
   5.8000000000999999E+08   2.6980829218668903E-04   2.1000881898617034E+04
   5.9000000000999999E+08   2.6978812974316275E-04   2.1002451386109635E+04
   6.0000000000999999E+08   2.6977343266129205E-04   2.1003595586057203E+04
   6.1000000000999999E+08   2.6976357651131727E-04   2.1004362978715555E+04
   6.2000000000999999E+08   2.6975796480408127E-04   2.1004799927206772E+04
   6.3000000000999999E+08   2.6975789557067656E-04   2.1004805318091854E+04
   6.4000000000999999E+08   2.6975911146501496E-04   2.1004710642424638E+04
   6.5000000000999999E+08   2.6976485277343653E-04   2.1004263606716078E+04
   6.6000000000999999E+08   2.6977469817247857E-04   2.1003497058339995E+04
   6.7000000000999999E+08   2.6978824441857536E-04   2.1002442458868256E+04
   6.8000000000999999E+08   2.6980309247415875E-04   2.1001286632853968E+04
   6.9000000000999999E+08   2.6982082537518496E-04   2.0999906406784445E+04
   7.0000000000999999E+08   2.6984315452144552E-04   2.0998168693695348E+04
   7.1000000000999999E+08   2.6986562449236141E-04   2.0996420311548784E+04
   7.2000000000999999E+08   2.6988994271298216E-04   2.0994528445641336E+04
   7.3000000000999999E+08   2.6991794190562847E-04   2.0992350636184437E+04
   7.4000000000999999E+08   2.6994721151222959E-04   2.0990074495448211E+04
   7.5000000000999999E+08   2.6997966110150362E-04   2.0987551641343460E+04
   7.6000000000999999E+08   2.7001059876890072E-04   2.0985146899103267E+04
   7.7000000000999999E+08   2.7004646252836828E-04   2.0982359948095898E+04
   7.8000000000999999E+08   2.7008024821845432E-04   2.0979735159666692E+04
   7.9000000000999999E+08   2.7011858003961228E-04   2.0976757980325812E+04
   8.0000000000999999E+08   2.7015665132293652E-04   2.0973801872851196E+04
   8.1000000000999999E+08   2.7019658672463264E-04   2.0970701918062572E+04
   8.2000000000999999E+08   2.7023580367990715E-04   2.0967658623769228E+04
   8.3000000000999999E+08   2.7027893729547262E-04   2.0964312410647941E+04
   8.4000000000999999E+08   2.7032097240346130E-04   2.0961052444807130E+04
   8.5000000000999999E+08   2.7036666852167863E-04   2.0957509705105840E+04
   8.6000000000999999E+08   2.7040837458144727E-04   2.0954277352728750E+04
   8.7000000000999999E+08   2.7045600239082964E-04   2.0950587265177805E+04
   8.8000000000999999E+08   2.7050182219047855E-04   2.0947038484237095E+04
   8.9000000000999999E+08   2.7054822331631489E-04   2.0943445904117027E+04
   9.0000000000999999E+08   2.7059506931159286E-04   2.0939820130112996E+04
   9.1000000000999999E+08   2.7064222666978784E-04   2.0936171525050271E+04
   9.2000000000999999E+08   2.7069226636058604E-04   2.0932301301627576E+04
   9.3000000000999999E+08   2.7073968530540296E-04   2.0928635094956793E+04
   9.4000000000999999E+08   2.7078979018964268E-04   2.0924762619417765E+04
   9.5000000000999999E+08   2.7083696761886182E-04   2.0921117708916496E+04
   9.6000000000999999E+08   2.7088946013008845E-04   2.0917063649354041E+04
   9.7000000000999999E+08   2.7094163033405060E-04   2.0913036038405029E+04
   9.8000000000999999E+08   2.7099048509392155E-04   2.0909265790333498E+04
   9.9000000000999999E+08   2.7104162972116347E-04   2.0905320283490695E+04
   1.0000000000100000E+09   2.7109210394461091E-04   2.0901427953939688E+04
   1.1000000000100000E+09   2.7161635854796868E-04   2.0861085502254591E+04
   1.2000000000100000E+09   2.7214342006957643E-04   2.0820683733715057E+04
   1.3000000000100000E+09   2.7267096378410935E-04   2.0780401407047171E+04
   1.4000000000100000E+09   2.7318502653176209E-04   2.0741298128290451E+04
   1.5000000000100000E+09   2.7368582000206231E-04   2.0703345461732424E+04
   1.6000000000100000E+09   2.7416936365410910E-04   2.0666831639981054E+04
   1.7000000000100000E+09   2.7463733953530769E-04   2.0631615821313910E+04
   1.8000000000100000E+09   2.7509144107466809E-04   2.0597558605766415E+04
   1.9000000000100000E+09   2.7552614248302441E-04   2.0565061552477975E+04
   2.0000000000100000E+09   2.7594894733103955E-04   2.0533552072886861E+04
   2.1000000000100000E+09   2.7635873056175740E-04   2.0503105032949177E+04
   2.2000000000100002E+09   2.7674918026823964E-04   2.0474178366086675E+04
   2.3000000000100002E+09   2.7712740036068591E-04   2.0446235457430572E+04
   2.4000000000100002E+09   2.7749582605891501E-04   2.0419089396599513E+04
   2.5000000000100002E+09   2.7785076025995818E-04   2.0393005490353473E+04
   2.6000000000100002E+09   2.7819604721897767E-04   2.0367694423135148E+04
   2.7000000000100002E+09   2.7852880317823735E-04   2.0343361314248948E+04
   2.8000000000100002E+09   2.7884611183026046E-04   2.0320211898559151E+04
   2.9000000000100002E+09   2.7915346533815085E-04   2.0297838941803864E+04
   3.0000000000100002E+09   2.7945747606545024E-04   2.0275757726206473E+04
   3.1000000000100002E+09   2.7975687355945295E-04   2.0254058487953647E+04
   3.2000000000100002E+09   2.8004104938992111E-04   2.0233505380101411E+04
   3.3000000000100002E+09   2.8031739998626105E-04   2.0213558201374322E+04
   3.4000000000100002E+09   2.8058456927328575E-04   2.0194311091859781E+04
   3.5000000000100002E+09   2.8085134860563794E-04   2.0175128613808149E+04
   3.6000000000100002E+09   2.8111720913678097E-04   2.0156048421508232E+04
   3.7000000000100002E+09   2.8136007305370396E-04   2.0138650157368593E+04
   3.8000000000100002E+09   2.8161077296613322E-04   2.0120722015707965E+04
   3.9000000000100002E+09   2.8184690398662859E-04   2.0103864897338135E+04
   4.0000000000100002E+09   2.8207861449897379E-04   2.0087350788873176E+04
   4.1000000000100002E+09   2.8230527625606658E-04   2.0071222736696727E+04
   4.2000000000100002E+09   2.8252624681411321E-04   2.0055524551700397E+04
   4.3000000000100002E+09   2.8275337122822644E-04   2.0039414755223872E+04
   4.4000000000100002E+09   2.8296126524671465E-04   2.0024691628869517E+04
   4.5000000000100002E+09   2.8316146654482776E-04   2.0010533737588150E+04
   4.6000000000100002E+09   2.8338001869490718E-04   1.9995100944574981E+04
   4.7000000000100002E+09   2.8356332047803064E-04   1.9982175656315922E+04
   4.8000000000100002E+09   2.8376471794550534E-04   1.9967993626918633E+04
   4.9000000000100002E+09   2.8395675874055701E-04   1.9954489213821693E+04
   5.0000000000100002E+09   2.8415324259544697E-04   1.9940691254216235E+04
   5.1000000000100002E+09   2.8433948359529260E-04   1.9927630196955244E+04
   5.2000000000100002E+09   2.8451473646620630E-04   1.9915355351560946E+04
   5.3000000000100002E+09   2.8470907132144426E-04   1.9901761658598178E+04
   5.4000000000100002E+09   2.8487636299684481E-04   1.9890074486604462E+04
   5.5000000000100002E+09   2.8504697363719757E-04   1.9878169577383629E+04
   5.6000000000100002E+09   2.8520472687470350E-04   1.9867174508539971E+04
   5.7000000000100002E+09   2.8538197718272512E-04   1.9854835036945016E+04
   5.8000000000100002E+09   2.8554598228685613E-04   1.9843431289423654E+04
   5.9000000000100002E+09   2.8569595933506579E-04   1.9833014413882029E+04
   6.0000000000100002E+09   2.8586599602151201E-04   1.9821217487699443E+04
   6.1000000000100002E+09   2.8602159077800948E-04   1.9810434813915646E+04
   6.2000000000100002E+09   2.8617997304703478E-04   1.9799471008227923E+04
   6.3000000000100002E+09   2.8632289346014835E-04   1.9789587940402893E+04
   6.4000000000100002E+09   2.8648678426185952E-04   1.9778266889620591E+04
   6.5000000000100002E+09   2.8661585677898174E-04   1.9769360087601865E+04
   6.6000000000100002E+09   2.8676603041991679E-04   1.9759007268688954E+04
   6.7000000000100002E+09   2.8689927098228280E-04   1.9749830872976061E+04
   6.8000000000100002E+09   2.8705430795507823E-04   1.9739164062177850E+04
   6.9000000000100002E+09   2.8717188402532605E-04   1.9731082305329386E+04
   7.0000000000100002E+09   2.8731136211431884E-04   1.9721503659941143E+04
   7.1000000000100002E+09   2.8745302984723407E-04   1.9711784156498550E+04
   7.2000000000100002E+09   2.8757601174105322E-04   1.9703354411154203E+04
   7.3000000000100002E+09   2.8772191769128750E-04   1.9693362691818984E+04
   7.4000000000100002E+09   2.8784864596397822E-04   1.9684692490057052E+04
   7.5000000000100002E+09   2.8795538220717856E-04   1.9677395977281922E+04
   7.6000000000100002E+09   2.8810754984164439E-04   1.9667003112534170E+04
   7.7000000000100002E+09   2.8821741297121116E-04   1.9659506415895103E+04
   7.8000000000100002E+09   2.8835130372253302E-04   1.9650377877023733E+04
   7.9000000000100002E+09   2.8844124242309778E-04   1.9644250703818474E+04
   8.0000000000100002E+09   2.8857848587746635E-04   1.9634908202706942E+04
   8.1000000000100002E+09   2.8871780447016189E-04   1.9625433526271496E+04
   8.2000000000100002E+09   2.8881148761839822E-04   1.9619067531575769E+04
   8.3000000000100002E+09   2.8890615900679500E-04   1.9612638577729133E+04
   8.4000000000100002E+09   2.8905057692314533E-04   1.9602839543844893E+04
   8.5000000000100002E+09   2.8917249463636093E-04   1.9594574811154038E+04
   8.6000000000100002E+09   2.8927100639278877E-04   1.9587901843803542E+04
   8.7000000000100002E+09   2.8937059594236582E-04   1.9581160487393674E+04
   8.8000000000100002E+09   2.8949685796902469E-04   1.9572620301414401E+04
   8.9000000000100002E+09   2.8957309195778964E-04   1.9567467547385804E+04
   9.0000000000100002E+09   2.8970217427613847E-04   1.9558748889745268E+04
   9.1000000000100002E+09   2.8980657820964741E-04   1.9551702775294667E+04
   9.2000000000100002E+09   2.8988546295326240E-04   1.9546382290973193E+04
   9.3000000000100002E+09   2.9001899884621078E-04   1.9537382385368666E+04
   9.4000000000100002E+09   2.9009974213925488E-04   1.9531944557056155E+04
   9.5000000000100002E+09   2.9020876897826179E-04   1.9524606714777263E+04
   9.6000000000100002E+09   2.9031909082030775E-04   1.9517187324712660E+04
   9.7000000000100002E+09   2.9040252681224930E-04   1.9511579811919222E+04
   9.8000000000100002E+09   2.9051519034804948E-04   1.9504013104071604E+04
   9.9000000000100002E+09   2.9060042742855497E-04   1.9498292310231616E+04
   1.0000000000010000E+10   2.9068646089031562E-04   1.9492521468408668E+04
   1.1000000000010000E+10   2.9159377875587677E-04   1.9431868895337386E+04
   1.2000000000010000E+10   2.9242289189489797E-04   1.9376773284619427E+04
   1.3000000000010000E+10   2.9318036705909604E-04   1.9326710503565479E+04
   1.4000000000010000E+10   2.9392233311476961E-04   1.9277922910565951E+04
   1.5000000000010000E+10   2.9459550252932879E-04   1.9233871633583774E+04
   1.6000000000010000E+10   2.9517980877651913E-04   1.9195798327012628E+04
   1.7000000000010000E+10   2.9575312770337137E-04   1.9158587175325494E+04
   1.8000000000010002E+10   2.9631091134846993E-04   1.9122522534502921E+04
   1.9000000000010002E+10   2.9679282874659076E-04   1.9091472335802864E+04
   2.0000000000010002E+10   2.9730054776058295E-04   1.9058868616828895E+04
   2.1000000000010002E+10   2.9777572949390372E-04   1.9028455035977728E+04
   2.2000000000010002E+10   2.9821185075043147E-04   1.9000626786700614E+04
   2.3000000000010002E+10   2.9860219781996698E-04   1.8975788258921264E+04
   2.4000000000010002E+10   2.9907889989432007E-04   1.8945542736322681E+04
   2.5000000000010002E+10   2.9950731150749836E-04   1.8918443262572429E+04
   2.6000000000010002E+10   2.9980387513271306E-04   1.8899729287928560E+04
   2.7000000000010002E+10   3.0018815967040771E-04   1.8875534883525866E+04
   2.8000000000010002E+10   3.0050707855682157E-04   1.8855502861004366E+04
   2.9000000000010002E+10   3.0083703945836098E-04   1.8834821967673557E+04
   3.0000000000010002E+10   3.0117882491153332E-04   1.8813447728752435E+04
   3.1000000000010002E+10   3.0153330555602594E-04   1.8791330758742377E+04
   3.2000000000010002E+10   3.0190145347537686E-04   1.8768416031963061E+04
   3.3000000000010002E+10   3.0209089296655972E-04   1.8756646464372039E+04
   3.4000000000010002E+10   3.0238239864444294E-04   1.8738564496086434E+04
   3.5000000000010002E+10   3.0258174694968522E-04   1.8726219068404080E+04
   3.6000000000010002E+10   3.0299353990338057E-04   1.8700768608093334E+04
   3.7000000000010002E+10   3.0320621482853152E-04   1.8687651513622692E+04
   3.8000000000010002E+10   3.0342373736071940E-04   1.8674254456051498E+04
   3.9000000000010002E+10   3.0364633144179960E-04   1.8660564916346655E+04
   4.0000000000010002E+10   3.0399031349047877E-04   1.8639449443041824E+04
   4.1000000000010002E+10   3.0422667278519273E-04   1.8624968112118797E+04
   4.2000000000010002E+10   3.0446902604910875E-04   1.8610142887133265E+04
   4.3000000000010002E+10   3.0459250327517101E-04   1.8602598614718099E+04
   4.4000000000010002E+10   3.0484444008096882E-04   1.8587224611920847E+04
   4.5000000000010002E+10   3.0510319429299872E-04   1.8571461018657181E+04
   4.6000000000010002E+10   3.0536914397870038E-04   1.8555286908344067E+04
   4.7000000000010002E+10   3.0550491090033309E-04   1.8547040906091162E+04
   4.8000000000010002E+10   3.0564263643989608E-04   1.8538683429379664E+04
   4.9000000000010002E+10   3.0592424886287389E-04   1.8521618016687560E+04
   5.0000000000010002E+10   3.0606819788129609E-04   1.8512906988388804E+04
   5.1000000000010002E+10   3.0621434873716254E-04   1.8504071095452739E+04
   5.2000000000010002E+10   3.0651357796208039E-04   1.8486006777100087E+04
   5.3000000000010002E+10   3.0666675255672498E-04   1.8476773345138285E+04
   5.4000000000010002E+10   3.0682242120672938E-04   1.8467399016001051E+04
   5.5000000000010002E+10   3.0698066609860704E-04   1.8457879290874094E+04
   5.6000000000010002E+10   3.0714157358848170E-04   1.8448209447126130E+04
   5.7000000000010002E+10   3.0730523448443768E-04   1.8438384523408298E+04
   5.8000000000010002E+10   3.0747174435377309E-04   1.8428399303451904E+04
   5.9000000000010002E+10   3.0764120385775158E-04   1.8418248298430728E+04
   6.0000000000010002E+10   3.0781371911678661E-04   1.8407925727736700E+04
   6.1000000000010002E+10   3.0781368823900766E-04   1.8407927574294808E+04
   6.2000000000010002E+10   3.0816837110849923E-04   1.8386741180149427E+04
   6.3000000000010002E+10   3.0835075115986688E-04   1.8375865984326796E+04
   6.4000000000010002E+10   3.0853667460664652E-04   1.8364792732352060E+04
   6.5000000000010002E+10   3.0853664905696577E-04   1.8364794253126307E+04
   6.6000000000010002E+10   3.0872625725242525E-04   1.8353515278900697E+04
   6.7000000000010002E+10   3.0891969772109038E-04   1.8342022607428487E+04
   6.8000000000010002E+10   3.0891967539656664E-04   1.8342023932941076E+04
   6.9000000000010010E+10   3.0911710702970598E-04   1.8330308969072015E+04
   7.0000000000010010E+10   3.0931869675313912E-04   1.8318362707968801E+04
   7.1000000000010010E+10   3.0931867712996066E-04   1.8318363870085825E+04
   7.2000000000010010E+10   3.0952460451699483E-04   1.8306176623090083E+04
   7.3000000000010010E+10   3.0952458645926894E-04   1.8306177691076067E+04
   7.4000000000010010E+10   3.0973504195362233E-04   1.8293739202839810E+04
   7.5000000000010010E+10   3.1017037879231432E-04   1.8268063190116001E+04
   7.6000000000010010E+10   3.1017036276674635E-04   1.8268064133971777E+04
   7.7000000000010010E+10   3.1039567838289140E-04   1.8254803381929200E+04
   7.8000000000010010E+10   3.1039566355397082E-04   1.8254804254038772E+04
   7.9000000000010010E+10   3.1062641046698624E-04   1.8241243785297600E+04
   8.0000000000010010E+10   3.1062639671774388E-04   1.8241244592708961E+04
   8.1000000000010010E+10   3.1062638347392860E-04   1.8241245370439658E+04
   8.2000000000010010E+10   3.1086283024297660E-04   1.8227370815132155E+04
   8.3000000000010010E+10   3.1086281792869403E-04   1.8227371537177325E+04
   8.4000000000010010E+10   3.1110525251299667E-04   1.8213167517136353E+04
   8.5000000000010010E+10   3.1110524104263003E-04   1.8213168188650947E+04
   8.6000000000010010E+10   3.1135397442342801E-04   1.8198618116158712E+04
   8.7000000000010010E+10   3.1135396372099813E-04   1.8198618741715018E+04
   8.8000000000010010E+10   3.1135395338091507E-04   1.8198619346092211E+04
   8.9000000000010010E+10   3.1160932177689801E-04   1.8183705311412457E+04
   9.0000000000010010E+10   3.1160931210595183E-04   1.8183705875752574E+04
   9.1000000000010010E+10   3.1160930275170805E-04   1.8183706421611816E+04
   9.2000000000010010E+10   3.1187166959871938E-04   1.8168409098430915E+04
   9.3000000000010010E+10   3.1187166083019690E-04   1.8168409609250346E+04
   9.4000000000010010E+10   3.1214142005760252E-04   1.8152708084798782E+04
   9.5000000000010010E+10   3.1214141182642360E-04   1.8152708563486271E+04
   9.6000000000010010E+10   3.1214140385084740E-04   1.8152709027309102E+04
   9.7000000000010010E+10   3.1214139612039982E-04   1.8152709476876407E+04
   9.8000000000010010E+10   3.1270485229829983E-04   1.8120000498345387E+04
   9.9000000000010010E+10   3.1270484501565523E-04   1.8120000920345639E+04
   1.0000000000001001E+11   3.1270483795016772E-04   1.8120001329762526E+04
