   1.0000000000000000E+00   0.0000000000000000E+00   5.6662120794802142E+30
   2.0000000000000000E+00   0.0000000000000000E+00   2.7326242007959357E+17
   3.0000000000000000E+00   2.0735423765294208E-07   2.7326242007959358E+07
   4.0000000000000000E+00   2.4558729885197322E-07   2.3072089256926522E+07
   5.0000000000000000E+00   2.7142691320089368E-07   2.0875645722303260E+07
   6.0000000000000000E+00   2.9025137207850486E-07   1.9521740892744735E+07
   7.0000000000000000E+00   3.0466046730415558E-07   1.8598448724308535E+07
   8.0000000000000000E+00   3.1608397464534479E-07   1.7926287107208978E+07
   9.0000000000000000E+00   3.2538121097649316E-07   1.7414072750161238E+07
   1.0000000000000000E+01   3.3310339701194510E-07   1.7010370144249909E+07
   1.1000000000000000E+01   3.3962223266692115E-07   1.6683866762742996E+07
   1.1259000000000000E+01   3.4114829178696831E-07   1.6609234798744082E+07
   1.1260999999999999E+01   3.4115984107768925E-07   1.6608672525996106E+07
   1.2000000000000000E+01   3.4519848512418430E-07   1.6414359632667009E+07
   1.3000000000000000E+01   3.5002107926708807E-07   1.6188202411536872E+07
   1.4000000000000000E+01   3.5423059309002965E-07   1.5995829242337959E+07
   1.5000000000000000E+01   3.5793401098947728E-07   1.5830325997287787E+07
   1.6000000000000000E+01   3.6121433344426262E-07   1.5686564886425091E+07
   1.6588999999999999E+01   3.6297547722555348E-07   1.5610454245533571E+07
   1.6591000000000001E+01   3.6298125947551334E-07   1.5610205572782349E+07
   1.7000000000000000E+01   3.6413703455406026E-07   1.5560658603207801E+07
   1.8000000000000000E+01   3.6675451951036827E-07   1.5449603966829995E+07
   1.9000000000000000E+01   3.6910927429711900E-07   1.5351042290308664E+07
   2.0000000000000000E+01   3.7123613750792066E-07   1.5263094044445824E+07
   2.1000000000000000E+01   3.7316396911832398E-07   1.5184242178760713E+07
   2.2000000000000000E+01   3.7491689636033019E-07   1.5113248121083496E+07
   2.3000000000000000E+01   3.7651525755632800E-07   1.5049090218163416E+07
   2.4000000000000000E+01   3.7797632662744189E-07   1.4990917896996237E+07
   2.5000000000000000E+01   3.7931487593785031E-07   1.4938017037878070E+07
   2.6000000000000000E+01   3.8054361834800638E-07   1.4889783473647624E+07
   2.7000000000000000E+01   3.8167355788557320E-07   1.4845702465924978E+07
   2.8000000000000000E+01   3.8271427049232318E-07   1.4805332636776792E+07
   2.9000000000000000E+01   3.8367413070208962E-07   1.4768293262596434E+07
   3.0000000000000000E+01   3.8456049610322356E-07   1.4734254133995324E+07
   3.1000000000000000E+01   3.8537985854354124E-07   1.4702927394530743E+07
   3.2000000000000000E+01   3.8613796891561914E-07   1.4674060920226224E+07
   3.3000000000000000E+01   3.8683994079154835E-07   1.4647432909554433E+07
   3.4000000000000000E+01   3.8749033699985075E-07   1.4622847432405511E+07
   3.5000000000000000E+01   3.8809324236111872E-07   1.4600130744373625E+07
   3.6000000000000000E+01   3.8865232509755648E-07   1.4579128217122914E+07
   3.7000000000000000E+01   3.8917088895368898E-07   1.4559701766784742E+07
   3.8000000000000000E+01   3.8965191762401565E-07   1.4541727688730834E+07
   3.9000000000000000E+01   3.9009811279375115E-07   1.4525094825249765E+07
   4.0000000000000000E+01   3.9051192684386305E-07   1.4509703007728409E+07
   4.1000000000000000E+01   3.9089559107933907E-07   1.4495461726326194E+07
   4.2000000000000000E+01   3.9125114018299349E-07   1.4482288989190036E+07
   4.3000000000000000E+01   3.9158043347465365E-07   1.4470110340298651E+07
   4.4000000000000000E+01   3.9188517345478354E-07   1.4458858010697342E+07
   4.5000000000000000E+01   3.9216692203072967E-07   1.4448470182388863E+07
   4.6000000000000000E+01   3.9242711475872578E-07   1.4438890347737428E+07
   4.7000000000000000E+01   3.9266707338031658E-07   1.4430066750191255E+07
   4.8000000000000000E+01   3.9288801688799051E-07   1.4421951894490104E+07
   4.9000000000000000E+01   3.9309107131869604E-07   1.4414502116448149E+07
   5.0000000000000000E+01   3.9327727844316352E-07   1.4407677204008866E+07
   5.1000000000000000E+01   3.9344760349466089E-07   1.4401440062544707E+07
   5.2000000000000000E+01   3.9360294205885874E-07   1.4395756418489622E+07
   5.3000000000000000E+01   3.9374412623031865E-07   1.4390594556236738E+07
   5.4000000000000000E+01   3.9387193012470848E-07   1.4385925084039798E+07
   5.5000000000000000E+01   3.9398707482513775E-07   1.4381720725216772E+07
   5.6000000000000000E+01   3.9409023282882460E-07   1.4377956131537436E+07
   5.7000000000000000E+01   3.9418203205279732E-07   1.4374607716064731E+07
   5.8000000000000000E+01   3.9426305944873425E-07   1.4371653503127618E+07
   5.9000000000000000E+01   3.9433386427086022E-07   1.4369072993406938E+07
   6.0000000000000000E+01   3.9439496103549309E-07   1.4366847042374589E+07
   6.1000000000000000E+01   3.9444683220547805E-07   1.4364957750575952E+07
   6.2000000000000000E+01   3.9448993062938078E-07   1.4363388364413187E+07
   6.3000000000000000E+01   3.9452468176068318E-07   1.4362123186293606E+07
   6.4000000000000000E+01   3.9455148568054993E-07   1.4361147493100263E+07
   6.5000000000000000E+01   3.9457071894374857E-07   1.4360447462113908E+07
   6.6000000000000000E+01   3.9458273626571752E-07   1.4360010103595886E+07
   6.7000000000000000E+01   3.9458787206595480E-07   1.4359823199363599E+07
   6.8000000000000000E+01   3.9458644188378512E-07   1.4359875246674202E+07
   6.9000000000000000E+01   3.9457874367577053E-07   1.4360155406993235E+07
   7.0000000000000000E+01   3.9456505900838180E-07   1.4360653459078461E+07
   7.1000000000000000E+01   3.9454565415503515E-07   1.4361359755983271E+07
   7.2000000000000000E+01   3.9452078110600669E-07   1.4362265185614437E+07
   7.3000000000000000E+01   3.9449067849985336E-07   1.4363361134481966E+07
   7.4000000000000000E+01   3.9445557248253104E-07   1.4364639454373911E+07
   7.5000000000000000E+01   3.9441567750180497E-07   1.4366092431643479E+07
   7.6000000000000000E+01   3.9437119704122505E-07   1.4367712758921146E+07
   7.7000000000000000E+01   3.9432232430021369E-07   1.4369493508986056E+07
   7.8000000000000000E+01   3.9426924282417116E-07   1.4371428110630294E+07
   7.9000000000000000E+01   3.9421212708879231E-07   1.4373510326342542E+07
   8.0000000000000000E+01   3.9415114304276498E-07   1.4375734231640771E+07
   8.1000000000000000E+01   3.9408644861208023E-07   1.4378094195920348E+07
   8.2000000000000000E+01   3.9401819416910985E-07   1.4380584864688547E+07
   8.3000000000000000E+01   3.9394652296925878E-07   1.4383201143070808E+07
   8.4000000000000000E+01   3.9387157155790407E-07   1.4385938180479240E+07
   8.5000000000000000E+01   3.9379347014977488E-07   1.4388791356355235E+07
   8.6000000000000000E+01   3.9371234298305259E-07   1.4391756266894881E+07
   8.7000000000000000E+01   3.9362830865015413E-07   1.4394828712678246E+07
   8.8000000000000000E+01   3.9354148040666929E-07   1.4398004687142476E+07
   8.9000000000000000E+01   3.9345196646083675E-07   1.4401280365806011E+07
   9.0000000000000000E+01   3.9335987024406908E-07   1.4404652096220400E+07
   9.1000000000000000E+01   3.9326529066435419E-07   1.4408116388578616E+07
   9.2000000000000000E+01   3.9316832234437588E-07   1.4411669906908682E+07
   9.3000000000000000E+01   3.9306905584399779E-07   1.4415309460862357E+07
   9.4000000000000000E+01   3.9296757787000475E-07   1.4419031997989971E+07
   9.5000000000000000E+01   3.9286397147248148E-07   1.4422834596521685E+07
   9.6000000000000000E+01   3.9275831622957918E-07   1.4426714458588678E+07
   9.7000000000000000E+01   3.9265068842133464E-07   1.4430668903858060E+07
   9.8000000000000000E+01   3.9254116119339416E-07   1.4434695363548456E+07
   9.9000000000000000E+01   3.9242980471065885E-07   1.4438791374824220E+07
   1.0000000000000000E+02   3.9231668630280174E-07   1.4442954575495327E+07
   1.1000000000000000E+02   3.9110163366581522E-07   1.4487825137344796E+07
   1.2000000000000000E+02   3.8976781427178872E-07   1.4537403736289812E+07
   1.3000000000000000E+02   3.8835156988154645E-07   1.4590418885672335E+07
   1.4000000000000000E+02   3.8687840602834079E-07   1.4645976594168285E+07
   1.5000000000000000E+02   3.8536659491020604E-07   1.4703433443162074E+07
   1.6000000000000000E+02   3.8382944906314718E-07   1.4762317204451958E+07
   1.7000000000000000E+02   3.8227680185011339E-07   1.4822275513599897E+07
   1.8000000000000000E+02   3.8071599773880392E-07   1.4883041724365903E+07
   1.9000000000000000E+02   3.7915257030837972E-07   1.4944411625303401E+07
   2.0000000000000000E+02   3.7759071601775459E-07   1.5006227216703562E+07
   2.1000000000000000E+02   3.7603363126152015E-07   1.5068365189760204E+07
   2.2000000000000000E+02   3.7448375601294269E-07   1.5130728605713895E+07
   2.3000000000000000E+02   3.7294295246150576E-07   1.5193240794823885E+07
   2.4000000000000000E+02   3.7141263766322320E-07   1.5255840822029401E+07
   2.5000000000000000E+02   3.6989388317397918E-07   1.5318480075581886E+07
   2.6000000000000000E+02   3.6838749065690331E-07   1.5381119672050497E+07
   2.7000000000000000E+02   3.6689404979362037E-07   1.5443728462392582E+07
   2.8000000000000000E+02   3.6541398301501121E-07   1.5506281485805780E+07
   2.8799900000000002E+02   3.6423990375739119E-07   1.5556263937666479E+07
   2.8800099999999998E+02   3.6423961130344574E-07   1.5556276428045409E+07
   2.9000000000000000E+02   3.6394758031497967E-07   1.5568758760743434E+07
   3.0000000000000000E+02   3.6249502653331511E-07   1.5631144332291858E+07
   3.1000000000000000E+02   3.6105642286938670E-07   1.5693425516293848E+07
   3.2000000000000000E+02   3.5963180394285506E-07   1.5755592295670731E+07
   3.3000000000000000E+02   3.5822115139055597E-07   1.5817636835471343E+07
   3.4000000000000000E+02   3.5682440475246175E-07   1.5879553091137391E+07
   3.5000000000000000E+02   3.5544147022156693E-07   1.5941336490500506E+07
   3.6000000000000000E+02   3.5407222770170959E-07   1.6002983674431963E+07
   3.7000000000000000E+02   3.5271653651760657E-07   1.6064492284436384E+07
   3.8000000000000000E+02   3.5137424004621860E-07   1.6125860788015932E+07
   3.9000000000000000E+02   3.5004516948087600E-07   1.6187088334580705E+07
   4.0000000000000000E+02   3.4872914689527078E-07   1.6248174636179388E+07
   4.1000000000000000E+02   3.4742598774003906E-07   1.6309119868488213E+07
   4.2000000000000000E+02   3.4613550287794339E-07   1.6369924588401070E+07
   4.3000000000000000E+02   3.4485750024266765E-07   1.6430589665276360E+07
   4.4000000000000000E+02   3.4359178618945527E-07   1.6491116223470736E+07
   4.5000000000000000E+02   3.4233816659345595E-07   1.6551505594201336E+07
   4.6000000000000000E+02   3.4109644774011884E-07   1.6611759275186874E+07
   4.7000000000000000E+02   3.3986643704451172E-07   1.6671878896762379E+07
   4.8000000000000000E+02   3.3864794362972578E-07   1.6731866193392849E+07
   4.9000000000000000E+02   3.3744077878830471E-07   1.6791722979737855E+07
   5.0000000000000000E+02   3.3624475634751061E-07   1.6851451130509697E+07
   5.1000000000000000E+02   3.3505969295454740E-07   1.6911052563546836E+07
   5.2000000000000000E+02   3.3388540829564081E-07   1.6970529225592975E+07
   5.3000000000000000E+02   3.3272172526051868E-07   1.7029883080353744E+07
   5.4000000000000000E+02   3.3156847006155775E-07   1.7089116098488636E+07
   5.5000000000000000E+02   3.3042547231527309E-07   1.7148230249252211E+07
   5.6000000000000000E+02   3.2929256509322010E-07   1.7207227493509170E+07
   5.7000000000000000E+02   3.2816958494704703E-07   1.7266109777950648E+07
   5.8000000000000000E+02   3.2705637191301780E-07   1.7324879030295029E+07
   5.9000000000000000E+02   3.2595276949903991E-07   1.7383537155363560E+07
   6.0000000000000000E+02   3.2485862465800960E-07   1.7442086031870756E+07
   6.1000000000000000E+02   3.2377378774989893E-07   1.7500527509833857E+07
   6.2000000000000000E+02   3.2269811249455049E-07   1.7558863408523660E+07
   6.3000000000000000E+02   3.2163145591755854E-07   1.7617095514850993E+07
   6.4000000000000000E+02   3.2057367829050474E-07   1.7675225582137402E+07
   6.5000000000000000E+02   3.1952464306670204E-07   1.7733255329221569E+07
   6.6000000000000000E+02   3.1848421681393807E-07   1.7791186439830635E+07
   6.7000000000000000E+02   3.1745226914492681E-07   1.7849020562185407E+07
   6.8000000000000000E+02   3.1642867264599532E-07   1.7906759308816779E+07
   6.9000000000000000E+02   3.1541330280512187E-07   1.7964404256535381E+07
   7.0000000000000000E+02   3.1440603793955737E-07   1.8021956946544100E+07
   7.1000000000000000E+02   3.1340675912331185E-07   1.8079418884679534E+07
   7.2000000000000000E+02   3.1241535011528707E-07   1.8136791541738510E+07
   7.3000000000000000E+02   3.1143169728796187E-07   1.8194076353894752E+07
   7.4000000000000000E+02   3.1045568955716411E-07   1.8251274723173972E+07
   7.5000000000000000E+02   3.0948721831272591E-07   1.8308388017997909E+07
   7.6000000000000000E+02   3.0852617735066224E-07   1.8365417573757950E+07
   7.7000000000000000E+02   3.0757246280659494E-07   1.8422364693432238E+07
   7.8000000000000000E+02   3.0662597309078710E-07   1.8479230648222152E+07
   7.9000000000000000E+02   3.0568660882451543E-07   1.8536016678221583E+07
   8.0000000000000000E+02   3.0475427277825452E-07   1.8592723993087597E+07
   8.1000000000000000E+02   3.0382886981135964E-07   1.8649353772728164E+07
   8.2000000000000000E+02   3.0291030681341707E-07   1.8705907167993519E+07
   8.3000000000000000E+02   3.0199849264730931E-07   1.8762385301364839E+07
   8.4000000000000000E+02   3.0109333809373313E-07   1.8818789267653178E+07
   8.5000000000000000E+02   3.0019475579753793E-07   1.8875120134682536E+07
   8.6000000000000000E+02   2.9930266021556533E-07   1.8931378943973519E+07
   8.7000000000000000E+02   2.9841696756611262E-07   1.8987566711416624E+07
   8.8000000000000000E+02   2.9753759577988903E-07   1.9043684427940119E+07
   8.9000000000000000E+02   2.9666446445262709E-07   1.9099733060159028E+07
   9.0000000000000000E+02   2.9579749479896812E-07   1.9155713551026266E+07
   9.1000000000000000E+02   2.9493660960798596E-07   1.9211626820459630E+07
   9.2000000000000000E+02   2.9408173320005127E-07   1.9267473765960608E+07
   9.3000000000000000E+02   2.9323279138506827E-07   1.9323255263220005E+07
   9.4000000000000000E+02   2.9238971142202162E-07   1.9378972166711673E+07
   9.5000000000000000E+02   2.9155242197994600E-07   1.9434625310263950E+07
   9.6000000000000000E+02   2.9072085309992323E-07   1.9490215507632297E+07
   9.7000000000000000E+02   2.8989493615851821E-07   1.9545743553043153E+07
   9.8000000000000000E+02   2.8907460383227944E-07   1.9601210221731346E+07
   9.9000000000000000E+02   2.8825979006340369E-07   1.9656616270461835E+07
   1.0000000000000000E+03   2.8745043002651390E-07   1.9711962438036963E+07
   1.1000000000000000E+03   2.7964334309758215E-07   2.0262281292721417E+07
   1.2000000000000000E+03   2.7231835513001083E-07   2.0807308698581994E+07
   1.3000000000000000E+03   2.6542677538482688E-07   2.1347552714925244E+07
   1.4000000000000000E+03   2.5892715174668982E-07   2.1883421809017185E+07
   1.5000000000000000E+03   2.5278382532441714E-07   2.2415247780226145E+07
   1.6000000000000000E+03   2.4696584105817962E-07   2.2943302827638347E+07
   1.7000000000000000E+03   2.4144611314097568E-07   2.3467812365121093E+07
   1.8000000000000000E+03   2.3620077569919856E-07   2.3988964738609195E+07
   1.9000000000000000E+03   2.3120867033080407E-07   2.4506918669499833E+07
   2.0000000000000000E+03   2.2645093632371805E-07   2.5021809012881283E+07
   2.1000000000000000E+03   2.2191067904887217E-07   2.5533751254180625E+07
   2.2000000000000000E+03   2.1757269869060137E-07   2.6042845051703088E+07
   2.3000000000000000E+03   2.1342326614181079E-07   2.6549177050431110E+07
   2.4000000000000000E+03   2.0944993620131212E-07   2.7052823133992996E+07
   2.5000000000000000E+03   2.0564139059331169E-07   2.7553850239643838E+07
   2.6000000000000000E+03   2.0198730506762551E-07   2.8052317830485251E+07
   2.7000000000000000E+03   1.9847823612313325E-07   2.8548279096782036E+07
   2.8000000000000000E+03   1.9510552385787120E-07   2.9041781941591203E+07
   2.9000000000000000E+03   1.9186120817583619E-07   2.9532869793498155E+07
   3.0000000000000000E+03   1.8873795613594578E-07   3.0021582279925227E+07
   3.1000000000000000E+03   1.8572899865816628E-07   3.0507955787285883E+07
   3.2000000000000000E+03   1.8282807513593151E-07   3.0992023928860065E+07
   3.3000000000000000E+03   1.8002938476741888E-07   3.1473817937001944E+07
   3.4000000000000000E+03   1.7732754362688413E-07   3.1953366993017860E+07
   3.5000000000000000E+03   1.7471754666411235E-07   3.2430698505475722E+07
   3.6000000000000000E+03   1.7219473395445438E-07   3.2905838345665850E+07
   3.7000000000000000E+03   1.6975476063068755E-07   3.3378811047352161E+07
   3.8000000000000000E+03   1.6739357001715596E-07   3.3849639976610154E+07
   3.9000000000000000E+03   1.6510736955935127E-07   3.4318347476569645E+07
   4.0000000000000000E+03   1.6289260920255542E-07   3.4784954991017021E+07
   4.1000000000000000E+03   1.6074596192320233E-07   3.5249483170142047E+07
   4.2000000000000000E+03   1.5866430615838915E-07   3.5711951961166546E+07
   4.3000000000000000E+03   1.5664470991402959E-07   3.6172380686139800E+07
   4.4000000000000000E+03   1.5468441636167657E-07   3.6630788108814508E+07
   4.5000000000000000E+03   1.5278083075901250E-07   3.7087192492216282E+07
   4.6000000000000000E+03   1.5093150855026347E-07   3.7541611648261257E+07
   4.7000000000000000E+03   1.4913414452088141E-07   3.7994062980572805E+07
   4.8000000000000000E+03   1.4738656289636486E-07   3.8444563521468520E+07
   4.9000000000000000E+03   1.4568670828844275E-07   3.8893129963934481E+07
   5.0000000000000000E+03   1.4403263740318272E-07   3.9339778689319529E+07
   5.1000000000000000E+03   1.4242251143578286E-07   3.9784525791311182E+07
   5.2000000000000000E+03   1.4085458908516616E-07   4.0227387096732803E+07
   5.3000000000000000E+03   1.3932722012912331E-07   4.0668378183595270E+07
   5.4000000000000000E+03   1.3783883950727010E-07   4.1107514396777540E+07
   5.5000000000000000E+03   1.3638796186478806E-07   4.1544810861662179E+07
   5.6000000000000000E+03   1.3497317651493862E-07   4.1980282496004581E+07
   5.7000000000000000E+03   1.3359314278274604E-07   4.2413944020276643E+07
   5.8000000000000000E+03   1.3224658569613319E-07   4.2845809966690816E+07
   5.9000000000000000E+03   1.3093229199421254E-07   4.3275894687085085E+07
   6.0000000000000000E+03   1.2964910642547906E-07   4.3704212359821349E+07
   6.1000000000000000E+03   1.2839592831131988E-07   4.4130776995836087E+07
   6.2000000000000000E+03   1.2717170835268379E-07   4.4555602443950631E+07
   6.3000000000000000E+03   1.2597544565982320E-07   4.4978702395551957E+07
   6.4000000000000000E+03   1.2480618498697517E-07   4.5400090388721868E+07
   6.5000000000000000E+03   1.2366301415549488E-07   4.5819779811896496E+07
   6.6000000000000000E+03   1.2254506165050150E-07   4.6237783907116964E+07
   6.7000000000000000E+03   1.2145149437742678E-07   4.6654115772933207E+07
   6.8000000000000000E+03   1.2038151556610570E-07   4.7068788367003903E+07
   6.9000000000000000E+03   1.1933436281111051E-07   4.7481814508441553E+07
   7.0000000000000000E+03   1.1830930623804191E-07   4.7893206879935749E+07
   7.1000000000000000E+03   1.1730564678636885E-07   4.8302978029687144E+07
   7.2000000000000000E+03   1.1632271460020046E-07   4.8711140373184256E+07
   7.3000000000000000E+03   1.1535986751912614E-07   4.9117706194840960E+07
   7.4000000000000000E+03   1.1441648966189988E-07   4.9522687649514861E+07
   7.5000000000000000E+03   1.1349199009629691E-07   4.9926096763943300E+07
   7.6000000000000000E+03   1.1258580158913044E-07   5.0327945438079625E+07
   7.7000000000000000E+03   1.1169737943076255E-07   5.0728245446371540E+07
   7.8000000000000000E+03   1.1082620032898553E-07   5.1127008438980758E+07
   7.9000000000000000E+03   1.0997176136752157E-07   5.1524245942955695E+07
   8.0000000000000000E+03   1.0913357902476361E-07   5.1919969363366053E+07
   8.1000000000000000E+03   1.0831118824871618E-07   5.2314189984407037E+07
   8.2000000000000000E+03   1.0750414158440810E-07   5.2706918970478214E+07
   8.3000000000000000E+03   1.0671200835032469E-07   5.3098167367243387E+07
   8.4000000000000000E+03   1.0593437386067006E-07   5.3487946102675669E+07
   8.5000000000000000E+03   1.0517083869050509E-07   5.3876265988090523E+07
   8.6000000000000000E+03   1.0442101798102078E-07   5.4263137719171502E+07
   8.7000000000000000E+03   1.0368454078241008E-07   5.4648571876989767E+07
   8.8000000000000000E+03   1.0296104943198106E-07   5.5032578929019876E+07
   8.9000000000000000E+03   1.0225019896531944E-07   5.5415169230155170E+07
   9.0000000000000000E+03   1.0155165655847461E-07   5.5796353023719944E+07
   9.1000000000000000E+03   1.0086510099926650E-07   5.6176140442484856E+07
   9.2000000000000000E+03   1.0019022218596161E-07   5.6554541509681866E+07
   9.3000000000000000E+03   9.9526720651672625E-08   5.6931566140022211E+07
   9.4000000000000000E+03   9.8874307112957195E-08   5.7307224140715867E+07
   9.5000000000000000E+03   9.8232702041191948E-08   5.7681525212491870E+07
   9.6000000000000000E+03   9.7601635255381058E-08   5.8054478950626187E+07
   9.7000000000000000E+03   9.6980845535178068E-08   5.8426094845965199E+07
   9.8000000000000000E+03   9.6370080252939054E-08   5.8796382285957552E+07
   9.9000000000000000E+03   9.5769095023740549E-08   5.9165350555683926E+07
   1.0000000000000000E+04   9.5177653372335784E-08   5.9533008838891461E+07
   1.1000000000000000E+04   8.9741172426731915E-08   6.3139492456556931E+07
   1.2000000000000000E+04   8.5047143204289983E-08   6.6624366980434887E+07
   1.3000000000000000E+04   8.0951315710742923E-08   6.9995305570163339E+07
   1.4000000000000000E+04   7.7344726737035496E-08   7.3259190619998962E+07
   1.5000000000000000E+04   7.4143529096281141E-08   7.6422206341462359E+07
   1.6000000000000000E+04   7.1282143329089577E-08   7.9489922929518402E+07
   1.7000000000000000E+04   6.8708532407752191E-08   8.2467371677420840E+07
   1.8000000000000000E+04   6.6380870194513131E-08   8.5359111184845075E+07
   1.9000000000000000E+04   6.4265147028605471E-08   8.8169285241938233E+07
   2.0000000000000000E+04   6.2333418972380245E-08   9.0901673177768365E+07
   2.1000000000000000E+04   6.0562507673052561E-08   9.3559733524730012E+07
   2.2000000000000000E+04   5.8933021179811515E-08   9.6146641832461640E+07
   2.3000000000000000E+04   5.7428606970922657E-08   9.8665323404921517E+07
   2.4000000000000000E+04   5.6035375399992174E-08   1.0111848165616120E+08
   2.5000000000000000E+04   5.4741449860005840E-08   1.0350862269762340E+08
   2.6000000000000000E+04   5.3536612310921661E-08   1.0583807668988957E+08
   2.7000000000000000E+04   5.2412021376218858E-08   1.0810901641834347E+08
   2.8000000000000000E+04   5.1359986233251539E-08   1.1032347348667686E+08
   2.9000000000000000E+04   5.0373783811674621E-08   1.1248335246491875E+08
   3.0000000000000000E+04   4.9447509908721132E-08   1.1459044327894166E+08
   3.1000000000000000E+04   4.8575957087987652E-08   1.1664643208607849E+08
   3.2000000000000000E+04   4.7754513893660424E-08   1.1865291084519708E+08
   3.3000000000000000E+04   4.6979081152512374E-08   1.2061138575881219E+08
   3.4000000000000000E+04   4.6246002068597311E-08   1.2252328473876394E+08
   3.5000000000000000E+04   4.5552003522948527E-08   1.2438996402486771E+08
   3.6000000000000000E+04   4.4894146531552110E-08   1.2621271406725456E+08
   3.7000000000000000E+04   4.4269784231812691E-08   1.2799276476727031E+08
   3.8000000000000000E+04   4.3676526091460033E-08   1.2973129015835615E+08
   3.9000000000000000E+04   4.3112207286938207E-08   1.3142941259694950E+08
   4.0000000000000000E+04   4.2574862397511376E-08   1.3308820652374958E+08
   4.1000000000000000E+04   4.2062702719067658E-08   1.3470870184743586E+08
   4.2000000000000000E+04   4.1574096627260855E-08   1.3629188699592286E+08
   4.3000000000000000E+04   4.1107552520316983E-08   1.3783871167420506E+08
   4.4000000000000000E+04   4.0661703952915128E-08   1.3935008936274526E+08
   4.5000000000000000E+04   4.0235296638229675E-08   1.4082689958588371E+08
   4.6000000000000000E+04   3.9827177048590664E-08   1.4226998997612163E+08
   4.7000000000000000E+04   3.9436282388946300E-08   1.4368017815666145E+08
   4.8000000000000000E+04   3.9061631753104803E-08   1.4505825346197519E+08
   4.9000000000000000E+04   3.8702318302321001E-08   1.4640497851366204E+08
   5.0000000000000000E+04   3.8357502330269527E-08   1.4772109066676030E+08
   5.1000000000000000E+04   3.8026405098783635E-08   1.4900730333989584E+08
   5.2000000000000000E+04   3.7708303345720484E-08   1.5026430724105418E+08
   5.3000000000000000E+04   3.7402524380534390E-08   1.5149277149937809E+08
   5.4000000000000000E+04   3.7108441695078733E-08   1.5269334471222648E+08
   5.5000000000000000E+04   3.6825471027238126E-08   1.5386665591566160E+08
   5.6000000000000000E+04   3.6553066823511449E-08   1.5501331548562780E+08
   5.7000000000000000E+04   3.6290719053898126E-08   1.5613391597628281E+08
   5.8000000000000000E+04   3.6037950338596562E-08   1.5722903290123340E+08
   5.9000000000000000E+04   3.5794313351270612E-08   1.5829922546283677E+08
   6.0000000000000000E+04   3.5559388468156518E-08   1.5934503723409966E+08
   6.1000000000000000E+04   3.5332781636098823E-08   1.6036699679742041E+08
   6.2000000000000000E+04   3.5114122435992698E-08   1.6136561834369612E+08
   6.3000000000000000E+04   3.4903062320906272E-08   1.6234140223524919E+08
   6.4000000000000000E+04   3.4699273010683563E-08   1.6329483553547779E+08
   6.5000000000000000E+04   3.4502445026949134E-08   1.6422639250796446E+08
   6.6000000000000000E+04   3.4312286354321083E-08   1.6513653508742782E+08
   6.7000000000000000E+04   3.4128521215247275E-08   1.6602571332474774E+08
   6.8000000000000000E+04   3.3950888947312842E-08   1.6689436580801770E+08
   6.9000000000000000E+04   3.3779142973096080E-08   1.6774292006144610E+08
   7.0000000000000000E+04   3.3613049853746064E-08   1.6857179292371574E+08
   7.1000000000000000E+04   3.3452388418400784E-08   1.6938139090730706E+08
   7.2000000000000000E+04   3.3296948962411792E-08   1.7017211054011822E+08
   7.3000000000000000E+04   3.3146532508073538E-08   1.7094433869063348E+08
   7.4000000000000000E+04   3.3000950122224038E-08   1.7169845287770614E+08
   7.5000000000000000E+04   3.2860022285626595E-08   1.7243482156610376E+08
   7.6000000000000000E+04   3.2723578309607218E-08   1.7315380444860116E+08
   7.7000000000000000E+04   3.2591455795824505E-08   1.7385575271559820E+08
   7.8000000000000000E+04   3.2463500135485075E-08   1.7454100931299806E+08
   7.9000000000000000E+04   3.2339564044661060E-08   1.7520990918910208E+08
   8.0000000000000000E+04   3.2219507132699853E-08   1.7586277953114706E+08
   8.1000000000000000E+04   3.2103195500984650E-08   1.7649993999215510E+08
   8.2000000000000000E+04   3.1990501369579435E-08   1.7712170290861267E+08
   8.3000000000000000E+04   3.1881302729504985E-08   1.7772837350954112E+08
   8.4000000000000000E+04   3.1775483018609992E-08   1.7832025011741525E+08
   8.5000000000000000E+04   3.1672930819177110E-08   1.7889762434139740E+08
   8.6000000000000000E+04   3.1573539575575025E-08   1.7946078126329365E+08
   8.7000000000000000E+04   3.1477207330413988E-08   1.8000999961662397E+08
   8.8000000000000000E+04   3.1383836477799148E-08   1.8054555195915836E+08
   8.9000000000000000E+04   3.1293333532394298E-08   1.8106770483926404E+08
   9.0000000000000000E+04   3.1205608913126368E-08   1.8157671895634031E+08
   9.1000000000000000E+04   3.1120576740439914E-08   1.8207284931571350E+08
   9.2000000000000000E+04   3.1038154646134956E-08   1.8255634537814906E+08
   9.3000000000000000E+04   3.0958263594868174E-08   1.8302745120432013E+08
   9.4000000000000000E+04   3.0880827716492443E-08   1.8348640559443539E+08
   9.5000000000000000E+04   3.0805774148468496E-08   1.8393344222326285E+08
   9.6000000000000000E+04   3.0733032887650114E-08   1.8436878977073389E+08
   9.7000000000000000E+04   3.0662536650792062E-08   1.8479267204834625E+08
   9.8000000000000000E+04   3.0594220743185801E-08   1.8520530812154254E+08
   9.9000000000000000E+04   3.0528022934874288E-08   1.8560691242823017E+08
   1.0000000000000000E+05   3.0463883343937291E-08   1.8599769489361128E+08
   1.1000000000000000E+05   2.9923990997387252E-08   1.8935348830892736E+08
   1.2000000000000000E+05   2.9537920977638963E-08   1.9182839861240390E+08
   1.3000000000000000E+05   2.9271765659082633E-08   1.9357261005272040E+08
   1.4000000000000000E+05   2.9100890515481473E-08   1.9470923326094881E+08
   1.5000000000000000E+05   2.9006965741267081E-08   1.9533970322925279E+08
   1.6000000000000000E+05   2.8976071291615349E-08   1.9554797551591530E+08
   1.7000000000000000E+05   2.8997447415240510E-08   1.9540382290691423E+08
   1.8000000000000000E+05   2.9062647541179445E-08   1.9496544736509794E+08
   1.9000000000000000E+05   2.9164949863602103E-08   1.9428156420565823E+08
   2.0000000000000000E+05   2.9298967527193673E-08   1.9339289257278949E+08
   2.1000000000000000E+05   2.9460248008579769E-08   1.9233416086076504E+08
   2.2000000000000000E+05   2.9645173478162792E-08   1.9113438764843306E+08
   2.3000000000000000E+05   2.9850744330208467E-08   1.8981811698899919E+08
   2.4000000000000000E+05   3.0074442763761916E-08   1.8840621999180296E+08
   2.5000000000000000E+05   3.0314149843639601E-08   1.8691641061044231E+08
   2.6000000000000000E+05   3.0568066253012342E-08   1.8536377252590635E+08
   2.7000000000000000E+05   3.0834655836911979E-08   1.8376115853050083E+08
   2.8000000000000000E+05   3.1112602598784783E-08   1.8211951447936821E+08
   2.9000000000000000E+05   3.1400767378633726E-08   1.8044820405681297E+08
   3.0000000000000000E+05   3.1698162120108665E-08   1.7875522429376704E+08
   3.1000000000000000E+05   3.2003927416770445E-08   1.7704739814248708E+08
   3.2000000000000000E+05   3.2317308356124438E-08   1.7533056952146864E+08
   3.3000000000000000E+05   3.2637644944522234E-08   1.7360971017092970E+08
   3.4000000000000000E+05   3.2964350027841631E-08   1.7188908850605404E+08
   3.5000000000000000E+05   3.3296909221977939E-08   1.7017231364345908E+08
   3.6000000000000000E+05   3.3634859400995550E-08   1.6846248744278985E+08
   3.7000000000000000E+05   3.3977791977977648E-08   1.6676222172272733E+08
   3.8000000000000000E+05   3.4325340126961107E-08   1.6507373440502760E+08
   3.9000000000000000E+05   3.4677176958913986E-08   1.6339888584914580E+08
   4.0000000000000000E+05   3.5033003114695227E-08   1.6173926228732070E+08
   4.1000000000000000E+05   3.5392553096924496E-08   1.6009616666994816E+08
   4.2000000000000000E+05   3.5755587624235214E-08   1.5847067426294076E+08
   4.3000000000000000E+05   3.6121884947359659E-08   1.5686368769895518E+08
   4.4000000000000000E+05   3.6491248716817684E-08   1.5527591624642962E+08
   4.5000000000000000E+05   3.6863497410717257E-08   1.5370793542321047E+08
   4.6000000000000000E+05   3.7238465736275228E-08   1.5216019155054954E+08
   4.7000000000000000E+05   3.7616002501195825E-08   1.5063302059542570E+08
   4.8000000000000000E+05   3.7995973995648656E-08   1.4912664378939506E+08
   4.9000000000000000E+05   3.8378248215544958E-08   1.4764123801735011E+08
   5.0000000000000000E+05   3.8762710185399592E-08   1.4617688114115551E+08
   5.1000000000000000E+05   3.9149253801241301E-08   1.4473359079197970E+08
   5.2000000000000000E+05   3.9537778382736511E-08   1.4331134199371877E+08
   5.3000000000000000E+05   3.9928194450554984E-08   1.4191005021519217E+08
   5.4000000000000000E+05   4.0320415226614020E-08   1.4052960634542665E+08
   5.5000000000000000E+05   4.0714367975299455E-08   1.3916984006525129E+08
   5.6000000000000000E+05   4.1109971544440535E-08   1.3783060086419541E+08
   5.7000000000000000E+05   4.1507161892685056E-08   1.3651167222972164E+08
   5.8000000000000000E+05   4.1905876540728613E-08   1.3521282806179184E+08
   5.9000000000000000E+05   4.2306058312666755E-08   1.3393382190332082E+08
   6.0000000000000000E+05   4.2707649118183203E-08   1.3267440836652766E+08
   6.1000000000000000E+05   4.3110600102752508E-08   1.3143431234951520E+08
   6.2000000000000000E+05   4.3514862512473288E-08   1.3021325938594031E+08
   6.3000000000000000E+05   4.3920390326992719E-08   1.2901096819255400E+08
   6.4000000000000000E+05   4.4327143732174624E-08   1.2782714162039329E+08
   6.5000000000000000E+05   4.4735081003151193E-08   1.2666149143847711E+08
   6.6000000000000000E+05   4.5144170256951274E-08   1.2551370525206928E+08
   6.7000000000000000E+05   4.5554369844366091E-08   1.2438350258907115E+08
   6.8000000000000000E+05   4.5965648974738301E-08   1.2327057717806266E+08
   6.9000000000000000E+05   4.6377977073277127E-08   1.2217462763689773E+08
   7.0000000000000000E+05   4.6791322431020579E-08   1.2109536095786357E+08
   7.1000000000000000E+05   4.7205661821603880E-08   1.2003246773434807E+08
   7.2000000000000000E+05   4.7620964990039957E-08   1.1898566273626158E+08
   7.3000000000000000E+05   4.8037210839902574E-08   1.1795464350260572E+08
   7.4000000000000000E+05   4.8454373988828600E-08   1.1693912464510609E+08
   7.5000000000000000E+05   4.8872430503114966E-08   1.1593882320051728E+08
   7.6000000000000000E+05   4.9291359911729793E-08   1.1495345410691001E+08
   7.7000000000000000E+05   4.9711143480216313E-08   1.1398273471088456E+08
   7.8000000000000000E+05   5.0131760813564880E-08   1.1302639260073677E+08
   7.9000000000000000E+05   5.0553196842703033E-08   1.1208414963569389E+08
   8.0000000000000000E+05   5.0975429320282049E-08   1.1115575003555192E+08
   8.1000000000000000E+05   5.1398443325566113E-08   1.1024092779599382E+08
   8.2000000000000000E+05   5.1822224137168070E-08   1.0933942287931018E+08
   8.3000000000000000E+05   5.2246755989540962E-08   1.0845098364795142E+08
   8.4000000000000000E+05   5.2672025358592822E-08   1.0757535980256052E+08
   8.5000000000000000E+05   5.3098021896784149E-08   1.0671230070480995E+08
   8.6000000000000000E+05   5.3524725616670875E-08   1.0586158105807103E+08
   8.7000000000000000E+05   5.3952123862461198E-08   1.0502296617506564E+08
   8.8000000000000000E+05   5.4380207848034343E-08   1.0419621961200409E+08
   8.9000000000000000E+05   5.4808964456067189E-08   1.0338111905073553E+08
   9.0000000000000000E+05   5.5238383725074458E-08   1.0257744157905442E+08
   9.1000000000000000E+05   5.5668454223771531E-08   1.0178497244963251E+08
   9.2000000000000000E+05   5.6099165597116499E-08   1.0100350012641644E+08
   9.3000000000000000E+05   5.6530508174514907E-08   1.0023281697712842E+08
   9.4000000000000000E+05   5.6962472936681838E-08   9.9472719272188962E+07
   9.5000000000000000E+05   5.7395049624466416E-08   9.8723010373786941E+07
   9.6000000000000000E+05   5.7828230172296197E-08   9.7983494611507758E+07
   9.7000000000000000E+05   5.8262002743708536E-08   9.7253987378456265E+07
   9.8000000000000000E+05   5.8696364817679227E-08   9.6534293002308086E+07
   9.9000000000000000E+05   5.9131305718443337E-08   9.5824234060721844E+07
   1.0000000000000000E+06   5.9566817754042584E-08   9.5123632470624462E+07
   1.1000000000000000E+06   6.3951820715740284E-08   8.8601262889230072E+07
   1.2000000000000000E+06   6.8387046527334956E-08   8.2855048831731245E+07
   1.3000000000000000E+06   7.2867754032932954E-08   7.7760213069272608E+07
   1.4000000000000000E+06   7.7390233764003474E-08   7.3216112730179399E+07
   1.5000000000000000E+06   8.1951472617222846E-08   6.9141064809729964E+07
   1.6000000000000000E+06   8.6548965765348341E-08   6.5468281791401811E+07
   1.7000000000000000E+06   9.1180576121286778E-08   6.2142753649013147E+07
   1.8000000000000000E+06   9.5844451161366794E-08   5.9118832763102755E+07
   1.9000000000000000E+06   1.0053894529279766E-07   5.6358379958916537E+07
   2.0000000000000000E+06   1.0526260515996050E-07   5.3829297411646351E+07
   2.1000000000000000E+06   1.1001409576400147E-07   5.1504418957686856E+07
   2.2000000000000000E+06   1.1479222596008483E-07   4.9360590685387097E+07
   2.3000000000000000E+06   1.1959588732288144E-07   4.7377984363147400E+07
   2.4000000000000000E+06   1.2442406186634237E-07   4.5539520206042774E+07
   2.5000000000000000E+06   1.2927581927539098E-07   4.3830409362246744E+07
   2.6000000000000000E+06   1.3408869275258504E-07   4.2257195317246303E+07
   2.7000000000000000E+06   1.3898099001512524E-07   4.0769691443869866E+07
   2.8000000000000000E+06   1.4389535402065587E-07   3.9377310810652316E+07
   2.9000000000000000E+06   1.4883038400753074E-07   3.8071608275857888E+07
   3.0000000000000000E+06   1.5378525834789920E-07   3.6844962516900554E+07
   3.1000000000000000E+06   1.5875928640689481E-07   3.5690586722328171E+07
   3.2000000000000000E+06   1.6375183474236580E-07   3.4602434155287385E+07
   3.3000000000000000E+06   1.6876232930393674E-07   3.3575099981439032E+07
   3.4000000000000000E+06   1.7379021570778521E-07   3.2603746168354567E+07
   3.5000000000000000E+06   1.7883496837673187E-07   3.1684027631239500E+07
   3.6000000000000000E+06   1.8389610288274700E-07   3.0812029133064426E+07
   3.7000000000000000E+06   1.8897314298199965E-07   2.9984218868709512E+07
   3.8000000000000000E+06   1.9406568612601289E-07   2.9197392865222797E+07
   3.9000000000000000E+06   1.9917323180893401E-07   2.8448662644163880E+07
   4.0000000000000000E+06   2.0429544088137261E-07   2.7735381930379882E+07
   4.1000000000000000E+06   2.0943188980122918E-07   2.7055154231086727E+07
   4.2000000000000000E+06   2.1458222770675994E-07   2.6405784579808947E+07
   4.3000000000000000E+06   2.1974606816441444E-07   2.5785271731190857E+07
   4.4000000000000000E+06   2.2492312367150660E-07   2.5191772135245394E+07
   4.5000000000000000E+06   2.3011301055259964E-07   2.4623605879012309E+07
   4.6000000000000000E+06   2.3531545548186370E-07   2.4079217694720954E+07
   4.7000000000000000E+06   2.4053012524430556E-07   2.3557182592929117E+07
   4.8000000000000000E+06   2.4575677445353653E-07   2.3056178581768800E+07
   4.9000000000000000E+06   2.5099509056635745E-07   2.2574991672923561E+07
   5.0000000000000000E+06   2.5624481858250109E-07   2.2112494257736217E+07
   5.1000000000000000E+06   2.6150569093596553E-07   2.1667643481103785E+07
   5.2000000000000000E+06   2.6677746058198031E-07   2.1239470782573838E+07
   5.3000000000000000E+06   2.7205988931693753E-07   2.0827076323916800E+07
   5.4000000000000000E+06   2.7735275906205944E-07   2.0429622184549332E+07
   5.5000000000000000E+06   2.8265583467946097E-07   2.0046329791514281E+07
   5.6000000000000000E+06   2.8796888773380819E-07   1.9676473122047581E+07
   5.7000000000000000E+06   2.9329173227020461E-07   1.9319371997366879E+07
   5.8000000000000000E+06   2.9862414307337836E-07   1.8974393768583890E+07
   5.9000000000000000E+06   3.0396595183409168E-07   1.8640943320431173E+07
   6.0000000000000000E+06   3.0931694272407250E-07   1.8318466585048281E+07
   6.1000000000000000E+06   3.1467696026010650E-07   1.8006440874465745E+07
   6.2000000000000000E+06   3.2004579727731500E-07   1.7704378959772825E+07
   6.3000000000000000E+06   3.2542330547714815E-07   1.7411820186548091E+07
   6.4000000000000000E+06   3.3080930776466896E-07   1.7128333291973282E+07
   6.5000000000000000E+06   3.3620365090997852E-07   1.6853511448028244E+07
   6.6000000000000000E+06   3.4160617564677175E-07   1.6586972026346503E+07
   6.7000000000000000E+06   3.4701672081424500E-07   1.6328354628517421E+07
   6.8000000000000000E+06   3.5243514440237306E-07   1.6077318534984510E+07
   6.9000000000000000E+06   3.5786131277924183E-07   1.5833541869823737E+07
   7.0000000000000000E+06   3.6329507144795898E-07   1.5596721576477218E+07
   7.1000000000000000E+06   3.6873629364278329E-07   1.5366570031669868E+07
   7.2000000000000000E+06   3.7418485206889396E-07   1.5142815237312082E+07
   7.3000000000000000E+06   3.7964062236787685E-07   1.4925199637855349E+07
   7.4000000000000000E+06   3.8510345401926577E-07   1.4713480287810525E+07
   7.5000000000000000E+06   3.9057326501347462E-07   1.4507424309456339E+07
   7.6000000000000000E+06   3.9604989742128253E-07   1.4306813652455019E+07
   7.7000000000000000E+06   4.0153327648157999E-07   1.4111438357314195E+07
   7.8000000000000000E+06   4.0702326038657850E-07   1.3921101398722561E+07
   7.9000000000000000E+06   4.1251976336964103E-07   1.3735613618111596E+07
   8.0000000000000000E+06   4.1802266129713122E-07   1.3554796435910592E+07
   8.1000000000000000E+06   4.2353185542152869E-07   1.3378479108356090E+07
   8.2000000000000000E+06   4.2904725478908296E-07   1.3206498855856072E+07
   8.3000000000000000E+06   4.3456876160777379E-07   1.3038700845677292E+07
   8.4000000000000000E+06   4.4009626235297432E-07   1.2874937971946901E+07
   8.5000000000000000E+06   4.4562968312131027E-07   1.2715068798363114E+07
   8.6000000000000000E+06   4.5116892813282383E-07   1.2558959019917447E+07
   8.7000000000000000E+06   4.5671391164151127E-07   1.2406480151031174E+07
   8.8000000000000000E+06   4.6226453735889686E-07   1.2257509762383161E+07
   8.9000000000000000E+06   4.6782073242325005E-07   1.2111930247575773E+07
   9.0000000000000000E+06   4.7338239183500488E-07   1.1969630001479110E+07
   9.1000000000000000E+06   4.7894946921473827E-07   1.1830500801619541E+07
   9.2000000000000000E+06   4.8452186422083175E-07   1.1694440432718452E+07
   9.3000000000000000E+06   4.9009949861502052E-07   1.1561350492078543E+07
   9.4000000000000000E+06   4.9568231670315454E-07   1.1431136210722433E+07
   9.5000000000000000E+06   5.0127022359715320E-07   1.1303707686483044E+07
   9.6000000000000000E+06   5.0686316370133085E-07   1.1178977848978251E+07
   9.7000000000000000E+06   5.1246105025282654E-07   1.1056863885918248E+07
   9.8000000000000000E+06   5.1806383471027361E-07   1.0937285523219422E+07
   9.9000000000000000E+06   5.2367143261769897E-07   1.0820166475677842E+07
   1.0000000000000000E+07   5.2928377945195199E-07   1.0705433076651821E+07
   1.1000000000000000E+07   5.8565542075401732E-07   9.6749929714389089E+06
   1.2000000000000000E+07   6.4243989547970659E-07   8.8198322043018248E+06
   1.3000000000000000E+07   6.9959028706801988E-07   8.0993292563098427E+06
   1.4000000000000000E+07   7.5706775979646779E-07   7.4844186747610746E+06
   1.5000000000000000E+07   8.1483979647334261E-07   6.9537743541783234E+06
   1.6000000000000000E+07   8.7287885315106196E-07   6.4914072084864788E+06
   1.7000000000000000E+07   9.3116143089972023E-07   6.0851017787595922E+06
   1.8000000000000000E+07   9.8966731793695900E-07   5.7253705126808565E+06
   1.9000000000000000E+07   1.0483789796770636E-06   5.4047364448547037E+06
   2.0000000000000000E+07   1.1072811032373917E-06   5.1172299996032957E+06
   2.1000000000000000E+07   1.1663603013144892E-06   4.8580289239048930E+06
   2.2000000000000000E+07   1.2256047268819427E-06   4.6231969861079175E+06
   2.3000000000000000E+07   1.2850038875674903E-06   4.4094902235714961E+06
   2.4000000000000000E+07   1.3445484307846038E-06   4.2142119612409407E+06
   2.5000000000000000E+07   1.4042300098676567E-06   4.0351025399423228E+06
   2.6000000000000000E+07   1.4640411270183981E-06   3.8702547181989169E+06
   2.7000000000000000E+07   1.5239750363577264E-06   3.7180478316904465E+06
   2.8000000000000000E+07   1.5840256226314995E-06   3.5770962278167494E+06
   2.9000000000000000E+07   1.6441873553286279E-06   3.4462082810189808E+06
   3.0000000000000000E+07   1.7044551977511265E-06   3.3243537799974238E+06
   3.1000000000000000E+07   1.7648245749204889E-06   3.2106375670428858E+06
   3.2000000000000000E+07   1.8252912844678115E-06   3.1042782747589108E+06
   3.3000000000000000E+07   1.8858514977218033E-06   3.0045908102123966E+06
   3.4000000000000000E+07   1.9465016687224569E-06   2.9109721150144748E+06
   3.5000000000000000E+07   2.0072385356395740E-06   2.8228892475277074E+06
   3.6000000000000000E+07   2.0680591386636376E-06   2.7398694619253846E+06
   3.7000000000000000E+07   2.1289606909401411E-06   2.6614921090807156E+06
   3.8000000000000000E+07   2.1899406289862737E-06   2.5873815958668757E+06
   3.9000000000000000E+07   2.2509965625373655E-06   2.5172015691988235E+06
   4.0000000000000000E+07   2.3121262963532161E-06   2.4506499010963221E+06
   4.1000000000000000E+07   2.3733277629475736E-06   2.3874545134225441E+06
   4.2000000000000000E+07   2.4345990296824758E-06   2.3273697271699030E+06
   4.3000000000000000E+07   2.4959383479335290E-06   2.2701730930859977E+06
   4.4000000000000000E+07   2.5573440102560753E-06   2.2156628348615635E+06
   4.5000000000000000E+07   2.6188144517975258E-06   2.1636554188063946E+06
   4.6000000000000000E+07   2.6803481961809028E-06   2.1139835815188950E+06
   4.7000000000000000E+07   2.7419438717020679E-06   2.0664945544501247E+06
   4.8000000000000000E+07   2.8036001660033967E-06   2.0210485604149266E+06
   4.9000000000000000E+07   2.8653158731122156E-06   1.9775174292828506E+06
   5.0000000000000000E+07   2.9270898318332864E-06   1.9357834590035004E+06
   5.1000000000000000E+07   2.9889209541534001E-06   1.8957383505262844E+06
   5.2000000000000000E+07   3.0508082075667945E-06   1.8572822983190292E+06
   5.3000000000000000E+07   3.1127506149848569E-06   1.8203231740451455E+06
   5.4000000000000000E+07   3.1747472757156318E-06   1.7847757907605325E+06
   5.5000000000000000E+07   3.2367973078160126E-06   1.7505612927314928E+06
   5.6000000000000000E+07   3.2988998805567440E-06   1.7176065611678849E+06
   5.7000000000000000E+07   3.3610542085256625E-06   1.6858437049623532E+06
   5.8000000000000000E+07   3.4232595476018811E-06   1.6552096037969438E+06
   5.9000000000000000E+07   3.4855151843061896E-06   1.6256455014147654E+06
   6.0000000000000000E+07   3.5478204364708967E-06   1.5970966346641076E+06
   6.1000000000000000E+07   3.6101746618056618E-06   1.5695118963153453E+06
   6.2000000000000000E+07   3.6725772496524472E-06   1.5428435385576801E+06
   6.3000000000000000E+07   3.7350276077695884E-06   1.5170469068805231E+06
   6.4000000000000000E+07   3.7975251764476801E-06   1.4920801880714747E+06
   6.5000000000000000E+07   3.8600694152437585E-06   1.4679041928893398E+06
   6.6000000000000000E+07   3.9226598065277014E-06   1.4444821521486689E+06
   6.7000000000000000E+07   3.9852958621560406E-06   1.4217795304198069E+06
   6.8000000000000000E+07   4.0479771063474586E-06   1.3997638649179295E+06
   6.9000000000000000E+07   4.1107030813332608E-06   1.3784046104449951E+06
   7.0000000000000000E+07   4.1734733574756757E-06   1.3576729966014260E+06
   7.1000000000000000E+07   4.2362875129210103E-06   1.3375419072000713E+06
   7.2000000000000000E+07   4.2991451333536093E-06   1.3179857631510582E+06
   7.3000000000000000E+07   4.3620458542356077E-06   1.2989804025049950E+06
   7.4000000000000000E+07   4.4249892886563083E-06   1.2805030046074567E+06
   7.5000000000000000E+07   4.4879750774247694E-06   1.2625319841864018E+06
   7.6000000000000000E+07   4.5510028742216348E-06   1.2450469129728500E+06
   7.7000000000000000E+07   4.6140723416138396E-06   1.2280284442827730E+06
   7.8000000000000000E+07   4.6771831503243509E-06   1.2114582425721937E+06
   7.9000000000000000E+07   4.7403350011570725E-06   1.1953189127133724E+06
   8.0000000000000000E+07   4.8035275842694081E-06   1.1795939505033605E+06
   8.1000000000000000E+07   4.8667606073028360E-06   1.1642676796096687E+06
   8.2000000000000000E+07   4.9300337897840297E-06   1.1493252016287772E+06
   8.3000000000000000E+07   4.9933468432600034E-06   1.1347523529490929E+06
   8.4000000000000000E+07   5.0566995237617387E-06   1.1205356483718955E+06
   8.5000000000000000E+07   5.1200915485583452E-06   1.1066622590128568E+06
   8.6000000000000000E+07   5.1835226857640699E-06   1.0931199539343761E+06
   8.7000000000000000E+07   5.2469926852665964E-06   1.0798970799770264E+06
   8.8000000000000000E+07   5.3105013099757690E-06   1.0669825217510525E+06
   8.9000000000000000E+07   5.3740483309217907E-06   1.0543656719418282E+06
   9.0000000000000000E+07   5.4376335212329283E-06   1.0420364037691638E+06
   9.1000000000000000E+07   5.5012566684600669E-06   1.0299850417752502E+06
   9.2000000000000000E+07   5.5649175579249870E-06   1.0182023400168748E+06
   9.3000000000000000E+07   5.6286159825310748E-06   1.0066794567378238E+06
   9.4000000000000000E+07   5.6923517420139748E-06   9.9540793265798560E+05
   9.5000000000000000E+07   5.7561246332513982E-06   9.8437967217530601E+05
   9.6000000000000000E+07   5.8199344771145887E-06   9.7358691953683540E+05
   9.7000000000000000E+07   5.8837810792800858E-06   9.6302224762133870E+05
   9.8000000000000000E+07   5.9476642587188552E-06   9.5267853614533623E+05
   9.9000000000000000E+07   6.0115838369849413E-06   9.4254895766737813E+05
   1.0000000000000000E+08   6.0755396368139452E-06   9.3262696290326805E+05
   1.1000000000000000E+08   6.7170541451098886E-06   8.4355611210984481E+05
   1.2000000000000000E+08   7.3620234390668563E-06   7.6965417542848957E+05
   1.3000000000000000E+08   8.0103195267623907E-06   7.0736405215166032E+05
   1.4000000000000000E+08   8.6618320855756623E-06   6.5415861488656874E+05
   1.5000000000000000E+08   9.3164635677497200E-06   6.0819344575066271E+05
   1.6000000000000000E+08   9.9741259233230618E-06   5.6809109119332361E+05
   1.7000000000000000E+08   1.0634738349243082E-05   5.3280220851728821E+05
   1.8000000000000000E+08   1.1298225807429464E-05   5.0151343901749945E+05
   1.9000000000000000E+08   1.1964517831805360E-05   4.7358465749599074E+05
   2.0000000000000000E+08   1.2633547808144798E-05   4.4850521528301260E+05
   2.1000000000000000E+08   1.3305252431150041E-05   4.2586280183715792E+05
   2.2000000000000000E+08   1.3979571193725415E-05   4.0532087865638069E+05
   2.3000000000000000E+08   1.4656446027066055E-05   3.8660204997967597E+05
   2.4000000000000000E+08   1.5335821138625314E-05   3.6947562365663634E+05
   2.5000000000000000E+08   1.6017642723468166E-05   3.5374818737705983E+05
   2.6000000000000000E+08   1.6701858829197640E-05   3.3925637483983097E+05
   2.7000000000000000E+08   1.7388419191116321E-05   3.2586125381512893E+05
   2.8000000000000000E+08   1.8077275100420874E-05   3.1344392603442178E+05
   2.9000000000000000E+08   1.8768379420544073E-05   3.0190204239359725E+05
   3.0000000000000000E+08   1.9461686321296269E-05   2.9114702528525854E+05
   3.1000000000000000E+08   2.0157151210814490E-05   2.8110182933192671E+05
   3.2000000000000000E+08   2.0854731105154804E-05   2.7169911953837943E+05
   3.3000000000000000E+08   2.1554383865105420E-05   2.6287979813950032E+05
   3.4000000000000000E+08   2.2256068641008383E-05   2.5459177767990064E+05
   3.5000000000000000E+08   2.2959745595518090E-05   2.4678897489989182E+05
   3.6000000000000000E+08   2.3665376008641762E-05   2.3943046911281333E+05
   3.7000000000000000E+08   2.4372922206581624E-05   2.3247979997860579E+05
   3.8000000000000000E+08   2.5082347340341688E-05   2.2590437819058707E+05
   3.9000000000000000E+08   2.5793615627288478E-05   2.1967498319567187E+05
   4.0000000000000000E+08   2.6506692192917486E-05   2.1376534039936567E+05
   4.1000000000000000E+08   2.7221542903561211E-05   2.0815176052122095E+05
   4.2000000000000000E+08   2.7938134582365830E-05   2.0281282784916679E+05
   4.3000000000000000E+08   2.8656434823743545E-05   1.9772913533491697E+05
   4.4000000000000000E+08   2.9376412010770490E-05   1.9288305452016299E+05
   4.5000000000000000E+08   3.0098035272125226E-05   1.8825853675332351E+05
   4.6000000000000000E+08   3.0821274484619348E-05   1.8384094020212593E+05
   4.7000000000000000E+08   3.1546100231664568E-05   1.7961687935654007E+05
   4.8000000000000000E+08   3.2272483780303346E-05   1.7557409333763266E+05
   4.9000000000000000E+08   3.3000396994095843E-05   1.7170133075956529E+05
   5.0000000000000000E+08   3.3729812607995211E-05   1.6798824663903154E+05
   5.1000000000000000E+08   3.4460703734539242E-05   1.6442531537163848E+05
   5.2000000000000000E+08   3.5193044237263856E-05   1.6100374952731695E+05
   5.3000000000000000E+08   3.5926808335251925E-05   1.5771543151303096E+05
   5.4000000000000000E+08   3.6661971341977934E-05   1.5455284787134198E+05
   5.5000000000000000E+08   3.7398508633099950E-05   1.5150903837018981E+05
   5.6000000000000000E+08   3.8136396393135928E-05   1.4857754311836505E+05
   5.7000000000000000E+08   3.8875611016544574E-05   1.4575236070421644E+05
   5.8000000000000000E+08   3.9616129726290184E-05   1.4302790602283354E+05
   5.9000000000000000E+08   4.0357930119491037E-05   1.4039897642678392E+05
   6.0000000000000000E+08   4.1100990292946071E-05   1.3786071914799276E+05
   6.1000000000000000E+08   4.1845288898128459E-05   1.3540860222699135E+05
   6.2000000000000000E+08   4.2590804767685316E-05   1.3303838963332545E+05
   6.3000000000000000E+08   4.3337517458716123E-05   1.3074611587703241E+05
   6.4000000000000000E+08   4.4085406842796949E-05   1.2852806598077271E+05
   6.5000000000000000E+08   4.4834453290195721E-05   1.2638075550525977E+05
   6.6000000000000000E+08   4.5584637414243298E-05   1.2430091366065707E+05
   6.7000000000000000E+08   4.6335940381058772E-05   1.2228546637625707E+05
   6.8000000000000000E+08   4.7088343692666789E-05   1.2033152230756062E+05
   6.9000000000000000E+08   4.7841829228136607E-05   1.1843635937205798E+05
   7.0000000000000000E+08   4.8596379241062531E-05   1.1659741256386504E+05
   7.1000000000000000E+08   4.9351976321843035E-05   1.1481226288748167E+05
   7.2000000000000000E+08   5.0108603429775029E-05   1.1307862705495590E+05
   7.3000000000000000E+08   5.0866243857448622E-05   1.1139434819208655E+05
   7.4000000000000000E+08   5.1624881088184684E-05   1.0975738752407572E+05
   7.5000000000000000E+08   5.2384499348437157E-05   1.0816581526896391E+05
   7.6000000000000000E+08   5.3145082760502817E-05   1.0661780516957474E+05
   7.7000000000000000E+08   5.3906615892978119E-05   1.0511162657157812E+05
   7.8000000000000000E+08   5.4669083613947879E-05   1.0364563853846228E+05
   7.9000000000000000E+08   5.5432470773727659E-05   1.0221828470553629E+05
   8.0000000000000000E+08   5.6196763431976946E-05   1.0082808570174774E+05
   8.1000000000000000E+08   5.6961947007727708E-05   9.9473637702579072E+04
   8.2000000000000000E+08   5.7728007495923458E-05   9.8153605593963061E+04
   8.3000000000000000E+08   5.8494931156503641E-05   9.6866719345650999E+04
   8.4000000000000000E+08   5.9262704677153702E-05   9.5611769836495310E+04
   8.5000000000000000E+08   6.0031314493013698E-05   9.4387606324023349E+04
   8.6000000000000000E+08   6.0800747789038740E-05   9.3193131425625790E+04
   8.7000000000000000E+08   6.1570991824050984E-05   9.2027299083833626E+04
   8.8000000000000000E+08   6.2342034092195342E-05   9.0889111367470978E+04
   8.9000000000000000E+08   6.3113862462305570E-05   8.9777615541503750E+04
   9.0000000000000000E+08   6.3886464603077816E-05   8.8691902340879227E+04
   9.1000000000000000E+08   6.4659828810056832E-05   8.7631102397829483E+04
   9.2000000000000000E+08   6.5433943473691136E-05   8.6594384789882257E+04
   9.3000000000000000E+08   6.6208797186330010E-05   8.5580954801729968E+04
   9.4000000000000000E+08   6.6984378745293464E-05   8.4590051973548252E+04
   9.5000000000000000E+08   6.7760677257032236E-05   8.3620948149425007E+04
   9.6000000000000000E+08   6.8537681699242910E-05   8.2672946312142405E+04
   9.7000000000000000E+08   6.9315381564431441E-05   8.1745378177183389E+04
   9.8000000000000000E+08   7.0093766434659832E-05   8.0837603223421553E+04
   9.9000000000000000E+08   7.0872826047334533E-05   7.9949007193474477E+04
   1.0000000000000000E+09   7.1652550347009567E-05   7.9079000706032719E+04
   1.1000000000000000E+09   7.9484257373345441E-05   7.1287224247003469E+04
   1.2000000000000000E+09   8.7372556377100861E-05   6.4851165107551431E+04
   1.3000000000000000E+09   9.5309819460023525E-05   5.9450454439868437E+04
   1.4000000000000000E+09   1.0328956198999388E-04   5.4857547755204199E+04
   1.5000000000000000E+09   1.1130624237751681E-04   5.0906507653561348E+04
   1.6000000000000000E+09   1.1935510141211427E-04   4.7473564283739164E+04
   1.7000000000000000E+09   1.2743203347830525E-04   4.4464581823100729E+04
   1.8000000000000000E+09   1.3553348660555505E-04   4.1806731468295133E+04
   1.9000000000000000E+09   1.4365637089259757E-04   3.9442817915235166E+04
   2.0000000000000000E+09   1.5179799381784107E-04   3.7327318609228249E+04
   2.1000000000000000E+09   1.5995600227928949E-04   3.5423566472902872E+04
   2.2000000000000000E+09   1.6812833298030677E-04   3.3701708564159206E+04
   2.3000000000000000E+09   1.7631317338791144E-04   3.2137202062683231E+04
   2.4000000000000000E+09   1.8450892769807946E-04   3.0709690583385218E+04
   2.5000000000000000E+09   1.9271418855157249E-04   2.9402153116317491E+04
   2.6000000000000000E+09   2.0092771187944851E-04   2.8200251854158359E+04
   2.7000000000000000E+09   2.0914839561525151E-04   2.7091826656436577E+04
   2.8000000000000000E+09   2.1737526591110093E-04   2.6066498668700890E+04
   2.9000000000000000E+09   2.2560745631223879E-04   2.5115358207125144E+04
   3.0000000000000000E+09   2.3384419657586605E-04   2.4230714990790570E+04
   3.1000000000000000E+09   2.4208480311087291E-04   2.3405897465133879E+04
   3.2000000000000000E+09   2.5032866759752627E-04   2.2635090634486354E+04
   3.3000000000000000E+09   2.5857524708659157E-04   2.1913203770748853E+04
   3.4000000000000000E+09   2.6682405902966725E-04   2.1235761497992233E+04
   3.5000000000000000E+09   2.7507467331541925E-04   2.0598814173571525E+04
   3.6000000000000000E+09   2.8332670550762550E-04   1.9998863394568762E+04
   3.7000000000000000E+09   2.9157981382881432E-04   1.9432799565496778E+04
   3.8000000000000000E+09   2.9983369329311096E-04   1.8897849728786310E+04
   3.9000000000000000E+09   3.0808807223659088E-04   1.8391533428561121E+04
   4.0000000000000000E+09   3.1634270821398838E-04   1.7911625374488907E+04
   4.1000000000000000E+09   3.2459738578250786E-04   1.7456123578508374E+04
   4.2000000000000000E+09   3.3285191315615014E-04   1.7023222206393137E+04
   4.3000000000000000E+09   3.4110611990053257E-04   1.6611288244058760E+04
   4.4000000000000000E+09   3.4935985261436403E-04   1.6218841509916660E+04
   4.5000000000000000E+09   3.5761298149815477E-04   1.5844536895004891E+04
   4.6000000000000000E+09   3.6586538588831864E-04   1.5487149913683939E+04
   4.7000000000000000E+09   3.7411696115895822E-04   1.5145563200147728E+04
   4.8000000000000000E+09   3.8236761522449542E-04   1.4818755181851559E+04
   4.9000000000000000E+09   3.9061726729292358E-04   1.4505790076174811E+04
   5.0000000000000000E+09   3.9886584744131556E-04   1.4205809085506811E+04
   5.1000000000000000E+09   4.0711329284085824E-04   1.3918022769389534E+04
   5.2000000000000000E+09   4.1535955099798516E-04   1.3641704075098298E+04
   5.3000000000000000E+09   4.2360457618497935E-04   1.3376182406976401E+04
   5.4000000000000000E+09   4.3184832939460000E-04   1.3120838252225196E+04
   5.5000000000000000E+09   4.4009077767951022E-04   1.2875098427094403E+04
   5.6000000000000000E+09   4.4833189355620765E-04   1.2638431842390972E+04
   5.7000000000000000E+09   4.5657165446673164E-04   1.2410345723494946E+04
   5.8000000000000000E+09   4.6481004229220497E-04   1.2190382229130333E+04
   5.9000000000000000E+09   4.7304704358815033E-04   1.1978115403704747E+04
   6.0000000000000000E+09   4.8128264649127244E-04   1.1773148524653830E+04
   6.1000000000000000E+09   4.8951684439307852E-04   1.1575111550053805E+04
   6.2000000000000000E+09   4.9774963292988647E-04   1.1383658981579525E+04
   6.3000000000000000E+09   5.0598101035627559E-04   1.1198467854535636E+04
   6.4000000000000000E+09   5.1421097731318662E-04   1.1019235935193070E+04
   6.5000000000000000E+09   5.2243953643917951E-04   1.0845680091709242E+04
   6.6000000000000000E+09   5.3066669236707584E-04   1.0677534808536182E+04
   6.7000000000000000E+09   5.3889245137874278E-04   1.0514550844019719E+04
   6.8000000000000000E+09   5.4711682125912174E-04   1.0356494005137929E+04
   6.9000000000000000E+09   5.5533981113088248E-04   1.0203144031654523E+04
   7.0000000000000000E+09   5.6356143130421724E-04   1.0054293577839831E+04
   7.1000000000000000E+09   5.7178169314039539E-04   9.9097472819734576E+03
   7.2000000000000000E+09   5.8000060892777149E-04   9.7693209149472423E+03
   7.3000000000000000E+09   5.8821819176915551E-04   9.6328406002511110E+03
   7.4000000000000000E+09   5.9643445611986775E-04   9.5001420882724015E+03
   7.5000000000000000E+09   6.0464941513759646E-04   9.3710701401915503E+03
   7.6000000000000000E+09   6.1286308442685922E-04   9.2454778619586377E+03
   7.7000000000000000E+09   6.2107547941427142E-04   9.1232261895509855E+03
   7.8000000000000000E+09   6.2928661591475426E-04   9.0041833660224893E+03
   7.9000000000000000E+09   6.3749651006831862E-04   8.8882244686688300E+03
   8.0000000000000000E+09   6.4570517828271997E-04   8.7752309723607050E+03
   8.1000000000000000E+09   6.5391263718146122E-04   8.6650903458650173E+03
   8.2000000000000000E+09   6.6211890355667225E-04   8.5576956782887428E+03
   8.3000000000000000E+09   6.7032399432643262E-04   8.4529453330606830E+03
   8.4000000000000000E+09   6.7852792649614798E-04   8.3507426271162949E+03
   8.5000000000000000E+09   6.8673071712365493E-04   8.2509955331733581E+03
   8.6000000000000000E+09   6.9493238328768392E-04   8.1536164031868848E+03
   8.7000000000000000E+09   7.0313294205942524E-04   8.0585217112489299E+03
   8.8000000000000000E+09   7.1133241047692769E-04   7.9656318143597364E+03
   8.9000000000000000E+09   7.1953080552203245E-04   7.8748707296406528E+03
   9.0000000000000000E+09   7.2772814409972355E-04   7.7861659266866973E+03
   9.1000000000000000E+09   7.3592444301958195E-04   7.6994481338751293E+03
   9.2000000000000000E+09   7.4411971897921537E-04   7.6146511575491277E+03
   9.3000000000000000E+09   7.5231398854950159E-04   7.5317117130906345E+03
   9.4000000000000000E+09   7.6050726816145897E-04   7.4505692669820119E+03
   9.5000000000000000E+09   7.6869957409460190E-04   7.3711658890328572E+03
   9.6000000000000000E+09   7.7689092246669257E-04   7.2934461140175581E+03
   9.7000000000000000E+09   7.8508132922472818E-04   7.2173568120332548E+03
   9.8000000000000000E+09   7.9327081013707147E-04   7.1428470669444314E+03
   9.9000000000000000E+09   8.0145938078660692E-04   7.0698680623327482E+03
   1.0000000000000000E+10   8.0964705656488270E-04   6.9983729744173306E+03
   1.1000000000000000E+10   8.9147783845758494E-04   6.3559763743356398E+03
   1.2000000000000000E+10   9.7323453103643706E-04   5.8220417574436387E+03
   1.3000000000000000E+10   1.0549291019095210E-03   5.3711780907587417E+03
   1.4000000000000000E+10   1.1365715829213890E-03   4.9853543451403702E+03
   1.5000000000000000E+10   1.2181703191681886E-03   4.6514120318982259E+03
   1.6000000000000000E+10   1.2997322318650101E-03   4.3595226313266548E+03
   1.7000000000000000E+10   1.3812630594058596E-03   4.1021962043330795E+03
   1.8000000000000000E+10   1.4627675653353469E-03   3.8736243636774966E+03
   1.9000000000000000E+10   1.5442497124367792E-03   3.6692330481571553E+03
   2.0000000000000000E+10   1.6257128061841139E-03   3.4853708834218955E+03
   2.1000000000000000E+10   1.7071596120020553E-03   3.3190874711680985E+03
   2.2000000000000000E+10   1.7885924507668894E-03   3.1679727134321347E+03
   2.3000000000000000E+10   1.8700132765063653E-03   3.0300384230779696E+03
   2.4000000000000000E+10   1.9514237396553689E-03   2.9036297777544182E+03
   2.5000000000000000E+10   2.0328252386368137E-03   2.7873581908496490E+03
   2.6000000000000000E+10   2.1142189620185861E-03   2.6800497873078880E+03
   2.7000000000000000E+10   2.1956059230612370E-03   2.5807054079996578E+03
   2.8000000000000000E+10   2.2769869881127678E-03   2.4884692398600546E+03
   2.9000000000000000E+10   2.3583629000181890E-03   2.4026039755953225E+03
   3.0000000000000000E+10   2.4397342974794879E-03   2.3224709696191226E+03
   3.1000000000000000E+10   2.5211017311171481E-03   2.2475142551940608E+03
   3.2000000000000000E+10   2.6024656768366965E-03   2.1772475732965322E+03
   3.3000000000000000E+10   2.6838265469869959E-03   2.1112437708917519E+03
   3.4000000000000000E+10   2.7651846997032705E-03   2.0491260783007556E+03
   3.5000000000000000E+10   2.8465404467532597E-03   1.9905608880221776E+03
   3.6000000000000000E+10   2.9278940601455794E-03   1.9352517417240438E+03
   3.7000000000000000E+10   3.0092457777109709E-03   1.8829342958454881E+03
   3.8000000000000000E+10   3.0905958078290751E-03   1.8333720848020978E+03
   3.9000000000000000E+10   3.1719443334421939E-03   1.7863529380830089E+03
   4.0000000000000000E+10   3.2532915154722991E-03   1.7416859363915987E+03
   4.1000000000000000E+10   3.3346374957372799E-03   1.6991988144808615E+03
   4.2000000000000000E+10   3.4159823994458754E-03   1.6587357359918951E+03
   4.3000000000000000E+10   3.4973263373371793E-03   1.6201553795504244E+03
   4.4000000000000000E+10   3.5786694075194709E-03   1.5833292864589325E+03
   4.5000000000000000E+10   3.6600116970541335E-03   1.5481404291797287E+03
   4.6000000000000000E+10   3.7413532833229647E-03   1.5144819669228473E+03
   4.7000000000000000E+10   3.8226942352108753E-03   1.4822561604034863E+03
   4.8000000000000000E+10   3.9040346141310024E-03   1.4513734225026726E+03
   4.9000000000000000E+10   3.9853744749150308E-03   1.4217514853735345E+03
   5.0000000000000000E+10   4.0667138665877881E-03   1.3933146676568369E+03
   5.1000000000000000E+10   4.1480528330424017E-03   1.3659932280381092E+03
   5.2000000000000000E+10   4.2293914136300615E-03   1.3397227935016160E+03
   5.3000000000000000E+10   4.3107296436757864E-03   1.3144438523981755E+03
   5.4000000000000000E+10   4.3920675549304162E-03   1.2901013039108377E+03
   5.5000000000000000E+10   4.4734051759672830E-03   1.2666440567291138E+03
   5.6000000000000000E+10   4.5547425325309860E-03   1.2440246707713698E+03
   5.7000000000000000E+10   4.6360796478444530E-03   1.2221990366612279E+03
   5.8000000000000000E+10   4.7174165428796721E-03   1.2011260883952734E+03
   5.9000000000000000E+10   4.7987532365968005E-03   1.1807675452590270E+03
   6.0000000000000000E+10   4.8800897461556648E-03   1.1610876795747097E+03
   6.1000000000000000E+10   4.9614260871029756E-03   1.1420531073130971E+03
   6.2000000000000000E+10   5.0427622735384064E-03   1.1236325989851482E+03
   6.3000000000000000E+10   5.1240983182620891E-03   1.1057969085577561E+03
   6.4000000000000000E+10   5.2054342329056966E-03   1.0885186184202944E+03
   6.5000000000000000E+10   5.2867700280492362E-03   1.0717719986717464E+03
   6.6000000000000000E+10   5.3681057133250221E-03   1.0555328792082496E+03
   6.7000000000000000E+10   5.4494412975105390E-03   1.0397785332725214E+03
   6.8000000000000000E+10   5.5307767886114629E-03   1.0244875712843138E+03
   6.9000000000000000E+10   5.6121121939358603E-03   1.0096398439081123E+03
   7.0000000000000000E+10   5.6934475201605777E-03   9.9521635343367586E+02
   7.1000000000000000E+10   5.7747827733909242E-03   9.8119917264923242E+02
   7.2000000000000000E+10   5.8561179592140564E-03   9.6757137047845106E+02
   7.3000000000000000E+10   5.9374530827470814E-03   9.5431694373214805E+02
   7.4000000000000000E+10   6.0187881486801634E-03   9.4142075439600501E+02
   7.5000000000000000E+10   6.1001231613155302E-03   9.2886847193725532E+02
   7.6000000000000000E+10   6.1814581246024455E-03   9.1664652016786602E+02
   7.7000000000000000E+10   6.2627930421688309E-03   9.0474202824974441E+02
   7.8000000000000000E+10   6.3441279173498104E-03   8.9314278547006529E+02
   7.9000000000000000E+10   6.4254627532134567E-03   8.8183719945251698E+02
   8.0000000000000000E+10   6.5067975525841546E-03   8.7081425750366191E+02
   8.1000000000000000E+10   6.5881323180637325E-03   8.6006349082337920E+02
   8.2000000000000000E+10   6.6694670520505385E-03   8.4957494133479952E+02
   8.3000000000000000E+10   6.7508017567568142E-03   8.3933913091270313E+02
   8.4000000000000000E+10   6.8321364342244393E-03   8.2934703281045108E+02
   8.5000000000000000E+10   6.9134710863392370E-03   8.1959004510432385E+02
   8.6000000000000000E+10   6.9948057148439277E-03   8.1005996599101286E+02
   8.7000000000000000E+10   7.0761403213500116E-03   8.0074897078909169E+02
   8.8000000000000000E+10   7.1574749073485214E-03   7.9164959050890434E+02
   8.9000000000000000E+10   7.2388094742197864E-03   7.8275469186746761E+02
   9.0000000000000000E+10   7.3201440232424338E-03   7.7405745863595519E+02
   9.1000000000000000E+10   7.4014785556015556E-03   7.6555137421724135E+02
   9.2000000000000000E+10   7.4828130723960619E-03   7.5723020535990008E+02
   9.3000000000000000E+10   7.5641475746456429E-03   7.4908798692305515E+02
   9.4000000000000000E+10   7.6454820632968472E-03   7.4111900761387153E+02
   9.5000000000000000E+10   7.7268165392288517E-03   7.3331779662594533E+02
   9.6000000000000000E+10   7.8081510032587476E-03   7.2567911111291392E+02
   9.7000000000000000E+10   7.8894854561461503E-03   7.1819792443701920E+02
   9.8000000000000000E+10   7.9708198985977367E-03   7.1086941513721081E+02
   9.9000000000000000E+10   8.0521543312711847E-03   7.0368895656594998E+02
   1.0000000000000000E+11   8.1334887547788014E-03   6.9665210714787702E+02
   1.1000000000000000E+11   8.9468325941199911E-03   6.3332045390053952E+02
