   1.0000000000000000E+00   0.0000000000000000E+00   1.0000000000000000E+30
   2.0000000000000000E+00   0.0000000000000000E+00   1.0000000000000000E+30
   3.0000000000000000E+00   0.0000000000000000E+00   1.0000000000000000E+30
   4.0000000000000000E+00   0.0000000000000000E+00   1.0000000000000000E+30
   5.0000000000000000E+00   0.0000000000000000E+00   1.0000000000000000E+30
   6.0000000000000000E+00   8.0069740522763254E-04   7.0765960305183589E+03
   7.0000000000000000E+00   1.1100633797556422E-03   5.1044041113467911E+03
   8.0000000000000000E+00   1.4816629045170840E-03   3.8242248369759873E+03
   9.0000000000000000E+00   1.9231335938061141E-03   2.9463434561850145E+03
   1.0000000000000000E+01   2.4442816302542177E-03   2.3181502529603754E+03
   1.1000000000000000E+01   3.0577948208101355E-03   1.8530386803320575E+03
   1.1259000000000000E+01   3.2336857291014182E-03   1.7522457511833563E+03
   1.1260999999999999E+01   3.2350731722649764E-03   1.7514942561602466E+03
   1.2000000000000000E+01   3.7803125072488485E-03   1.4988739869032265E+03
   1.3000000000000000E+01   4.6340877614899677E-03   1.2227243788016640E+03
   1.4000000000000000E+01   5.6496863021334009E-03   1.0029250787500489E+03
   1.5000000000000000E+01   6.8706208139921966E-03   8.2470161472756968E+02
   1.6000000000000000E+01   8.3618986698641325E-03   6.7762266719410991E+02
   1.6588999999999999E+01   9.4061806968478209E-03   6.0239243345378884E+02
   1.6591000000000001E+01   9.4099782600894216E-03   6.0214932732760303E+02
   1.7000000000000000E+01   1.0227322249513268E-02   5.5402694285396910E+02
   1.8000000000000000E+01   1.2649069944994509E-02   4.4795483811222408E+02
   1.9000000000000000E+01   1.5994319539722017E-02   3.5426402888901475E+02
   2.0000000000000000E+01   2.1170236617659221E-02   2.6764991727837963E+02
   2.1000000000000000E+01   3.1060196578298716E-02   1.8242679389347811E+02
   2.2000000000000000E+01   5.1535030479028618E-02   1.0994874800328276E+02
   2.3000000000000000E+01   5.5995309870073222E-02   1.0119083352922972E+02
   2.4000000000000000E+01   5.9447976467384353E-02   9.5313792263205713E+01
   2.5000000000000000E+01   6.7185829956435461E-02   8.4336415627436480E+01
   2.6000000000000000E+01   7.6964898524699579E-02   7.3620730853842588E+01
   2.7000000000000000E+01   9.5666791337517126E-02   5.9228620509383873E+01
   2.8000000000000000E+01   1.2252620756936888E-01   4.6244898882324883E+01
   2.9000000000000000E+01   1.4458317980570970E-01   3.9189981068990512E+01
   3.0000000000000000E+01   1.3616834000828404E-01   4.1611817248675422E+01
   3.1000000000000000E+01   1.2820495991812542E-01   4.4196512233994575E+01
   3.2000000000000000E+01   1.2009630745308376E-01   4.7180568658980199E+01
   3.3000000000000000E+01   1.0948611772503902E-01   5.1752790191266179E+01
   3.4000000000000000E+01   9.9680679738414851E-02   5.6843634035699438E+01
   3.5000000000000000E+01   9.1487331607714481E-02   6.1934390039663398E+01
   3.6000000000000000E+01   8.3419474806663771E-02   6.7924331729640443E+01
   3.7000000000000000E+01   7.5171189424012547E-02   7.5377443444711673E+01
   3.8000000000000000E+01   6.7263739823299765E-02   8.4238730917507979E+01
   3.9000000000000000E+01   6.0193158993784933E-02   9.4133821420890399E+01
   4.0000000000000000E+01   5.4125279793347580E-02   1.0468697993089424E+02
   4.1000000000000000E+01   4.9008833864239459E-02   1.1561613759626118E+02
   4.2000000000000000E+01   4.4697844233769504E-02   1.2676701028009208E+02
   4.3000000000000000E+01   4.0997494146214911E-02   1.3820874171655552E+02
   4.4000000000000000E+01   3.7791327772302520E-02   1.4993418896578206E+02
   4.5000000000000000E+01   3.4983417262328204E-02   1.6196851316700437E+02
   4.6000000000000000E+01   3.2487845487388346E-02   1.7441021386536127E+02
   4.7000000000000000E+01   3.0267211098613214E-02   1.8720628276649609E+02
   4.8000000000000000E+01   2.8275288529084890E-02   2.0039449194839381E+02
   4.9000000000000000E+01   2.6504631229636283E-02   2.1378196249508693E+02
   5.0000000000000000E+01   2.4915636416608197E-02   2.2741590801602987E+02
   5.1000000000000000E+01   2.3494253754247459E-02   2.4117437986111119E+02
   5.2000000000000000E+01   2.2221486766931822E-02   2.5498798252834288E+02
   5.3000000000000000E+01   2.1093520845770691E-02   2.6862334272736194E+02
   5.4000000000000000E+01   2.0076016573568934E-02   2.8223786619802166E+02
   5.5000000000000000E+01   1.9150821208352514E-02   2.9587306036823787E+02
   5.6000000000000000E+01   1.8317499365691832E-02   3.0933327559398589E+02
   5.7000000000000000E+01   1.7561119462258704E-02   3.2265665589586672E+02
   5.8000000000000000E+01   1.6876708338469389E-02   3.3574154188375951E+02
   5.9000000000000000E+01   1.6241866022815740E-02   3.4886459914892845E+02
   6.0000000000000000E+01   1.5647969384082389E-02   3.6210526365446913E+02
   6.1000000000000000E+01   1.5094863097888340E-02   3.7537353222321542E+02
   6.2000000000000000E+01   1.4587712474562954E-02   3.8842361949212830E+02
   6.3000000000000000E+01   1.4114598640264747E-02   4.0144337248926075E+02
   6.4000000000000000E+01   1.3667166259052429E-02   4.1458572845905098E+02
   6.5000000000000000E+01   1.3241724500088922E-02   4.2790590299942914E+02
   6.6000000000000000E+01   1.2833725155633259E-02   4.4150953918419208E+02
   6.7000000000000000E+01   1.2449357659397222E-02   4.5514091847165730E+02
   6.8000000000000000E+01   1.2087580848600532E-02   4.6876311732270500E+02
   6.9000000000000000E+01   1.1737367597201261E-02   4.8274981869284773E+02
   7.0000000000000000E+01   1.1404585070811919E-02   4.9683632015529554E+02
   7.1000000000000000E+01   1.1086301611535470E-02   5.1110029999404242E+02
   7.2000000000000000E+01   1.0777377923223395E-02   5.2575052297929551E+02
   7.3000000000000000E+01   1.0489346291995799E-02   5.4018734073104076E+02
   7.4000000000000000E+01   1.0209369191245847E-02   5.5500119285908272E+02
   7.5000000000000000E+01   9.9362321452471595E-03   5.7025761844650106E+02
   7.6000000000000000E+01   9.6751390024905209E-03   5.8564658120380989E+02
   7.7000000000000000E+01   9.4223415126826124E-03   6.0135923452290581E+02
   7.8000000000000000E+01   9.1775645629154304E-03   6.1739822592762368E+02
   7.9000000000000000E+01   8.9462095844179117E-03   6.3336455803018032E+02
   8.0000000000000000E+01   8.7242287882760179E-03   6.4947999611091188E+02
   8.1000000000000000E+01   8.5072517415584002E-03   6.6604495219066473E+02
   8.2000000000000000E+01   8.2982997820540780E-03   6.8281602596883488E+02
   8.3000000000000000E+01   8.0967614929025999E-03   6.9981215137028073E+02
   8.4000000000000000E+01   7.8988148477396741E-03   7.1734965165079905E+02
   8.5000000000000000E+01   7.7082148857119575E-03   7.3508745714694271E+02
   8.6000000000000000E+01   7.5281026463394091E-03   7.5267465730364972E+02
   8.7000000000000000E+01   7.3510189428859091E-03   7.7080634990932799E+02
   8.8000000000000000E+01   7.1781826707984003E-03   7.8936582410070980E+02
   8.9000000000000000E+01   7.0111006154720008E-03   8.0817725921321039E+02
   9.0000000000000000E+01   6.8487620853817004E-03   8.2733375883715189E+02
   9.1000000000000000E+01   6.6943677859800516E-03   8.4641481624999847E+02
   9.2000000000000000E+01   6.5433507299884498E-03   8.6594962020173045E+02
   9.3000000000000000E+01   6.3960997936050338E-03   8.8588550246595923E+02
   9.4000000000000000E+01   6.2559526219174806E-03   9.0573129656207209E+02
   9.5000000000000000E+01   6.1209385566454062E-03   9.2570968112863955E+02
   9.6000000000000000E+01   5.9885550087153197E-03   9.4617350449883315E+02
   9.7000000000000000E+01   5.8582758115939470E-03   9.6721497275126160E+02
   9.8000000000000000E+01   5.7328949943903709E-03   9.8836836973720835E+02
   9.9000000000000000E+01   5.6094236855978811E-03   1.0101237483679716E+03
   1.0000000000000000E+02   5.4927194427096364E-03   1.0315859272588282E+03
   1.1000000000000000E+02   4.4799277501647548E-03   1.2647998797015939E+03
   1.2000000000000000E+02   3.7081288568534721E-03   1.5280515586743311E+03
   1.3000000000000000E+02   3.1111526338424844E-03   1.8212581465288179E+03
   1.4000000000000000E+02   2.6377166056165452E-03   2.1481504371679011E+03
   1.5000000000000000E+02   2.2608650988060531E-03   2.5062141400973019E+03
   1.6000000000000000E+02   1.9531789715735897E-03   2.9010204195036968E+03
   1.7000000000000000E+02   1.7017299710186083E-03   3.3296775493050618E+03
   1.8000000000000000E+02   1.4921748987649830E-03   3.7972841415372450E+03
   1.9000000000000000E+02   1.3176923813735203E-03   4.3001023300855213E+03
   2.0000000000000000E+02   1.1693836707609066E-03   4.8454687893779674E+03
   2.1000000000000000E+02   1.0433146301076219E-03   5.4309715554316745E+03
   2.2000000000000000E+02   9.3439247275938517E-04   6.0640600654103473E+03
   2.3000000000000000E+02   8.4137669544110966E-04   6.7344533194012238E+03
   2.4000000000000000E+02   7.6074457862067789E-04   7.4482450992338891E+03
   2.5000000000000000E+02   6.8997039418487130E-04   8.2122539274663486E+03
   2.6000000000000000E+02   6.2854579306303364E-04   9.0147959655693357E+03
   2.7000000000000000E+02   5.7394401871472276E-04   9.8724124561294338E+03
   2.8000000000000000E+02   5.2645176767512187E-04   1.0763022231842679E+04
   2.8799900000000002E+02   4.9218055567800290E-04   1.1512466338038748E+04
   2.8800099999999998E+02   1.0534846348022204E-02   5.3785426880421278E+02
   2.9000000000000000E+02   1.0225368845686880E-02   5.5413278141748935E+02
   3.0000000000000000E+02   9.0029532745646273E-03   6.2937259659988911E+02
   3.1000000000000000E+02   8.3899379936064004E-03   6.7535804004727845E+02
   3.2000000000000000E+02   7.9580478499710495E-03   7.1201030532894151E+02
   3.3000000000000000E+02   7.5514000150975393E-03   7.5035252643903607E+02
   3.4000000000000000E+02   7.1262828716013200E-03   7.9511467360640722E+02
   3.5000000000000000E+02   6.6887013022811645E-03   8.4713187559261564E+02
   3.6000000000000000E+02   6.2649522918614611E-03   9.0443020401623073E+02
   3.7000000000000000E+02   5.8672711807115025E-03   9.6573209332947397E+02
   3.8000000000000000E+02   5.5018721239553925E-03   1.0298698246382860E+03
   3.9000000000000000E+02   5.1671134189652558E-03   1.0965913886625901E+03
   4.0000000000000000E+02   4.8613716773463350E-03   1.1655582941506780E+03
   4.1000000000000000E+02   4.5835926811742976E-03   1.2361945036592024E+03
   4.2000000000000000E+02   4.3223643289306305E-03   1.3109057099964677E+03
   4.3000000000000000E+02   4.0838846353358745E-03   1.3874564502760991E+03
   4.4000000000000000E+02   3.8653981103060273E-03   1.4658805943876282E+03
   4.5000000000000000E+02   3.6609405691900641E-03   1.5477476272535587E+03
   4.6000000000000000E+02   3.4706636399042465E-03   1.6326019076964028E+03
   4.7000000000000000E+02   3.2900795258679807E-03   1.7222112824112869E+03
   4.8000000000000000E+02   3.1216711160580806E-03   1.8151214105588663E+03
   4.9000000000000000E+02   2.9659683207855932E-03   1.9104088333551081E+03
   5.0000000000000000E+02   2.8168162511405751E-03   2.0115660995586318E+03
   5.1000000000000000E+02   2.6761045035519370E-03   2.1173358783110189E+03
   5.2000000000000000E+02   2.5447928908408192E-03   2.2265906588602788E+03
   5.3000000000000000E+02   2.4238957379803545E-03   2.3376467851713091E+03
   5.4000000000000000E+02   2.3087920024708990E-03   2.4541890622525375E+03
   5.5000000000000000E+02   2.2015041398529217E-03   2.5737912443166074E+03
   5.6000000000000000E+02   2.1019441834778780E-03   2.6957005442955656E+03
   5.7000000000000000E+02   2.0076273146726990E-03   2.8223425922076422E+03
   5.8000000000000000E+02   1.9186590885137919E-03   2.9532146244225728E+03
   5.9000000000000000E+02   1.8348431963250539E-03   3.0881178788622810E+03
   6.0000000000000000E+02   1.7571677060189172E-03   3.2246279396505215E+03
   6.1000000000000000E+02   1.6818754443380141E-03   3.3689843671571257E+03
   6.2000000000000000E+02   1.6111313621500335E-03   3.5169150154949057E+03
   6.3000000000000000E+02   1.5449750150785973E-03   3.6675104931661026E+03
   6.4000000000000000E+02   1.4832606999894611E-03   3.8201053122492044E+03
   6.5000000000000000E+02   1.4241580675860681E-03   3.9786398774430850E+03
   6.6000000000000000E+02   1.3676742840324563E-03   4.1429543171448186E+03
   6.7000000000000000E+02   1.3137446170384964E-03   4.3130240124243091E+03
   6.8000000000000000E+02   1.2624062355039286E-03   4.4884221260348650E+03
   6.9000000000000000E+02   1.2145409118752401E-03   4.6653118261217187E+03
   7.0000000000000000E+02   1.1676746262192141E-03   4.8525607667152162E+03
   7.1000000000000000E+02   1.1243426204142852E-03   5.0395777733591485E+03
   7.2000000000000000E+02   1.0826803436788152E-03   5.2335041571246402E+03
   7.3000000000000000E+02   1.0434869295380203E-03   5.4300747992970055E+03
   7.4000000000000000E+02   1.0057845998595798E-03   5.6336238199225645E+03
   7.5000000000000000E+02   9.7044702327321413E-04   5.8387649645919728E+03
   7.6000000000000000E+02   9.3604475735281482E-04   6.0533559265953991E+03
   7.7000000000000000E+02   9.0352993841152755E-04   6.2711946097124719E+03
   7.8000000000000000E+02   8.7221351099261296E-04   6.4963589855789360E+03
   7.9000000000000000E+02   8.4212159429365588E-04   6.7284963571476255E+03
   8.0000000000000000E+02   8.1390851363056550E-04   6.9617309373079215E+03
   8.1000000000000000E+02   7.8680665830448214E-04   7.2015304136985033E+03
   8.2000000000000000E+02   7.6119782722441790E-04   7.4438101066855634E+03
   8.3000000000000000E+02   7.3646634673257437E-04   7.6937827568348193E+03
   8.4000000000000000E+02   7.1261390366961848E-04   7.9513072230305215E+03
   8.5000000000000000E+02   6.8985076292298704E-04   8.2136780649074590E+03
   8.6000000000000000E+02   6.6823401508499052E-04   8.4793828981596307E+03
   8.7000000000000000E+02   6.4768656878985025E-04   8.7483859516603388E+03
   8.8000000000000000E+02   6.2766363937609643E-04   9.0274658654952236E+03
   8.9000000000000000E+02   6.0879321471196235E-04   9.3072852038291239E+03
   9.0000000000000000E+02   5.9030575691255049E-04   9.5987748944139512E+03
   9.1000000000000000E+02   5.7269276801920040E-04   9.8939822464987810E+03
   9.2000000000000000E+02   5.5527680879622092E-04   1.0204301691914594E+04
   9.3000000000000000E+02   5.3903706033536802E-04   1.0511730076508869E+04
   9.4000000000000000E+02   5.2314913487108532E-04   1.0830969033097006E+04
   9.5000000000000000E+02   5.0790236832132978E-04   1.1156104859695051E+04
   9.6000000000000000E+02   4.9369624980334095E-04   1.1477121978822594E+04
   9.7000000000000000E+02   4.7962010345675867E-04   1.1813958669876865E+04
   9.8000000000000000E+02   4.6592683385683701E-04   1.2161162800125916E+04
   9.9000000000000000E+02   4.5305130141475497E-04   1.2506778066382742E+04
   1.0000000000000000E+03   4.4043101673267940E-04   1.2865152235450607E+04
   1.1000000000000000E+03   3.3732159508179159E-04   1.6797655893054540E+04
   1.2000000000000000E+03   2.6410321918453794E-04   2.1454536211166127E+04
   1.3000000000000000E+03   2.1021208446709154E-04   2.6954739989590147E+04
   1.4000000000000000E+03   1.6998809692057615E-04   3.3332993204386825E+04
   1.5000000000000000E+03   1.3949842439169174E-04   4.0618466510921273E+04
   1.6000000000000000E+03   1.1561129155189718E-04   4.9010888153054555E+04
   1.7000000000000000E+03   9.6879772507811604E-05   5.8487049802097084E+04
   1.8000000000000000E+03   8.2039905063465977E-05   6.9066536280080269E+04
   1.9000000000000000E+03   6.9932868401269385E-05   8.1023590323335913E+04
   2.0000000000000000E+03   6.0130897800221166E-05   9.4231290181391130E+04
   2.1000000000000000E+03   5.2041010138728173E-05   1.0887974819042762E+05
   2.2000000000000000E+03   4.5374684057095815E-05   1.2487606684710603E+05
   2.3000000000000000E+03   3.9718953427655499E-05   1.4265763799141158E+05
   2.4000000000000000E+03   3.4965511944553158E-05   1.6205145482970349E+05
   2.5000000000000000E+03   3.0954906615459859E-05   1.8304730005712016E+05
   2.6000000000000000E+03   2.7523278680021927E-05   2.0586980734940915E+05
   2.7000000000000000E+03   2.4572856041736630E-05   2.3058825843671721E+05
   2.8000000000000000E+03   2.2019630321505338E-05   2.5732548624789319E+05
   2.9000000000000000E+03   1.9795903092989435E-05   2.8623155270379450E+05
   3.0000000000000000E+03   1.7874746262416261E-05   3.1699538534955797E+05
   3.1000000000000000E+03   1.6172743469592209E-05   3.5035565178745060E+05
   3.2000000000000000E+03   1.4692170560428407E-05   3.8566201339518029E+05
   3.3000000000000000E+03   1.3381910669973973E-05   4.2342324793677870E+05
   3.4000000000000000E+03   1.2210887494344020E-05   4.6402950498927746E+05
   3.5000000000000000E+03   1.1178385585399978E-05   5.0689001879491610E+05
   3.6000000000000000E+03   1.0251017712728528E-05   5.5274629683300294E+05
   3.7000000000000000E+03   9.4329995878378211E-06   6.0067977600526868E+05
   3.8000000000000000E+03   8.6874259570019432E-06   6.5223140980134928E+05
   3.9000000000000000E+03   8.0268341145068728E-06   7.0590870555549243E+05
   4.0000000000000000E+03   7.4272286450083944E-06   7.6289721917855542E+05
   4.1000000000000000E+03   6.8794628390174501E-06   8.2364164355156000E+05
   4.2000000000000000E+03   6.3884513954067798E-06   8.8694610458399227E+05
   4.3000000000000000E+03   5.9378614226161610E-06   9.5425131645860127E+05
   4.4000000000000000E+03   5.5275671159073744E-06   1.0250824568323818E+06
   4.5000000000000000E+03   5.1564620711685975E-06   1.0988565418064042E+06
   4.6000000000000000E+03   4.8202482901568617E-06   1.1755021190611371E+06
   4.7000000000000000E+03   4.5079022225841506E-06   1.2569509718052542E+06
   4.8000000000000000E+03   4.2216577871239972E-06   1.3421770226762788E+06
   4.9000000000000000E+03   3.9606337735370446E-06   1.4306326723109272E+06
   5.0000000000000000E+03   3.7205913645098541E-06   1.5229331910860555E+06
   5.1000000000000000E+03   3.4968035459494881E-06   1.6203976017021756E+06
   5.2000000000000000E+03   3.2925910556080505E-06   1.7208976103574517E+06
   5.3000000000000000E+03   3.1007745791191092E-06   1.8273537578761731E+06
   5.4000000000000000E+03   2.9237711858704223E-06   1.9379806829149500E+06
   5.5000000000000000E+03   2.7604116155559964E-06   2.0526692640868842E+06
   5.6000000000000000E+03   2.6089479391640352E-06   2.1718379253270165E+06
   5.7000000000000000E+03   2.4696097800820736E-06   2.2943754617346493E+06
   5.8000000000000000E+03   2.3370552939724823E-06   2.4245092078454397E+06
   5.9000000000000000E+03   2.2149240632354238E-06   2.5581969935363661E+06
   6.0000000000000000E+03   2.1018996381798606E-06   2.6957576739424481E+06
   6.1000000000000000E+03   1.9955439381475922E-06   2.8394323829020774E+06
   6.2000000000000000E+03   1.8971505847073336E-06   2.9866960088222618E+06
   6.3000000000000000E+03   1.8032338808055474E-06   3.1422502315390073E+06
   6.4000000000000000E+03   1.7153487359124169E-06   3.3032420526816547E+06
   6.5000000000000000E+03   1.6330856604210264E-06   3.4696355597289400E+06
   6.6000000000000000E+03   1.5570726168194689E-06   3.6390159445833792E+06
   6.7000000000000000E+03   1.4844119082783928E-06   3.8171427000015341E+06
   6.8000000000000000E+03   1.4157558329213772E-06   4.0022523289119177E+06
   6.9000000000000000E+03   1.3518946429805096E-06   4.1913118813667083E+06
   7.0000000000000000E+03   1.2917734296506252E-06   4.3863822783634011E+06
   7.1000000000000000E+03   1.2349568541321132E-06   4.5881862678208631E+06
   7.2000000000000000E+03   1.1822887966596397E-06   4.7925786791595705E+06
   7.3000000000000000E+03   1.1307159571352608E-06   5.0111719426299725E+06
   7.4000000000000000E+03   1.0834917916763929E-06   5.2295846844519004E+06
   7.5000000000000000E+03   1.0382499186134569E-06   5.4574645062792040E+06
   7.6000000000000000E+03   9.9594757876639697E-07   5.6892673874447402E+06
   7.7000000000000000E+03   9.5504371454314032E-07   5.9329347894726815E+06
   7.8000000000000000E+03   9.1724679695445124E-07   6.1774127729786849E+06
   7.9000000000000000E+03   8.8057743488301901E-07   6.4346550967808366E+06
   8.0000000000000000E+03   8.4575075260920578E-07   6.6996240464457357E+06
   8.1000000000000000E+03   8.1268034013209861E-07   6.9722519417157173E+06
   8.2000000000000000E+03   7.8134567315921458E-07   7.2518633866237737E+06
   8.3000000000000000E+03   7.5162391903410587E-07   7.5386266136417380E+06
   8.4000000000000000E+03   7.2394370640068280E-07   7.8268683454015991E+06
   8.5000000000000000E+03   6.9651411028428264E-07   8.1351002023025006E+06
   8.6000000000000000E+03   6.7130133899438038E-07   8.4406387271151375E+06
   8.7000000000000000E+03   6.4670227997174107E-07   8.7617011025967170E+06
   8.8000000000000000E+03   6.2344736611984078E-07   9.0885171506058443E+06
   8.9000000000000000E+03   6.0137659030119832E-07   9.4220695831247810E+06
   9.0000000000000000E+03   5.8017919990018554E-07   9.7663137190285921E+06
   9.1000000000000000E+03   5.6000247302351068E-07   1.0118191173134923E+07
   9.2000000000000000E+03   5.4114112746986802E-07   1.0470858324838230E+07
   9.3000000000000000E+03   5.2231681421384889E-07   1.0848228365017427E+07
   9.4000000000000000E+03   5.0493935669791784E-07   1.1221569490116118E+07
   9.5000000000000000E+03   4.8795288914305796E-07   1.1612211353910018E+07
   9.6000000000000000E+03   4.7179560290210042E-07   1.2009887427153442E+07
   9.7000000000000000E+03   4.5668517193764266E-07   1.2407260904573223E+07
   9.8000000000000000E+03   4.4164541855704951E-07   1.2829776652032182E+07
   9.9000000000000000E+03   4.2780555283408597E-07   1.3244830605734838E+07
   1.0000000000000000E+04   4.1399705435865242E-07   1.3686599988635384E+07
   1.1000000000000000E+04   3.0437026683020370E-07   1.8616181332328275E+07
   1.2000000000000000E+04   2.2973310438572201E-07   2.4664325564358547E+07
   1.3000000000000000E+04   1.7740097041521495E-07   3.1940141399554856E+07
   1.4000000000000000E+04   1.3930626762079474E-07   4.0674494954557225E+07
   1.5000000000000000E+04   1.1124099955468811E-07   5.0936364309587136E+07
   1.6000000000000000E+04   9.0149363972410104E-08   6.2853600178636186E+07
   1.7000000000000000E+04   7.3969571940955784E-08   7.6601931453694433E+07
   1.8000000000000000E+04   6.1313409813387795E-08   9.2413912335421860E+07
   1.9000000000000000E+04   5.1322480200411379E-08   1.1040409694453534E+08
   2.0000000000000000E+04   4.3385005271083252E-08   1.3060300544107176E+08
   2.1000000000000000E+04   3.6944652720028846E-08   1.5337028940072793E+08
   2.2000000000000000E+04   3.1702544282521807E-08   1.7873051541178986E+08
   2.3000000000000000E+04   2.7408109181824574E-08   2.0673487696253446E+08
   2.4000000000000000E+04   2.3808410184591877E-08   2.3799203876062354E+08
   2.5000000000000000E+04   2.0788911246648619E-08   2.7255934725266886E+08
   2.6000000000000000E+04   1.8264493959134911E-08   3.1023099200874829E+08
   2.7000000000000000E+04   1.6125125958827801E-08   3.5139025232718945E+08
   2.8000000000000000E+04   1.4290375215650740E-08   3.9650547966540509E+08
   2.9000000000000000E+04   1.2720375576269887E-08   4.4544377212027019E+08
   3.0000000000000000E+04   1.1377593679382704E-08   4.9801497919089305E+08
   3.1000000000000000E+04   1.0205538492171118E-08   5.5520951528690851E+08
   3.2000000000000000E+04   9.1909610539885121E-09   6.1649832331966019E+08
   3.3000000000000000E+04   8.2923771422526373E-09   6.8330371162315202E+08
   3.4000000000000000E+04   7.5067300201888440E-09   7.5481761888882625E+08
   3.5000000000000000E+04   6.8158394589867571E-09   8.3133003844585168E+08
   3.6000000000000000E+04   6.2056130640892592E-09   9.1307853405645621E+08
   3.7000000000000000E+04   5.6645485245095929E-09   1.0002936782981772E+09
   3.8000000000000000E+04   5.1862503519218033E-09   1.0925450363923440E+09
   3.9000000000000000E+04   4.7563492021874512E-09   1.1912943811767049E+09
   4.0000000000000000E+04   4.3704867207655719E-09   1.2964716384008760E+09
   4.1000000000000000E+04   4.0235414615382419E-09   1.4082648665720377E+09
   4.2000000000000000E+04   3.7145411767038902E-09   1.5254137213544488E+09
   4.3000000000000000E+04   3.4333804614754673E-09   1.6503303793618040E+09
   4.4000000000000000E+04   3.1808823016693454E-09   1.7813334610043738E+09
   4.5000000000000000E+04   2.9510547947571464E-09   1.9200633243228233E+09
   4.6000000000000000E+04   2.7444232337708435E-09   2.0646276455307612E+09
   4.7000000000000000E+04   2.5541730617279882E-09   2.2184135305408087E+09
   4.8000000000000000E+04   2.3804768888312993E-09   2.3802844321089182E+09
   4.9000000000000000E+04   2.2220386032189013E-09   2.5500061390796704E+09
   5.0000000000000000E+04   2.0789129766385881E-09   2.7255648231326933E+09
   5.1000000000000000E+04   1.9453967195387970E-09   2.9126254930786176E+09
   5.2000000000000000E+04   1.8231907024766460E-09   3.1078548567536888E+09
   5.3000000000000000E+04   1.7115203552265419E-09   3.3106308447790661E+09
   5.4000000000000000E+04   1.6082554953798259E-09   3.5232039285785308E+09
   5.5000000000000000E+04   1.5126217691867468E-09   3.7459543389532356E+09
   5.6000000000000000E+04   1.4241723608332404E-09   3.9785999471054783E+09
   5.7000000000000000E+04   1.3422777978068790E-09   4.2213408347646995E+09
   5.8000000000000000E+04   1.2663915758889829E-09   4.4742970399993696E+09
   5.9000000000000000E+04   1.1962616285183348E-09   4.7365993729133215E+09
   6.0000000000000000E+04   1.1311455371006128E-09   5.0092688284869375E+09
   6.1000000000000000E+04   1.0704919804946846E-09   5.2930915716545610E+09
   6.2000000000000000E+04   1.0139116668082329E-09   5.5884671860195665E+09
   6.3000000000000000E+04   9.6105268145771232E-10   5.8958392071554041E+09
   6.4000000000000000E+04   9.1175268846126463E-10   6.2146370953321743E+09
   6.5000000000000000E+04   8.6589416957778919E-10   6.5437697568088074E+09
   6.6000000000000000E+04   8.2336953899752414E-10   6.8817363420791454E+09
   6.7000000000000000E+04   7.8243361578048723E-10   7.2417799608828125E+09
   6.8000000000000000E+04   7.4519751389969021E-10   7.6036379265791979E+09
   6.9000000000000000E+04   7.0973404272150155E-10   7.9835709412400646E+09
   7.0000000000000000E+04   6.7617056517594492E-10   8.3798561654422512E+09
   7.1000000000000000E+04   6.4491481009250311E-10   8.7859853593182068E+09
   7.2000000000000000E+04   6.1563867191063028E-10   9.2037949173906898E+09
   7.3000000000000000E+04   5.8793396326373718E-10   9.6374974631945992E+09
   7.4000000000000000E+04   5.6175913861117898E-10   1.0086550783114321E+10
   7.5000000000000000E+04   5.3706620456406531E-10   1.0550304657652882E+10
   7.6000000000000000E+04   5.1379240399138808E-10   1.1028213020399555E+10
   7.7000000000000000E+04   4.9182907390904903E-10   1.1520693631316380E+10
   7.8000000000000000E+04   4.7110695654882944E-10   1.2027443026927412E+10
   7.9000000000000000E+04   4.5156045110611236E-10   1.2548069844470743E+10
   8.0000000000000000E+04   4.3324059887276849E-10   1.3078672899591833E+10
   8.1000000000000000E+04   4.1548755466868614E-10   1.3637501330210739E+10
   8.2000000000000000E+04   3.9878805225160313E-10   1.4208580341081257E+10
   8.3000000000000000E+04   3.8302933564368156E-10   1.4793154341450462E+10
   8.4000000000000000E+04   3.6795343154204662E-10   1.5399264128979124E+10
   8.5000000000000000E+04   3.5360034546824485E-10   1.6024339772566961E+10
   8.6000000000000000E+04   3.4008868212007303E-10   1.6660983964999102E+10
   8.7000000000000000E+04   3.2747520441707117E-10   1.7302720948190472E+10
   8.8000000000000000E+04   3.1498894169408750E-10   1.7988606358705612E+10
   8.9000000000000000E+04   3.0343076991866713E-10   1.8673821646364372E+10
   9.0000000000000000E+04   2.9224655602532512E-10   1.9388464851538570E+10
   9.1000000000000000E+04   2.8166284875209751E-10   2.0117001956716232E+10
   9.2000000000000000E+04   2.7166129671245774E-10   2.0857634665116337E+10
   9.3000000000000000E+04   2.6201042617445718E-10   2.1625903068862686E+10
   9.4000000000000000E+04   2.5281310783774086E-10   2.2412651495573841E+10
   9.5000000000000000E+04   2.4409616356823752E-10   2.3213032096246830E+10
   9.6000000000000000E+04   2.3570383641310402E-10   2.4039541170426189E+10
   9.7000000000000000E+04   2.2781350166871973E-10   2.4872152168223408E+10
   9.8000000000000000E+04   2.2010526116376496E-10   2.5743192368602135E+10
   9.9000000000000000E+04   2.1288822158086101E-10   2.6615902173470058E+10
   1.0000000000000000E+05   2.0589248317788934E-10   2.7520247422460079E+10
   1.1000000000000000E+05   1.5018810798865806E-10   3.7727434983787903E+10
   1.2000000000000000E+05   1.1255521908108441E-10   5.0341620102025597E+10
   1.3000000000000000E+05   8.6359629822951986E-11   6.5611815278697411E+10
   1.4000000000000000E+05   6.7696739149697519E-11   8.3699926328069397E+10
   1.5000000000000000E+05   5.3959277436807725E-11   1.0500904290491980E+11
   1.6000000000000000E+05   4.3675653086477160E-11   1.2973388327499525E+11
   1.7000000000000000E+05   3.5874112356272438E-11   1.5794710188806943E+11
   1.8000000000000000E+05   2.9803537275566241E-11   1.9011877775077158E+11
   1.9000000000000000E+05   2.5022627459713273E-11   2.2644352950555981E+11
   2.0000000000000000E+05   2.1224651575595411E-11   2.6696372655631030E+11
   2.1000000000000000E+05   1.8157349820479331E-11   3.1206162438360913E+11
   2.2000000000000000E+05   1.5647103732784177E-11   3.6212529655620764E+11
   2.3000000000000000E+05   1.3592618605144097E-11   4.1685949146957214E+11
   2.4000000000000000E+05   1.1886976015515627E-11   4.7667397259692609E+11
   2.5000000000000000E+05   1.0450513639577621E-11   5.4219460161474188E+11
   2.6000000000000000E+05   9.2463189612333324E-12   6.1280733481472058E+11
   2.7000000000000000E+05   8.2277501440790416E-12   6.8867089790734656E+11
   2.8000000000000000E+05   7.3529787369172078E-12   7.7060090640977649E+11
   2.9000000000000000E+05   6.5959419972225943E-12   8.5904516471887280E+11
   3.0000000000000000E+05   5.9486598344806293E-12   9.5251909457601807E+11
   3.1000000000000000E+05   5.3850810649848196E-12   1.0522055306322833E+12
   3.2000000000000000E+05   4.8932905992353717E-12   1.1579553604205764E+12
   3.3000000000000000E+05   4.4623869604177935E-12   1.2697715661462292E+12
   3.4000000000000000E+05   4.0814115026160549E-12   1.3882971799948015E+12
   3.5000000000000000E+05   3.7446893324320820E-12   1.5131327532049636E+12
   3.6000000000000000E+05   3.4446542248017637E-12   1.6449291306753142E+12
   3.7000000000000000E+05   3.1807563665434432E-12   1.7814039890259619E+12
   3.8000000000000000E+05   2.9430940525021168E-12   1.9252568821791460E+12
   3.9000000000000000E+05   2.7290416624819789E-12   2.0762644108287336E+12
   4.0000000000000000E+05   2.5371788202813325E-12   2.2332726547244004E+12
   4.1000000000000000E+05   2.3652887474563029E-12   2.3955688647205615E+12
   4.2000000000000000E+05   2.2102429270787866E-12   2.5636150714750073E+12
   4.3000000000000000E+05   2.0676115367934298E-12   2.7404625959224912E+12
   4.4000000000000000E+05   1.9377601820708822E-12   2.9241038864906074E+12
   4.5000000000000000E+05   1.8206251478474573E-12   3.1122343257641099E+12
   4.6000000000000000E+05   1.7141709264303228E-12   3.3055117153805796E+12
   4.7000000000000000E+05   1.6150735059906539E-12   3.5083307716107153E+12
   4.8000000000000000E+05   1.5235731422224468E-12   3.7190285930184297E+12
   4.9000000000000000E+05   1.4411174028119766E-12   3.9318185100145430E+12
   5.0000000000000000E+05   1.3654148764614558E-12   4.1498098322793286E+12
   5.1000000000000000E+05   1.2946637190766747E-12   4.3765898402723682E+12
   5.2000000000000000E+05   1.2294658287569467E-12   4.6086779696911514E+12
   5.3000000000000000E+05   1.1688830392589326E-12   4.8475440990850293E+12
   5.4000000000000000E+05   1.1130230161395549E-12   5.0908310046750762E+12
   5.5000000000000000E+05   1.0614069911067919E-12   5.3383971718254072E+12
   5.6000000000000000E+05   1.0123684805344001E-12   5.5969858687117402E+12
   5.7000000000000000E+05   9.6736214351214888E-13   5.8573845560135391E+12
   5.8000000000000000E+05   9.2482990393648604E-13   6.1267613161753350E+12
   5.9000000000000000E+05   8.8560743939208380E-13   6.3981080413797422E+12
   6.0000000000000000E+05   8.4901292808749597E-13   6.6738819775619199E+12
   6.1000000000000000E+05   8.1402883702578050E-13   6.9607019085255859E+12
   6.2000000000000000E+05   7.8165484166004051E-13   7.2489950518909199E+12
   6.3000000000000000E+05   7.5129291156937081E-13   7.5419480101896611E+12
   6.4000000000000000E+05   7.2301855987496289E-13   7.8368833027745713E+12
   6.5000000000000000E+05   6.9629009211288376E-13   8.1377175169707822E+12
   6.6000000000000000E+05   6.7068102906402278E-13   8.4484454367044883E+12
   6.7000000000000000E+05   6.4665689745355480E-13   8.7623160006380078E+12
   6.8000000000000000E+05   6.2365132615985477E-13   9.0855448257763281E+12
   6.9000000000000000E+05   6.0233950036819630E-13   9.4070073040479473E+12
   7.0000000000000000E+05   5.8264787979210360E-13   9.7249338339684551E+12
   7.1000000000000000E+05   5.6307337548289028E-13   1.0063008350591760E+13
   7.2000000000000000E+05   5.4516257025013217E-13   1.0393619057303283E+13
   7.3000000000000000E+05   5.2746438197138052E-13   1.0742359623038309E+13
   7.4000000000000000E+05   5.1118686885963705E-13   1.1084424160034629E+13
   7.5000000000000000E+05   4.9558989354673910E-13   1.1433268017088475E+13
   7.6000000000000000E+05   4.8083050661011455E-13   1.1784219182404559E+13
   7.7000000000000000E+05   4.6692272308418543E-13   1.2135224522920904E+13
   7.8000000000000000E+05   4.5318338857586767E-13   1.2503132776526363E+13
   7.9000000000000000E+05   4.4043066777775880E-13   1.2865162428560455E+13
   8.0000000000000000E+05   4.2774295651335049E-13   1.3246768867141740E+13
   8.1000000000000000E+05   4.1642967191240209E-13   1.3606648280990236E+13
   8.2000000000000000E+05   4.0536167834567023E-13   1.3978164148630691E+13
   8.3000000000000000E+05   3.9497149525071928E-13   1.4345875962222098E+13
   8.4000000000000000E+05   3.8459676109778694E-13   1.4732864788841869E+13
   8.5000000000000000E+05   3.7485470025090619E-13   1.5115755719983176E+13
   8.6000000000000000E+05   3.6547655633142438E-13   1.5503626652161881E+13
   8.7000000000000000E+05   3.5611760448555876E-13   1.5911069849145830E+13
   8.8000000000000000E+05   3.4768207094077409E-13   1.6297107481407703E+13
   8.9000000000000000E+05   3.3937449912692906E-13   1.6696045501524262E+13
   9.0000000000000000E+05   3.3165802114300195E-13   1.7084501861141771E+13
   9.1000000000000000E+05   3.2406450352393366E-13   1.7484827921184951E+13
   9.2000000000000000E+05   3.1647815184562980E-13   1.7903959709180973E+13
   9.3000000000000000E+05   3.0944997975662607E-13   1.8310591210691094E+13
   9.4000000000000000E+05   3.0262392409258652E-13   1.8723609167617098E+13
   9.5000000000000000E+05   2.9581428985650401E-13   1.9154625972358621E+13
   9.6000000000000000E+05   2.8939397165302970E-13   1.9579578825068773E+13
   9.7000000000000000E+05   2.8335345253575793E-13   1.9996975610400102E+13
   9.8000000000000000E+05   2.7738915911987346E-13   2.0426941332020715E+13
   9.9000000000000000E+05   2.7176200692977963E-13   2.0849905192760449E+13
   1.0000000000000000E+06   2.6614053420313628E-13   2.1290300992465059E+13
   1.1000000000000000E+06   2.1909163795946661E-13   2.5862292747697199E+13
   1.2000000000000000E+06   1.8399072344190166E-13   3.0796183489486742E+13
   1.3000000000000000E+06   1.5736278069188491E-13   3.6007320502137117E+13
   1.4000000000000000E+06   1.3698545308093686E-13   4.1363604324704273E+13
   1.5000000000000000E+06   1.2090671476744489E-13   4.6864329167976758E+13
   1.6000000000000000E+06   1.0845812213966302E-13   5.2243317214950062E+13
   1.7000000000000000E+06   9.8227738079699177E-14   5.7684440161727141E+13
   1.8000000000000000E+06   8.9646035617987236E-14   6.3206499210136891E+13
   1.9000000000000000E+06   8.2535537606341485E-14   6.8651786173679195E+13
   2.0000000000000000E+06   7.6372921916510393E-14   7.4191374865484688E+13
   2.1000000000000000E+06   7.1019247842684014E-14   7.9784174735721500E+13
   2.2000000000000000E+06   6.6260898359480547E-14   8.5513662201495000E+13
   2.3000000000000000E+06   6.2075426941857804E-14   9.1279470132157172E+13
   2.4000000000000000E+06   5.8421948594282779E-14   9.6987728342130547E+13
   2.5000000000000000E+06   5.5116589856146473E-14   1.0280411205172431E+14
   2.6000000000000000E+06   5.2143965442270933E-14   1.0866477130039773E+14
   2.7000000000000000E+06   4.9476195067984978E-14   1.1452400637709309E+14
   2.8000000000000000E+06   4.7061762660255930E-14   1.2039948695473277E+14
   2.9000000000000000E+06   4.4848117711267364E-14   1.2634224954454822E+14
   3.0000000000000000E+06   4.2861600257760562E-14   1.3219786581473434E+14
   3.1000000000000000E+06   4.1023961273399662E-14   1.3811957459978983E+14
   3.2000000000000000E+06   3.9347108670956114E-14   1.4400580553108600E+14
   3.3000000000000000E+06   3.7772284368478429E-14   1.5000978029829612E+14
   3.4000000000000000E+06   3.6293529180037589E-14   1.5612182687917775E+14
   3.5000000000000000E+06   3.4978996848967206E-14   1.6198898167222641E+14
   3.6000000000000000E+06   3.3736418708748153E-14   1.6795535200097912E+14
   3.7000000000000000E+06   3.2584529270034746E-14   1.7389270940583919E+14
   3.8000000000000000E+06   3.1479659808166364E-14   1.7999597562392656E+14
   3.9000000000000000E+06   3.0465882209969610E-14   1.8598549158789866E+14
   4.0000000000000000E+06   2.9472062505092410E-14   1.9225705966459462E+14
   4.1000000000000000E+06   2.8604382394294951E-14   1.9808895019562881E+14
   4.2000000000000000E+06   2.7748959639327250E-14   2.0419547806937481E+14
   4.3000000000000000E+06   2.6956157590067049E-14   2.1020102959956469E+14
   4.4000000000000000E+06   2.6213872956662802E-14   2.1615318304348569E+14
   4.5000000000000000E+06   2.5492429595551265E-14   2.2227038259503659E+14
   4.6000000000000000E+06   2.4808534395282535E-14   2.2839769529302269E+14
   4.7000000000000000E+06   2.4164055485555562E-14   2.3448928441946672E+14
   4.8000000000000000E+06   2.3530673787424169E-14   2.4080109777852972E+14
   4.9000000000000000E+06   2.2970192731892872E-14   2.4667673212915556E+14
   5.0000000000000000E+06   2.2410195965878660E-14   2.5284080907224019E+14
   5.1000000000000000E+06   2.1886492946273012E-14   2.5889081879813444E+14
   5.2000000000000000E+06   2.1377975164204456E-14   2.6504905333447053E+14
   5.3000000000000000E+06   2.0909267617147083E-14   2.7099046141786034E+14
   5.4000000000000000E+06   2.0448822529389813E-14   2.7709233973430609E+14
   5.5000000000000000E+06   1.9988910827883285E-14   2.8346777512140388E+14
   5.6000000000000000E+06   1.9575856502431829E-14   2.8944899952532462E+14
   5.7000000000000000E+06   1.9167915933691541E-14   2.9560918876530988E+14
   5.8000000000000000E+06   1.8759975419509822E-14   3.0203728697786675E+14
   5.9000000000000000E+06   1.8389258130849806E-14   3.0812619188669612E+14
   6.0000000000000000E+06   1.8031399738152649E-14   3.1424138789908100E+14
   6.1000000000000000E+06   1.7699010135002148E-14   3.2014288009669681E+14
   6.2000000000000000E+06   1.7367336066013284E-14   3.2625683397516625E+14
   6.3000000000000000E+06   1.7037047857238470E-14   3.3258180213849844E+14
   6.4000000000000000E+06   1.6735804880189214E-14   3.3856824455377806E+14
   6.5000000000000000E+06   1.6435455260466505E-14   3.4475540772573550E+14
   6.6000000000000000E+06   1.6146326735740427E-14   3.5092886278201388E+14
   6.7000000000000000E+06   1.5865685811701423E-14   3.5713628435155388E+14
   6.8000000000000000E+06   1.5599892700536654E-14   3.6322122134117562E+14
   6.9000000000000000E+06   1.5340183956106911E-14   3.6937054312340894E+14
   7.0000000000000000E+06   1.5080746517154057E-14   3.7572490678992631E+14
   7.1000000000000000E+06   1.4838576278346510E-14   3.8185685561685231E+14
   7.2000000000000000E+06   1.4601623759179487E-14   3.8805355985960681E+14
   7.3000000000000000E+06   1.4365441653386648E-14   3.9443354518407069E+14
   7.4000000000000000E+06   1.4149296080721529E-14   4.0045893782662800E+14
   7.5000000000000000E+06   1.3941037481840890E-14   4.0644120545983931E+14
   7.6000000000000000E+06   1.3733712829878420E-14   4.1257685737778569E+14
   7.7000000000000000E+06   1.3526488068832729E-14   4.1889750322821088E+14
   7.8000000000000000E+06   1.3330668400262831E-14   4.2505086086819900E+14
   7.9000000000000000E+06   1.3143036841883141E-14   4.3111893755205788E+14
   8.0000000000000000E+06   1.2955991714287083E-14   4.3734298419100238E+14
   8.1000000000000000E+06   1.2773627672548696E-14   4.4358675739838950E+14
   8.2000000000000000E+06   1.2600100149607978E-14   4.4969579703352638E+14
   8.3000000000000000E+06   1.2426743969121158E-14   4.5596916566077275E+14
   8.4000000000000000E+06   1.2264384279528607E-14   4.6200542565663969E+14
   8.5000000000000000E+06   1.2104668689316028E-14   4.6810137682507544E+14
   8.6000000000000000E+06   1.1944953099103451E-14   4.7436034553417388E+14
   8.7000000000000000E+06   1.1785237579148382E-14   4.8078895664398325E+14
   8.8000000000000000E+06   1.1638480711473608E-14   4.8685152469207344E+14
   8.9000000000000000E+06   1.1493473224704521E-14   4.9299389041956744E+14
   9.0000000000000000E+06   1.1348704308064399E-14   4.9928273093288706E+14
   9.1000000000000000E+06   1.1203935415110563E-14   5.0573408981261056E+14
   9.2000000000000000E+06   1.1070446367361131E-14   5.1183230480984412E+14
   9.3000000000000000E+06   1.0940236116417038E-14   5.1792411234867531E+14
   9.4000000000000000E+06   1.0810025888413222E-14   5.2416267435155456E+14
   9.5000000000000000E+06   1.0684809852912902E-14   5.3030537346768850E+14
   9.6000000000000000E+06   1.0563235055299568E-14   5.3640878479149988E+14
   9.7000000000000000E+06   1.0441660275767471E-14   5.4265432218955650E+14
   9.8000000000000000E+06   1.0326817268498025E-14   5.4868910063558538E+14
   9.9000000000000000E+06   1.0214898661760624E-14   5.5470076278794862E+14
   1.0000000000000000E+07   1.0103526869158961E-14   5.6081526311137344E+14
   1.1000000000000000E+07   9.0893478047474956E-15   6.2339039072975850E+14
   1.2000000000000000E+07   8.2594364070831314E-15   6.8602890078807088E+14
   1.3000000000000000E+07   7.5786280239535139E-15   7.4765670799136838E+14
   1.4000000000000000E+07   6.9993585446366756E-15   8.0953305125681875E+14
   1.5000000000000000E+07   6.4982707474120941E-15   8.7195690972660012E+14
   1.6000000000000000E+07   6.0640944183642120E-15   9.3438717944775550E+14
   1.7000000000000000E+07   5.6842966798973584E-15   9.9681849814751912E+14
   1.8000000000000000E+07   5.3493653811956919E-15   1.0592307078888861E+15
   1.9000000000000000E+07   5.0539962057128813E-15   1.1211350085849496E+15
   2.0000000000000000E+07   4.7903899091411065E-15   1.1828289944974725E+15
   2.1000000000000000E+07   4.5486318405127174E-15   1.2456959099247575E+15
   2.2000000000000000E+07   4.3292125355685837E-15   1.3088320411453380E+15
   2.3000000000000000E+07   4.1318144577524410E-15   1.3713616953076905E+15
   2.4000000000000000E+07   3.9514873289368501E-15   1.4339441349049478E+15
   2.5000000000000000E+07   3.7888936697362965E-15   1.4954793069911030E+15
   2.6000000000000000E+07   3.6360349583555515E-15   1.5583491755103585E+15
   2.7000000000000000E+07   3.4964745568526648E-15   1.6205500676031312E+15
   2.8000000000000000E+07   3.3677711855731052E-15   1.6824813110086560E+15
   2.9000000000000000E+07   3.2472453028407190E-15   1.7449288707949970E+15
   3.0000000000000000E+07   3.1348608029443512E-15   1.8074844261532588E+15
   3.1000000000000000E+07   3.0300178170937582E-15   1.8700259937464530E+15
   3.2000000000000000E+07   2.9327578482656833E-15   1.9320422525954495E+15
   3.3000000000000000E+07   2.8412318841807284E-15   1.9942800554323890E+15
   3.4000000000000000E+07   2.7543174872948352E-15   2.0572109444962020E+15
   3.5000000000000000E+07   2.6725609301805853E-15   2.1201432736268235E+15
   3.6000000000000000E+07   2.5974417773261863E-15   2.1814587448859118E+15
   3.7000000000000000E+07   2.5226082157964518E-15   2.2461720547799158E+15
   3.8000000000000000E+07   2.4559894294004933E-15   2.3070995386422880E+15
   3.9000000000000000E+07   2.3898605088052529E-15   2.3709384119296930E+15
   4.0000000000000000E+07   2.3279745944132478E-15   2.4339664586882440E+15
   4.1000000000000000E+07   2.2703772915569532E-15   2.4957138624279070E+15
   4.2000000000000000E+07   2.2160464550612409E-15   2.5569013079753455E+15
   4.3000000000000000E+07   2.1618924684732201E-15   2.6209500065846605E+15
   4.4000000000000000E+07   2.1126999874032835E-15   2.6819766712095015E+15
   4.5000000000000000E+07   2.0641807884468396E-15   2.7450173508027205E+15
   4.6000000000000000E+07   2.0183776047832505E-15   2.8073102208685560E+15
   4.7000000000000000E+07   1.9744442909817909E-15   2.8697756150226420E+15
   4.8000000000000000E+07   1.9322825955692864E-15   2.9323930632469640E+15
   4.9000000000000000E+07   1.8918918079504665E-15   2.9949979463247225E+15
   5.0000000000000000E+07   1.8532075898930538E-15   3.0575161198250885E+15
   5.1000000000000000E+07   1.8158466571890842E-15   3.1204243249545440E+15
   5.2000000000000000E+07   1.7811269590832797E-15   3.1812510897013940E+15
   5.3000000000000000E+07   1.7471479181790528E-15   3.2431209862217995E+15
   5.4000000000000000E+07   1.7132689186649647E-15   3.3072520126586505E+15
   5.5000000000000000E+07   1.6813666282365296E-15   3.3700038910746760E+15
   5.6000000000000000E+07   1.6509116919288280E-15   3.4321715129778660E+15
   5.7000000000000000E+07   1.6205687017058822E-15   3.4964343526539225E+15
   5.8000000000000000E+07   1.5924657433083864E-15   3.5581375004705095E+15
   5.9000000000000000E+07   1.5645145125704177E-15   3.6217063082214020E+15
   6.0000000000000000E+07   1.5387096595972532E-15   3.6824439517480550E+15
   6.1000000000000000E+07   1.5129314369618904E-15   3.7451876146208610E+15
   6.2000000000000000E+07   1.4872044152116309E-15   3.8099752942663940E+15
   6.3000000000000000E+07   1.4638242352504219E-15   3.8708281657263815E+15
   6.4000000000000000E+07   1.4406016618776022E-15   3.9332261161598135E+15
   6.5000000000000000E+07   1.4174344195023101E-15   3.9975126901953855E+15
   6.6000000000000000E+07   1.3957771794042371E-15   4.0595391320975285E+15
   6.7000000000000000E+07   1.3748081008676863E-15   4.1214567152347170E+15
   6.8000000000000000E+07   1.3538890147936119E-15   4.1851377901489045E+15
   6.9000000000000000E+07   1.3343332086686974E-15   4.2464746006985445E+15
   7.0000000000000000E+07   1.3150892521294832E-15   4.3086140885913960E+15
   7.1000000000000000E+07   1.2958453019152707E-15   4.3725991606447955E+15
   7.2000000000000000E+07   1.2780284613063559E-15   4.4335570380712885E+15
   7.3000000000000000E+07   1.2602652650350788E-15   4.4960471709283345E+15
   7.4000000000000000E+07   1.2427940714584343E-15   4.5592525822325850E+15
   7.5000000000000000E+07   1.2262442368947520E-15   4.6207858997395990E+15
   7.6000000000000000E+07   1.2097626777272299E-15   4.6837385412858620E+15
   7.7000000000000000E+07   1.1938825561703260E-15   4.7460380840607910E+15
   7.8000000000000000E+07   1.1784539778065185E-15   4.8081742572814380E+15
   7.9000000000000000E+07   1.1630806506615915E-15   4.8717275764643840E+15
   8.0000000000000000E+07   1.1490271994933055E-15   4.9313124023338030E+15
   8.1000000000000000E+07   1.1350015801036266E-15   4.9922503887288720E+15
   8.2000000000000000E+07   1.1210250101839528E-15   5.0544921192707610E+15
   8.3000000000000000E+07   1.1070492053227822E-15   5.1183019257288720E+15
   8.4000000000000000E+07   1.0930937530119533E-15   5.1836469322666160E+15
   8.5000000000000000E+07   1.0804777138157640E-15   5.2441730236801340E+15
   8.6000000000000000E+07   1.0680387850771485E-15   5.3052493585904010E+15
   8.7000000000000000E+07   1.0555998610170814E-15   5.3677650866880180E+15
   8.8000000000000000E+07   1.0431609503721755E-15   5.4317716527431760E+15
   8.9000000000000000E+07   1.0309256435518300E-15   5.4962374007484310E+15
   9.0000000000000000E+07   1.0197044916470131E-15   5.5567197417442210E+15
   9.1000000000000000E+07   1.0084833439923704E-15   5.6185480040244280E+15
   9.2000000000000000E+07   9.9726219683116049E-16   5.6817676409321680E+15
   9.3000000000000000E+07   9.8607032308607850E-16   5.7462555629367470E+15
   9.4000000000000000E+07   9.7561849082222039E-16   5.8078153835572650E+15
   9.5000000000000000E+07   9.6535796915690485E-16   5.8695450397833240E+15
   9.6000000000000000E+07   9.5512811392257550E-16   5.9324105288974120E+15
   9.7000000000000000E+07   9.4490848963089601E-16   5.9965723047885550E+15
   9.8000000000000000E+07   9.3528331925633656E-16   6.0582841186406900E+15
   9.9000000000000000E+07   9.2580275101155937E-16   6.1203232257509970E+15
   1.0000000000000000E+08   9.1632804482883020E-16   6.1836065276586190E+15
   1.1000000000000000E+08   8.3191913599023646E-16   6.8110130352221080E+15
   1.2000000000000000E+08   7.6206212607580365E-16   7.4353676499553350E+15
   1.3000000000000000E+08   7.0257229928202660E-16   8.0649522978213560E+15
   1.4000000000000000E+08   6.5228894152129132E-16   8.6866597282260730E+15
   1.5000000000000000E+08   6.0857198339160687E-16   9.3106686375900620E+15
   1.6000000000000000E+08   5.7056065378381603E-16   9.9309548282085480E+15
   1.7000000000000000E+08   5.3677183602173009E-16   1.0556090501087374E+16
   1.8000000000000000E+08   5.0679532350430131E-16   1.1180474279637120E+16
   1.9000000000000000E+08   4.7997405809786668E-16   1.1805246520896080E+16
   2.0000000000000000E+08   4.5577206027481097E-16   1.2432118098822758E+16
   2.1000000000000000E+08   4.3405845657350020E-16   1.3054029920784966E+16
   2.2000000000000000E+08   4.1408609809034031E-16   1.3683656866558288E+16
   2.3000000000000000E+08   3.9601207942557039E-16   1.4308179911328098E+16
   2.4000000000000000E+08   3.7957916173549123E-16   1.4927616293722412E+16
   2.5000000000000000E+08   3.6426102471451340E-16   1.5555361938382130E+16
   2.6000000000000000E+08   3.5015909483444252E-16   1.6181821814907408E+16
   2.7000000000000000E+08   3.3717270285630847E-16   1.6805073576477988E+16
   2.8000000000000000E+08   3.2510549471136156E-16   1.7428841319679468E+16
   2.9000000000000000E+08   3.1384449698598259E-16   1.8054202427940888E+16
   3.0000000000000000E+08   3.0332326684905488E-16   1.8680439975282000E+16
   3.1000000000000000E+08   2.9348566994162454E-16   1.9306605602267552E+16
   3.2000000000000000E+08   2.8439315751835787E-16   1.9923869227108440E+16
   3.3000000000000000E+08   2.7574998056156794E-16   2.0548368010546760E+16
   3.4000000000000000E+08   2.6755726526946631E-16   2.1177567627526664E+16
   3.5000000000000000E+08   2.5986630684057332E-16   2.1804335269044352E+16
   3.6000000000000000E+08   2.5261469028077593E-16   2.2430255632332140E+16
   3.7000000000000000E+08   2.4567607511084334E-16   2.3063752043921048E+16
   3.8000000000000000E+08   2.3923908959296768E-16   2.3684307146965372E+16
   3.9000000000000000E+08   2.3303291283509739E-16   2.4315072109534296E+16
   4.0000000000000000E+08   2.2716406672978652E-16   2.4943258681049316E+16
   4.1000000000000000E+08   2.2162320525494947E-16   2.5566871812732580E+16
   4.2000000000000000E+08   2.1638039690327406E-16   2.6186346640324876E+16
   4.3000000000000000E+08   2.1136677664729602E-16   2.6807486821523140E+16
   4.4000000000000000E+08   2.0642068801465395E-16   2.7449826536175316E+16
   4.5000000000000000E+08   2.0187247139359511E-16   2.8068275185637760E+16
   4.6000000000000000E+08   1.9744425238073425E-16   2.8697781835421500E+16
   4.7000000000000000E+08   1.9334390657404953E-16   2.9306390772186500E+16
   4.8000000000000000E+08   1.8925623336318741E-16   2.9939368330376800E+16
   4.9000000000000000E+08   1.8530363053929284E-16   3.0577987398248616E+16
   5.0000000000000000E+08   1.8169213983329731E-16   3.1185785387738664E+16
   5.1000000000000000E+08   1.7808879694892415E-16   3.1816780036451608E+16
   5.2000000000000000E+08   1.7453731986075070E-16   3.2464186364273432E+16
   5.3000000000000000E+08   1.7130076287160777E-16   3.3077564772593080E+16
   5.4000000000000000E+08   1.6806848406718651E-16   3.3713709687624164E+16
   5.5000000000000000E+08   1.6505431586565583E-16   3.4329378482245604E+16
   5.6000000000000000E+08   1.6208392976311360E-16   3.4958506298319692E+16
   5.7000000000000000E+08   1.5923969340373188E-16   3.5582912516129120E+16
   5.8000000000000000E+08   1.5649696669426251E-16   3.6206529744118984E+16
   5.9000000000000000E+08   1.5382618621224317E-16   3.6835159337969952E+16
   6.0000000000000000E+08   1.5127417453352081E-16   3.7456572458272704E+16
   6.1000000000000000E+08   1.4877042322522911E-16   3.8086952746662040E+16
   6.2000000000000000E+08   1.4638689171552173E-16   3.8707100158199568E+16
   6.3000000000000000E+08   1.4405124327047834E-16   3.9334697506504888E+16
   6.4000000000000000E+08   1.4188406496926404E-16   3.9935507068448248E+16
   6.5000000000000000E+08   1.3972137490355547E-16   4.0553652462920520E+16
   6.6000000000000000E+08   1.3756179707376436E-16   4.1190302831256544E+16
   6.7000000000000000E+08   1.3543482597471782E-16   4.1837186548590904E+16
   6.8000000000000000E+08   1.3351237821723223E-16   4.2439601145153480E+16
   6.9000000000000000E+08   1.3158993110221388E-16   4.3059617343206320E+16
   7.0000000000000000E+08   1.2966748590031847E-16   4.3698017588126128E+16
   7.1000000000000000E+08   1.2781345198788920E-16   4.4331891450808392E+16
   7.2000000000000000E+08   1.2607863239977541E-16   4.4941890403074416E+16
   7.3000000000000000E+08   1.2434381323291737E-16   4.5568910363609504E+16
   7.4000000000000000E+08   1.2261485121158546E-16   4.6211466421000992E+16
   7.5000000000000000E+08   1.2101252571479708E-16   4.6823351929984264E+16
   7.6000000000000000E+08   1.1942838695130143E-16   4.7444432802987536E+16
   7.7000000000000000E+08   1.1784424856259363E-16   4.8082211466354032E+16
   7.8000000000000000E+08   1.1633864552526484E-16   4.8704470074389024E+16
   7.9000000000000000E+08   1.1487696105852767E-16   4.9324181517940608E+16
   8.0000000000000000E+08   1.1341626126210695E-16   4.9959432769393616E+16
   8.1000000000000000E+08   2.0433108186281179E-16   2.7730544114108484E+16
   8.2000000000000000E+08   2.0065909034674892E-16   2.8238003420072904E+16
   8.3000000000000000E+08   1.9709103628144713E-16   2.8749212477572196E+16
   8.4000000000000000E+08   1.9369550952269746E-16   2.9253192773765572E+16
   8.5000000000000000E+08   1.9037745945899413E-16   2.9763040727522016E+16
   8.6000000000000000E+08   1.8713330355724060E-16   3.0279014861440872E+16
   8.7000000000000000E+08   1.8395966398675301E-16   3.0801383067802512E+16
   8.8000000000000000E+08   1.8089466095962894E-16   3.1323268743375284E+16
   8.9000000000000000E+08   1.7796415942823813E-16   3.1839062975851860E+16
   9.0000000000000000E+08   1.7509513551033013E-16   3.2360762410477836E+16
   9.1000000000000000E+08   1.7228490179670858E-16   3.2888616590246472E+16
   9.2000000000000000E+08   1.6957610249713579E-16   3.3413977535991068E+16
   9.3000000000000000E+08   1.6695258690961993E-16   3.3939049309536168E+16
   9.4000000000000000E+08   1.6438063424642859E-16   3.4470070671377280E+16
   9.5000000000000000E+08   1.6190738467152737E-16   3.4996625329818324E+16
   9.6000000000000000E+08   1.5950834211180261E-16   3.5522982713397220E+16
   9.7000000000000000E+08   1.5715471245377484E-16   3.6054993140258912E+16
   9.8000000000000000E+08   1.5484465159953862E-16   3.6592882097950984E+16
   9.9000000000000000E+08   1.5258104749995140E-16   3.7135752915066456E+16
   1.0000000000000000E+09   1.5043664400274593E-16   3.7665105580105792E+16
   1.1000000000000000E+09   1.3144459321020054E-16   4.3107228232804160E+16
   1.2000000000000000E+09   1.1642299888834821E-16   4.8669181635788432E+16
   1.3000000000000000E+09   1.0434085989531705E-16   5.4304824449070120E+16
   1.4000000000000000E+09   9.4329574370600127E-17   6.0068246011785384E+16
   1.5000000000000000E+09   8.5993583739925915E-17   6.5891102952713096E+16
   1.6000000000000000E+09   7.8929578913876828E-17   7.1788195977364096E+16
   1.7000000000000000E+09   7.2930209139063630E-17   7.7693621701754032E+16
   1.8000000000000000E+09   6.7692490928082644E-17   8.3705179138703424E+16
   1.9000000000000000E+09   6.3132716964476283E-17   8.9750803575719632E+16
   2.0000000000000000E+09   5.9134084450710830E-17   9.5819731244898000E+16
   2.1000000000000000E+09   5.5587768940755641E-17   1.0193271267136395E+17
   2.2000000000000000E+09   5.2428270653095576E-17   1.0807550981362872E+17
   2.3000000000000000E+09   4.9594788794972334E-17   1.1425015041206558E+17
   2.4000000000000000E+09   4.7039782681046522E-17   1.2045574525503216E+17
   2.5000000000000000E+09   4.4723870588083493E-17   1.2669324020872994E+17
   2.6000000000000000E+09   4.2650430176656547E-17   1.3285240162903322E+17
   2.7000000000000000E+09   4.0713060845150744E-17   1.3917430824057301E+17
   2.8000000000000000E+09   3.8955251242276874E-17   1.4545438416607766E+17
   2.9000000000000000E+09   3.7342796385734324E-17   1.5173507685259526E+17
   3.0000000000000000E+09   3.5844877686748944E-17   1.5807592172576688E+17
   3.1000000000000000E+09   3.4457637872228348E-17   1.6443994508535312E+17
   3.2000000000000000E+09   3.3178124777750676E-17   1.7078156518598627E+17
   3.3000000000000000E+09   3.1988559159206117E-17   1.7713245699125248E+17
   3.4000000000000000E+09   3.0895826935471581E-17   1.8339732713141338E+17
   3.5000000000000000E+09   2.9841102875467857E-17   1.8987944591479437E+17
   3.6000000000000000E+09   2.8878119421177902E-17   1.9621125589379171E+17
   3.7000000000000000E+09   2.7962594064818971E-17   2.0263542310651130E+17
   3.8000000000000000E+09   2.7106973144981416E-17   2.0903153034366938E+17
   3.9000000000000000E+09   2.6305138062592585E-17   2.1540324426344269E+17
   4.0000000000000000E+09   2.5542068772764130E-17   2.2183841606135584E+17
   4.1000000000000000E+09   2.4824331079921658E-17   2.2825235698145930E+17
   4.2000000000000000E+09   2.4142796681131425E-17   2.3469576264578278E+17
   4.3000000000000000E+09   2.3496573273119636E-17   2.4115057177134970E+17
   4.4000000000000000E+09   2.2887026363040119E-17   2.4757310056803562E+17
   4.5000000000000000E+09   2.2300948597713415E-17   2.5407941974545373E+17
   4.6000000000000000E+09   2.1753023500480455E-17   2.6047928828629571E+17
   4.7000000000000000E+09   2.1221509990867889E-17   2.6700324726744314E+17
   4.8000000000000000E+09   2.0723684604688202E-17   2.7341721260312842E+17
   4.9000000000000000E+09   2.0243359856244595E-17   2.7990472528859002E+17
   5.0000000000000000E+09   1.9784709756102987E-17   2.8639349019170515E+17
   5.1000000000000000E+09   1.9356584243334321E-17   2.9272789084321235E+17
   5.2000000000000000E+09   1.8942193158830912E-17   2.9913178648157786E+17
   5.3000000000000000E+09   1.8533079717306545E-17   3.0573505137351763E+17
   5.4000000000000000E+09   1.8146566698239600E-17   3.1224705883509600E+17
   5.5000000000000000E+09   1.7782436803451011E-17   3.1864092318216928E+17
   5.6000000000000000E+09   1.7422523623259641E-17   3.2522338336311021E+17
   5.7000000000000000E+09   1.7079859733172284E-17   3.3174816233855654E+17
   5.8000000000000000E+09   1.6755374417680836E-17   3.3817281179351238E+17
   5.9000000000000000E+09   1.6434298587859710E-17   3.4477967217085485E+17
   6.0000000000000000E+09   1.6131831344310962E-17   3.5124419283483616E+17
   6.1000000000000000E+09   1.5839052812304819E-17   3.5773680071817978E+17
   6.2000000000000000E+09   1.5551741754868757E-17   3.6434581854513517E+17
   6.3000000000000000E+09   1.5282139005590837E-17   3.7077349429993274E+17
   6.4000000000000000E+09   1.5014985352473229E-17   3.7737046999828672E+17
   6.5000000000000000E+09   1.4762205274151279E-17   3.8383235934280019E+17
   6.6000000000000000E+09   1.4513996609021657E-17   3.9039640370028691E+17
   6.7000000000000000E+09   1.4280409058067528E-17   3.9678219695528698E+17
   6.8000000000000000E+09   1.4053276810159504E-17   4.0319508083580563E+17
   6.9000000000000000E+09   1.3827948853092357E-17   4.0976518930449133E+17
   7.0000000000000000E+09   1.3604322824587853E-17   4.1650085436368448E+17
   7.1000000000000000E+09   1.3397926205649146E-17   4.2291709869928179E+17
   7.2000000000000000E+09   1.3194864911169633E-17   4.2942554680371814E+17
   7.3000000000000000E+09   1.2993239090574939E-17   4.3608926457686611E+17
   7.4000000000000000E+09   1.2803364565903283E-17   4.4255648976597427E+17
   7.5000000000000000E+09   1.2616312991454534E-17   4.4911790658000762E+17
   7.6000000000000000E+09   1.2436622465279274E-17   4.5560698616519226E+17
   7.7000000000000000E+09   1.2263816968289062E-17   4.6202679754040013E+17
   7.8000000000000000E+09   1.2092108820451851E-17   4.6858758580610278E+17
   7.9000000000000000E+09   1.1921442812965746E-17   4.7529583192041562E+17
   8.0000000000000000E+09   1.1762817707826825E-17   4.8170533797442003E+17
   8.1000000000000000E+09   1.1607176876796015E-17   4.8816453299747475E+17
   8.2000000000000000E+09   1.1452432144565813E-17   4.9476058953720461E+17
   8.3000000000000000E+09   1.1298540586876016E-17   5.0149946675961715E+17
   8.4000000000000000E+09   1.1156741015049268E-17   5.0787340782017715E+17
   8.5000000000000000E+09   1.1015807171429991E-17   5.1437102985751232E+17
   8.6000000000000000E+09   1.0875612269430216E-17   5.2100166308862650E+17
   8.7000000000000000E+09   1.0739169923672634E-17   5.2762104704107853E+17
   8.8000000000000000E+09   1.0609984935038598E-17   5.3404525210662803E+17
   8.9000000000000000E+09   1.0481443149946173E-17   5.4059464888757350E+17
   9.0000000000000000E+09   1.0353516140988579E-17   5.4727418225082234E+17
   9.1000000000000000E+09   1.0232200553122174E-17   5.5376280498638874E+17
   9.2000000000000000E+09   1.0113770218879798E-17   5.6024726257897952E+17
   9.3000000000000000E+09   9.9958783029890623E-18   5.6685484834142586E+17
   9.4000000000000000E+09   9.8800646181113223E-18   5.7349949605525651E+17
   9.5000000000000000E+09   9.7703999248159552E-18   5.7993655562537766E+17
   9.6000000000000000E+09   9.6612087876102847E-18   5.8649100791059085E+17
   9.7000000000000000E+09   9.5524717794215845E-18   5.9316711007580813E+17
   9.8000000000000000E+09   9.4492173494715393E-18   5.9964882486242150E+17
   9.9000000000000000E+09   9.3476075283101006E-18   6.0616709273678451E+17
   1.0000000000000000E+10   9.2463992378133681E-18   6.1280201446505856E+17
   1.1000000000000000E+10   8.3571977089400037E-18   6.7800383296171840E+17
   1.2000000000000000E+10   7.6168662571303718E-18   7.4390331774250419E+17
   1.3000000000000000E+10   6.9984544185861496E-18   8.0963763433711424E+17
   1.4000000000000000E+10   6.4719054373489040E-18   8.7550909609724966E+17
   1.5000000000000000E+10   6.0205465302534598E-18   9.4114579980526630E+17
   1.6000000000000000E+10   5.6284523217191678E-18   1.0067087283684252E+18
   1.7000000000000000E+10   5.2836220143179396E-18   1.0724105668659689E+18
   1.8000000000000000E+10   4.9763408870074384E-18   1.1386302120648399E+18
   1.9000000000000000E+10   4.7055331255514426E-18   1.2041594285485322E+18
   2.0000000000000000E+10   4.4606217468482324E-18   1.2702740561859615E+18
   2.1000000000000000E+10   4.2433017449827929E-18   1.3353309333185756E+18
   2.2000000000000000E+10   4.0441331723539190E-18   1.4010943354227259E+18
   2.3000000000000000E+10   3.8622320767454332E-18   1.4670822381691085E+18
   2.4000000000000000E+10   3.6958821198381482E-18   1.5331149359623926E+18
   2.5000000000000000E+10   3.5433115109761714E-18   1.5991289678956818E+18
   2.6000000000000000E+10   3.4050056579482203E-18   1.6640830144448412E+18
   2.7000000000000000E+10   3.2733197298781264E-18   1.7310292140912189E+18
   2.8000000000000000E+10   3.1540981364573118E-18   1.7964602984244846E+18
   2.9000000000000000E+10   3.0420562501695927E-18   1.8626256760256573E+18
   3.0000000000000000E+10   2.9391223749889294E-18   1.9278585089542438E+18
   3.1000000000000000E+10   2.8404422944453861E-18   1.9948344279201692E+18
   3.2000000000000000E+10   2.7512951447125613E-18   2.0594708242659971E+18
   3.3000000000000000E+10   2.6649665099197755E-18   2.1261850977822554E+18
   3.4000000000000000E+10   2.5846491913189487E-18   2.1922557608635241E+18
   3.5000000000000000E+10   2.5097650729316741E-18   2.2576663212790162E+18
   3.6000000000000000E+10   2.4384074775939023E-18   2.3237347045340211E+18
   3.7000000000000000E+10   2.3705398985182006E-18   2.3902622702204268E+18
   3.8000000000000000E+10   2.3074615049238966E-18   2.4556041638783887E+18
   3.9000000000000000E+10   2.2472600092900866E-18   2.5213869583654364E+18
   4.0000000000000000E+10   2.1904650080969340E-18   2.5867621982252042E+18
   4.1000000000000000E+10   2.1371463990644375E-18   2.6512980495677174E+18
   4.2000000000000000E+10   2.0839643995469552E-18   2.7189581936774083E+18
   4.3000000000000000E+10   2.0354663713577842E-18   2.7837414359739551E+18
   4.4000000000000000E+10   1.9882283595990622E-18   2.8498799205453635E+18
   4.5000000000000000E+10   1.9429472397882433E-18   2.9162974492800737E+18
   4.6000000000000000E+10   1.9003521637838549E-18   2.9816642343796050E+18
   4.7000000000000000E+10   1.8586271377012910E-18   3.0486007465101686E+18
   4.8000000000000000E+10   1.8197282147758276E-18   3.1137683273093806E+18
   4.9000000000000000E+10   1.7815241071957033E-18   3.1805419059972173E+18
   5.0000000000000000E+10   1.7456719076492214E-18   3.2458631284904612E+18
   5.1000000000000000E+10   1.7107632960595705E-18   3.3120958887365038E+18
   5.2000000000000000E+10   1.6773144507408316E-18   3.3781453900773207E+18
   5.3000000000000000E+10   1.6459470125142901E-18   3.4425239915984358E+18
   5.4000000000000000E+10   1.6153749916648702E-18   3.5076759939439130E+18
   5.5000000000000000E+10   1.5848483502284448E-18   3.5752392830919557E+18
   5.6000000000000000E+10   1.5563155333275647E-18   3.6407861761588040E+18
   5.7000000000000000E+10   1.5286425338096423E-18   3.7066952895514624E+18
   5.8000000000000000E+10   1.5016141921155688E-18   3.7734140428556401E+18
   5.9000000000000000E+10   1.4759181276816901E-18   3.8391100246058102E+18
   6.0000000000000000E+10   1.4511421790144966E-18   3.9046567327594783E+18
   6.1000000000000000E+10   1.4274262458902749E-18   3.9695305419764372E+18
   6.2000000000000000E+10   1.4037381778819342E-18   4.0365163310082662E+18
   6.3000000000000000E+10   1.3812748251848246E-18   4.1021612615882092E+18
   6.4000000000000000E+10   1.3597513004704438E-18   4.1670944366957619E+18
   6.5000000000000000E+10   1.3382507712362677E-18   4.2340435748419574E+18
   6.6000000000000000E+10   1.3178411229238814E-18   4.2996169879026417E+18
   6.7000000000000000E+10   1.2983924411137449E-18   4.3640211542049700E+18
   6.8000000000000000E+10   1.2789629039651699E-18   4.4303177691184404E+18
   6.9000000000000000E+10   1.2595514097250035E-18   4.4985953218990177E+18
   7.0000000000000000E+10   1.2418900527970315E-18   4.5625714343379732E+18
   7.1000000000000000E+10   1.2242965246131178E-18   4.6281370285444188E+18
   7.2000000000000000E+10   1.2067181772707938E-18   4.6955554214782382E+18
   7.3000000000000000E+10   1.1901423986257784E-18   4.7609530473183867E+18
   7.4000000000000000E+10   1.1740098006537099E-18   4.8263754496130826E+18
   7.5000000000000000E+10   1.1578900671237138E-18   4.8935665313681388E+18
   7.6000000000000000E+10   1.1426119371991112E-18   4.9589995474489958E+18
   7.7000000000000000E+10   1.1276924287272444E-18   5.0246077167293850E+18
   7.8000000000000000E+10   1.1127838937469076E-18   5.0919249562475612E+18
   7.9000000000000000E+10   1.0992270905713438E-18   5.1547238310284861E+18
   8.0000000000000000E+10   1.0857006170464421E-18   5.2189452511270287E+18
   8.1000000000000000E+10   1.0721835610902915E-18   5.2847406779099525E+18
   8.2000000000000000E+10   1.0586754661221470E-18   5.3521709539894661E+18
   8.3000000000000000E+10   1.0451759028994066E-18   5.4212999589462989E+18
   8.4000000000000000E+10   1.0330266072883749E-18   5.4850591838613309E+18
   8.5000000000000000E+10   1.0208999870888394E-18   5.5502127055930081E+18
   8.6000000000000000E+10   1.0087807563054988E-18   5.6168915238151711E+18
   8.7000000000000000E+10   9.9669958904226919E-19   5.6849748327125228E+18
   8.8000000000000000E+10   9.8553389697569700E-19   5.7493832498994616E+18
   8.9000000000000000E+10   9.7437463694454092E-19   5.8152294452659497E+18
   9.0000000000000000E+10   9.6322152467473298E-19   5.8825638073169275E+18
   9.1000000000000000E+10   9.5293517572064462E-19   5.9460624645272607E+18
   9.2000000000000000E+10   9.4270745718651339E-19   6.0105730959113021E+18
   9.3000000000000000E+10   9.3248512283589857E-19   6.0764637855540029E+18
   9.4000000000000000E+10   9.2226794477771606E-19   6.1437807868795412E+18
   9.5000000000000000E+10   9.1215679764268851E-19   6.2118838494911826E+18
   9.6000000000000000E+10   9.0295019241822080E-19   6.2752210775938191E+18
   9.7000000000000000E+10   8.9374812848392264E-19   6.3398309869379963E+18
   9.8000000000000000E+10   8.8455042143000368E-19   6.4057536373335992E+18
   9.9000000000000000E+10   8.7535689611301707E-19   6.4730307199735030E+18
   1.0000000000000000E+11   8.6616738610267731E-19   6.5417056453433917E+18
   1.1000000000000000E+11   8.6505188934104562E-19   6.5501412681688474E+18
