   1.0000000000000000E+00   0.0000000000000000E+00   1.0000000000000000E+30
   2.0000000000000000E+00   0.0000000000000000E+00   1.0000000000000000E+30
   3.0000000000000000E+00   0.0000000000000000E+00   1.0000000000000000E+30
   4.0000000000000000E+00   0.0000000000000000E+00   1.0000000000000000E+30
   5.0000000000000000E+00   0.0000000000000000E+00   1.0000000000000000E+30
   6.0000000000000000E+00   8.0069740522763254E-04   7.0765960305183589E+03
   7.0000000000000000E+00   1.1100633797556422E-03   5.1044041113467911E+03
   8.0000000000000000E+00   1.4816629045170840E-03   3.8242248369759873E+03
   9.0000000000000000E+00   1.9231335938061141E-03   2.9463434561850145E+03
   1.0000000000000000E+01   2.4442816302542177E-03   2.3181502529603754E+03
   1.1000000000000000E+01   3.0577948208101355E-03   1.8530386803320575E+03
   1.1259000000000000E+01   3.2336857291014182E-03   1.7522457511833563E+03
   1.1260999999999999E+01   3.2350731722649764E-03   1.7514942561602466E+03
   1.2000000000000000E+01   3.7803125072488485E-03   1.4988739869032265E+03
   1.3000000000000000E+01   4.6340877614899677E-03   1.2227243788016640E+03
   1.4000000000000000E+01   5.6496863021334009E-03   1.0029250787500489E+03
   1.5000000000000000E+01   6.8706208139921966E-03   8.2470161472756968E+02
   1.6000000000000000E+01   8.3618986698641325E-03   6.7762266719410991E+02
   1.6588999999999999E+01   9.4061806968478209E-03   6.0239243345378884E+02
   1.6591000000000001E+01   9.4099782600894216E-03   6.0214932732760303E+02
   1.7000000000000000E+01   1.0227322249513268E-02   5.5402694285396910E+02
   1.8000000000000000E+01   1.2649069944994509E-02   4.4795483811222408E+02
   1.9000000000000000E+01   1.5994319539722017E-02   3.5426402888901475E+02
   2.0000000000000000E+01   2.1170236617659221E-02   2.6764991727837963E+02
   2.1000000000000000E+01   3.1060196578298716E-02   1.8242679389347811E+02
   2.2000000000000000E+01   5.1535030479028618E-02   1.0994874800328276E+02
   2.3000000000000000E+01   5.5995309870073222E-02   1.0119083352922972E+02
   2.4000000000000000E+01   5.9447976467384353E-02   9.5313792263205713E+01
   2.5000000000000000E+01   6.7185829956435461E-02   8.4336415627436480E+01
   2.6000000000000000E+01   7.6964898524699579E-02   7.3620730853842588E+01
   2.7000000000000000E+01   9.5666791337517126E-02   5.9228620509383873E+01
   2.8000000000000000E+01   1.2252620756936888E-01   4.6244898882324883E+01
   2.9000000000000000E+01   1.4458317980570970E-01   3.9189981068990512E+01
   3.0000000000000000E+01   1.3616834000828404E-01   4.1611817248675422E+01
   3.1000000000000000E+01   1.2820495991812542E-01   4.4196512233994575E+01
   3.2000000000000000E+01   1.2009630745308376E-01   4.7180568658980199E+01
   3.3000000000000000E+01   1.0948611772503902E-01   5.1752790191266179E+01
   3.4000000000000000E+01   9.9680679738414851E-02   5.6843634035699438E+01
   3.5000000000000000E+01   9.1487331607714481E-02   6.1934390039663398E+01
   3.6000000000000000E+01   8.3419474806663771E-02   6.7924331729640443E+01
   3.7000000000000000E+01   7.5171189424012547E-02   7.5377443444711673E+01
   3.8000000000000000E+01   6.7263739823299765E-02   8.4238730917507979E+01
   3.9000000000000000E+01   6.0193158993784933E-02   9.4133821420890399E+01
   4.0000000000000000E+01   5.4125279793347580E-02   1.0468697993089424E+02
   4.1000000000000000E+01   4.9008833864239459E-02   1.1561613759626118E+02
   4.2000000000000000E+01   4.4697844233769504E-02   1.2676701028009208E+02
   4.3000000000000000E+01   4.0997494146214911E-02   1.3820874171655552E+02
   4.4000000000000000E+01   3.7791327772302520E-02   1.4993418896578206E+02
   4.5000000000000000E+01   3.4983417262328204E-02   1.6196851316700437E+02
   4.6000000000000000E+01   3.2487845487388346E-02   1.7441021386536127E+02
   4.7000000000000000E+01   3.0267211098613214E-02   1.8720628276649609E+02
   4.8000000000000000E+01   2.8275288529084890E-02   2.0039449194839381E+02
   4.9000000000000000E+01   2.6504631229636283E-02   2.1378196249508693E+02
   5.0000000000000000E+01   2.4915636416608197E-02   2.2741590801602987E+02
   5.1000000000000000E+01   2.3494253754247459E-02   2.4117437986111119E+02
   5.2000000000000000E+01   2.2221486766931822E-02   2.5498798252834288E+02
   5.3000000000000000E+01   2.1093520845770691E-02   2.6862334272736194E+02
   5.4000000000000000E+01   2.0076016573568934E-02   2.8223786619802166E+02
   5.5000000000000000E+01   1.9150821208352514E-02   2.9587306036823787E+02
   5.6000000000000000E+01   1.8317499365691832E-02   3.0933327559398589E+02
   5.7000000000000000E+01   1.7561119462258704E-02   3.2265665589586672E+02
   5.8000000000000000E+01   1.6876708338469389E-02   3.3574154188375951E+02
   5.9000000000000000E+01   1.6241866022815740E-02   3.4886459914892845E+02
   6.0000000000000000E+01   1.5647969384082389E-02   3.6210526365446913E+02
   6.1000000000000000E+01   1.5094863097888340E-02   3.7537353222321542E+02
   6.2000000000000000E+01   1.4587712474562954E-02   3.8842361949212830E+02
   6.3000000000000000E+01   1.4114598640264747E-02   4.0144337248926075E+02
   6.4000000000000000E+01   1.3667166259052429E-02   4.1458572845905098E+02
   6.5000000000000000E+01   1.3241724500088922E-02   4.2790590299942914E+02
   6.6000000000000000E+01   1.2833725155633259E-02   4.4150953918419208E+02
   6.7000000000000000E+01   1.2449357659397222E-02   4.5514091847165730E+02
   6.8000000000000000E+01   1.2087580848600532E-02   4.6876311732270500E+02
   6.9000000000000000E+01   1.1737367597201261E-02   4.8274981869284773E+02
   7.0000000000000000E+01   1.1404585070811919E-02   4.9683632015529554E+02
   7.1000000000000000E+01   1.1086301611535470E-02   5.1110029999404242E+02
   7.2000000000000000E+01   1.0777377923223395E-02   5.2575052297929551E+02
   7.3000000000000000E+01   1.0489346291995799E-02   5.4018734073104076E+02
   7.4000000000000000E+01   1.0209369191245847E-02   5.5500119285908272E+02
   7.5000000000000000E+01   9.9362321452471595E-03   5.7025761844650106E+02
   7.6000000000000000E+01   9.6751390024905209E-03   5.8564658120380989E+02
   7.7000000000000000E+01   9.4223415126826124E-03   6.0135923452290581E+02
   7.8000000000000000E+01   9.1775645629154304E-03   6.1739822592762368E+02
   7.9000000000000000E+01   8.9462095844179117E-03   6.3336455803018032E+02
   8.0000000000000000E+01   8.7242287882760179E-03   6.4947999611091188E+02
   8.1000000000000000E+01   8.5072517415584002E-03   6.6604495219066473E+02
   8.2000000000000000E+01   8.2982997820540780E-03   6.8281602596883488E+02
   8.3000000000000000E+01   8.0967614929025999E-03   6.9981215137028073E+02
   8.4000000000000000E+01   7.8988148477396741E-03   7.1734965165079905E+02
   8.5000000000000000E+01   7.7082148857119575E-03   7.3508745714694271E+02
   8.6000000000000000E+01   7.5281026463394091E-03   7.5267465730364972E+02
   8.7000000000000000E+01   7.3510189428859091E-03   7.7080634990932799E+02
   8.8000000000000000E+01   7.1781826707984003E-03   7.8936582410070980E+02
   8.9000000000000000E+01   7.0111006154720008E-03   8.0817725921321039E+02
   9.0000000000000000E+01   6.8487620853817004E-03   8.2733375883715189E+02
   9.1000000000000000E+01   6.6943677859800516E-03   8.4641481624999847E+02
   9.2000000000000000E+01   6.5433507299884498E-03   8.6594962020173045E+02
   9.3000000000000000E+01   6.3960997936050338E-03   8.8588550246595923E+02
   9.4000000000000000E+01   6.2559526219174806E-03   9.0573129656207209E+02
   9.5000000000000000E+01   6.1209385566454062E-03   9.2570968112863955E+02
   9.6000000000000000E+01   5.9885550087153197E-03   9.4617350449883315E+02
   9.7000000000000000E+01   5.8582758115939470E-03   9.6721497275126160E+02
   9.8000000000000000E+01   5.7328949943903709E-03   9.8836836973720835E+02
   9.9000000000000000E+01   5.6094236855978811E-03   1.0101237483679716E+03
   1.0000000000000000E+02   5.4927194427096364E-03   1.0315859272588282E+03
   1.1000000000000000E+02   4.4799277501647548E-03   1.2647998797015939E+03
   1.2000000000000000E+02   3.7081288568534721E-03   1.5280515586743311E+03
   1.3000000000000000E+02   3.1111526338424844E-03   1.8212581465288179E+03
   1.4000000000000000E+02   2.6377166056165452E-03   2.1481504371679011E+03
   1.5000000000000000E+02   2.2608650988060531E-03   2.5062141400973019E+03
   1.6000000000000000E+02   1.9531789715735897E-03   2.9010204195036968E+03
   1.7000000000000000E+02   1.7017299710186083E-03   3.3296775493050618E+03
   1.8000000000000000E+02   1.4921748987649830E-03   3.7972841415372450E+03
   1.9000000000000000E+02   1.3176923813735203E-03   4.3001023300855213E+03
   2.0000000000000000E+02   1.1693836707609066E-03   4.8454687893779674E+03
   2.1000000000000000E+02   1.0433146301076219E-03   5.4309715554316745E+03
   2.2000000000000000E+02   9.3439247275938517E-04   6.0640600654103473E+03
   2.3000000000000000E+02   8.4137669544110966E-04   6.7344533194012238E+03
   2.4000000000000000E+02   7.6074457862067789E-04   7.4482450992338891E+03
   2.5000000000000000E+02   6.8997039418487130E-04   8.2122539274663486E+03
   2.6000000000000000E+02   6.2854579306303364E-04   9.0147959655693357E+03
   2.7000000000000000E+02   5.7394401871472276E-04   9.8724124561294338E+03
   2.8000000000000000E+02   5.2645176767512187E-04   1.0763022231842679E+04
   2.8799900000000002E+02   4.9218055567800290E-04   1.1512466338038748E+04
   2.8800099999999998E+02   4.9217238048067228E-04   1.1512657565112448E+04
   2.9000000000000000E+02   4.8400906263039754E-04   1.1706830547111236E+04
   3.0000000000000000E+02   4.4593327456462746E-04   1.2706412377529434E+04
   3.1000000000000000E+02   4.1187799360640050E-04   1.3757015833419273E+04
   3.2000000000000000E+02   3.8149330957961157E-04   1.4852716776931487E+04
   3.3000000000000000E+02   3.5421144366896821E-04   1.5996694010754854E+04
   3.4000000000000000E+02   3.2962287160131950E-04   1.7189984578295665E+04
   3.5000000000000000E+02   3.0732110093867251E-04   1.8437432581666220E+04
   3.6000000000000000E+02   2.8692924754885967E-04   1.9747767534626615E+04
   3.7000000000000000E+02   2.6814907333851584E-04   2.1130828493772540E+04
   3.8000000000000000E+02   2.5107068638586247E-04   2.2568194483572621E+04
   3.9000000000000000E+02   2.3553638329467129E-04   2.4056631931854939E+04
   4.0000000000000000E+02   2.2132284313471459E-04   2.5601569179333692E+04
   4.1000000000000000E+02   2.0814214376262268E-04   2.7222800616209126E+04
   4.2000000000000000E+02   1.9587113867178483E-04   2.8928264357389118E+04
   4.3000000000000000E+02   1.8462400218422769E-04   3.0690549508433713E+04
   4.4000000000000000E+02   1.7426244050562618E-04   3.2515394958544017E+04
   4.5000000000000000E+02   1.6476847144291870E-04   3.4388933937784204E+04
   4.6000000000000000E+02   1.5576363990424630E-04   3.6376988127418219E+04
   4.7000000000000000E+02   1.4752116153335395E-04   3.8409486615919202E+04
   4.8000000000000000E+02   1.3976794705594634E-04   4.0540139558693969E+04
   4.9000000000000000E+02   1.3256907111711502E-04   4.2741583928535882E+04
   5.0000000000000000E+02   1.2594747120487563E-04   4.4988692708749404E+04
   5.1000000000000000E+02   1.1973762039690136E-04   4.7321903180454785E+04
   5.2000000000000000E+02   1.1389767162143777E-04   4.9748269642535182E+04
   5.3000000000000000E+02   1.0838981103996127E-04   5.2276242804696732E+04
   5.4000000000000000E+02   1.0326416038064992E-04   5.4871041981976676E+04
   5.5000000000000000E+02   9.8496493056258962E-05   5.7527043894281611E+04
   5.6000000000000000E+02   9.3990810177357195E-05   6.0284745591492188E+04
   5.7000000000000000E+02   8.9774751329146181E-05   6.3115876074174404E+04
   5.8000000000000000E+02   8.5803088513791665E-05   6.6037390700329488E+04
   5.9000000000000000E+02   8.2113739195204400E-05   6.9004433789213334E+04
   6.0000000000000000E+02   7.8611197040796572E-05   7.2078944129799216E+04
   6.1000000000000000E+02   7.5287940793993435E-05   7.5260553280164502E+04
   6.2000000000000000E+02   7.2158428503715430E-05   7.8524604775566331E+04
   6.3000000000000000E+02   6.9182843748087893E-05   8.1901982811118811E+04
   6.4000000000000000E+02   6.6366066173943124E-05   8.5378151910183602E+04
   6.5000000000000000E+02   6.3704731752956554E-05   8.8944917018934677E+04
   6.6000000000000000E+02   6.1207833411822937E-05   9.2573315597635985E+04
   6.7000000000000000E+02   5.8856148712066526E-05   9.6272219699596870E+04
   6.8000000000000000E+02   5.6590736148818531E-05   1.0012614192859390E+05
   6.9000000000000000E+02   5.4442589249196710E-05   1.0407682951199493E+05
   7.0000000000000000E+02   5.2423852054842212E-05   1.0808461906905686E+05
   7.1000000000000000E+02   5.0530967381302023E-05   1.1213345742470157E+05
   7.2000000000000000E+02   4.8702349356019268E-05   1.1634371143083079E+05
   7.3000000000000000E+02   4.6967056123629777E-05   1.2064226602930439E+05
   7.4000000000000000E+02   4.5322968850811296E-05   1.2501855512006662E+05
   7.5000000000000000E+02   4.3717544370498218E-05   1.2960956890579443E+05
   7.6000000000000000E+02   4.2216675525111140E-05   1.3421739180077933E+05
   7.7000000000000000E+02   4.0755836985231840E-05   1.3902823493806311E+05
   7.8000000000000000E+02   3.9393610853768617E-05   1.4383581389666267E+05
   7.9000000000000000E+02   3.8080621050548643E-05   1.4879515940558902E+05
   8.0000000000000000E+02   3.6821798738419093E-05   1.5388200124966211E+05
   8.1000000000000000E+02   3.5625656174588269E-05   1.5904863763665676E+05
   8.2000000000000000E+02   3.4507817668717802E-05   1.6420082353155519E+05
   8.3000000000000000E+02   3.3400719849900214E-05   1.6964341202655673E+05
   8.4000000000000000E+02   3.2358283414024594E-05   1.7510854970212630E+05
   8.5000000000000000E+02   3.1345022559896211E-05   1.8076911792463472E+05
   8.6000000000000000E+02   3.0388926673833345E-05   1.8645647279010864E+05
   8.7000000000000000E+02   2.9481276246168611E-05   1.9219697384086603E+05
   8.8000000000000000E+02   2.8589449753510056E-05   1.9819241462611736E+05
   8.9000000000000000E+02   2.7755146597255701E-05   2.0414996042717577E+05
   9.0000000000000000E+02   2.6934175229303798E-05   2.1037258543248425E+05
   9.1000000000000000E+02   2.6144938360838649E-05   2.1672309956436476E+05
   9.2000000000000000E+02   2.5386433866956838E-05   2.2319842594573300E+05
   9.3000000000000000E+02   2.4663216970998078E-05   2.2974343071883995E+05
   9.4000000000000000E+02   2.3941864574059914E-05   2.3666544691842151E+05
   9.5000000000000000E+02   2.3270599136665840E-05   2.4349231604236455E+05
   9.6000000000000000E+02   2.2611464723067971E-05   2.5059022707624978E+05
   9.7000000000000000E+02   2.1988507011262384E-05   2.5768971383905297E+05
   9.8000000000000000E+02   2.1386051599675662E-05   2.6494895764518529E+05
   9.9000000000000000E+02   2.0812268752905448E-05   2.7225345524568029E+05
   1.0000000000000000E+03   2.0240836482606813E-05   2.7993962029925274E+05
   1.1000000000000000E+03   1.5595382322807801E-05   3.6332626941716851E+05
   1.2000000000000000E+03   1.2267905642760744E-05   4.6187281223701203E+05
   1.3000000000000000E+03   9.8095879095217623E-06   5.7761978706365998E+05
   1.4000000000000000E+03   7.9735681842521668E-06   7.1062439657454845E+05
   1.5000000000000000E+03   6.5587263778809573E-06   8.6391957112119929E+05
   1.6000000000000000E+03   5.4576545826965110E-06   1.0382137589734856E+06
   1.7000000000000000E+03   4.5875407557690774E-06   1.2351306246935572E+06
   1.8000000000000000E+03   3.8911710593904545E-06   1.4561714180634909E+06
   1.9000000000000000E+03   3.3325103134681575E-06   1.7002834339568368E+06
   2.0000000000000000E+03   2.8680450430085982E-06   1.9756356662851849E+06
   2.1000000000000000E+03   2.4881676855921634E-06   2.2772629482693817E+06
   2.2000000000000000E+03   2.1718535065378731E-06   2.6089292221705401E+06
   2.3000000000000000E+03   1.9067137588118686E-06   2.9717161547158519E+06
   2.4000000000000000E+03   1.6801436913128656E-06   3.3724568373390916E+06
   2.5000000000000000E+03   1.4890410670695599E-06   3.8052758951983424E+06
   2.6000000000000000E+03   1.3263590428061306E-06   4.2720047111017620E+06
   2.7000000000000000E+03   1.1857404200495872E-06   4.7786277533182641E+06
   2.8000000000000000E+03   1.0631639433093856E-06   5.3295751000006590E+06
   2.9000000000000000E+03   9.5673172859855243E-07   5.9224669885049602E+06
   3.0000000000000000E+03   8.6456694268909570E-07   6.5538153261520462E+06
   3.1000000000000000E+03   7.8331234342838900E-07   7.2336560594467670E+06
   3.2000000000000000E+03   7.1245656226716016E-07   7.9530632175656380E+06
   3.3000000000000000E+03   6.4916398340950397E-07   8.7284757384727988E+06
   3.4000000000000000E+03   5.9273403017714090E-07   9.5594512732579969E+06
   3.5000000000000000E+03   5.4272054166383643E-07   1.0440386247605663E+07
   3.6000000000000000E+03   4.9858049643157605E-07   1.1364688590978269E+07
   3.7000000000000000E+03   4.5854285908624905E-07   1.2356995572390836E+07
   3.8000000000000000E+03   4.2294680871303766E-07   1.3396985064674277E+07
   3.9000000000000000E+03   3.9089367513483930E-07   1.4495532775058705E+07
   4.0000000000000000E+03   3.6168984317848235E-07   1.5665941928825798E+07
   4.1000000000000000E+03   3.3528702142275719E-07   1.6899586674832225E+07
   4.2000000000000000E+03   3.1141906434525678E-07   1.8194814409943543E+07
   4.3000000000000000E+03   2.8968491959116276E-07   1.9559913879800975E+07
   4.4000000000000000E+03   2.7000077614576872E-07   2.0985910338350747E+07
   4.5000000000000000E+03   2.5192828605689603E-07   2.2491369143838596E+07
   4.6000000000000000E+03   2.3552867415363441E-07   2.4057419334786244E+07
   4.7000000000000000E+03   2.2057850881319911E-07   2.5687960762663182E+07
   4.8000000000000000E+03   2.0678540106234682E-07   2.7401412528981302E+07
   4.9000000000000000E+03   1.9392000459952917E-07   2.9219327274572324E+07
   5.0000000000000000E+03   1.8223504067010556E-07   3.1092879056874592E+07
   5.1000000000000000E+03   1.7130413580608896E-07   3.3076913483829677E+07
   5.2000000000000000E+03   1.6126254408209215E-07   3.5136566347333439E+07
   5.3000000000000000E+03   1.5201580546368662E-07   3.7273835192313291E+07
   5.4000000000000000E+03   1.4346173815804692E-07   3.9496329489873745E+07
   5.5000000000000000E+03   1.3560248299522449E-07   4.1785459634096533E+07
   5.6000000000000000E+03   1.2815792120573414E-07   4.4212733993899174E+07
   5.7000000000000000E+03   1.2129564549556360E-07   4.6714060148906633E+07
   5.8000000000000000E+03   1.1496731940390613E-07   4.9285415271565415E+07
   5.9000000000000000E+03   1.0900691741182992E-07   5.1980298260092720E+07
   6.0000000000000000E+03   1.0342999832703213E-07   5.4783062661998630E+07
   6.1000000000000000E+03   9.8219281255200308E-08   5.7689406876821466E+07
   6.2000000000000000E+03   9.3382554294844565E-08   6.0677415843539760E+07
   6.3000000000000000E+03   8.8759390097987067E-08   6.3837888850125335E+07
   6.4000000000000000E+03   8.4514753375065637E-08   6.7044058619378462E+07
   6.5000000000000000E+03   8.0497461436557539E-08   7.0389947438850924E+07
   6.6000000000000000E+03   7.6721200010486969E-08   7.3854580985512510E+07
   6.7000000000000000E+03   7.3178121322379877E-08   7.7430411946737573E+07
   6.8000000000000000E+03   6.9885537738884981E-08   8.1078464340519473E+07
   6.9000000000000000E+03   6.6735072365907107E-08   8.4906060315818384E+07
   7.0000000000000000E+03   6.3794272913121941E-08   8.8820074604451239E+07
   7.1000000000000000E+03   6.1004856361244560E-08   9.2881328101607844E+07
   7.2000000000000000E+03   5.8404895139536345E-08   9.7016047472441301E+07
   7.3000000000000000E+03   5.5902298721089427E-08   1.0135919647509247E+08
   7.4000000000000000E+03   5.3590766189875523E-08   1.0573112650422764E+08
   7.5000000000000000E+03   5.1354238037688600E-08   1.1033582224161932E+08
   7.6000000000000000E+03   4.9237712242107634E-08   1.1507870332437018E+08
   7.7000000000000000E+03   4.7234638086839336E-08   1.1995883336849260E+08
   7.8000000000000000E+03   4.5360609295638390E-08   1.2491481414084628E+08
   7.9000000000000000E+03   4.3552299325189406E-08   1.3010133029194714E+08
   8.0000000000000000E+03   4.1855221204994011E-08   1.3537646956227633E+08
   8.1000000000000000E+03   4.0214126772255343E-08   1.4090103489178497E+08
   8.2000000000000000E+03   3.8689806466611447E-08   1.4645232418957809E+08
   8.3000000000000000E+03   3.7229213420643709E-08   1.5219800685711727E+08
   8.4000000000000000E+03   3.5835278304827337E-08   1.5811826634305567E+08
   8.5000000000000000E+03   3.4515601833607744E-08   1.6416379198009634E+08
   8.6000000000000000E+03   3.3278732831383071E-08   1.7026525944331530E+08
   8.7000000000000000E+03   3.2055272576908892E-08   1.7676380900787866E+08
   8.8000000000000000E+03   3.0922003846324161E-08   1.8324207278545380E+08
   8.9000000000000000E+03   2.9828676986467803E-08   1.8995854499516591E+08
   9.0000000000000000E+03   2.8793047273159702E-08   1.9679098310522145E+08
   9.1000000000000000E+03   2.7803359335196526E-08   2.0379595181893376E+08
   9.2000000000000000E+03   2.6856445468349764E-08   2.1098146015480071E+08
   9.3000000000000000E+03   2.5946563899126668E-08   2.1838005608407101E+08
   9.4000000000000000E+03   2.5074437663860809E-08   2.2597563923225251E+08
   9.5000000000000000E+03   2.4233427251314106E-08   2.3381802419931963E+08
   9.6000000000000000E+03   2.3430438704603328E-08   2.4183124144265321E+08
   9.7000000000000000E+03   2.2668093276097795E-08   2.4996421227253857E+08
   9.8000000000000000E+03   2.1934831319129424E-08   2.5832029419522801E+08
   9.9000000000000000E+03   2.1237459215125905E-08   2.6680272918168011E+08
   1.0000000000000000E+04   2.0571454358652410E-08   2.7544051969748020E+08
   1.1000000000000000E+04   1.5151242915849827E-08   3.7397671669251293E+08
   1.2000000000000000E+04   1.1455847242372474E-08   4.9461309666579998E+08
   1.3000000000000000E+04   8.8407184065698530E-09   6.4092213086093199E+08
   1.4000000000000000E+04   6.9559634774365729E-09   8.1458335683618891E+08
   1.5000000000000000E+04   5.5609364496189730E-09   1.0189312772794688E+09
   1.6000000000000000E+04   4.5079342340663279E-09   1.2569420460176225E+09
   1.7000000000000000E+04   3.7000968101694605E-09   1.5313686020071208E+09
   1.8000000000000000E+04   3.0686120694691425E-09   1.8465064828023195E+09
   1.9000000000000000E+04   2.5716918247299425E-09   2.2033013539930010E+09
   2.0000000000000000E+04   2.1766023504246216E-09   2.6032371408469825E+09
   2.1000000000000000E+04   1.8527790816840433E-09   3.0582232579666400E+09
   2.2000000000000000E+04   1.5894573723934319E-09   3.5648719983902025E+09
   2.3000000000000000E+04   1.3739516267341441E-09   4.1240258894330130E+09
   2.4000000000000000E+04   1.1940630242872158E-09   4.7453207780741749E+09
   2.5000000000000000E+04   1.0436678525295571E-09   5.4291334793410673E+09
   2.6000000000000000E+04   9.1751374811176331E-10   6.1756154511485395E+09
   2.7000000000000000E+04   8.1003570099525596E-10   6.9950152474988241E+09
   2.8000000000000000E+04   7.1885312410861913E-10   7.8822945737438936E+09
   2.9000000000000000E+04   6.3988852819903819E-10   8.8549986908309307E+09
   3.0000000000000000E+04   5.7170649949968839E-10   9.9110506605029469E+09
   3.1000000000000000E+04   5.1277104411671284E-10   1.1050179499196753E+10
   3.2000000000000000E+04   4.6155174323491035E-10   1.2276439559662439E+10
   3.3000000000000000E+04   4.1706471998846702E-10   1.3585929971820442E+10
   3.4000000000000000E+04   3.7754206282652780E-10   1.5008161043194046E+10
   3.5000000000000000E+04   3.4297254995561736E-10   1.6520890899908621E+10
   3.6000000000000000E+04   3.1233569364593841E-10   1.8141417054636711E+10
   3.7000000000000000E+04   2.8518362890392265E-10   1.9868644288095306E+10
   3.8000000000000000E+04   2.6128053579099679E-10   2.1686315294502930E+10
   3.9000000000000000E+04   2.3971290262733520E-10   2.3637493090178276E+10
   4.0000000000000000E+04   2.2028490356631807E-10   2.5722198787781967E+10
   4.1000000000000000E+04   2.0280188078480166E-10   2.7939642657913902E+10
   4.2000000000000000E+04   1.8715535570058777E-10   3.0275447145338726E+10
   4.3000000000000000E+04   1.7309138842993304E-10   3.2735378292802143E+10
   4.4000000000000000E+04   1.6033485419967825E-10   3.5339864858227341E+10
   4.5000000000000000E+04   1.4873582226036549E-10   3.8095813055454651E+10
   4.6000000000000000E+04   1.3818281698470600E-10   4.1005185761318985E+10
   4.7000000000000000E+04   1.2867118787689998E-10   4.4036370324808777E+10
   4.8000000000000000E+04   1.1995354415336238E-10   4.7236720844495247E+10
   4.9000000000000000E+04   1.1194619325875806E-10   5.0615495842570068E+10
   5.0000000000000000E+04   1.0468812469984567E-10   5.4124687931185829E+10
   5.1000000000000000E+04   9.7995445443993483E-11   5.7821177849725441E+10
   5.2000000000000000E+04   9.1848717488210541E-11   6.1690704393422958E+10
   5.3000000000000000E+04   8.6205090483306162E-11   6.5729437179553680E+10
   5.4000000000000000E+04   8.0991963308506598E-11   6.9960176886897263E+10
   5.5000000000000000E+04   7.6243936375899754E-11   7.4316887988895447E+10
   5.6000000000000000E+04   7.1771810469340573E-11   7.8947598540804565E+10
   5.7000000000000000E+04   6.7629081340210322E-11   8.3783661809276215E+10
   5.8000000000000000E+04   6.3841739834388340E-11   8.8754036061343521E+10
   5.9000000000000000E+04   6.0314611704313985E-11   9.3944268550682541E+10
   6.0000000000000000E+04   5.7030259027581178E-11   9.9354486128844330E+10
   6.1000000000000000E+04   5.3971829030188239E-11   1.0498462218708418E+11
   6.2000000000000000E+04   5.1121821109834675E-11   1.1083744585910622E+11
   6.3000000000000000E+04   4.8462848690703595E-11   1.1691867549187502E+11
   6.4000000000000000E+04   4.5978143620752463E-11   1.2323707816952272E+11
   6.5000000000000000E+04   4.3661892193461914E-11   1.2977477142707736E+11
   6.6000000000000000E+04   4.1516042253150793E-11   1.3648247212317511E+11
   6.7000000000000000E+04   3.9481518151887317E-11   1.4351555727117740E+11
   6.8000000000000000E+04   3.7588926193428305E-11   1.5074152558449091E+11
   6.9000000000000000E+04   3.5797913676262233E-11   1.5828330474011691E+11
   7.0000000000000000E+04   3.4115124705167101E-11   1.6609090919201608E+11
   7.1000000000000000E+04   3.2537101896480950E-11   1.7414618233386798E+11
   7.2000000000000000E+04   3.1064326251105684E-11   1.8240254218546054E+11
   7.3000000000000000E+04   2.9676298369568436E-11   1.9093392339290643E+11
   7.4000000000000000E+04   2.8355202721267714E-11   1.9982971503251825E+11
   7.5000000000000000E+04   2.7107208864516593E-11   2.0902971264213412E+11
   7.6000000000000000E+04   2.5941881859504336E-11   2.1841946972726196E+11
   7.7000000000000000E+04   2.4832704734649591E-11   2.2817538967368423E+11
   7.8000000000000000E+04   2.3796726203690403E-11   2.3810889073478922E+11
   7.9000000000000000E+04   2.2798875777167591E-11   2.4853032819954919E+11
   8.0000000000000000E+04   2.1859127886761100E-11   2.5921491968176526E+11
   8.1000000000000000E+04   2.0971009591141876E-11   2.7019262257519604E+11
   8.2000000000000000E+04   2.0132369581821288E-11   2.8144784728155267E+11
   8.3000000000000000E+04   1.9335596830346881E-11   2.9304562611624133E+11
   8.4000000000000000E+04   1.8594852142561040E-11   3.0471939416560559E+11
   8.5000000000000000E+04   1.7860948374576021E-11   3.1724026970178827E+11
   8.6000000000000000E+04   1.7188863811166910E-11   3.2964436403289813E+11
   8.7000000000000000E+04   1.6531393142392292E-11   3.4275466263941528E+11
   8.8000000000000000E+04   1.5915981014644191E-11   3.5600771791991766E+11
   8.9000000000000000E+04   1.5328418897335708E-11   3.6965404699796399E+11
   9.0000000000000000E+04   1.4765259099227431E-11   3.8375297320564386E+11
   9.1000000000000000E+04   1.4228899477559033E-11   3.9821857540118433E+11
   9.2000000000000000E+04   1.3719916995231946E-11   4.1299171718381250E+11
   9.3000000000000000E+04   1.3244347356196298E-11   4.2782116227337592E+11
   9.4000000000000000E+04   1.2771277693648003E-11   4.4366837957790186E+11
   9.5000000000000000E+04   1.2332856049716642E-11   4.5944038077136237E+11
   9.6000000000000000E+04   1.1914283304306956E-11   4.7558144579556079E+11
   9.7000000000000000E+04   1.1511241736509785E-11   4.9223291536906018E+11
   9.8000000000000000E+04   1.1120111476373983E-11   5.0954633786889313E+11
   9.9000000000000000E+04   1.0755834308068836E-11   5.2680358558791876E+11
   1.0000000000000000E+05   1.0391567996985459E-11   5.4527017300218341E+11
   1.1000000000000000E+05   7.5847582845467636E-12   7.4705242631457239E+11
   1.2000000000000000E+05   5.6873677500821689E-12   9.9628023515770557E+11
   1.3000000000000000E+05   4.3658053799435937E-12   1.2978618115939517E+12
   1.4000000000000000E+05   3.4175486679045745E-12   1.6579755345384382E+12
   1.5000000000000000E+05   2.7269289060621039E-12   2.0778730486460176E+12
   1.6000000000000000E+05   2.2074372940040313E-12   2.5668734033220815E+12
   1.7000000000000000E+05   1.8119687407121754E-12   3.1271025554520151E+12
   1.8000000000000000E+05   1.5055139014912941E-12   3.7636398268176206E+12
   1.9000000000000000E+05   1.2641180200105420E-12   4.4823442034573330E+12
   2.0000000000000000E+05   1.0713815371419004E-12   5.2886967742563828E+12
   2.1000000000000000E+05   9.1685467097389522E-13   6.1800547664347812E+12
   2.2000000000000000E+05   7.9051475883010835E-13   7.1677498948478887E+12
   2.3000000000000000E+05   6.8622380446242024E-13   8.2570905331957383E+12
   2.4000000000000000E+05   6.0026031510827050E-13   9.4395913520589551E+12
   2.5000000000000000E+05   5.2788235537228030E-13   1.0733853900996959E+13
   2.6000000000000000E+05   4.6695819197329453E-13   1.2134302763884836E+13
   2.7000000000000000E+05   4.1525373637290508E-13   1.3645180243223281E+13
   2.8000000000000000E+05   3.7135342782683106E-13   1.5258273264472121E+13
   2.9000000000000000E+05   3.3334873936413513E-13   1.6997850630209523E+13
   3.0000000000000000E+05   3.0027503137632363E-13   1.8870074056803477E+13
   3.1000000000000000E+05   2.7196917554613361E-13   2.0834023076703648E+13
   3.2000000000000000E+05   2.4709350103248333E-13   2.2931449252221832E+13
   3.3000000000000000E+05   2.2524930186537637E-13   2.5155292525020613E+13
   3.4000000000000000E+05   2.0611875553524408E-13   2.7490036337383926E+13
   3.5000000000000000E+05   1.8905561578400497E-13   2.9971138683094348E+13
   3.6000000000000000E+05   1.7405728442107858E-13   3.2553719876339902E+13
   3.7000000000000000E+05   1.6048740001779218E-13   3.5306273756394820E+13
   3.8000000000000000E+05   1.4857127220984095E-13   3.8138006057303586E+13
   3.9000000000000000E+05   1.3782215244644746E-13   4.1112491561774820E+13
   4.0000000000000000E+05   1.2817780841625232E-13   4.4205874242126344E+13
   4.1000000000000000E+05   1.1935636679005383E-13   4.7473060984228859E+13
   4.2000000000000000E+05   1.1149702271533259E-13   5.0819402540880766E+13
   4.3000000000000000E+05   1.0435366825208777E-13   5.4298159081406812E+13
   4.4000000000000000E+05   9.7812045114598006E-14   5.7929594180773930E+13
   4.5000000000000000E+05   9.1866509905549849E-14   6.1678756331396305E+13
   4.6000000000000000E+05   8.6480823015190241E-14   6.5519867664591383E+13
   4.7000000000000000E+05   8.1509395391301653E-14   6.9516060722551852E+13
   4.8000000000000000E+05   7.6989953349449109E-14   7.3596772474479719E+13
   4.9000000000000000E+05   7.2786696965517508E-14   7.7846808767329641E+13
   5.0000000000000000E+05   6.8908859298094825E-14   8.2227628452948031E+13
   5.1000000000000000E+05   6.5360039832790901E-14   8.6692298443757922E+13
   5.2000000000000000E+05   6.2098017230113899E-14   9.1246264087356938E+13
   5.3000000000000000E+05   5.9002683387983999E-14   9.6033125175356812E+13
   5.4000000000000000E+05   5.6170626325407121E-14   1.0087500265093662E+14
   5.5000000000000000E+05   5.3555233254314482E-14   1.0580127720802591E+14
   5.6000000000000000E+05   5.1115635318167373E-14   1.1085085892430148E+14
   5.7000000000000000E+05   4.8855490476217447E-14   1.1597902352937161E+14
   5.8000000000000000E+05   4.6692204601619760E-14   1.2135242119802697E+14
   5.9000000000000000E+05   4.4711888910454039E-14   1.2672719085583977E+14
   6.0000000000000000E+05   4.2831883366126711E-14   1.3228958509821909E+14
   6.1000000000000000E+05   4.1104815120868877E-14   1.3784789112464547E+14
   6.2000000000000000E+05   3.9492841702963189E-14   1.4347440789643334E+14
   6.3000000000000000E+05   3.7938468643734403E-14   1.4935268296381272E+14
   6.4000000000000000E+05   3.6487956259735917E-14   1.5528992742552753E+14
   6.5000000000000000E+05   3.5109503002912351E-14   1.6138684956634672E+14
   6.6000000000000000E+05   3.3837512854445296E-14   1.6745356267329303E+14
   6.7000000000000000E+05   3.2658320751269161E-14   1.7349979879966775E+14
   6.8000000000000000E+05   3.1490593621486672E-14   1.7993347942523516E+14
   6.9000000000000000E+05   3.0426738859653930E-14   1.8622475795438109E+14
   7.0000000000000000E+05   2.9364790430245321E-14   1.9295939104145947E+14
   7.1000000000000000E+05   2.8419958267716128E-14   1.9937439830503872E+14
   7.2000000000000000E+05   2.7519978791790457E-14   2.0589449295544200E+14
   7.3000000000000000E+05   2.6650977973245233E-14   2.1260803581649022E+14
   7.4000000000000000E+05   2.5815273745010847E-14   2.1949068351736097E+14
   7.5000000000000000E+05   2.5029417543819342E-14   2.2638209896655803E+14
   7.6000000000000000E+05   2.4256189856980806E-14   2.3359860360960638E+14
   7.7000000000000000E+05   2.3559084000527518E-14   2.4051071252826891E+14
   7.8000000000000000E+05   2.2894620520819505E-14   2.4749098043916362E+14
   7.9000000000000000E+05   2.2252080434725002E-14   2.5463740777414812E+14
   8.0000000000000000E+05   2.1622956513350513E-14   2.6204613027740975E+14
   8.1000000000000000E+05   2.1040451069998334E-14   2.6930088431229922E+14
   8.2000000000000000E+05   2.0457953932906788E-14   2.7696865962563659E+14
   8.3000000000000000E+05   1.9928890629777989E-14   2.8432150011469738E+14
   8.4000000000000000E+05   1.9415276268667836E-14   2.9184297977898394E+14
   8.5000000000000000E+05   1.8928882206447380E-14   2.9934213852047962E+14
   8.6000000000000000E+05   1.8459426701388114E-14   3.0695493262822325E+14
   8.7000000000000000E+05   1.8009163269945008E-14   3.1462939141300350E+14
   8.8000000000000000E+05   1.7564142739210093E-14   3.2260111772099150E+14
   8.9000000000000000E+05   1.7149173951388619E-14   3.3040728932727419E+14
   9.0000000000000000E+05   1.6734211189198539E-14   3.3860048827025644E+14
   9.1000000000000000E+05   1.6357694325865545E-14   3.4639430023585519E+14
   9.2000000000000000E+05   1.5988343403297014E-14   3.5439644599525950E+14
   9.3000000000000000E+05   1.5630852507631882E-14   3.6250179423762350E+14
   9.4000000000000000E+05   1.5286366287745483E-14   3.7067096083014888E+14
   9.5000000000000000E+05   1.4958301495816128E-14   3.7880049957978631E+14
   9.6000000000000000E+05   1.4638633918217081E-14   3.8707246257650338E+14
   9.7000000000000000E+05   1.4318972461981664E-14   3.9571359568744100E+14
   9.8000000000000000E+05   1.4023228544006272E-14   4.0405902689948200E+14
   9.9000000000000000E+05   1.3730996169080602E-14   4.1265848520439950E+14
   1.0000000000000000E+06   1.3438763816560929E-14   4.2163194151069144E+14
   1.1000000000000000E+06   1.1075359892701968E-14   5.1160523309169619E+14
   1.2000000000000000E+06   9.2940790859281934E-15   6.0965825953205062E+14
   1.3000000000000000E+06   7.9542512654252899E-15   7.1235014967524512E+14
   1.4000000000000000E+06   6.9204773995384072E-15   8.1876028955143288E+14
   1.5000000000000000E+06   6.1167147674448873E-15   9.2634891357655050E+14
   1.6000000000000000E+06   5.4832153921636333E-15   1.0333739738873129E+15
   1.7000000000000000E+06   4.9643348653885249E-15   1.1413839382563000E+15
   1.8000000000000000E+06   4.5282305182374431E-15   1.2513082221983955E+15
   1.9000000000000000E+06   4.1717907731426410E-15   1.3582205790276998E+15
   2.0000000000000000E+06   3.8596330637171554E-15   1.4680701470681178E+15
   2.1000000000000000E+06   3.5868894011395067E-15   1.5797008064090670E+15
   2.2000000000000000E+06   3.3494423413032288E-15   1.6916881982436388E+15
   2.3000000000000000E+06   3.1380357877764811E-15   1.8056556593623562E+15
   2.4000000000000000E+06   2.9508297677259877E-15   1.9202097462392060E+15
   2.5000000000000000E+06   2.7867010048677040E-15   2.0333046385610400E+15
   2.6000000000000000E+06   2.6366741502398401E-15   2.1489997461251695E+15
   2.7000000000000000E+06   2.5003068461421108E-15   2.2662066810811595E+15
   2.8000000000000000E+06   2.3789448010957525E-15   2.3818173825934640E+15
   2.9000000000000000E+06   2.2685806716413968E-15   2.4976903622212885E+15
   3.0000000000000000E+06   2.1663209712118409E-15   2.6155921282110530E+15
   3.1000000000000000E+06   2.0729433605467598E-15   2.7334138439680730E+15
   3.2000000000000000E+06   1.9877588593541907E-15   2.8505530501426755E+15
   3.3000000000000000E+06   1.9095141522144937E-15   2.9673579915126675E+15
   3.4000000000000000E+06   1.8351497979481948E-15   3.0876019417136260E+15
   3.5000000000000000E+06   1.7675513473987699E-15   3.2056845691181405E+15
   3.6000000000000000E+06   1.7044824583667974E-15   3.3243006119930795E+15
   3.7000000000000000E+06   1.6454971414733002E-15   3.4434651611773420E+15
   3.8000000000000000E+06   1.5911221358839803E-15   3.5611421346559510E+15
   3.9000000000000000E+06   1.5404604232161420E-15   3.6782587816507555E+15
   4.0000000000000000E+06   1.4910625050924107E-15   3.8001170709668155E+15
   4.1000000000000000E+06   1.4459361671542802E-15   3.9187152297544220E+15
   4.2000000000000000E+06   1.4016873117580929E-15   4.0424223234019715E+15
   4.3000000000000000E+06   1.3622591706435523E-15   4.1594229656045605E+15
   4.4000000000000000E+06   1.3238162886597835E-15   4.2802102739018435E+15
   4.5000000000000000E+06   1.2881542052416678E-15   4.3987063477521995E+15
   4.6000000000000000E+06   1.2539465467646663E-15   4.5187030452771100E+15
   4.7000000000000000E+06   1.2220182129969591E-15   4.6367656547311330E+15
   4.8000000000000000E+06   1.1900900878376360E-15   4.7611623165230960E+15
   4.9000000000000000E+06   1.1611536736193237E-15   4.8798123867778780E+15
   5.0000000000000000E+06   1.1327015489180956E-15   5.0023875087769760E+15
   5.1000000000000000E+06   1.1053798544635348E-15   5.1260316140193740E+15
   5.2000000000000000E+06   1.0806833342370236E-15   5.2431752206863010E+15
   5.3000000000000000E+06   1.0559873550755097E-15   5.3657953878387530E+15
   5.4000000000000000E+06   1.0329664903581645E-15   5.4853784051751250E+15
   5.5000000000000000E+06   1.0104790118915608E-15   5.6074515282344930E+15
   5.6000000000000000E+06   9.8963997165448138E-16   5.7255287193052980E+15
   5.7000000000000000E+06   9.6929781887991335E-16   5.8456874338455540E+15
   5.8000000000000000E+06   9.4895572066391256E-16   5.9709973353825130E+15
   5.9000000000000000E+06   9.3009720691412560E-16   6.0920643964511610E+15
   6.0000000000000000E+06   9.1206281335796350E-16   6.2125239583212320E+15
   6.1000000000000000E+06   8.9402872034354684E-16   6.3378412242761820E+15
   6.2000000000000000E+06   8.7671016149076426E-16   6.4630391301103960E+15
   6.3000000000000000E+06   8.6077746285203028E-16   6.5826677904719370E+15
   6.4000000000000000E+06   8.4545579599980695E-16   6.7019613636683940E+15
   6.5000000000000000E+06   8.3088472741777648E-16   6.8194923946787030E+15
   6.6000000000000000E+06   8.1631377430044225E-16   6.9412182641852350E+15
   6.7000000000000000E+06   8.0174299790351235E-16   7.0673670918197750E+15
   6.8000000000000000E+06   7.8854841259456998E-16   7.1856235951786530E+15
   6.9000000000000000E+06   7.7535792290318377E-16   7.3078663570807850E+15
   7.0000000000000000E+06   7.6243873868869008E-16   7.4316948916124970E+15
   7.1000000000000000E+06   7.5019693839498035E-16   7.5529661472664400E+15
   7.2000000000000000E+06   7.3812528844810548E-16   7.6764909266194060E+15
   7.3000000000000000E+06   7.2682405187541504E-16   7.7958510933419950E+15
   7.4000000000000000E+06   7.1552311200578867E-16   7.9189784151016690E+15
   7.5000000000000000E+06   7.0422226001980615E-16   8.0460564812604080E+15
   7.6000000000000000E+06   6.9385535495199224E-16   8.1662727527299370E+15
   7.7000000000000000E+06   6.8358834080095792E-16   8.2889244027204070E+15
   7.8000000000000000E+06   6.7332145551137780E-16   8.4153149036024830E+15
   7.9000000000000000E+06   6.6358830501345571E-16   8.5387461422565590E+15
   8.0000000000000000E+06   6.5444158529916529E-16   8.6580868434422830E+15
   8.1000000000000000E+06   6.4529491479692184E-16   8.7808100599450790E+15
   8.2000000000000000E+06   6.3658219432137420E-16   8.9009905241233710E+15
   8.3000000000000000E+06   6.2804081629972860E-16   9.0220443200877080E+15
   8.4000000000000000E+06   6.1965977444097119E-16   9.1440695575116400E+15
   8.5000000000000000E+06   6.1183707521839134E-16   9.2609819002186080E+15
   8.6000000000000000E+06   6.0401437599581129E-16   9.3809225486373320E+15
   8.7000000000000000E+06   5.9619174703074334E-16   9.5040095870163540E+15
   8.8000000000000000E+06   5.8836925941440051E-16   9.6303673055926680E+15
   8.9000000000000000E+06   5.8103763580999784E-16   9.7518847838164700E+15
   9.0000000000000000E+06   5.7394458233456096E-16   9.8724027613127520E+15
   9.1000000000000000E+06   5.6685155254540915E-16   9.9959364211608240E+15
   9.2000000000000000E+06   5.5980833428780880E-16   1.0121700111322564E+16
   9.3000000000000000E+06   5.5321742811750781E-16   1.0242287736236438E+16
   9.4000000000000000E+06   5.4662654488748171E-16   1.0365782877680326E+16
   9.5000000000000000E+06   5.4019712363897957E-16   1.0489156331137768E+16
   9.6000000000000000E+06   5.3410466493674281E-16   1.0608804699639344E+16
   9.7000000000000000E+06   5.2801222431574153E-16   1.0731213821466232E+16
   9.8000000000000000E+06   5.2191982885646727E-16   1.0856479800537476E+16
   9.9000000000000000E+06   5.1582938568687446E-16   1.0984663217538740E+16
   1.0000000000000000E+07   5.1028575665302187E-16   1.1103998114007830E+16
   1.1000000000000000E+07   4.5938705474051968E-16   1.2334287657889530E+16
   1.2000000000000000E+07   4.1788998878952274E-16   1.3559099838436416E+16
   1.3000000000000000E+07   3.8290322528620740E-16   1.4798026512429894E+16
   1.4000000000000000E+07   3.5352743246109054E-16   1.6027644700822024E+16
   1.5000000000000000E+07   3.2838422183106341E-16   1.7254824387985318E+16
   1.6000000000000000E+07   3.0673524730168811E-16   1.8472647435614844E+16
   1.7000000000000000E+07   2.8733909424490019E-16   1.9719600266613496E+16
   1.8000000000000000E+07   2.7050970864949871E-16   2.0946427792807848E+16
   1.9000000000000000E+07   2.5537121950522262E-16   2.2188138860982076E+16
   2.0000000000000000E+07   2.4190462962648408E-16   2.3423330459732008E+16
   2.1000000000000000E+07   2.2983359024193001E-16   2.4653542041073204E+16
   2.2000000000000000E+07   2.1888268504625674E-16   2.5886981778767772E+16
   2.3000000000000000E+07   2.0887895677290290E-16   2.7126773165765208E+16
   2.4000000000000000E+07   1.9993502231701581E-16   2.8340267822092224E+16
   2.5000000000000000E+07   1.9152609131929398E-16   2.9584544019300464E+16
   2.6000000000000000E+07   1.8378638901509440E-16   3.0830422806853492E+16
   2.7000000000000000E+07   1.7673718760854859E-16   3.2060100967715892E+16
   2.8000000000000000E+07   1.7009472145207553E-16   3.3312098289168120E+16
   2.9000000000000000E+07   1.6395039930813700E-16   3.4560526253009224E+16
   3.0000000000000000E+07   1.5831092826193628E-16   3.5791667332687716E+16
   3.1000000000000000E+07   1.5306098883493016E-16   3.7019309247969024E+16
   3.2000000000000000E+07   1.4814040104838195E-16   3.8248931684947008E+16
   3.3000000000000000E+07   1.4360933402531640E-16   3.9455736759292656E+16
   3.4000000000000000E+07   1.3922988494805350E-16   4.0696809320745120E+16
   3.5000000000000000E+07   1.3515140374210309E-16   4.1924922143557768E+16
   3.6000000000000000E+07   1.3124793899400931E-16   4.3171817576037080E+16
   3.7000000000000000E+07   1.2763006557058004E-16   4.4395590131126048E+16
   3.8000000000000000E+07   1.2411420917197835E-16   4.5653210194723552E+16
   3.9000000000000000E+07   1.2088166589389046E-16   4.6874040306939488E+16
   4.0000000000000000E+07   1.1776380067612637E-16   4.8115057827179104E+16
   4.1000000000000000E+07   1.1478120660004519E-16   4.9365329458716312E+16
   4.2000000000000000E+07   1.1198363258529993E-16   5.0598573636769272E+16
   4.3000000000000000E+07   1.0936290847824633E-16   5.1811095355124864E+16
   4.4000000000000000E+07   1.0679738874417831E-16   5.3055717430067672E+16
   4.5000000000000000E+07   1.0432734381129836E-16   5.4311859887173504E+16
   4.6000000000000000E+07   1.0199690298729854E-16   5.5552785560418584E+16
   4.7000000000000000E+07   9.9793118554428152E-17   5.6779587225644288E+16
   4.8000000000000000E+07   9.7691696549978873E-17   5.8000958930848248E+16
   4.9000000000000000E+07   9.5590294201588861E-17   5.9276018834410408E+16
   5.0000000000000000E+07   9.3642661588482372E-17   6.0508874730415952E+16
   5.1000000000000000E+07   9.1786023813252837E-17   6.1732841712466456E+16
   5.2000000000000000E+07   8.9929414933593105E-17   6.3007327287343456E+16
   5.3000000000000000E+07   8.8180850558206006E-17   6.4256718364721224E+16
   5.4000000000000000E+07   8.6532327572958119E-17   6.5480869848356416E+16
   5.5000000000000000E+07   8.4910994536211111E-17   6.6731194357449232E+16
   5.6000000000000000E+07   8.3395746667080238E-17   6.7943657871425992E+16
   5.7000000000000000E+07   8.1880509657639439E-17   6.9200986940260904E+16
   5.8000000000000000E+07   8.0473509241169428E-17   7.0410898355373792E+16
   5.9000000000000000E+07   7.9073366702736228E-17   7.1657655614708288E+16
   6.0000000000000000E+07   7.7746553169273695E-17   7.2880556738553440E+16
   6.1000000000000000E+07   7.6446369973613024E-17   7.4120093360038144E+16
   6.2000000000000000E+07   7.5197387663055314E-17   7.5351182475505584E+16
   6.3000000000000000E+07   7.3984364019223497E-17   7.6586616031570560E+16
   6.4000000000000000E+07   7.2827742775271464E-17   7.7802934205509472E+16
   6.5000000000000000E+07   7.1726452528846998E-17   7.8997522945964352E+16
   6.6000000000000000E+07   7.0625163216824774E-17   8.0229366155013328E+16
   6.7000000000000000E+07   6.9523880721539982E-17   8.1500227269745904E+16
   6.8000000000000000E+07   6.8472590688731649E-17   8.2751536381004592E+16
   6.9000000000000000E+07   6.7493993583019516E-17   8.3951352982404480E+16
   7.0000000000000000E+07   6.6515400504302676E-17   8.5186468645162624E+16
   7.1000000000000000E+07   6.5536813750587253E-17   8.6458461362556576E+16
   7.2000000000000000E+07   6.4616456426543755E-17   8.7689922859226832E+16
   7.3000000000000000E+07   6.3733938085622709E-17   8.8904157654090032E+16
   7.4000000000000000E+07   6.2851427193330030E-17   9.0152480739236544E+16
   7.5000000000000000E+07   6.1976925817521711E-17   9.1424542355701984E+16
   7.6000000000000000E+07   6.1170699837873418E-17   9.2629512078461088E+16
   7.7000000000000000E+07   6.0364485732939532E-17   9.3866650410115072E+16
   7.8000000000000000E+07   5.9558277898457960E-17   9.5137271919457552E+16
   7.9000000000000000E+07   5.8807321282857008E-17   9.6352154049430896E+16
   8.0000000000000000E+07   5.8062462470921035E-17   9.7588215145335568E+16
   8.1000000000000000E+07   5.7317604836868421E-17   9.8856400151520896E+16
   8.2000000000000000E+07   5.6621796672821143E-17   1.0007121660623736E+17
   8.3000000000000000E+07   5.5926753567277082E-17   1.0131487558390181E+17
   8.4000000000000000E+07   5.5252063012074841E-17   1.0255204549089714E+17
   8.5000000000000000E+07   5.4616126530643536E-17   1.0374613579198198E+17
   8.6000000000000000E+07   5.3980190978171604E-17   1.0496835925926058E+17
   8.7000000000000000E+07   5.3344260104248127E-17   1.0621971451861939E+17
   8.8000000000000000E+07   5.2708342645485697E-17   1.0750123785130070E+17
   8.9000000000000000E+07   5.2103234557255399E-17   1.0874971827811776E+17
   9.0000000000000000E+07   5.1527185183498498E-17   1.0996548830101453E+17
   9.1000000000000000E+07   5.0951140059915482E-17   1.1120873984011131E+17
   9.2000000000000000E+07   5.0375095429765560E-17   1.1248042373200491E+17
   9.3000000000000000E+07   4.9828324215743571E-17   1.1371468273640915E+17
   9.4000000000000000E+07   4.9293494232708704E-17   1.1494847682598240E+17
   9.5000000000000000E+07   4.8758667445998104E-17   1.1620933007973891E+17
   9.6000000000000000E+07   4.8254507090273359E-17   1.1742347857537954E+17
   9.7000000000000000E+07   4.7760577677198953E-17   1.1863784642172117E+17
   9.8000000000000000E+07   4.7266654315791601E-17   1.1987757884499042E+17
   9.9000000000000000E+07   4.6772732120560599E-17   1.2114349157271981E+17
   1.0000000000000000E+08   4.6284671987377889E-17   1.2242091898210760E+17
   1.1000000000000000E+08   4.2038984083598559E-17   1.3478470526814842E+17
   1.2000000000000000E+08   3.8514639549765532E-17   1.4711839824331702E+17
   1.3000000000000000E+08   3.5553637263339237E-17   1.5937081310448285E+17
   1.4000000000000000E+08   3.2986323980079058E-17   1.7177458400342291E+17
   1.5000000000000000E+08   3.0755487383303885E-17   1.8423418263097363E+17
   1.6000000000000000E+08   2.8823201522822782E-17   1.9658510436439875E+17
   1.7000000000000000E+08   2.7126851400549256E-17   2.0887835435871802E+17
   1.8000000000000000E+08   2.5602527414640141E-17   2.2131455960242963E+17
   1.9000000000000000E+08   2.4234659902313321E-17   2.3380613147945789E+17
   2.0000000000000000E+08   2.3017689716219051E-17   2.4616771488963146E+17
   2.1000000000000000E+08   2.1914793005546517E-17   2.5855649551634490E+17
   2.2000000000000000E+08   2.0917143234103200E-17   2.7088842946019760E+17
   2.3000000000000000E+08   2.0005771244394599E-17   2.8322887482120064E+17
   2.4000000000000000E+08   1.9169688617254495E-17   2.9558185282050426E+17
   2.5000000000000000E+08   1.8399358856720427E-17   3.0795703935143430E+17
   2.6000000000000000E+08   1.7702046368822308E-17   3.2008796957281830E+17
   2.7000000000000000E+08   1.7030023907457338E-17   3.3271897387055437E+17
   2.8000000000000000E+08   1.6428220760819473E-17   3.4490722775005926E+17
   2.9000000000000000E+08   1.5858660675303800E-17   3.5729449008919334E+17
   3.0000000000000000E+08   1.5322656053021630E-17   3.6979307372515456E+17
   3.1000000000000000E+08   1.4826661210618118E-17   3.8216372512932006E+17
   3.2000000000000000E+08   1.4363181840100591E-17   3.9449560289355296E+17
   3.3000000000000000E+08   1.3926185922186095E-17   4.0687465406111334E+17
   3.4000000000000000E+08   1.3521728489636682E-17   4.1904495300455930E+17
   3.5000000000000000E+08   1.3130234305605544E-17   4.3153929683198432E+17
   3.6000000000000000E+08   1.2764875391379943E-17   4.4389090420001901E+17
   3.7000000000000000E+08   1.2414928243979126E-17   4.5640312759988435E+17
   3.8000000000000000E+08   1.2085594148892269E-17   4.6884017530901139E+17
   3.9000000000000000E+08   1.1781330773107793E-17   4.8094839102675712E+17
   4.0000000000000000E+08   1.1481299747468094E-17   4.9351660562034810E+17
   4.1000000000000000E+08   1.1204621586396462E-17   5.0570311864521741E+17
   4.2000000000000000E+08   1.0933089128788094E-17   5.1826268063254131E+17
   4.3000000000000000E+08   1.0680443514428442E-17   5.3052217090288486E+17
   4.4000000000000000E+08   1.0435426336720407E-17   5.4297849427979981E+17
   4.5000000000000000E+08   1.0203009405515654E-17   5.5534713869979482E+17
   4.6000000000000000E+08   9.9807625318980705E-18   5.6771334468396109E+17
   4.7000000000000000E+08   9.7658364252605468E-18   5.8020755547613453E+17
   4.8000000000000000E+08   9.5635829144456539E-18   5.9247795833102285E+17
   4.9000000000000000E+08   9.3656062501456412E-18   6.0500216730679872E+17
   5.0000000000000000E+08   9.1791239778817636E-18   6.1729333791913626E+17
   5.1000000000000000E+08   9.0007895272402981E-18   6.2952389480187213E+17
   5.2000000000000000E+08   8.8313773310047334E-18   6.4160004347086106E+17
   5.3000000000000000E+08   8.6619659273119714E-18   6.5414850705128358E+17
   5.4000000000000000E+08   8.4968327083408595E-18   6.6686167351724058E+17
   5.5000000000000000E+08   8.3461317296739281E-18   6.7890278550654810E+17
   5.6000000000000000E+08   8.1954312722599392E-18   6.9138668744124826E+17
   5.7000000000000000E+08   8.0478873573878267E-18   7.0406205105228339E+17
   5.8000000000000000E+08   7.9118473381524684E-18   7.1616802464787661E+17
   5.9000000000000000E+08   7.7758087821364598E-18   7.2869745620511270E+17
   6.0000000000000000E+08   7.6449073822408473E-18   7.4117471882561306E+17
   6.1000000000000000E+08   7.5205379294160474E-18   7.5343175350758208E+17
   6.2000000000000000E+08   7.3961703529643289E-18   7.6610080745493363E+17
   6.3000000000000000E+08   7.2802501083144783E-18   7.7829909620949184E+17
   6.4000000000000000E+08   7.1652585698145300E-18   7.9078961690937024E+17
   6.5000000000000000E+08   7.0547552668203182E-18   8.0317627829406746E+17
   6.6000000000000000E+08   6.9473641997435513E-18   8.1559162821626240E+17
   6.7000000000000000E+08   6.8444895106050914E-18   8.2785021011439744E+17
   6.8000000000000000E+08   6.7461542793227348E-18   8.3991735807872166E+17
   6.9000000000000000E+08   6.6478196905076120E-18   8.5234142068729229E+17
   7.0000000000000000E+08   6.5494870148154725E-18   8.6513830268886426E+17
   7.1000000000000000E+08   6.4573428945600303E-18   8.7748353649512678E+17
   7.2000000000000000E+08   6.3682066003621673E-18   8.8976574333470438E+17
   7.3000000000000000E+08   6.2790707274200676E-18   9.0239660062060416E+17
   7.4000000000000000E+08   6.1957920000040821E-18   9.1452587166846144E+17
   7.5000000000000000E+08   6.1155324203842731E-18   9.2652800933465971E+17
   7.6000000000000000E+08   6.0352732168118361E-18   9.3884930738453286E+17
   7.7000000000000000E+08   5.9550143880272528E-18   9.5150266821727834E+17
   7.8000000000000000E+08   5.8747568212191056E-18   9.6450155332631872E+17
   7.9000000000000000E+08   5.8030211397371217E-18   9.7642451113608986E+17
   8.0000000000000000E+08   5.7322701285715917E-18   9.8847611023037427E+17
   8.1000000000000000E+08   9.7963513224773293E-17   5.7840025260010024E+16
   8.2000000000000000E+08   9.5588728475273321E-17   5.9276989765021688E+16
   8.3000000000000000E+08   9.3299261179813842E-17   6.0731585736352552E+16
   8.4000000000000000E+08   9.1091072883749654E-17   6.2203813174002560E+16
   8.5000000000000000E+08   8.8960361282731827E-17   6.3693672077971736E+16
   8.6000000000000000E+08   8.6903543843663792E-17   6.5201162448260072E+16
   8.7000000000000000E+08   8.4917242735861718E-17   6.6726284284867568E+16
   8.8000000000000000E+08   8.2998270953994979E-17   6.8269037587794240E+16
   8.9000000000000000E+08   8.1143619526289248E-17   6.9829422357040040E+16
   9.0000000000000000E+08   7.9350445712066311E-17   7.1407438592605016E+16
   9.1000000000000000E+08   7.7616062102129817E-17   7.3003086294489168E+16
   9.2000000000000000E+08   7.5937926543919785E-17   7.4616365462692464E+16
   9.3000000000000000E+08   7.4313632820873739E-17   7.6247276097214944E+16
   9.4000000000000000E+08   7.2740902022152213E-17   7.7895818198056560E+16
   9.5000000000000000E+08   7.1217574544901590E-17   7.9561991765217360E+16
   9.6000000000000000E+08   6.9741602676620738E-17   8.1245796798697328E+16
   9.7000000000000000E+08   6.8311043710036865E-17   8.2947233298496416E+16
   9.8000000000000000E+08   6.6924053547244562E-17   8.4666301264614704E+16
   9.9000000000000000E+08   6.5578880753773767E-17   8.6403000697052144E+16
   1.0000000000000000E+09   6.4273861026773690E-17   8.8157331595808704E+16
   1.1000000000000000E+09   5.3118893410556730E-17   1.0667037123092861E+17
   1.2000000000000000E+09   4.4634625713037243E-17   1.2694655749796466E+17
   1.3000000000000000E+09   3.8031870430043555E-17   1.4898589039691690E+17
   1.4000000000000000E+09   3.2792786238149796E-17   1.7278836992778531E+17
   1.5000000000000000E+09   2.8566160456343815E-17   1.9835399609056992E+17
   1.6000000000000000E+09   2.5106976963583421E-17   2.2568276888527075E+17
   1.7000000000000000E+09   2.2240090320682883E-17   2.5477468831188781E+17
   1.8000000000000000E+09   1.9837611428016525E-17   2.8562975437042083E+17
   1.9000000000000000E+09   1.7804393636225354E-17   3.1824796706087021E+17
   2.0000000000000000E+09   1.6068465256693385E-17   3.5262932638323565E+17
   2.1000000000000000E+09   1.4574571661399894E-17   3.8877383233751731E+17
   2.2000000000000000E+09   1.3279723352639162E-17   4.2668148492371507E+17
   2.3000000000000000E+09   1.2150068247027129E-17   4.6635228414182938E+17
   2.4000000000000000E+09   1.1158656428259289E-17   5.0778622999185965E+17
   2.5000000000000000E+09   1.0283817764283764E-17   5.5098332247380589E+17
   2.6000000000000000E+09   9.5079676075108748E-18   5.9594356158766848E+17
   2.7000000000000000E+09   8.8167161902295611E-18   6.4266694733344730E+17
   2.8000000000000000E+09   8.1981965595374381E-18   6.9115347971114214E+17
   2.9000000000000000E+09   7.6425518462275271E-18   7.4140315872075341E+17
   3.0000000000000000E+09   7.1415401140859460E-18   7.9341598436228045E+17
   3.1000000000000000E+09   6.6882269538786157E-18   8.4719195663572416E+17
   3.2000000000000000E+09   6.2767442408958498E-18   9.0273107554108378E+17
   3.3000000000000000E+09   5.9020992678396236E-18   9.6003334107835955E+17
   3.4000000000000000E+09   5.5600225801707184E-18   1.0190987532475516E+18
   3.5000000000000000E+09   5.2468457981039585E-18   1.0799273120486598E+18
   3.6000000000000000E+09   4.9594028570041282E-18   1.1425190174816841E+18
   3.7000000000000000E+09   4.6949496732486121E-18   1.2068738695466248E+18
   3.8000000000000000E+09   4.4510984090563363E-18   1.2729918682434816E+18
   3.9000000000000000E+09   4.2257633811159425E-18   1.3408730135722547E+18
   4.0000000000000000E+09   4.0171163141733433E-18   1.4105173055329436E+18
   4.1000000000000000E+09   3.8235491390109160E-18   1.4819247441255488E+18
   4.2000000000000000E+09   3.6436429153499704E-18   1.5550953293500708E+18
   4.3000000000000000E+09   3.4761417537465396E-18   1.6300290612065073E+18
   4.4000000000000000E+09   3.3199308381597894E-18   1.7067259396948608E+18
   4.5000000000000000E+09   3.1740178284826429E-18   1.7851859648151311E+18
   4.6000000000000000E+09   3.0375170617567822E-18   1.8654091365673175E+18
   4.7000000000000000E+09   2.9096360808860802E-18   1.9473954549514196E+18
   4.8000000000000000E+09   2.7896641070648223E-18   2.0311449199674386E+18
   4.9000000000000000E+09   2.6769621418897753E-18   2.1166575316153731E+18
   5.0000000000000000E+09   2.5709544410709405E-18   2.2039332898952236E+18
   5.1000000000000000E+09   2.4711211467425413E-18   2.2929721948069908E+18
   5.2000000000000000E+09   2.3769919018777187E-18   2.3837742463506739E+18
   5.3000000000000000E+09   2.2881402999919361E-18   2.4763394445262746E+18
   5.4000000000000000E+09   2.2041790475573903E-18   2.5706677893337892E+18
   5.5000000000000000E+09   2.1247557364222645E-18   2.6667592807732209E+18
   5.6000000000000000E+09   2.0495491398843591E-18   2.7646139188445691E+18
   5.7000000000000000E+09   1.9782659595805939E-18   2.8642317035478333E+18
   5.8000000000000000E+09   1.9106379615568818E-18   2.9656126348830136E+18
   5.9000000000000000E+09   1.8464194492034908E-18   3.0687567128501089E+18
   6.0000000000000000E+09   1.7853850285214861E-18   3.1736639374491228E+18
   6.1000000000000000E+09   1.7273276277015180E-18   3.2803343086800522E+18
   6.2000000000000000E+09   1.6720567384696537E-18   3.3887678265428972E+18
   6.3000000000000000E+09   1.6193968512666536E-18   3.4989644910376591E+18
   6.4000000000000000E+09   1.5691860602239622E-18   3.6109243021643356E+18
   6.5000000000000000E+09   1.5212748172017391E-18   3.7246472599229302E+18
   6.6000000000000000E+09   1.4755248169599057E-18   3.8401333643134392E+18
   6.7000000000000000E+09   1.4318079979232230E-18   3.9573826153358653E+18
   6.8000000000000000E+09   1.3900056450426792E-18   4.0763950129902070E+18
   6.9000000000000000E+09   1.3500075830030136E-18   4.1971705572764667E+18
   7.0000000000000000E+09   1.3117114495259894E-18   4.3197092481946404E+18
   7.1000000000000000E+09   1.2750220398090357E-18   4.4440110857447301E+18
   7.2000000000000000E+09   1.2398507142510319E-18   4.5700760699267374E+18
   7.3000000000000000E+09   1.2061148625778473E-18   4.6979042007406602E+18
   7.4000000000000000E+09   1.1737374183121526E-18   4.8274954781865011E+18
   7.5000000000000000E+09   1.1426464182537510E-18   4.9588499022642545E+18
   7.6000000000000000E+09   1.1127746022640839E-18   5.0919674729739274E+18
   7.7000000000000000E+09   1.0840590491950328E-18   5.2268481903155139E+18
   7.8000000000000000E+09   1.0564408452789856E-18   5.3634920542890189E+18
   7.9000000000000000E+09   1.0298647817140441E-18   5.5018990648944384E+18
   8.0000000000000000E+09   1.0042790785433358E-18   5.6420692221317745E+18
   8.1000000000000000E+09   9.7963513224772887E-19   5.7840025260010271E+18
   8.2000000000000000E+09   9.5588728475272880E-19   5.9276989765021962E+18
   8.3000000000000000E+09   9.3299261179813436E-19   6.0731585736352819E+18
   8.4000000000000000E+09   9.1091072883749259E-19   6.2203813174002831E+18
   8.5000000000000000E+09   8.8960361282731466E-19   6.3693672077971988E+18
   8.6000000000000000E+09   8.6903543843663452E-19   6.5201162448260321E+18
   8.7000000000000000E+09   8.4917242735861389E-19   6.6726284284867820E+18
   8.8000000000000000E+09   8.2998270953994678E-19   6.8269037587794483E+18
   8.9000000000000000E+09   8.1143619526288957E-19   6.9829422357040302E+18
   9.0000000000000000E+09   7.9350445712066034E-19   7.1407438592605276E+18
   9.1000000000000000E+09   7.7616062102129569E-19   7.3003086294489416E+18
   9.2000000000000000E+09   7.5937926543919525E-19   7.4616365462692731E+18
   9.3000000000000000E+09   7.4313632820873503E-19   7.6247276097215191E+18
   9.4000000000000000E+09   7.2740902022151977E-19   7.7895818198056817E+18
   9.5000000000000000E+09   7.1217574544901372E-19   7.9561991765217608E+18
   9.6000000000000000E+09   6.9741602676620529E-19   8.1245796798697574E+18
   9.7000000000000000E+09   6.8311043710036661E-19   8.2947233298496655E+18
   9.8000000000000000E+09   6.6924053547244364E-19   8.4666301264614943E+18
   9.9000000000000000E+09   6.5578880753773584E-19   8.6403000697052375E+18
   1.0000000000000000E+10   6.4273861026773493E-19   8.8157331595808973E+18
   1.1000000000000000E+10   5.3118893410556602E-19   1.0667037123092888E+19
   1.2000000000000000E+10   4.4634625713037153E-19   1.2694655749796491E+19
   1.3000000000000000E+10   3.8031870430043477E-19   1.4898589039691721E+19
   1.4000000000000000E+10   3.2792786238149736E-19   1.7278836992778562E+19
   1.5000000000000000E+10   2.8566160456343775E-19   1.9835399609057018E+19
   1.6000000000000000E+10   2.5106976963583396E-19   2.2568276888527098E+19
   1.7000000000000000E+10   2.2240090320682867E-19   2.5477468831188795E+19
   1.8000000000000000E+10   1.9837611428016508E-19   2.8562975437042110E+19
   1.9000000000000000E+10   1.7804393636225343E-19   3.1824796706087043E+19
   2.0000000000000000E+10   1.6068465256693373E-19   3.5262932638323589E+19
   2.1000000000000000E+10   1.4574571661399883E-19   3.8877383233751761E+19
   2.2000000000000000E+10   1.3279723352639150E-19   4.2668148492371550E+19
   2.3000000000000000E+10   1.2150068247027125E-19   4.6635228414182949E+19
   2.4000000000000000E+10   1.1158656428259288E-19   5.0778622999185965E+19
   2.5000000000000000E+10   1.0283817764283758E-19   5.5098332247380607E+19
   2.6000000000000000E+10   9.5079676075108693E-20   5.9594356158766883E+19
   2.7000000000000000E+10   8.8167161902295592E-20   6.4266694733344743E+19
   2.8000000000000000E+10   8.1981965595374339E-20   6.9115347971114246E+19
   2.9000000000000000E+10   7.6425518462275250E-20   7.4140315872075350E+19
   3.0000000000000000E+10   7.1415401140859437E-20   7.9341598436228071E+19
   3.1000000000000000E+10   6.6882269538786153E-20   8.4719195663572419E+19
   3.2000000000000000E+10   6.2767442408958489E-20   9.0273107554108391E+19
   3.3000000000000000E+10   5.9020992678396219E-20   9.6003334107835990E+19
   3.4000000000000000E+10   5.5600225801707166E-20   1.0190987532475518E+20
   3.5000000000000000E+10   5.2468457981039578E-20   1.0799273120486600E+20
   3.6000000000000000E+10   4.9594028570041271E-20   1.1425190174816844E+20
   3.7000000000000000E+10   4.6949496732486110E-20   1.2068738695466249E+20
   3.8000000000000000E+10   4.4510984090563357E-20   1.2729918682434817E+20
   3.9000000000000000E+10   4.2257633811159423E-20   1.3408730135722546E+20
   4.0000000000000000E+10   4.0171163141733433E-20   1.4105173055329436E+20
   4.1000000000000000E+10   3.8235491390109162E-20   1.4819247441255485E+20
   4.2000000000000000E+10   3.6436429153499708E-20   1.5550953293500704E+20
   4.3000000000000000E+10   3.4761417537465382E-20   1.6300290612065078E+20
   4.4000000000000000E+10   3.3199308381597876E-20   1.7067259396948620E+20
   4.5000000000000000E+10   3.1740178284826412E-20   1.7851859648151319E+20
   4.6000000000000000E+10   3.0375170617567812E-20   1.8654091365673180E+20
   4.7000000000000000E+10   2.9096360808860795E-20   1.9473954549514201E+20
   4.8000000000000000E+10   2.7896641070648221E-20   2.0311449199674386E+20
   4.9000000000000000E+10   2.6769621418897753E-20   2.1166575316153732E+20
   5.0000000000000000E+10   2.5709544410709396E-20   2.2039332898952243E+20
   5.1000000000000000E+10   2.4711211467425416E-20   2.2929721948069908E+20
   5.2000000000000000E+10   2.3769919018777173E-20   2.3837742463506753E+20
   5.3000000000000000E+10   2.2881402999919366E-20   2.4763394445262740E+20
   5.4000000000000000E+10   2.2041790475573898E-20   2.5706677893337897E+20
   5.5000000000000000E+10   2.1247557364222645E-20   2.6667592807732209E+20
   5.6000000000000000E+10   2.0495491398843585E-20   2.7646139188445698E+20
   5.7000000000000000E+10   1.9782659595805937E-20   2.8642317035478335E+20
   5.8000000000000000E+10   1.9106379615568812E-20   2.9656126348830140E+20
   5.9000000000000000E+10   1.8464194492034902E-20   3.0687567128501099E+20
   6.0000000000000000E+10   1.7853850285214859E-20   3.1736639374491229E+20
   6.1000000000000000E+10   1.7273276277015182E-20   3.2803343086800522E+20
   6.2000000000000000E+10   1.6720567384696538E-20   3.3887678265428967E+20
   6.3000000000000000E+10   1.6193968512666537E-20   3.4989644910376583E+20
   6.4000000000000000E+10   1.5691860602239622E-20   3.6109243021643357E+20
   6.5000000000000000E+10   1.5212748172017392E-20   3.7246472599229301E+20
   6.6000000000000000E+10   1.4755248169599055E-20   3.8401333643134396E+20
   6.7000000000000000E+10   1.4318079979232234E-20   3.9573826153358649E+20
   6.8000000000000000E+10   1.3900056450426792E-20   4.0763950129902073E+20
   6.9000000000000000E+10   1.3500075830030143E-20   4.1971705572764641E+20
   7.0000000000000000E+10   1.3117114495259895E-20   4.3197092481946400E+20
   7.1000000000000000E+10   1.2750220398090357E-20   4.4440110857447303E+20
   7.2000000000000000E+10   1.2398507142510318E-20   4.5700760699267377E+20
   7.3000000000000000E+10   1.2061148625778473E-20   4.6979042007406608E+20
   7.4000000000000000E+10   1.1737374183121527E-20   4.8274954781864998E+20
   7.5000000000000000E+10   1.1426464182537510E-20   4.9588499022642545E+20
   7.6000000000000000E+10   1.1127746022640839E-20   5.0919674729739269E+20
   7.7000000000000000E+10   1.0840590491950327E-20   5.2268481903155151E+20
   7.8000000000000000E+10   1.0564408452789856E-20   5.3634920542890184E+20
   7.9000000000000000E+10   1.0298647817140442E-20   5.5018990648944375E+20
   8.0000000000000000E+10   1.0042790785433358E-20   5.6420692221317743E+20
   8.1000000000000000E+10   9.7963513224772898E-21   5.7840025260010262E+20
   8.2000000000000000E+10   9.5588728475272904E-21   5.9276989765021938E+20
   8.3000000000000000E+10   9.3299261179813452E-21   6.0731585736352806E+20
   8.4000000000000000E+10   9.1091072883749271E-21   6.2203813174002817E+20
   8.5000000000000000E+10   8.8960361282731485E-21   6.3693672077971974E+20
   8.6000000000000000E+10   8.6903543843663456E-21   6.5201162448260314E+20
   8.7000000000000000E+10   8.4917242735861404E-21   6.6726284284867812E+20
   8.8000000000000000E+10   8.2998270953994691E-21   6.8269037587794480E+20
   8.9000000000000000E+10   8.1143619526288961E-21   6.9829422357040293E+20
   9.0000000000000000E+10   7.9350445712066029E-21   7.1407438592605277E+20
   9.1000000000000000E+10   7.7616062102129545E-21   7.3003086294489432E+20
   9.2000000000000000E+10   7.5937926543919530E-21   7.4616365462692718E+20
   9.3000000000000000E+10   7.4313632820873495E-21   7.6247276097215188E+20
   9.4000000000000000E+10   7.2740902022151987E-21   7.7895818198056803E+20
   9.5000000000000000E+10   7.1217574544901377E-21   7.9561991765217601E+20
   9.6000000000000000E+10   6.9741602676620552E-21   8.1245796798697544E+20
   9.7000000000000000E+10   6.8311043710036650E-21   8.2947233298496684E+20
   9.8000000000000000E+10   6.6924053547244382E-21   8.4666301264614929E+20
   9.9000000000000000E+10   6.5578880753773581E-21   8.6403000697052384E+20
   1.0000000000000000E+11   6.4273861026773489E-21   8.8157331595808971E+20
   1.1000000000000000E+11   5.3118893410556612E-21   1.0667037123092884E+21
