   1.0000000000000000E+00   0.0000000000000000E+00   2.3943580805414754E+29   0.0000000000000000E+00
   2.0000000000000000E+00   0.0000000000000000E+00   2.3943580805414754E+29   0.0000000000000000E+00
   3.0000000000000000E+00   0.0000000000000000E+00   2.3943580805414754E+29   0.0000000000000000E+00
   4.0000000000000000E+00   0.0000000000000000E+00   2.3943580805414754E+29   0.0000000000000000E+00
   5.0000000000000000E+00   0.0000000000000000E+00   2.3943580805414754E+29   0.0000000000000000E+00
   6.0000000000000000E+00   2.7597723300936969E-03   2.0531447531716649E+03   2.7720005431166057E-03
   7.0000000000000000E+00   1.1999400777707420E-02   4.7220791974937174E+02   1.2913863958138941E-02
   8.0000000000000000E+00   2.2161216165466183E-02   2.5568145886821279E+02   2.5455415986591821E-02
   9.0000000000000000E+00   3.2117664282692991E-02   1.7642042801143305E+02   3.9231696613686223E-02
   1.0000000000000000E+01   4.1569982534016447E-02   1.3630537551570029E+02   5.3813168366808765E-02
   1.1000000000000000E+01   5.0464844148470259E-02   1.1228038399979827E+02   6.9014283892532655E-02
   1.1259000000000000E+01   5.2668382951499913E-02   1.0758279943202336E+02   7.3016707048714810E-02
   1.1260999999999999E+01   5.2694199411342957E-02   1.0753009141003297E+02   7.3066064115747884E-02
   1.2000000000000000E+01   5.8822938112014021E-02   9.6326573635106215E+01   8.4736692235449620E-02
   1.3000000000000000E+01   6.6696882655829362E-02   8.4954676348505203E+01   1.0093991255574793E-01
   1.4000000000000000E+01   7.4141949649354319E-02   7.6423834364727412E+01   1.1760089317031851E-01
   1.5000000000000000E+01   8.1205163911587816E-02   6.9776499504998313E+01   1.3469669292647155E-01
   1.6000000000000000E+01   8.7940858630314506E-02   6.4432075917063969E+01   1.5223811707958343E-01
   1.6588999999999999E+01   9.1767228089207870E-02   6.1745485806458383E+01   1.6276599125478391E-01
   1.6591000000000001E+01   9.1779917184585114E-02   6.1736949141983771E+01   1.6280158970662634E-01
   1.7000000000000000E+01   9.4386529927804580E-02   6.0031999097903579E+01   1.7021456755366510E-01
   1.8000000000000000E+01   1.0058753179847382E-01   5.6331157333022318E+01   1.8865418570919293E-01
   1.9000000000000000E+01   1.0657291220881486E-01   5.3167469688527000E+01   2.0755364205850543E-01
   2.0000000000000000E+01   1.1237371119047944E-01   5.0422932725570320E+01   2.2693100501073138E-01
   2.1000000000000000E+01   1.1801667487824168E-01   4.8011961744609991E+01   2.4680322499381485E-01
   2.2000000000000000E+01   1.2353036785114235E-01   4.5868980867183701E+01   2.6720549172378760E-01
   2.3000000000000000E+01   1.2893151294778751E-01   4.3947456676280687E+01   2.8814368429760678E-01
   2.4000000000000000E+01   1.3424370709197353E-01   4.2208399948298194E+01   3.0965714872784084E-01
   2.5000000000000000E+01   1.3948579710917522E-01   4.0622143593912163E+01   3.3177639251647179E-01
   2.6000000000000000E+01   1.4467053568878357E-01   3.9166317125343440E+01   3.5451222023346712E-01
   2.7000000000000000E+01   1.4983364115649958E-01   3.7816688133220481E+01   3.7798960162419643E-01
   2.8000000000000000E+01   1.5497342318247706E-01   3.6562476088615533E+01   4.0217041522971470E-01
   2.9000000000000000E+01   1.6011177046749966E-01   3.5389103892460994E+01   4.2713115802682772E-01
   3.0000000000000000E+01   1.6526611850302336E-01   3.4285382453491557E+01   4.5293475504182312E-01
   3.1000000000000000E+01   1.7045551405878315E-01   3.3241588638347999E+01   4.7965713717024677E-01
   3.2000000000000000E+01   1.7569849951464628E-01   3.2249632723857594E+01   5.0738062347089585E-01
   3.3000000000000000E+01   1.8101305704042922E-01   3.1302780982339119E+01   5.3618826041719125E-01
   3.4000000000000000E+01   1.8642289204085474E-01   3.0394400695374138E+01   5.6619981167217814E-01
   3.5000000000000000E+01   1.9195014818944095E-01   2.9519185751750872E+01   5.9753271692810739E-01
   3.6000000000000000E+01   1.9762720887030710E-01   2.8671214413591535E+01   6.3036467237417337E-01
   3.7000000000000000E+01   2.0348455231526383E-01   2.7845907785183645E+01   6.6487129253787614E-01
   3.8000000000000000E+01   2.0956828888745635E-01   2.7037545181862498E+01   7.0131758205691230E-01
   3.9000000000000000E+01   2.1594855345927411E-01   2.6238712826334393E+01   7.4013334582678614E-01
   4.0000000000000000E+01   2.2268433518633857E-01   2.5445041182348195E+01   7.8165439870677200E-01
   4.1000000000000000E+01   2.2991689137580362E-01   2.4644609822158216E+01   8.2675206943727986E-01
   4.2000000000000000E+01   2.3783100424153172E-01   2.3824530773648981E+01   8.7654128210180027E-01
   4.3000000000000000E+01   2.4672215876890641E-01   2.2965963445494577E+01   9.3279531533734317E-01
   4.4000000000000000E+01   2.5706966410535287E-01   2.2041543093774276E+01   9.9853060220631296E-01
   4.5000000000000000E+01   2.6909552909838141E-01   2.1056507696226515E+01   1.0753840859423958E+00
   4.6000000000000000E+01   2.8216977049352049E-01   2.0080861495439066E+01   1.1598893345545402E+00
   4.7000000000000000E+01   2.9563297231601593E-01   1.9166373882759377E+01   1.2482656071855764E+00
   4.8000000000000000E+01   3.0939241536827627E-01   1.8313998010376572E+01   1.3400929393663437E+00
   4.9000000000000000E+01   3.2353283775502001E-01   1.7513560968950809E+01   1.4360142323141170E+00
   5.0000000000000000E+01   3.3805260114768382E-01   1.6761332586241029E+01   1.5360652646537172E+00
   5.1000000000000000E+01   3.5292539546781082E-01   1.6054985422540984E+01   1.6401731641970680E+00
   5.2000000000000000E+01   3.6818783243977626E-01   1.5389460433641638E+01   1.7487309779565208E+00
   5.3000000000000000E+01   3.8394829259165603E-01   1.4757747823888494E+01   1.8626042863212626E+00
   5.4000000000000000E+01   4.0038383043189152E-01   1.4151950325686496E+01   1.9831547419165918E+00
   5.5000000000000000E+01   4.1769741300100416E-01   1.3565351144433812E+01   2.1119683940386982E+00
   5.6000000000000000E+01   4.3610381449707269E-01   1.2992805591518731E+01   2.2508596002903163E+00
   5.7000000000000000E+01   4.5569178926998904E-01   1.2434308040874281E+01   2.4006906581428447E+00
   5.8000000000000000E+01   4.7646409915012761E-01   1.1892212004193130E+01   2.5618930550377006E+00
   5.9000000000000000E+01   4.9812257308347885E-01   1.1375136132468807E+01   2.7323058237201692E+00
   6.0000000000000000E+01   5.2031717059736249E-01   1.0889919456194352E+01   2.9094676338403431E+00
   6.1000000000000000E+01   5.4266472433669199E-01   1.0441460123294577E+01   3.0904813111893596E+00
   6.2000000000000000E+01   5.6486643596858377E-01   1.0031065254858499E+01   3.2729843306488036E+00
   6.3000000000000000E+01   5.8670230968841175E-01   9.6577292877702305E+00   3.4550527273721752E+00
   6.4000000000000000E+01   6.0814346281362108E-01   9.3172292821582943E+00   3.6366224747569396E+00
   6.5000000000000000E+01   6.2899388304422266E-01   9.0083739003258945E+00   3.8157191029547533E+00
   6.6000000000000000E+01   6.4923551156787018E-01   8.7275140969978757E+00   3.9923262530442365E+00
   6.7000000000000000E+01   6.6871365409078265E-01   8.4733010083131699E+00   4.1647462775685655E+00
   6.8000000000000000E+01   6.8743653236625923E-01   8.2425239461398210E+00   4.3330032773284586E+00
   6.9000000000000000E+01   7.0540734349090517E-01   8.0325391162493176E+00   4.4969792764725822E+00
   7.0000000000000000E+01   7.2263932863359481E-01   7.8409959920036343E+00   4.6566453814837576E+00
   7.1000000000000000E+01   7.3914135293110050E-01   7.6659383986710763E+00   4.8119261094096277E+00
   7.2000000000000000E+01   7.5491727743830217E-01   7.5057390376699944E+00   4.9626961239687519E+00
   7.3000000000000000E+01   7.6994626717419457E-01   7.3592305347176596E+00   5.1085220639835756E+00
   7.4000000000000000E+01   7.8429255607743553E-01   7.2246154009407322E+00   5.2500633141130573E+00
   7.5000000000000000E+01   7.9792052854771678E-01   7.1012235890123065E+00   5.3866968516683835E+00
   7.6000000000000000E+01   8.1080960648030842E-01   6.9883386114244628E+00   5.5179579928828035E+00
   7.7000000000000000E+01   8.2304937613952800E-01   6.8844133095116344E+00   5.6448340476490531E+00
   7.8000000000000000E+01   8.3461340171222409E-01   6.7890259943776128E+00   5.7667663358210151E+00
   7.9000000000000000E+01   8.4549331011724627E-01   6.7016640009776882E+00   5.8834032375237904E+00
   8.0000000000000000E+01   8.5579126513468406E-01   6.6210211652352724E+00   5.9959218532131411E+00
   8.1000000000000000E+01   8.6549025798170032E-01   6.5468236380772966E+00   6.1038586309007314E+00
   8.2000000000000000E+01   8.7461958147826602E-01   6.4784875613044086E+00   6.2073883514169266E+00
   8.3000000000000000E+01   8.8318757605335607E-01   6.4156383458205495E+00   6.3063905130965106E+00
   8.4000000000000000E+01   8.9127669220832062E-01   6.3574108119455168E+00   6.4018346675362530E+00
   8.5000000000000000E+01   8.9888069028558815E-01   6.3036308830707792E+00   6.4934171925612292E+00
   8.6000000000000000E+01   9.0600635663405904E-01   6.2540533385780952E+00   6.5810175988377244E+00
   8.7000000000000000E+01   9.1273408567603420E-01   6.2079549437264898E+00   6.6656447653929103E+00
   8.8000000000000000E+01   9.1902631337510399E-01   6.1654514098417650E+00   6.7465334320154504E+00
   8.9000000000000000E+01   9.2496842893830400E-01   6.1258437609421952E+00   6.8248144160878850E+00
   9.0000000000000000E+01   9.3051941804091765E-01   6.0893002011818886E+00   6.8996747726558088E+00
   9.1000000000000000E+01   9.3572443422433660E-01   6.0554281498240323E+00   6.9716513569921288E+00
   9.2000000000000000E+01   9.4064084549978255E-01   6.0237784767571254E+00   7.0415066014428707E+00
   9.3000000000000000E+01   9.4521934961779275E-01   5.9946001758971539E+00   7.1083004493230550E+00
   9.4000000000000000E+01   9.4950434779730908E-01   5.9675472709786703E+00   7.1726059579820767E+00
   9.5000000000000000E+01   9.5350996166902524E-01   5.9424781148191341E+00   7.2345200543183639E+00
   9.6000000000000000E+01   9.5725068054454254E-01   5.9192562561114368E+00   7.2941548399408713E+00
   9.7000000000000000E+01   9.6073922930636568E-01   5.8977627920649232E+00   7.3516030650763389E+00
   9.8000000000000000E+01   9.6398767432617494E-01   5.8778885149552176E+00   7.4069529642999372E+00
   9.9000000000000000E+01   9.6700641505999407E-01   5.8595392866433835E+00   7.4602729996937098E+00
   1.0000000000000000E+02   9.6980533920929568E-01   5.8426282578522466E+00   7.5116281274377483E+00
   1.1000000000000000E+02   9.8741231673906893E-01   5.7384458178452640E+00   7.9270046145741508E+00
   1.2000000000000000E+02   9.9078215511537215E-01   5.7189282732089666E+00   8.1967725889674750E+00
   1.3000000000000000E+02   9.8463367238528177E-01   5.7546397593267118E+00   8.3552637630439186E+00
   1.4000000000000000E+02   9.7230268725632807E-01   5.8276215357064327E+00   8.4311244689597142E+00
   1.5000000000000000E+02   9.5604502709657002E-01   5.9267209377031467E+00   8.4454905301195922E+00
   1.6000000000000000E+02   9.3745321668098036E-01   6.0442611734175227E+00   8.4157930547925179E+00
   1.7000000000000000E+02   9.1762551725010111E-01   6.1748632453688339E+00   8.3558274222505773E+00
   1.8000000000000000E+02   8.9721423492003216E-01   6.3153390338097317E+00   8.2733497662240136E+00
   1.9000000000000000E+02   8.7669647617809077E-01   6.4631400187459951E+00   8.1753519695634420E+00
   2.0000000000000000E+02   8.5640126055906851E-01   6.6163051602484160E+00   8.0675257743268673E+00
   2.1000000000000000E+02   8.3649845866210093E-01   6.7737268620228868E+00   7.9525410578090350E+00
   2.2000000000000000E+02   8.1713299239170389E-01   6.9342593338393037E+00   7.8338003943342818E+00
   2.3000000000000000E+02   7.9838035961913179E-01   7.0971336045682358E+00   7.7133713140702307E+00
   2.4000000000000000E+02   7.8024931866138714E-01   7.2620532231944681E+00   7.5914378868023382E+00
   2.5000000000000000E+02   7.6278003761787905E-01   7.4283696479203734E+00   7.4699948929320108E+00
   2.6000000000000000E+02   7.4599448167320170E-01   7.5955147372824872E+00   7.3507979136244508E+00
   2.7000000000000000E+02   7.2975146453336581E-01   7.7645778800915899E+00   7.2283206277715175E+00
   2.8000000000000000E+02   7.1432219378333883E-01   7.9322917988445329E+00   7.1164985586841807E+00
   2.8799900000000002E+02   7.0229841604446375E-01   8.0680974782683776E+00   7.0227683293894794E+00
   2.8800099999999998E+02   7.0229531741159923E-01   8.0681330759313266E+00   7.0227380614040644E+00
   2.9000000000000000E+02   6.9939003749641204E-01   8.1016482587646852E+00   7.0015594842412883E+00
   3.0000000000000000E+02   6.8511303203761098E-01   8.2704777379992294E+00   6.8925677608275713E+00
   3.1000000000000000E+02   6.7144524853427301E-01   8.4388296616131147E+00   6.7887381629233667E+00
   3.2000000000000000E+02   6.5834522851007238E-01   8.6067489124264593E+00   6.6894080688627033E+00
   3.3000000000000000E+02   6.4567637155097102E-01   8.7756224776655181E+00   6.5882697812434969E+00
   3.4000000000000000E+02   6.3365436351783300E-01   8.9421179837274973E+00   6.4991474093218358E+00
   3.5000000000000000E+02   6.2199471150142249E-01   9.1097431774020095E+00   6.4068677397833973E+00
   3.6000000000000000E+02   6.1089935680960616E-01   9.2751973239450560E+00   6.3249997372935391E+00
   3.7000000000000000E+02   6.0015693331698949E-01   9.4412173965295949E+00   6.2418431641425514E+00
   3.8000000000000000E+02   5.8982318719488613E-01   9.6066282277370281E+00   6.1620835291347378E+00
   3.9000000000000000E+02   5.7987751664535359E-01   9.7713946770341913E+00   6.0856493182890121E+00
   4.0000000000000000E+02   5.7030268887940738E-01   9.9354468950756694E+00   6.0126256478323654E+00
   4.1000000000000000E+02   5.6099039698888131E-01   1.0100372679984604E+01   5.9364989546963685E+00
   4.2000000000000000E+02   5.5211856926637992E-01   1.0262672539721164E+01   5.8710853266833460E+00
   4.3000000000000000E+02   5.4355604836779658E-01   1.0424338201175120E+01   5.8082571239365137E+00
   4.4000000000000000E+02   5.3519955973812883E-01   1.0587101533216266E+01   5.7411434915933777E+00
   4.5000000000000000E+02   5.2722998008486510E-01   1.0747135583162697E+01   5.6845539937561425E+00
   4.6000000000000000E+02   5.1943355769599253E-01   1.0908444392028407E+01   5.6228748634225232E+00
   4.7000000000000000E+02   5.1199085837688596E-01   1.1067018066383541E+01   5.5714691805693519E+00
   4.8000000000000000E+02   5.0469738244250639E-01   1.1226949607026528E+01   5.5147127411232226E+00
   4.9000000000000000E+02   4.9763647157034196E-01   1.1386247598774084E+01   5.4601082087920672E+00
   5.0000000000000000E+02   4.9087894609531774E-01   1.1542992675794984E+01   5.4146917629834235E+00
   5.1000000000000000E+02   4.8425521383092218E-01   1.1700879861788277E+01   5.3646042015076478E+00
   5.2000000000000000E+02   4.7783386171534253E-01   1.1858121689282283E+01   5.3164846285446918E+00
   5.3000000000000000E+02   4.7160303298649592E-01   1.2014791430831327E+01   5.2700102766140065E+00
   5.4000000000000000E+02   4.6555860295525231E-01   1.2170781601956195E+01   5.2255264659192182E+00
   5.5000000000000000E+02   4.5968839148096080E-01   1.2326202237184173E+01   5.1825911200970900E+00
   5.6000000000000000E+02   4.5398768541622631E-01   1.2480981888936704E+01   5.1414273837912505E+00
   5.7000000000000000E+02   4.4844591429169961E-01   1.2635218426350800E+01   5.1016529449357533E+00
   5.8000000000000000E+02   4.4305687443851671E-01   1.2788904554660100E+01   5.0632717127620310E+00
   5.9000000000000000E+02   4.3781568830746809E-01   1.2942003292264303E+01   5.0263900431022082E+00
   6.0000000000000000E+02   4.3271186088049757E-01   1.3094653952749072E+01   4.9905056707836160E+00
   6.1000000000000000E+02   4.2773546077290470E-01   1.3247001006747359E+01   4.9551104106368697E+00
   6.2000000000000000E+02   4.2284571997809173E-01   1.3400187850485491E+01   4.9162817852479854E+00
   6.3000000000000000E+02   4.1813027840944283E-01   1.3551307743209469E+01   4.8839893593672183E+00
   6.4000000000000000E+02   4.1353118381373682E-01   1.3702018859192963E+01   4.8525225571528319E+00
   6.5000000000000000E+02   4.0899261332375969E-01   1.3854069474342378E+01   4.8160059603313936E+00
   6.6000000000000000E+02   4.0461616433528136E-01   1.4003919217584597E+01   4.7863464579473050E+00
   6.7000000000000000E+02   4.0034402026551974E-01   1.4153357594106735E+01   4.7575116712674737E+00
   6.8000000000000000E+02   3.9612415142037394E-01   1.4304131821205541E+01   4.7237371961499344E+00
   6.9000000000000000E+02   3.9204918377671832E-01   1.4452809274836449E+01   4.6963610586650475E+00
   7.0000000000000000E+02   3.8802067378317118E-01   1.4602861296629095E+01   4.6639974705110747E+00
   7.1000000000000000E+02   3.8412912852997316E-01   1.4750800339365792E+01   4.6380075468408331E+00
   7.2000000000000000E+02   3.8027745482519631E-01   1.4900205120192638E+01   4.6068099771874156E+00
   7.3000000000000000E+02   3.7655730216238531E-01   1.5047409907979254E+01   4.5821963330441404E+00
   7.4000000000000000E+02   3.7287208474856187E-01   1.5196128407684634E+01   4.5522911165967344E+00
   7.5000000000000000E+02   3.6930818675905575E-01   1.5342774091214412E+01   4.5285028830316776E+00
   7.6000000000000000E+02   3.6577787780526838E-01   1.5490855033329199E+01   4.4997395651773973E+00
   7.7000000000000000E+02   3.6236039243397117E-01   1.5636952044952602E+01   4.4767600231230791E+00
   7.8000000000000000E+02   3.5897552554575890E-01   1.5784396640594759E+01   4.4491413300918925E+00
   7.9000000000000000E+02   3.5565858640757597E-01   1.5931604904336188E+01   4.4218658761896386E+00
   8.0000000000000000E+02   3.5244582923362450E-01   1.6076831131187177E+01   4.4002780819269169E+00
   8.1000000000000000E+02   3.4926043081366570E-01   1.6223458426938723E+01   4.3739823511497349E+00
   8.2000000000000000E+02   3.4613724060483830E-01   1.6369842405801545E+01   4.3480589609181513E+00
   8.3000000000000000E+02   3.4310923851464042E-01   1.6514309273658448E+01   4.3275484531563277E+00
   8.4000000000000000E+02   3.4010580755853964E-01   1.6660145030028442E+01   4.3025169904383791E+00
   8.5000000000000000E+02   3.3715874057155981E-01   1.6805769501554998E+01   4.2777670571613511E+00
   8.6000000000000000E+02   3.3426570127867211E-01   1.6951221910609313E+01   4.2531820106230018E+00
   8.7000000000000000E+02   3.3145988463160209E-01   1.7094714450220337E+01   4.2340351271533914E+00
   8.8000000000000000E+02   3.2867442494985416E-01   1.7239589238939743E+01   4.2104477892594785E+00
   8.9000000000000000E+02   3.2593761400532933E-01   1.7384345457556080E+01   4.1868771780920317E+00
   9.0000000000000000E+02   3.2325211248685437E-01   1.7528770456869452E+01   4.1639482211807310E+00
   9.1000000000000000E+02   3.2061423845470449E-01   1.7672989530315949E+01   4.1412964259077567E+00
   9.2000000000000000E+02   3.1804952185643587E-01   1.7815502587165913E+01   4.1232215805380443E+00
   9.3000000000000000E+02   3.1550405460066760E-01   1.7959236963378867E+01   4.1013070810865830E+00
   9.4000000000000000E+02   3.1269590067999092E-01   1.8120519223815933E+01   4.0869592550695844E+00
   9.5000000000000000E+02   3.1027012983937557E-01   1.8262190054884005E+01   4.0654937608449497E+00
   9.6000000000000000E+02   3.0788298405106435E-01   1.8403784466829890E+01   4.0439351764250571E+00
   9.7000000000000000E+02   3.0553750715681399E-01   1.8545062215789070E+01   4.0229628559621595E+00
   9.8000000000000000E+02   3.0322864084327628E-01   1.8686269422711938E+01   4.0018872210839200E+00
   9.9000000000000000E+02   3.0095931662081338E-01   1.8827169542716714E+01   3.9813710234080566E+00
   1.0000000000000000E+03   2.9872491805869117E-01   1.8967992748321588E+01   3.9607751975676582E+00
   1.1000000000000000E+03   2.7821872740812459E-01   2.0366034063437919E+01   3.7673263271355366E+00
   1.2000000000000000E+03   2.6054771501546481E-01   2.1747310580497302E+01   3.5926486204026209E+00
   1.3000000000000000E+03   2.4514867192529680E-01   2.3113370490568499E+01   3.4337097514773265E+00
   1.4000000000000000E+03   2.3160466770349974E-01   2.4465016770448241E+01   3.2892578583458270E+00
   1.5000000000000000E+03   2.1958968655934463E-01   2.5803634807543229E+01   3.1566123253799052E+00
   1.6000000000000000E+03   2.0885642353224407E-01   2.7129699837100976E+01   3.0351983916706384E+00
   1.7000000000000000E+03   1.9920598199076450E-01   2.8443985581431530E+01   2.9237111698284655E+00
   1.8000000000000000E+03   1.9047543707668069E-01   2.9747731079882691E+01   2.8199277867143380E+00
   1.9000000000000000E+03   1.8254167323070017E-01   3.1040649399105320E+01   2.7247641150974982E+00
   2.0000000000000000E+03   1.7529413224082649E-01   3.2324025950256747E+01   2.6359465294790874E+00
   2.1000000000000000E+03   1.6864703376998105E-01   3.3598053596414886E+01   2.5533937316197268E+00
   2.2000000000000000E+03   1.6252584025827449E-01   3.4863453531302305E+01   2.4760146176180764E+00
   2.3000000000000000E+03   1.5687003317476728E-01   3.6120423798008289E+01   2.4036928911927875E+00
   2.4000000000000000E+03   1.5162754763030531E-01   3.7369278657038215E+01   2.3360744613524047E+00
   2.5000000000000000E+03   1.4675339554930811E-01   3.8610432544141069E+01   2.2726324604404362E+00
   2.6000000000000000E+03   1.4220792523204112E-01   3.9844559086525159E+01   2.2124306435385614E+00
   2.7000000000000000E+03   1.3795914129178408E-01   4.1071668223102044E+01   2.1556436526172442E+00
   2.8000000000000000E+03   1.3397852979206676E-01   4.2291941016774210E+01   2.1021339137578714E+00
   2.9000000000000000E+03   1.3024091814665428E-01   4.3505621429203437E+01   2.0516565594643712E+00
   3.0000000000000000E+03   1.2672413933411728E-01   4.4712965574308136E+01   2.0039488953427225E+00
   3.1000000000000000E+03   1.2340854001175540E-01   4.5914262326906005E+01   1.9587038629989619E+00
   3.2000000000000000E+03   1.2027562771398073E-01   4.7110226628412583E+01   1.9150101415601255E+00
   3.3000000000000000E+03   1.1731295563890505E-01   4.8299968648996355E+01   1.8742639573118445E+00
   3.4000000000000000E+03   1.1450428387527724E-01   4.9484716970520374E+01   1.8348258317812336E+00
   3.5000000000000000E+03   1.1183854982141009E-01   5.0664212729227366E+01   1.7971783572097437E+00
   3.6000000000000000E+03   1.0930469841626105E-01   5.1838687280411200E+01   1.7611484276696432E+00
   3.7000000000000000E+03   1.0689305386972792E-01   5.3008234626598906E+01   1.7266903421027364E+00
   3.8000000000000000E+03   1.0459482244071007E-01   5.4172969055826123E+01   1.6937300885893070E+00
   3.9000000000000000E+03   1.0240199369685363E-01   5.5333025021507098E+01   1.6621693559791875E+00
   4.0000000000000000E+03   1.0030721466224608E-01   5.6488579595789325E+01   1.6318576941566665E+00
   4.1000000000000000E+03   9.8303084093524687E-02   5.7640226974867126E+01   1.6021360760497230E+00
   4.2000000000000000E+03   9.6385587012180002E-02   5.8786922973910912E+01   1.5743558169675400E+00
   4.3000000000000000E+03   9.4547022305826581E-02   5.9930095536504552E+01   1.5468481730578933E+00
   4.4000000000000000E+03   9.2784636405888243E-02   6.1068430065223900E+01   1.5212416245156455E+00
   4.5000000000000000E+03   9.1091609027790468E-02   6.2203447056814554E+01   1.4958024045912448E+00
   4.6000000000000000E+03   8.9465734661989857E-02   6.3333879734936588E+01   1.4720558212815367E+00
   4.7000000000000000E+03   8.7901308376078166E-02   6.4461066440988745E+01   1.4485183594785416E+00
   4.8000000000000000E+03   8.6395530140309401E-02   6.5584551310444951E+01   1.4257692620897742E+00
   4.9000000000000000E+03   8.4945141390080026E-02   6.6704369275932706E+01   1.4038180609639093E+00
   5.0000000000000000E+03   8.3547836769126291E-02   6.7819973545671360E+01   1.3832946361138179E+00
   5.1000000000000000E+03   8.2199307318574971E-02   6.8932601311590290E+01   1.3628987667779593E+00
   5.2000000000000000E+03   8.0897554338297914E-02   7.0041821731534824E+01   1.3431447898324074E+00
   5.3000000000000000E+03   7.9640156282185973E-02   7.1147676549043126E+01   1.3240283613332189E+00
   5.4000000000000000E+03   7.8424837584064308E-02   7.2250223960063011E+01   1.3055260087046707E+00
   5.5000000000000000E+03   7.7249466086236618E-02   7.3349530638241546E+01   1.2876056439058823E+00
   5.6000000000000000E+03   7.6112032654863174E-02   7.4445680687233249E+01   1.2702157004627856E+00
   5.7000000000000000E+03   7.4987224092679716E-02   7.5562366096884915E+01   1.1217917320505273E+00
   5.8000000000000000E+03   7.3909731148915608E-02   7.6663951977632763E+01   1.1060411394801510E+00
   5.9000000000000000E+03   7.2865564660505727E-02   7.7762549509911238E+01   1.0907706119081833E+00
   6.0000000000000000E+03   7.1853166571395857E-02   7.8858209733179450E+01   1.0759579734966922E+00
   6.1000000000000000E+03   7.0871075619899332E-02   7.9950981834530566E+01   1.0615824115894170E+00
   6.2000000000000000E+03   6.9917919881944873E-02   8.1040913245810358E+01   1.0476243727127756E+00
   6.3000000000000000E+03   6.8992409996801077E-02   8.2128049733919070E+01   1.0340654680071921E+00
   6.4000000000000000E+03   6.8093333002812340E-02   8.3212435485368175E+01   1.0208883870985370E+00
   6.5000000000000000E+03   6.7219546720152581E-02   8.4294113185108245E+01   1.0080768195433085E+00
   6.6000000000000000E+03   6.6369974624327754E-02   8.5373124090411778E+01   9.9561538307753117E-01
   6.7000000000000000E+03   6.5543601161047113E-02   8.6449508100077850E+01   9.8348955798863580E-01
   6.8000000000000000E+03   6.4739467458641911E-02   8.7523303819266218E+01   9.7168562700845595E-01
   6.9000000000000000E+03   6.3956667399198100E-02   8.8594548620137417E+01   9.6019062019108192E-01
   7.0000000000000000E+03   6.3194344013321066E-02   8.9663278699210849E+01   9.4899226429503181E-01
   7.1000000000000000E+03   6.2451686168133895E-02   9.0729529131135138E+01   9.3807893624759930E-01
   7.2000000000000000E+03   6.1727925521086156E-02   9.1793333918935048E+01   9.2743962031110982E-01
   7.3000000000000000E+03   6.1022333714310824E-02   9.2854726041907938E+01   9.1706386860750944E-01
   7.4000000000000000E+03   6.0334219788295916E-02   9.3913737500246739E+01   9.0694176470048327E-01
   7.5000000000000000E+03   5.9662927794387324E-02   9.4970399357660270E+01   8.9706388995810260E-01
   7.6000000000000000E+03   5.9007834589177514E-02   9.6024741780974296E+01   8.8742129245454593E-01
   7.7000000000000000E+03   5.8368347793913970E-02   9.7076794078297112E+01   8.7800545818362496E-01
   7.8000000000000000E+03   5.7743903905647452E-02   9.8126584734186096E+01   8.6880828439207880E-01
   7.9000000000000000E+03   5.7133966545930386E-02   9.9174141443953616E+01   8.5982205484475505E-01
   8.0000000000000000E+03   5.6538024836603168E-02   1.0021949114522060E+02   8.5103941686650775E-01
   8.1000000000000000E+03   5.5955591891073408E-02   1.0126266004853296E+02   8.4245336000789628E-01
   8.2000000000000000E+03   5.5386203412268811E-02   1.0230367366586945E+02   8.3405719620476637E-01
   8.3000000000000000E+03   5.4829416388116420E-02   1.0334255683794389E+02   8.2584454131011586E-01
   8.4000000000000000E+03   5.4284807876826151E-02   1.0437933376013817E+02   8.1780929788654877E-01
   8.5000000000000000E+03   5.3751973874851831E-02   1.0541402800709395E+02   8.0994563916240014E-01
   8.6000000000000000E+03   5.3230528261036816E-02   1.0644666255600012E+02   8.0224799405841329E-01
   8.7000000000000000E+03   5.2720101810927983E-02   1.0747725980881364E+02   7.9471103320300651E-01
   8.8000000000000000E+03   5.2220341275839827E-02   1.0850584161351956E+02   7.8732965586040127E-01
   8.9000000000000000E+03   5.1730908521940788E-02   1.0953242928407079E+02   7.8009897770262970E-01
   9.0000000000000000E+03   5.1251479724395865E-02   1.1055704362001238E+02   7.7301431936130727E-01
   9.1000000000000000E+03   5.0781744613267170E-02   1.1157970492411690E+02   7.6607119570467108E-01
   9.2000000000000000E+03   5.0321405766264656E-02   1.1260043302047075E+02   7.5926530578149465E-01
   9.3000000000000000E+03   4.9870177946032268E-02   1.1361924727062308E+02   7.5259252338954785E-01
   9.4000000000000000E+03   4.9427787477820256E-02   1.1463616658995338E+02   7.4604888821830340E-01
   9.5000000000000000E+03   4.8993971665522433E-02   1.1565120946231812E+02   7.3963059753024618E-01
   9.6000000000000000E+03   4.8568478242401125E-02   1.1666439395528586E+02   7.3333399833778268E-01
   9.7000000000000000E+03   4.8151064855291151E-02   1.1767573773308926E+02   7.2715558004758862E-01
   9.8000000000000000E+03   4.7741498578563191E-02   1.1868525807073109E+02   7.2109196753297833E-01
   9.9000000000000000E+03   4.7339555456934579E-02   1.1969297186651535E+02   7.1513991461071513E-01
   1.0000000000000000E+04   4.6945020074955053E-02   1.2069889565353729E+02   7.0929629789503590E-01
   1.1000000000000000E+04   4.3365057740422930E-02   1.3066308163123762E+02   6.5621408272452508E-01
   1.2000000000000000E+04   4.0339207510529072E-02   1.4046413970827899E+02   6.1126412628286941E-01
   1.3000000000000000E+04   3.7746049971974720E-02   1.5011404063967493E+02   5.7267825513157211E-01
   1.4000000000000000E+04   3.5497507174385039E-02   1.5962281665707914E+02   5.3917077263261692E-01
   1.5000000000000000E+04   3.3528080154393694E-02   1.6899900183332397E+02   5.0978355117550522E-01
   1.6000000000000000E+04   3.1788015097965916E-02   1.7824994929748817E+02   4.8378740609324877E-01
   1.7000000000000000E+04   3.0238817519721264E-02   1.8738206531339407E+02   4.6061720166300102E-01
   1.8000000000000000E+04   2.8850222215932989E-02   1.9640098565171397E+02   4.3982792318440511E-01
   1.9000000000000000E+04   2.7598094888868788E-02   2.0531171090963898E+02   4.2106419699339126E-01
   2.0000000000000000E+04   2.6462946774507241E-02   2.1411871201504624E+02   4.0403867660994436E-01
   2.1000000000000000E+04   2.5428862576407397E-02   2.2282601364707753E+02   3.8851641771813666E-01
   2.2000000000000000E+04   2.4482713171812134E-02   2.3143726104686539E+02   3.7430338650746653E-01
   2.3000000000000000E+04   2.3613568375138047E-02   2.3995577413221386E+02   3.6123787629115567E-01
   2.4000000000000000E+04   2.2812252719886940E-02   2.4838459178302034E+02   3.4918400622109502E-01
   2.5000000000000000E+04   2.2071005110845140E-02   2.5672650842239983E+02   3.3802673420132567E-01
   2.6000000000000000E+04   2.1383215005903251E-02   2.6498410449111356E+02   3.2766798683821019E-01
   2.7000000000000000E+04   2.0743215727558734E-02   2.7315977203825133E+02   3.1802362424354996E-01
   2.8000000000000000E+04   2.0146120938559626E-02   2.8125573636536143E+02   3.0902103630960331E-01
   2.9000000000000000E+04   1.9587694094363922E-02   2.8927407443587680E+02   3.0059722190641963E-01
   3.0000000000000000E+04   1.9064243344202935E-02   2.9721673067099186E+02   2.9269724115821449E-01
   3.1000000000000000E+04   1.8572536264225246E-02   3.0508553053115168E+02   2.8527295868992442E-01
   3.2000000000000000E+04   1.8109730176696155E-02   3.1288219229083671E+02   2.7828201578256634E-01
   3.3000000000000000E+04   1.7673314822088337E-02   3.2060833728817579E+02   2.7168698409280873E-01
   3.4000000000000000E+04   1.7261064896809945E-02   3.2826549887587748E+02   2.6545466449055355E-01
   3.5000000000000000E+04   1.6871000524906220E-02   3.3585513029386323E+02   2.5955550270509908E-01
   3.6000000000000000E+04   1.6501354155842012E-02   3.4337861159559390E+02   2.5396309963123842E-01
   3.7000000000000000E+04   1.6150542696827568E-02   3.5083725580275524E+02   2.4865379881826735E-01
   3.8000000000000000E+04   1.5817143938342975E-02   3.5823231435256275E+02   2.4360633728525852E-01
   3.9000000000000000E+04   1.5499876517941061E-02   3.6556498194818460E+02   2.3880154856598207E-01
   4.0000000000000000E+04   1.5197582814690696E-02   3.7283640093100780E+02   2.3422210905847204E-01
   4.1000000000000000E+04   1.4909214288124310E-02   3.8004766515386007E+02   2.2985232048269372E-01
   4.2000000000000000E+04   1.4633818858652769E-02   3.8719982351905793E+02   2.2567792255292177E-01
   4.3000000000000000E+04   1.4370530008219334E-02   3.9429388312326552E+02   2.2168593108335610E-01
   4.4000000000000000E+04   1.4118557330774039E-02   4.0133081211701739E+02   2.1786449756386028E-01
   4.5000000000000000E+04   1.3877178310878384E-02   4.0831154234275743E+02   2.1420278694628100E-01
   4.6000000000000000E+04   1.3645731152318655E-02   4.1523697163837369E+02   2.1069087095588129E-01
   4.7000000000000000E+04   1.3423608497397394E-02   4.2210796601962835E+02   2.0731963463859321E-01
   4.8000000000000000E+04   1.3210251912940904E-02   4.2892536166774619E+02   2.0408069427978001E-01
   4.9000000000000000E+04   1.3005147037262214E-02   4.3568996669129848E+02   2.0096632511406787E-01
   5.0000000000000000E+04   1.2807819295292599E-02   4.4240256275030214E+02   1.9796939747474079E-01
   5.1000000000000000E+04   1.2617830102622688E-02   4.4906390666192749E+02   1.9508332023908839E-01
   5.2000000000000000E+04   1.2434773502187236E-02   4.5567473170971272E+02   1.9230199065024833E-01
   5.3000000000000000E+04   1.2258273169781864E-02   4.6223574895101177E+02   1.8961974965829892E-01
   5.4000000000000000E+04   1.2087979744485189E-02   4.6874764842861913E+02   1.8703134208546460E-01
   5.5000000000000000E+04   1.1923568444907084E-02   4.7521110023907517E+02   1.8453188103828427E-01
   5.6000000000000000E+04   1.1764736933356666E-02   4.8162675558131275E+02   1.8211681601626634E-01
   5.7000000000000000E+04   1.1611203401739816E-02   4.8799524764428747E+02   1.7978190430877225E-01
   5.8000000000000000E+04   1.1462704847356644E-02   4.9431719257666049E+02   1.7752318524914007E-01
   5.9000000000000000E+04   1.1318995523836682E-02   5.0059319023032850E+02   1.7533695704321545E-01
   6.0000000000000000E+04   1.1179845541396557E-02   5.0682382493563563E+02   1.7321975584174176E-01
   6.1000000000000000E+04   1.1045039601902798E-02   5.1300966621288171E+02   1.7116833682389104E-01
   6.2000000000000000E+04   1.0914375852115993E-02   5.1915126950495232E+02   1.6917965704778348E-01
   6.3000000000000000E+04   1.0787664848156962E-02   5.2524917665089208E+02   1.6725085992813213E-01
   6.4000000000000000E+04   1.0664728608369469E-02   5.3130391663539206E+02   1.6537926108807105E-01
   6.5000000000000000E+04   1.0545399757378499E-02   5.3731600601633215E+02   1.6356233551693466E-01
   6.6000000000000000E+04   1.0429520742786320E-02   5.4328594949094906E+02   1.6179770585040615E-01
   6.7000000000000000E+04   1.0316943121535894E-02   5.4921424037439874E+02   1.6008313167557037E-01
   6.8000000000000000E+04   1.0207526907732505E-02   5.5510136105425192E+02   1.5841649975763714E-01
   6.9000000000000000E+04   1.0101139976828374E-02   5.6094778336685624E+02   1.5679581509841345E-01
   7.0000000000000000E+04   9.9976575170933717E-03   5.6675396909650863E+02   1.5521919272996673E-01
   7.1000000000000000E+04   9.8969615285616295E-03   5.7252037033064130E+02   1.5368485019099087E-01
   7.2000000000000000E+04   9.7989403643922793E-03   5.7824742969865270E+02   1.5219110063261371E-01
   7.3000000000000000E+04   9.7034883043252800E-03   5.8393558087296606E+02   1.5073634643795747E-01
   7.4000000000000000E+04   9.6105051652342986E-03   5.8958524885638258E+02   1.4931907337705264E-01
   7.5000000000000000E+04   9.5198959431973471E-03   5.9519685018502025E+02   1.4793784521029910E-01
   7.6000000000000000E+04   9.4315704797639996E-03   6.0077079333048641E+02   1.4659129870227969E-01
   7.7000000000000000E+04   9.3454431559311293E-03   6.0630747894326726E+02   1.4527813901673506E-01
   7.8000000000000000E+04   9.2614326084186713E-03   6.1180730012866582E+02   1.4399713545595993E-01
   7.9000000000000000E+04   9.1794614684235585E-03   6.1727064261573776E+02   1.4274711752473743E-01
   8.0000000000000000E+04   9.0994561168697263E-03   6.2269788509397517E+02   1.4152697126788433E-01
   8.1000000000000000E+04   9.0213464598755295E-03   6.2808939936870479E+02   1.4033563588308678E-01
   8.2000000000000000E+04   8.9450657186175200E-03   6.3344555062206291E+02   1.3917210057097187E-01
   8.3000000000000000E+04   8.8705502349421001E-03   6.3876669760127891E+02   1.3803540160569439E-01
   8.4000000000000000E+04   8.7977392901613730E-03   6.4405319282611765E+02   1.3692461961536162E-01
   8.5000000000000000E+04   8.7265749382426719E-03   6.4930538264778329E+02   1.3583887705179998E-01
   8.6000000000000000E+04   8.6570018448667730E-03   6.5452360771299038E+02   1.3477733581035817E-01
   8.7000000000000000E+04   8.5889671449489776E-03   6.5970820284397223E+02   1.3373919504377385E-01
   8.8000000000000000E+04   8.5224203043378303E-03   6.6485949731863923E+02   1.3272368910094037E-01
   8.9000000000000000E+04   8.4573129909813142E-03   6.6997781511959329E+02   1.3173008559211438E-01
   9.0000000000000000E+04   8.3935989580880502E-03   6.7506347489002519E+02   1.3075768361428863E-01
   9.1000000000000000E+04   8.3312339313898927E-03   6.8011679015894879E+02   1.2980581205474145E-01
   9.2000000000000000E+04   8.2701755034504890E-03   6.8513806957496274E+02   1.2887382801570313E-01
   9.3000000000000000E+04   8.2103830366532220E-03   6.9012761696802852E+02   1.2796111534368051E-01
   9.4000000000000000E+04   8.1518175730410525E-03   6.9508573133665232E+02   1.2706708325654167E-01
   9.5000000000000000E+04   8.0944417451727386E-03   7.0001270722089748E+02   1.2619116502260025E-01
   9.6000000000000000E+04   8.0382196964272536E-03   7.0490883472601217E+02   1.2533281675646282E-01
   9.7000000000000000E+04   7.9831170070049345E-03   7.0977439946180050E+02   1.2449151627908919E-01
   9.8000000000000000E+04   7.9291006200577357E-03   7.1460968286198317E+02   1.2366676203177064E-01
   9.9000000000000000E+04   7.8761387743391392E-03   7.1941496230881819E+02   1.2285807205682790E-01
   1.0000000000000000E+05   7.8242009437217690E-03   7.2419051098461989E+02   1.2206498306464285E-01
   1.1000000000000000E+05   7.3551996753467028E-03   7.7036821970616666E+02   1.1490190622830164E-01
   1.2000000000000000E+05   6.9622591280137395E-03   8.1384676658777641E+02   1.0889886816378630E-01
   1.3000000000000000E+05   6.6283488704802357E-03   8.5484517942545870E+02   1.0379693984888322E-01
   1.4000000000000000E+05   6.3411866421431177E-03   8.9355705788928105E+02   9.9409196263752664E-02
   1.5000000000000000E+05   6.0916869454949920E-03   9.3015483726893888E+02   9.5597240726176869E-02
   1.6000000000000000E+05   5.8729817690232671E-03   9.6479306463479088E+02   9.2256370582864483E-02
   1.7000000000000000E+05   5.6797811843776790E-03   9.9761098104715950E+02   8.9305882132217018E-02
   1.8000000000000000E+05   5.5079435622875659E-03   1.0287345931204343E+03   8.6682548050481159E-02
   1.9000000000000000E+05   5.3541792482725437E-03   1.0582783684928636E+03   8.4336116785546256E-02
   2.0000000000000000E+05   5.2158416775472749E-03   1.0863466396749843E+03   8.2226137579472919E-02
   2.1000000000000000E+05   5.0907771915460710E-03   1.1130347815830030E+03   8.0319676165794565E-02
   2.2000000000000000E+05   4.9772151359782088E-03   1.1384302114090938E+03   7.8589642174368812E-02
   2.3000000000000000E+05   4.8736861752856743E-03   1.1626132409208899E+03   7.7013545098487179E-02
   2.4000000000000000E+05   4.7789606832158906E-03   1.1856578145495992E+03   7.5572555646877926E-02
   2.5000000000000000E+05   4.6920016891596030E-03   1.2076321482516564E+03   7.4250788397134587E-02
   2.6000000000000000E+05   4.6119285102384795E-03   1.2285992870230373E+03   7.3034747097650121E-02
   2.7000000000000000E+05   4.5379883287738473E-03   1.2486175963813487E+03   7.1912891010953495E-02
   2.8000000000000000E+05   4.4695337785154001E-03   1.2677411918704197E+03   7.0875292681498114E-02
   2.9000000000000000E+05   4.4060050792945364E-03   1.2860203239682726E+03   6.9913365149139997E-02
   3.0000000000000000E+05   4.3469156879542619E-03   1.3035017208136462E+03   6.9019642823974936E-02
   3.1000000000000000E+05   4.2918407199977037E-03   1.3202288829309691E+03   6.8187604230215332E-02
   3.2000000000000000E+05   4.2404074421799262E-03   1.3362423674474319E+03   6.7411527038539226E-02
   3.3000000000000000E+05   4.1922875340857585E-03   1.3515800224604309E+03   6.6686369423252692E-02
   3.4000000000000000E+05   4.1471906515848410E-03   1.3662772116142964E+03   6.6007671744443844E-02
   3.5000000000000000E+05   4.1048590980768676E-03   1.3803670099504373E+03   6.5371474920470185E-02
   3.6000000000000000E+05   4.0650633577946488E-03   1.3938803853119300E+03   6.4774252109988883E-02
   3.7000000000000000E+05   4.0275983568395729E-03   1.4068463579189781E+03   6.4212851403640761E-02
   3.8000000000000000E+05   3.9922802821031360E-03   1.4192921536298672E+03   6.3684447226299901E-02
   3.9000000000000000E+05   3.9589439320873348E-03   1.4312433256645618E+03   6.3186499433852544E-02
   4.0000000000000000E+05   3.9274403737550737E-03   1.4427238965470731E+03   6.2716717936829008E-02
   4.1000000000000000E+05   3.8976350433146639E-03   1.4537564488494284E+03   6.2273032997246319E-02
   4.2000000000000000E+05   3.8694060142842198E-03   1.4643622454100039E+03   6.1853569202477664E-02
   4.3000000000000000E+05   3.8426425809838221E-03   1.4745613103650946E+03   6.1456623381992627E-02
   4.4000000000000000E+05   3.8172439947097960E-03   1.4843725177989268E+03   6.1080645302812930E-02
   4.5000000000000000E+05   3.7931183613025107E-03   1.4938136751246816E+03   6.0724220886027289E-02
   4.6000000000000000E+05   3.7701817133675205E-03   1.5029015867829780E+03   6.0386057751731302E-02
   4.7000000000000000E+05   3.7483571393743050E-03   1.5116521368681661E+03   6.0064972235512902E-02
   4.8000000000000000E+05   3.7275740985462402E-03   1.5200803336652771E+03   5.9759878450693631E-02
   4.9000000000000000E+05   3.7077677759154168E-03   1.5282003679643267E+03   5.9469778452529376E-02
   5.0000000000000000E+05   3.6888784813124496E-03   1.5360256804838573E+03   5.9193753360703170E-02
   5.1000000000000000E+05   3.6708511954604887E-03   1.5435689919785534E+03   5.8930955938870773E-02
   5.2000000000000000E+05   3.6536351052061174E-03   1.5508423573570187E+03   5.8680603701694228E-02
   5.3000000000000000E+05   3.6371831990915930E-03   1.5578572123877020E+03   5.8441972777069084E-02
   5.4000000000000000E+05   3.6214519440585526E-03   1.5646244012091192E+03   5.8214392725824474E-02
   5.5000000000000000E+05   3.6064009700379090E-03   1.5711542134541553E+03   5.7997241723842907E-02
   5.6000000000000000E+05   3.5919927681500588E-03   1.5774564274522234E+03   5.7789942094451874E-02
   5.7000000000000000E+05   3.5781924670738787E-03   1.5835403298229637E+03   5.7591956723749324E-02
   5.8000000000000000E+05   3.5649675902770903E-03   1.5894147523062902E+03   5.7402785381520494E-02
   5.9000000000000000E+05   3.5522878732835036E-03   1.5950880901560313E+03   5.7221961824075240E-02
   6.0000000000000000E+05   3.5401250565489906E-03   1.6005683383975679E+03   5.7049050799027945E-02
   6.1000000000000000E+05   3.5284527414277816E-03   1.6058631062144798E+03   5.6883645670659497E-02
   6.2000000000000000E+05   3.5172462470148247E-03   1.6109796362109337E+03   5.6725366144474591E-02
   6.3000000000000000E+05   3.5064824438770263E-03   1.6159248392572101E+03   5.6573856045838672E-02
   6.4000000000000000E+05   3.4961396754429903E-03   1.6207052936928951E+03   5.6428781631084002E-02
   6.5000000000000000E+05   3.4861976106763943E-03   1.6253272798213100E+03   5.6289829748139508E-02
   6.6000000000000000E+05   3.4766371480816610E-03   1.6297967944704026E+03   5.6156706288487443E-02
   6.7000000000000000E+05   3.4674403614930404E-03   1.6341195489344791E+03   5.6029134912818482E-02
   6.8000000000000000E+05   3.4585903631031882E-03   1.6383010083900936E+03   5.5906855613876753E-02
   6.9000000000000000E+05   3.4500712587908029E-03   1.6423463906847346E+03   5.5789623558941924E-02
   7.0000000000000000E+05   3.4418680634341280E-03   1.6462606860725348E+03   5.5677208021343336E-02
   7.1000000000000000E+05   3.4339666707356004E-03   1.6500486529959353E+03   5.5569391550358171E-02
   7.2000000000000000E+05   3.4263537521461492E-03   1.6537148494755090E+03   5.5465968868997122E-02
   7.3000000000000000E+05   3.4190166936635263E-03   1.6572636483411798E+03   5.5366745908848554E-02
   7.4000000000000000E+05   3.4119436019658341E-03   1.6606992202964771E+03   5.5271539413273806E-02
   7.5000000000000000E+05   3.4051232127488896E-03   1.6640255654379066E+03   5.5180176007803242E-02
   7.6000000000000000E+05   3.3985448858263215E-03   1.6672465039703402E+03   5.5092491641491687E-02
   7.7000000000000000E+05   3.3921984993760066E-03   1.6703657172546098E+03   5.5008330743241109E-02
   7.8000000000000000E+05   3.3860745082021611E-03   1.6733867095230262E+03   5.4927546147534340E-02
   7.9000000000000000E+05   3.3801638243083380E-03   1.6763128575993371E+03   5.4849998012272708E-02
   8.0000000000000000E+05   3.3744578122495588E-03   1.6791474052250408E+03   5.4775553650647978E-02
   8.1000000000000000E+05   3.3689483273829173E-03   1.6818934364249712E+03   5.4704087350083065E-02
   8.2000000000000000E+05   3.3636275667966124E-03   1.6845539427174133E+03   5.4635479281030984E-02
   8.3000000000000000E+05   3.3584881565292563E-03   1.6871317734036068E+03   5.4569615823569111E-02
   8.4000000000000000E+05   3.3535230485898368E-03   1.6896296811983648E+03   5.4506388730576241E-02
   8.5000000000000000E+05   3.3487255814094127E-03   1.6920502865138972E+03   5.4445695173180333E-02
   8.6000000000000000E+05   3.3440893356147844E-03   1.6943961452030185E+03   5.4387436853864296E-02
   8.7000000000000000E+05   3.3396082762986072E-03   1.6966696722168431E+03   5.4331520604475207E-02
   8.8000000000000000E+05   3.3352765757553937E-03   1.6988732270866908E+03   5.4277857099612491E-02
   8.9000000000000000E+05   3.3310887558939965E-03   1.7010090377971685E+03   5.4226361760443695E-02
   9.0000000000000000E+05   3.3270395149578380E-03   1.7030792853543908E+03   5.4176953328506645E-02
   9.1000000000000000E+05   3.3231238171510837E-03   1.7050860549450915E+03   5.4129554437117935E-02
   9.2000000000000000E+05   3.3193368689341026E-03   1.7070313448781515E+03   5.4084091271398238E-02
   9.3000000000000000E+05   3.3156740689218012E-03   1.7089170894661445E+03   5.4040493237179285E-02
   9.4000000000000000E+05   3.3121310425714237E-03   1.7107451385984907E+03   5.3998692955192558E-02
   9.5000000000000000E+05   3.3087035588736371E-03   1.7125172982886174E+03   5.3958625700569855E-02
   9.6000000000000000E+05   3.3053876327282369E-03   1.7142352755774587E+03   5.3920229959054079E-02
   9.7000000000000000E+05   3.3021793824951763E-03   1.7159007501278561E+03   5.3883446449600518E-02
   9.8000000000000000E+05   3.2990751466342796E-03   1.7175153119082147E+03   5.3848218712958036E-02
   9.9000000000000000E+05   3.2960713839623869E-03   1.7190805111352147E+03   5.3814492534150299E-02
   1.0000000000000000E+06   3.2931647115412369E-03   1.7205978369749885E+03   5.3782215955348357E-02
   1.1000000000000000E+06   3.2687849558999276E-03   1.7334306648876056E+03   5.3529164340260789E-02
   1.2000000000000000E+06   3.2512453661691460E-03   1.7427820546674261E+03   5.3377113824763164E-02
   1.3000000000000000E+06   3.2387430202580276E-03   1.7495096227266563E+03   5.3298510729212822E-02
   1.4000000000000000E+06   3.2300173353295787E-03   1.7542358109053475E+03   5.3274157944758746E-02
   1.5000000000000000E+06   3.2241656038051823E-03   1.7574196786892435E+03   5.3290363371667884E-02
   1.6000000000000000E+06   3.2205277730314621E-03   1.7594048177223588E+03   5.3337165111194421E-02
   1.7000000000000000E+06   3.2186127135801130E-03   1.7604516553274896E+03   5.3407192376101031E-02
   1.8000000000000000E+06   3.2180492969852209E-03   1.7607598754899486E+03   5.3494912134588936E-02
   1.9000000000000000E+06   3.2185534964802964E-03   1.7604840452944457E+03   5.3596119926148753E-02
   2.0000000000000000E+06   3.2199051015289184E-03   1.7597450548432957E+03   5.3707585122365939E-02
   2.1000000000000000E+06   3.2219319138048468E-03   1.7586380566276043E+03   5.3826804380621929E-02
   2.2000000000000000E+06   3.2244979347881985E-03   1.7572385512637645E+03   5.3951821232911354E-02
   2.3000000000000000E+06   3.2274946641529046E-03   1.7556069549590966E+03   5.4081095920793999E-02
   2.4000000000000000E+06   3.2308353725789404E-03   1.7537916439726516E+03   5.4213411880178343E-02
   2.5000000000000000E+06   3.2344496851490745E-03   1.7518318820962152E+03   5.4347800451644897E-02
   2.6000000000000000E+06   3.2382809230132163E-03   1.7497592748092436E+03   5.4483490940770561E-02
   2.7000000000000000E+06   3.2422825736644002E-03   1.7475997081513806E+03   5.4619866331119746E-02
   2.8000000000000000E+06   3.2464166602563255E-03   1.7453742610576764E+03   5.4756432553292565E-02
   2.9000000000000000E+06   3.2506519047067048E-03   1.7431002289958997E+03   5.4892793428413730E-02
   3.0000000000000000E+06   3.2549624163165781E-03   1.7407918601690906E+03   5.5028631411513998E-02
   3.1000000000000000E+06   3.2593268673090856E-03   1.7384608264706703E+03   5.5163692821375829E-02
   3.2000000000000000E+06   3.2637278133516964E-03   1.7361166137384719E+03   5.5297777085557810E-02
   3.3000000000000000E+06   3.2681502581610998E-03   1.7337673093000440E+03   5.5430722549365000E-02
   3.4000000000000000E+06   3.2725823271343140E-03   1.7314192625497424E+03   5.5562404765381768E-02
   3.5000000000000000E+06   3.2770136876342777E-03   1.7290779409501740E+03   5.5692725097157489E-02
   3.6000000000000000E+06   3.2814359053471472E-03   1.7267477540082496E+03   5.5821609074040657E-02
   3.7000000000000000E+06   3.2858420354431837E-03   1.7244322820028603E+03   5.5948999942784211E-02
   3.8000000000000000E+06   3.2902262245448179E-03   1.7221344955586144E+03   5.6074858222592484E-02
   3.9000000000000000E+06   3.2945839503799330E-03   1.7198566389017903E+03   5.6199156722265151E-02
   4.0000000000000000E+06   3.2989111063098588E-03   1.7176007163825652E+03   5.6321877717823203E-02
   4.1000000000000000E+06   3.3032044007564130E-03   1.7153682884966752E+03   5.6443012656852629E-02
   4.2000000000000000E+06   3.3074614554610086E-03   1.7131604270473447E+03   5.6562561432207649E-02
   4.3000000000000000E+06   3.3116799070891014E-03   1.7109781858297704E+03   5.6680525790648487E-02
   4.4000000000000000E+06   3.3158582165722767E-03   1.7088221840008541E+03   5.6796917709456267E-02
   4.5000000000000000E+06   3.3199948802787255E-03   1.7066930172508321E+03   5.6911747529112391E-02
   4.6000000000000000E+06   3.3240892790612716E-03   1.7045908228675378E+03   5.7025034764688814E-02
   4.7000000000000000E+06   3.3281402627400847E-03   1.7025160095912472E+03   5.7136794348153067E-02
   4.8000000000000000E+06   3.3321476270018607E-03   1.7004685007243977E+03   5.7247050134242757E-02
   4.9000000000000000E+06   3.3361108680283252E-03   1.6984483740580843E+03   5.7355821806452711E-02
   5.0000000000000000E+06   3.3400306816352282E-03   1.6964550986418255E+03   5.7463139431998586E-02
   5.1000000000000000E+06   3.3439055882824188E-03   1.6944892521294648E+03   5.7569017546582175E-02
   5.2000000000000000E+06   3.3477362714632634E-03   1.6925503146051485E+03   5.7673486341983979E-02
   5.3000000000000000E+06   3.3515233907574988E-03   1.6906377843299367E+03   5.7776571054349787E-02
   5.4000000000000000E+06   3.3552670498780729E-03   1.6887514451900684E+03   5.7878298849949043E-02
   5.5000000000000000E+06   3.3589670235054914E-03   1.6868912495505335E+03   5.7978692055764038E-02
   5.6000000000000000E+06   3.3626244676072062E-03   1.6850564593411784E+03   5.8077778891971667E-02
   5.7000000000000000E+06   3.3662394054443765E-03   1.6832469105780133E+03   5.8175585813204089E-02
   5.8000000000000000E+06   3.3698126434949008E-03   1.6814620511375583E+03   5.8272137397708555E-02
   5.9000000000000000E+06   3.3733434274044408E-03   1.6797021119904118E+03   5.8367452379162230E-02
   6.0000000000000000E+06   3.3768344667851943E-03   1.6779656021678043E+03   5.8461568915796180E-02
   6.1000000000000000E+06   3.3802844112373782E-03   1.6762530574775083E+03   5.8554499230141097E-02
   6.2000000000000000E+06   3.3836957116531721E-03   1.6745631292926964E+03   5.8646279924915473E-02
   6.3000000000000000E+06   3.3870684611793139E-03   1.6728956454300144E+03   5.8736931150413361E-02
   6.4000000000000000E+06   3.3904012338060027E-03   1.6712511849576658E+03   5.8826463603657050E-02
   6.5000000000000000E+06   3.3936963172460518E-03   1.6696284964231227E+03   5.8914910840076884E-02
   6.6000000000000000E+06   3.3969544345495315E-03   1.6680271074144116E+03   5.9002296225592978E-02
   6.7000000000000000E+06   3.4001762700505592E-03   1.6664465690762436E+03   5.9088641183927058E-02
   6.8000000000000000E+06   3.4033615893575321E-03   1.6648868863063856E+03   5.9173962857483511E-02
   6.9000000000000000E+06   3.4065115819592318E-03   1.6633473696341671E+03   5.9258285352935813E-02
   7.0000000000000000E+06   3.4096272034373006E-03   1.6618274495722035E+03   5.9341631876782153E-02
   7.1000000000000000E+06   3.4127093679242786E-03   1.6603265817875927E+03   5.9424022967722832E-02
   7.2000000000000000E+06   3.4157567646249673E-03   1.6588453071840247E+03   5.9505468041793685E-02
   7.3000000000000000E+06   3.4187707670215355E-03   1.6573828623253000E+03   5.9585989486940674E-02
   7.4000000000000000E+06   3.4217536011750477E-03   1.6559380773456066E+03   5.9665616989736187E-02
   7.5000000000000000E+06   3.4247030360763380E-03   1.6545119444785375E+03   5.9744351515519864E-02
   7.6000000000000000E+06   3.4276226474376187E-03   1.6531026493584684E+03   5.9822227116736078E-02
   7.7000000000000000E+06   3.4305098526114766E-03   1.6517113557236421E+03   5.9899245831450905E-02
   7.8000000000000000E+06   3.4333686645058479E-03   1.6503360498560764E+03   5.9975441673324810E-02
   7.9000000000000000E+06   3.4361967429149412E-03   1.6489777807872376E+03   6.0050817174394429E-02
   8.0000000000000000E+06   3.4389962334240277E-03   1.6476354421123240E+03   6.0125393140352749E-02
   8.1000000000000000E+06   3.4417669450224572E-03   1.6463090528761072E+03   6.0199187062660281E-02
   8.2000000000000000E+06   3.4445084932764099E-03   1.6449987249386991E+03   6.0272202894382128E-02
   8.3000000000000000E+06   3.4472248957318741E-03   1.6437024710791986E+03   6.0344479231544582E-02
   8.4000000000000000E+06   3.4499110502985448E-03   1.6424226586914108E+03   6.0415997436819080E-02
   8.5000000000000000E+06   3.4525723054702013E-03   1.6411566733889267E+03   6.0486799733949700E-02
   8.6000000000000000E+06   3.4552074450171898E-03   1.6399050330976652E+03   6.0556889904123647E-02
   8.7000000000000000E+06   3.4578154233998412E-03   1.6386681721458119E+03   6.0626271988555955E-02
   8.8000000000000000E+06   3.4604000073968784E-03   1.6374442455693670E+03   6.0694980629141970E-02
   8.9000000000000000E+06   3.4629582649061364E-03   1.6362345850084325E+03   6.0763006623047205E-02
   9.0000000000000000E+06   3.4654932031700550E-03   1.6350377124667432E+03   6.0830378833066148E-02
   9.1000000000000000E+06   3.4680040089600252E-03   1.6338539588884096E+03   6.0897099875805605E-02
   9.2000000000000000E+06   3.4704904232630285E-03   1.6326833929576794E+03   6.0963178732212311E-02
   9.3000000000000000E+06   3.4729532908384119E-03   1.6315255648348566E+03   6.1028631130800891E-02
   9.4000000000000000E+06   3.4753951933892365E-03   1.6303792127750723E+03   6.1093478070339477E-02
   9.5000000000000000E+06   3.4778121832912054E-03   1.6292461412099690E+03   6.1157705613214500E-02
   9.6000000000000000E+06   3.4802083893334551E-03   1.6281243665887007E+03   6.1221346665231900E-02
   9.7000000000000000E+06   3.4825843160821179E-03   1.6270136097823645E+03   6.1284416660477639E-02
   9.8000000000000000E+06   3.4849369583694434E-03   1.6259152309404647E+03   6.1346900046789041E-02
   9.9000000000000000E+06   3.4872696634315986E-03   1.6248276234263046E+03   6.1408826497357384E-02
   1.0000000000000000E+07   3.4895797838770089E-03   1.6237519788657514E+03   6.1470188170591272E-02
   1.1000000000000000E+07   3.5116328127531510E-03   1.6135548280851874E+03   6.2055414189723782E-02
   1.2000000000000000E+07   3.5319456681708805E-03   1.6042749837696751E+03   6.2594320609607512E-02
   1.3000000000000000E+07   3.5507647610044024E-03   1.5957723084638860E+03   6.3093543484097639E-02
   1.4000000000000000E+07   3.5682849406659099E-03   1.5879371108807222E+03   6.3558381480817258E-02
   1.5000000000000000E+07   3.5846802480591525E-03   1.5806743384010501E+03   6.3993257537244705E-02
   1.6000000000000000E+07   3.6000642725231694E-03   1.5739196999138430E+03   6.4401630050477610E-02
   1.7000000000000000E+07   3.6145646627397999E-03   1.5676056754190943E+03   6.4786566175920796E-02
   1.8000000000000000E+07   3.6282694121023769E-03   1.5616844935991026E+03   6.5150557750664695E-02
   1.9000000000000000E+07   3.6412654530021630E-03   1.5561106853136775E+03   6.5495756412442110E-02
   2.0000000000000000E+07   3.6536167622136283E-03   1.5508501433651206E+03   6.5823979639949098E-02
   2.1000000000000000E+07   3.6653895609561294E-03   1.5458689957097390E+03   6.6136834040305653E-02
   2.2000000000000000E+07   3.6766192693952634E-03   1.5411473596536425E+03   6.6435582295706341E-02
   2.3000000000000000E+07   3.6873725641408360E-03   1.5366529909625369E+03   6.6721551071300428E-02
   2.4000000000000000E+07   3.6976788582579459E-03   1.5323699803799850E+03   6.6995741358722410E-02
   2.5000000000000000E+07   3.7075698013060276E-03   1.5282819698995918E+03   6.7259026329798410E-02
   2.6000000000000000E+07   3.7170862229783403E-03   1.5243692880871954E+03   6.7512338252440851E-02
   2.7000000000000000E+07   3.7262517493724281E-03   1.5206197703723351E+03   6.7756333776514799E-02
   2.8000000000000000E+07   3.7350795845528398E-03   1.5170257958930658E+03   6.7991616839429211E-02
   2.9000000000000000E+07   3.7436194212805340E-03   1.5135652003701921E+03   6.8218955321623809E-02
   3.0000000000000000E+07   3.7518630786773266E-03   1.5102395691576696E+03   6.8438684044679995E-02
   3.1000000000000000E+07   3.7598344698463854E-03   1.5070376435246940E+03   6.8651318698409014E-02
   3.2000000000000000E+07   3.7675557375455521E-03   1.5039491049896394E+03   6.8857354058858650E-02
   3.3000000000000000E+07   3.7750626569256246E-03   1.5009584196132848E+03   6.9057321643357719E-02
   3.4000000000000000E+07   3.7823426199910296E-03   1.4980694899325781E+03   6.9251377328719749E-02
   3.5000000000000000E+07   3.7893932621107999E-03   1.4952821434859393E+03   6.9439762451800655E-02
   3.6000000000000000E+07   3.7962715031070429E-03   1.4925729297398052E+03   6.9623127048739894E-02
   3.7000000000000000E+07   3.8029591502146383E-03   1.4899481839452351E+03   6.9801519852751973E-02
   3.8000000000000000E+07   3.8094456265771503E-03   1.4874111970385040E+03   6.9975030046920864E-02
   3.9000000000000000E+07   3.8157925628163761E-03   1.4849371359165482E+03   7.0144332293687953E-02
   4.0000000000000000E+07   3.8219767268926194E-03   1.4825344276983633E+03   7.0309385201421770E-02
   4.1000000000000000E+07   3.8280057363882778E-03   1.4801994745248953E+03   7.0470392303299184E-02
   4.2000000000000000E+07   3.8338885271210904E-03   1.4779282285849440E+03   7.0627558133992727E-02
   4.3000000000000000E+07   3.8396472992387708E-03   1.4757116052309202E+03   7.0781188233740411E-02
   4.4000000000000000E+07   3.8452578007607983E-03   1.4735584382298459E+03   7.0931194625302577E-02
   4.5000000000000000E+07   3.8507513073267612E-03   1.4714562502904835E+03   7.1077942436097455E-02
   4.6000000000000000E+07   3.8561075583834273E-03   1.4694123526615595E+03   7.1221362472230543E-02
   4.7000000000000000E+07   3.8613696826110336E-03   1.4674098947316427E+03   7.1361905076154669E-02
   4.8000000000000000E+07   3.8665160345225636E-03   1.4654567649245184E+03   7.1499477557701627E-02
   4.9000000000000000E+07   3.8715569404564891E-03   1.4635486876791538E+03   7.1634247145020896E-02
   5.0000000000000000E+07   3.8764966233520337E-03   1.4616837392162104E+03   7.1766325578331708E-02
   5.1000000000000000E+07   3.8813390577496893E-03   1.4598601140415062E+03   7.1895818054454969E-02
   5.2000000000000000E+07   3.8860879896451574E-03   1.4580761152548173E+03   7.2022823733220762E-02
   5.3000000000000000E+07   3.8907469530040785E-03   1.4563301463502489E+03   7.2147436185125424E-02
   5.4000000000000000E+07   3.8953192849418305E-03   1.4546207037210374E+03   7.2269743800605496E-02
   5.5000000000000000E+07   3.8998081420221565E-03   1.4529463689314030E+03   7.2389830176715658E-02
   5.6000000000000000E+07   3.9042165105763580E-03   1.4513058033873594E+03   7.2507774442584633E-02
   5.7000000000000000E+07   3.9085472204298212E-03   1.4496977418778895E+03   7.2623651582084711E-02
   5.8000000000000000E+07   3.9128029543844004E-03   1.4481209878281941E+03   7.2737532709759009E-02
   5.9000000000000000E+07   3.9169862597931747E-03   1.4465744078916944E+03   7.2849485343639012E-02
   6.0000000000000000E+07   3.9210995557747309E-03   1.4450569282627366E+03   7.2959573631222505E-02
   6.1000000000000000E+07   3.9251451429765383E-03   1.4435675301381032E+03   7.3067858578449801E-02
   6.2000000000000000E+07   3.9291252102433855E-03   1.4421052464065472E+03   7.3174398246697539E-02
   6.3000000000000000E+07   3.9330418426157506E-03   1.4406691579237772E+03   7.3279247942130241E-02
   6.4000000000000000E+07   3.9368970268336880E-03   1.4392583907731403E+03   7.3382460383324410E-02
   6.5000000000000000E+07   3.9406926582484479E-03   1.4378721130712900E+03   7.3484085865271942E-02
   6.6000000000000000E+07   3.9444305457801768E-03   1.4365095325463469E+03   7.3584172400171538E-02
   6.7000000000000000E+07   3.9481124171631453E-03   1.4351698940608132E+03   7.3682765855846710E-02
   6.8000000000000000E+07   3.9517399244982775E-03   1.4338524770704919E+03   7.3779910085572331E-02
   6.9000000000000000E+07   3.9553146471721064E-03   1.4325565940831864E+03   7.3875647035445385E-02
   7.0000000000000000E+07   3.9588380974751314E-03   1.4312815881745737E+03   7.3970016861900009E-02
   7.1000000000000000E+07   3.9623117229675171E-03   1.4300268317194855E+03   7.4063058023162445E-02
   7.2000000000000000E+07   3.9657369115213073E-03   1.4287917241859050E+03   7.4154807383446222E-02
   7.3000000000000000E+07   3.9691149935123845E-03   1.4275756909894967E+03   7.4245300291913424E-02
   7.4000000000000000E+07   3.9724472457861402E-03   1.4263781817343886E+03   7.4334570671555078E-02
   7.5000000000000000E+07   3.9757348929230678E-03   1.4251986694500802E+03   7.4422651082544797E-02
   7.6000000000000000E+07   3.9789791125670439E-03   1.4240366483916146E+03   7.4509572812333419E-02
   7.7000000000000000E+07   3.9821810358258687E-03   1.4228916336308885E+03   7.4595365927859147E-02
   7.8000000000000000E+07   3.9853417492879718E-03   1.4217631600834607E+03   7.4680059334313098E-02
   7.9000000000000000E+07   3.9884622998070593E-03   1.4206507805663134E+03   7.4763680852824727E-02
   8.0000000000000000E+07   3.9915436939183709E-03   1.4195540657899887E+03   7.4846257255395288E-02
   8.1000000000000000E+07   3.9945869007903890E-03   1.4184726031017299E+03   7.4927814324103018E-02
   8.2000000000000000E+07   3.9975928548367174E-03   1.4174059953665924E+03   7.5008376904652646E-02
   8.3000000000000000E+07   4.0005624556188283E-03   1.4163538608232361E+03   7.5087968937603305E-02
   8.4000000000000000E+07   4.0034965714316074E-03   1.4153158316441466E+03   7.5166613518153319E-02
   8.5000000000000000E+07   4.0063960393391463E-03   1.4142915537663257E+03   7.5244332922241877E-02
   8.6000000000000000E+07   4.0092616673307793E-03   1.4132806859804120E+03   7.5321148650746989E-02
   8.7000000000000000E+07   4.0120942356218058E-03   1.4122828993327591E+03   7.5397081466214405E-02
   8.8000000000000000E+07   4.0148944972586221E-03   1.4112978767808509E+03   7.5472151419548106E-02
   8.9000000000000000E+07   4.0176631805126902E-03   1.4103253122271822E+03   7.5546377892211011E-02
   9.0000000000000000E+07   4.0204009886618862E-03   1.4093649104802612E+03   7.5619779614293461E-02
   9.1000000000000000E+07   4.0231086026892510E-03   1.4084163861976353E+03   7.5692374706583493E-02
   9.2000000000000000E+07   4.0257866802486898E-03   1.4074794641454248E+03   7.5764180691799701E-02
   9.3000000000000000E+07   4.0284358585540789E-03   1.4065538780885493E+03   7.5835214533623005E-02
   9.4000000000000000E+07   4.0310567541903455E-03   1.4056393707655193E+03   7.5905492653412884E-02
   9.5000000000000000E+07   4.0336499637843850E-03   1.4047356935662688E+03   7.5975030950514721E-02
   9.6000000000000000E+07   4.0362160662649488E-03   1.4038426056619999E+03   7.6043844835353439E-02
   9.7000000000000000E+07   4.0387556214788118E-03   1.4029598744094103E+03   7.6111949234324794E-02
   9.8000000000000000E+07   4.0412691732454962E-03   1.4020872742138442E+03   7.6179358624774887E-02
   9.9000000000000000E+07   4.0437572478897099E-03   1.4012245869697558E+03   7.6246087038964058E-02
   1.0000000000000000E+08   4.0462203565272883E-03   1.4003716012005093E+03   7.6312148093945723E-02
   1.1000000000000000E+08   4.0695805575155187E-03   1.3923331899687078E+03   7.6938779242669161E-02
   1.2000000000000000E+08   4.0909093315335526E-03   1.3850739824038412E+03   7.7511076603810167E-02
   1.3000000000000000E+08   4.1105317413917724E-03   1.3784620667013044E+03   7.8037712634926010E-02
   1.4000000000000000E+08   4.1287006019935582E-03   1.3723959728986556E+03   7.8525436495349224E-02
   1.5000000000000000E+08   4.1456164150933438E-03   1.3667960351687848E+03   7.8979603705965240E-02
   1.6000000000000000E+08   4.1614408717376003E-03   1.3615986034938662E+03   7.9404535190326309E-02
   1.7000000000000000E+08   4.1763062634582312E-03   1.3567520488280120E+03   7.9803767683600257E-02
   1.8000000000000000E+08   4.1903221997009622E-03   1.3522139371250680E+03   8.0180232670784127E-02
   1.9000000000000000E+08   4.2035805173097811E-03   1.3479489820993108E+03   8.0536387077672966E-02
   2.0000000000000000E+08   4.2161589198547109E-03   1.3439275385936999E+03   8.0874310427981308E-02
   2.1000000000000000E+08   4.2281237433492757E-03   1.3401244673581307E+03   8.1195778428550205E-02
   2.2000000000000000E+08   4.2395320637239626E-03   1.3365182747322046E+03   8.1502319361291764E-02
   2.3000000000000000E+08   4.2504333501312171E-03   1.3330904434262661E+03   8.1795258057618545E-02
   2.4000000000000000E+08   4.2608707537332606E-03   1.3298249130217409E+03   8.2075750439977946E-02
   2.5000000000000000E+08   4.2708821429668642E-03   1.3267076659586894E+03   8.2344811093313638E-02
   2.6000000000000000E+08   4.2805009305688334E-03   1.3237263982389170E+03   8.2603335387661792E-02
   2.7000000000000000E+08   4.2897567459983400E-03   1.3208702532529117E+03   8.2852117461315045E-02
   2.8000000000000000E+08   4.2986759884376426E-03   1.3181296042597533E+03   8.3091864935039256E-02
   2.9000000000000000E+08   4.3072822776327293E-03   1.3154958775059313E+03   8.3323211032116928E-02
   3.0000000000000000E+08   4.3155968294587375E-03   1.3129614056628341E+03   8.3546724642286657E-02
   3.1000000000000000E+08   4.3236387744028989E-03   1.3105193044862369E+03   8.3762918768291630E-02
   3.2000000000000000E+08   4.3314254205961897E-03   1.3081633710087754E+03   8.3972257613293258E-02
   3.3000000000000000E+08   4.3389724796717918E-03   1.3058879967611172E+03   8.4175162579989055E-02
   3.4000000000000000E+08   4.3462942538290000E-03   1.3036880957814565E+03   8.4372017356803497E-02
   3.5000000000000000E+08   4.3534038040840039E-03   1.3015590408049538E+03   8.4563172320375385E-02
   3.6000000000000000E+08   4.3603130867206959E-03   1.2994966110889204E+03   8.4748948258578094E-02
   3.7000000000000000E+08   4.3670330754828233E-03   1.2974969462198890E+03   8.4929639623500072E-02
   3.8000000000000000E+08   4.3735738646109622E-03   1.2955565070773612E+03   8.5105517320621465E-02
   3.9000000000000000E+08   4.3799447640726821E-03   1.2936720403321933E+03   8.5276831178325768E-02
   4.0000000000000000E+08   4.3861543757253959E-03   1.2918405496256885E+03   8.5443812063409980E-02
   4.1000000000000000E+08   4.3922106643588628E-03   1.2900592691191689E+03   8.5606673757834276E-02
   4.2000000000000000E+08   4.3981210196934973E-03   1.2883256404515876E+03   8.5765614605992357E-02
   4.3000000000000000E+08   4.4038923081897432E-03   1.2866372933195901E+03   8.5920818953587733E-02
   4.4000000000000000E+08   4.4095309238908155E-03   1.2849920268799356E+03   8.6072458447203778E-02
   4.5000000000000000E+08   4.4150428303311919E-03   1.2833877942369061E+03   8.6220693181175534E-02
   4.6000000000000000E+08   4.4204335963790231E-03   1.2818226890958533E+03   8.6365672687115480E-02
   4.7000000000000000E+08   4.4257084324406115E-03   1.2802949326590658E+03   8.6507536865714274E-02
   4.8000000000000000E+08   4.4308722196462567E-03   1.2788028628667116E+03   8.6646416785201019E-02
   4.9000000000000000E+08   4.4359295377671762E-03   1.2773449242686347E+03   8.6782435418423814E-02
   5.0000000000000000E+08   4.4408846872149082E-03   1.2759196598355645E+03   8.6915708278651665E-02
   5.1000000000000000E+08   4.4457417165669512E-03   1.2745257013841378E+03   8.7046344041461318E-02
   5.2000000000000000E+08   4.4505044347300533E-03   1.2731617645998147E+03   8.7174445035817061E-02
   5.3000000000000000E+08   4.4551764342193791E-03   1.2718266410189945E+03   8.7300107756228346E-02
   5.4000000000000000E+08   4.4597611071640281E-03   1.2705191922451136E+03   8.7423423293347485E-02
   5.5000000000000000E+08   4.4642616582186009E-03   1.2692383451693183E+03   8.7544477722503553E-02
   5.6000000000000000E+08   4.4686811187470039E-03   1.2679830869357247E+03   8.7663352473756784E-02
   5.7000000000000000E+08   4.4730223587255971E-03   1.2667524606549400E+03   8.7780124646212765E-02
   5.8000000000000000E+08   4.4772880979427800E-03   1.2655455614043956E+03   8.7894867324315937E-02
   5.9000000000000000E+08   4.4814809208875532E-03   1.2643615312676654E+03   8.8007649865263438E-02
   6.0000000000000000E+08   4.4856032765175141E-03   1.2631995587178385E+03   8.8118538103712618E-02
   6.1000000000000000E+08   4.4896574938499906E-03   1.2620588735871027E+03   8.8227594620926497E-02
   6.2000000000000000E+08   4.4936457872197097E-03   1.2609387450153231E+03   8.8334878935577274E-02
   6.3000000000000000E+08   4.4975702709871409E-03   1.2598384767952889E+03   8.8440447757215629E-02
   6.4000000000000000E+08   4.5014329513483530E-03   1.2587574091896590E+03   8.8544355063050889E-02
   6.5000000000000000E+08   4.5052357442861967E-03   1.2576949134496313E+03   8.8646652340107393E-02
   6.6000000000000000E+08   4.5089804799013054E-03   1.2566503902017864E+03   8.8747388727544382E-02
   6.7000000000000000E+08   4.5126689027759391E-03   1.2556232689694295E+03   8.8846611142348569E-02
   6.8000000000000000E+08   4.5163026856414089E-03   1.2546130040164689E+03   8.8944364436928561E-02
   6.9000000000000000E+08   4.5198834166277858E-03   1.2536190775707410E+03   8.9040691436637315E-02
   7.0000000000000000E+08   4.5234126303205927E-03   1.2526409908968724E+03   8.9135633216304938E-02
   7.1000000000000000E+08   4.5268917823177990E-03   1.2516782710849509E+03   8.9229229016557624E-02
   7.2000000000000000E+08   4.5303222771863570E-03   1.2507304630431995E+03   8.9321516490014935E-02
   7.3000000000000000E+08   4.5337054520792159E-03   1.2497971337951865E+03   8.9412531680269011E-02
   7.4000000000000000E+08   4.5370425977902997E-03   1.2488778664409851E+03   8.9502309210462927E-02
   7.5000000000000000E+08   4.5403349512206136E-03   1.2479722620369498E+03   8.9590882292298182E-02
   7.6000000000000000E+08   4.5435836949727802E-03   1.2470799395088857E+03   8.9678282796012171E-02
   7.7000000000000000E+08   4.5467899749797843E-03   1.2462005306293936E+03   8.9764541397045261E-02
   7.8000000000000000E+08   4.5499548815932439E-03   1.2453336850443875E+03   8.9849687514916884E-02
   7.9000000000000000E+08   4.5530794722534245E-03   1.2444790638973568E+03   8.9933749502422389E-02
   8.0000000000000000E+08   4.5561647583664423E-03   1.2436363432809144E+03   9.0016754601283264E-02
   8.1000000000000000E+08   4.5592117192028983E-03   1.2428052102986908E+03   9.0098729073995076E-02
   8.2000000000000000E+08   4.5622212968873697E-03   1.2419853643105948E+03   9.0179698211428252E-02
   8.3000000000000000E+08   4.5651943889391073E-03   1.2411765188375621E+03   9.0259686318048205E-02
   8.4000000000000000E+08   4.5681318796254146E-03   1.2403783929164588E+03   9.0338716945017855E-02
   8.5000000000000000E+08   4.5710346060312572E-03   1.2395907202286160E+03   9.0416812715158099E-02
   8.6000000000000000E+08   4.5739033824671021E-03   1.2388132423610434E+03   9.0493995487501783E-02
   8.7000000000000000E+08   4.5767389926392671E-03   1.2380457108419632E+03   9.0570286358843247E-02
   8.8000000000000000E+08   4.5795421980615869E-03   1.2372878847755978E+03   9.0645705728656545E-02
   8.9000000000000000E+08   4.5823137262176053E-03   1.2365395339610009E+03   9.0720273246592723E-02
   9.0000000000000000E+08   4.5850542913818265E-03   1.2358004331880118E+03   9.0794007991916142E-02
   9.1000000000000000E+08   4.5877645713010362E-03   1.2350703684590644E+03   9.0866928309703235E-02
   9.2000000000000000E+08   4.5904452288989019E-03   1.2343491310622508E+03   9.0939051999319967E-02
   9.3000000000000000E+08   4.5930969104678223E-03   1.2336365180030768E+03   9.1010396326825282E-02
   9.4000000000000000E+08   4.5957202319479680E-03   1.2329323356305572E+03   9.1080977922106454E-02
   9.5000000000000000E+08   4.5983157901023173E-03   1.2322363965686086E+03   9.1150812901270806E-02
   9.6000000000000000E+08   4.6008841720331459E-03   1.2315485171138957E+03   9.1219916929628705E-02
   9.7000000000000000E+08   4.6034259383412194E-03   1.2308685216997221E+03   9.1288305133221698E-02
   9.8000000000000000E+08   4.6059416358199623E-03   1.2301962394431209E+03   9.1355992202139163E-02
   9.9000000000000000E+08   4.6084317904183615E-03   1.2295315059802208E+03   9.1422992333573885E-02
   1.0000000000000000E+09   4.6108969213251947E-03   1.2288741596616987E+03   9.1489319376718600E-02
   1.1000000000000000E+09   4.6342744695463609E-03   1.2226751170469340E+03   9.2118330248001243E-02
   1.2000000000000000E+09   4.6556165286364241E-03   1.2170701870799874E+03   9.2692591116864009E-02
   1.3000000000000000E+09   4.6752493394569246E-03   1.2119593348016813E+03   9.3220874478284255E-02
   1.4000000000000000E+09   4.6934265035297722E-03   1.2072655394132287E+03   9.3709999990097090E-02
   1.5000000000000000E+09   4.7103490454497117E-03   1.2029282808572084E+03   9.4165374107183411E-02
   1.6000000000000000E+09   4.7261790383067281E-03   1.1988991600940863E+03   9.4591355642645814E-02
   1.7000000000000000E+09   4.7410490340198466E-03   1.1951388899000563E+03   9.4991509931045284E-02
   1.8000000000000000E+09   4.7550688458149601E-03   1.1916151507390205E+03   9.5368790567686129E-02
   1.9000000000000000E+09   4.7683304565538029E-03   1.1883010481566610E+03   9.5725671790134054E-02
   2.0000000000000000E+09   4.7809116759303105E-03   1.1851739717357639E+03   9.6064246809280857E-02
   2.1000000000000000E+09   4.7928789395822293E-03   1.1822147295825730E+03   9.6386302466915139E-02
   2.2000000000000000E+09   4.8042893773103910E-03   1.1794069079686365E+03   9.6693375947025303E-02
   2.3000000000000000E+09   4.8151925138031340E-03   1.1767363533726977E+03   9.6986799483996175E-02
   2.4000000000000000E+09   4.8256315494854523E-03   1.1741907813256878E+03   9.7267735164536573E-02
   2.5000000000000000E+09   4.8356443775848966E-03   1.1717594672067539E+03   9.7537202621773511E-02
   2.6000000000000000E+09   4.8452644499271443E-03   1.1694329872057683E+03   9.7796101616776543E-02
   2.7000000000000000E+09   4.8545214159234863E-03   1.1672030245647434E+03   9.8045229933584443E-02
   2.8000000000000000E+09   4.8634416795412640E-03   1.1650622034424541E+03   9.8285298219832937E-02
   2.9000000000000000E+09   4.8720488990350620E-03   1.1630039428796456E+03   9.8516942520024881E-02
   3.0000000000000000E+09   4.8803642804625897E-03   1.1610223651057327E+03   9.8740733895441704E-02
   3.1000000000000000E+09   4.8884069864084138E-03   1.1591121801507909E+03   9.8957187533916718E-02
   3.2000000000000000E+09   4.8961943194235540E-03   1.1572686273912668E+03   9.9166769250023643E-02
   3.3000000000000000E+09   4.9037420105438592E-03   1.1554873945849756E+03   9.9369902077351954E-02
   3.4000000000000000E+09   4.9110643638360565E-03   1.1537645731554426E+03   9.9566971030725981E-02
   3.5000000000000000E+09   4.9181744399195747E-03   1.1520966059050302E+03   9.9758327634533267E-02
   3.6000000000000000E+09   4.9250842037148867E-03   1.1504802446232918E+03   9.9944293765935763E-02
   3.7000000000000000E+09   4.9318046416080563E-03   1.1489125160547110E+03   1.0012516487923502E-01
   3.8000000000000000E+09   4.9383458362406559E-03   1.1473906987027970E+03   1.0030121262341679E-01
   3.9000000000000000E+09   4.9447171194487742E-03   1.1459122822605207E+03   1.0047268768760782E-01
   4.0000000000000000E+09   4.9509270878318979E-03   1.1444749597315424E+03   1.0063982156003853E-01
   4.1000000000000000E+09   4.9569837160944093E-03   1.1430765973838224E+03   1.0080282871888230E-01
   4.2000000000000000E+09   4.9628943745153543E-03   1.1417152274238240E+03   1.0096190787354659E-01
   4.3000000000000000E+09   4.9686659363605565E-03   1.1403890203233498E+03   1.0111724392512288E-01
   4.4000000000000000E+09   4.9743048273922568E-03   1.1390962709558521E+03   1.0126900917025884E-01
   4.5000000000000000E+09   4.9798169861045146E-03   1.1378354054558611E+03   1.0141736393453422E-01
   4.6000000000000000E+09   4.9852079687258020E-03   1.1366049551045057E+03   1.0156245803743504E-01
   4.7000000000000000E+09   4.9904830299510655E-03   1.1354035361855092E+03   1.0170443200568258E-01
   4.8000000000000000E+09   4.9956470258003937E-03   1.1342298705686442E+03   1.0184341702538030E-01
   4.9000000000000000E+09   5.0007045450322111E-03   1.1330827543309131E+03   1.0197953646071821E-01
   5.0000000000000000E+09   5.0056598814871463E-03   1.1319610628033367E+03   1.0211290600025349E-01
   5.1000000000000000E+09   5.0105170758957158E-03   1.1308637399399106E+03   1.0224363452276952E-01
   5.2000000000000000E+09   5.0152799509305323E-03   1.1297897893873119E+03   1.0237182465726490E-01
   5.3000000000000000E+09   5.0199521081882303E-03   1.1287382742631837E+03   1.0249757318150886E-01
   5.4000000000000000E+09   5.0245369308521744E-03   1.1277083157032760E+03   1.0262097127672748E-01
   5.5000000000000000E+09   5.0290376075794790E-03   1.1266990867080456E+03   1.0274210513016711E-01
   5.6000000000000000E+09   5.0334572054665204E-03   1.1257097951138826E+03   1.0286105654391031E-01
   5.7000000000000000E+09   5.0377985713999174E-03   1.1247397050862380E+03   1.0297790262535685E-01
   5.8000000000000000E+09   5.0420644181638843E-03   1.1237881172378236E+03   1.0309271654545760E-01
   5.9000000000000000E+09   5.0462573640048794E-03   1.1228543593312327E+03   1.0320556801702030E-01
   6.0000000000000000E+09   5.0503798217841223E-03   1.1219378105068024E+03   1.0331652276704453E-01
   6.1000000000000000E+09   5.0544341401911122E-03   1.1210378693876839E+03   1.0342564362461457E-01
   6.2000000000000000E+09   5.0584225206126744E-03   1.1201539721901136E+03   1.0353299007158925E-01
   6.3000000000000000E+09   5.0623470986686618E-03   1.1192855742685763E+03   1.0363861913628906E-01
   6.4000000000000000E+09   5.0662098783105826E-03   1.1184321643953908E+03   1.0374258484473348E-01
   6.5000000000000000E+09   5.0700127470855536E-03   1.1175932610302370E+03   1.0384493857377260E-01
   6.6000000000000000E+09   5.0737575621473451E-03   1.1167683930649075E+03   1.0394572971240705E-01
   6.7000000000000000E+09   5.0774460591966027E-03   1.1159571196659388E+03   1.0404500522273774E-01
   6.8000000000000000E+09   5.0810799203444921E-03   1.1151590150733252E+03   1.0414281009688353E-01
   6.9000000000000000E+09   5.0846607267218177E-03   1.1143736787986902E+03   1.0423918714321537E-01
   7.0000000000000000E+09   5.0881899856832077E-03   1.1136007294191852E+03   1.0433417734483998E-01
   7.1000000000000000E+09   5.0916692169459404E-03   1.1128397855505020E+03   1.0442782045438387E-01
   7.2000000000000000E+09   5.0950997698747504E-03   1.1120905056623656E+03   1.0452015377216610E-01
   7.3000000000000000E+09   5.0984829910631912E-03   1.1113525512220319E+03   1.0461121344772044E-01
   7.4000000000000000E+09   5.1018202074371421E-03   1.1106255902982105E+03   1.0470103443137338E-01
   7.5000000000000000E+09   5.1051126078374967E-03   1.1099093232108739E+03   1.0478964970331106E-01
   7.6000000000000000E+09   5.1083614245775013E-03   1.1092034428532727E+03   1.0487709140518764E-01
   7.7000000000000000E+09   5.1115677456305183E-03   1.1085076754238105E+03   1.0496338995114879E-01
   7.8000000000000000E+09   5.1147326989212866E-03   1.1078217402593173E+03   1.0504857500274600E-01
   7.9000000000000000E+09   5.1178573414225777E-03   1.1071453738304504E+03   1.0513267501146090E-01
   8.0000000000000000E+09   5.1209426628274404E-03   1.1064783288066951E+03   1.0521571705326899E-01
   8.1000000000000000E+09   5.1239896657460605E-03   1.1058203566176016E+03   1.0529772764276191E-01
   8.2000000000000000E+09   5.1269992826858757E-03   1.1051712253238040E+03   1.0537873192379378E-01
   8.3000000000000000E+09   5.1299724138724528E-03   1.1045307113460615E+03   1.0545875436830940E-01
   8.4000000000000000E+09   5.1329099392478936E-03   1.1038985968085119E+03   1.0553781850194471E-01
   8.5000000000000000E+09   5.1358127310519542E-03   1.1032746667769600E+03   1.0561594716384706E-01
   8.6000000000000000E+09   5.1386815189394730E-03   1.1026587381600591E+03   1.0569316173759324E-01
   8.7000000000000000E+09   5.1415171732742482E-03   1.1020505987869387E+03   1.0576948384014891E-01
   8.8000000000000000E+09   5.1443204040603147E-03   1.1014500720071751E+03   1.0584493367952993E-01
   8.9000000000000000E+09   5.1470919774840437E-03   1.1008569701623871E+03   1.0591953105243790E-01
   9.0000000000000000E+09   5.1498325582344144E-03   1.1002711283146723E+03   1.0599329485177177E-01
   9.1000000000000000E+09   5.1525428816009281E-03   1.0996923673771901E+03   1.0606624375775144E-01
   9.2000000000000000E+09   5.1552235716623733E-03   1.0991205329341449E+03   1.0613839529096136E-01
   9.3000000000000000E+09   5.1578752758030888E-03   1.0985554664460117E+03   1.0620976686017447E-01
   9.4000000000000000E+09   5.1604986167246058E-03   1.0979970154660341E+03   1.0628037505238419E-01
   9.5000000000000000E+09   5.1630942071187666E-03   1.0974450304756708E+03   1.0635023617982524E-01
   9.6000000000000000E+09   5.1656626394463506E-03   1.0968993670263205E+03   1.0641936593984383E-01
   9.7000000000000000E+09   5.1682044168319475E-03   1.0963599003604311E+03   1.0648777907007183E-01
   9.8000000000000000E+09   5.1707201366172125E-03   1.0958264864025618E+03   1.0655549062717337E-01
   9.9000000000000000E+09   5.1732103165511908E-03   1.0952989986414648E+03   1.0662251479035324E-01
   1.0000000000000000E+10   5.1756754545407204E-03   1.0947773153954497E+03   1.0668886526249352E-01
   1.1000000000000000E+10   5.1990532349052180E-03   1.0898545991871370E+03   1.0731808790913278E-01
   1.2000000000000000E+10   5.2203954180565183E-03   1.0853990216682987E+03   1.0789252464238040E-01
   1.3000000000000000E+10   5.2400283900675615E-03   1.0813323245004701E+03   1.0842095709513870E-01
   1.4000000000000000E+10   5.2582055844690055E-03   1.0775942455000854E+03   1.0891020958127350E-01
   1.5000000000000000E+10   5.2751282028177882E-03   1.0741373217154271E+03   1.0936569401238459E-01
   1.6000000000000000E+10   5.2909583114272105E-03   1.0709235919025377E+03   1.0979177236892107E-01
   1.7000000000000000E+10   5.3058283258181254E-03   1.0679222416429236E+03   1.1019201148607100E-01
   1.8000000000000000E+10   5.3198481813911836E-03   1.0651078538858701E+03   1.1056936763853817E-01
   1.9000000000000000E+10   5.3331098718777349E-03   1.0624592809083074E+03   1.1092631669891639E-01
   2.0000000000000000E+10   5.3456910792715664E-03   1.0599587584571616E+03   1.1126495223282858E-01
   2.1000000000000000E+10   5.3576583728489084E-03   1.0575911499312774E+03   1.1158706285595102E-01
   2.2000000000000000E+10   5.3690688781694385E-03   1.0553435256751791E+03   1.1189418653726840E-01
   2.3000000000000000E+10   5.3799720303715961E-03   1.0532047466962103E+03   1.1218765558253932E-01
   2.4000000000000000E+10   5.3904110627311999E-03   1.0511651177506435E+03   1.1246863298670323E-01
   2.5000000000000000E+10   5.4004239179424379E-03   1.0492161662818207E+03   1.1273813892322485E-01
   2.6000000000000000E+10   5.4100439965429408E-03   1.0473504620481765E+03   1.1299707324754639E-01
   2.7000000000000000E+10   5.4193009490646794E-03   1.0455614354574916E+03   1.1324623428293012E-01
   2.8000000000000000E+10   5.4282212769944868E-03   1.0438432389435491E+03   1.1348633339878113E-01
   2.9000000000000000E+10   5.4368284491903432E-03   1.0421907059296730E+03   1.1371800571319915E-01
   3.0000000000000000E+10   5.4451438430667670E-03   1.0405991545466570E+03   1.1394182350795644E-01
   3.1000000000000000E+10   5.4531865596958926E-03   1.0390644107720020E+03   1.1415830184839104E-01
   3.2000000000000000E+10   5.4609739304090086E-03   1.0375827007575244E+03   1.1436790714389830E-01
   3.3000000000000000E+10   5.4685216595937395E-03   1.0361506147716641E+03   1.1457106186256159E-01
   3.4000000000000000E+10   5.4758439666344029E-03   1.0347650725633835E+03   1.1476815095900157E-01
   3.5000000000000000E+10   5.4829540361296149E-03   1.0334232317365843E+03   1.1495952675459192E-01
   3.6000000000000000E+10   5.4898638310709354E-03   1.0321225177592205E+03   1.1514551135950343E-01
   3.7000000000000000E+10   5.4965842805889511E-03   1.0308605836337849E+03   1.1532639976598144E-01
   3.8000000000000000E+10   5.5031255616320935E-03   1.0296352529161179E+03   1.1550246442851568E-01
   3.9000000000000000E+10   5.5094968094364875E-03   1.0284445704325137E+03   1.1567395463443400E-01
   4.0000000000000000E+10   5.5157068028530752E-03   1.0272866709574350E+03   1.1584110353800194E-01
   4.1000000000000000E+10   5.5217633777015279E-03   1.0261598862352580E+03   1.1600412412941086E-01
   4.2000000000000000E+10   5.5276739522735902E-03   1.0250626445052246E+03   1.1616321615601535E-01
   4.3000000000000000E+10   5.5334455929675948E-03   1.0239934565691493E+03   1.1631856544432811E-01
   4.4000000000000000E+10   5.5390844481514852E-03   1.0229510188044079E+03   1.1647034252184167E-01
   4.5000000000000000E+10   5.5445965923561205E-03   1.0219340550928007E+03   1.1661870883459612E-01
   4.6000000000000000E+10   5.5499876026610167E-03   1.0209413939525689E+03   1.1676381420787017E-01
   4.7000000000000000E+10   5.5552627359053584E-03   1.0199719345149522E+03   1.1690579912076290E-01
   4.8000000000000000E+10   5.5604266289569874E-03   1.0190247003660346E+03   1.1704479363944423E-01
   4.9000000000000000E+10   5.5654842504824021E-03   1.0180986639193312E+03   1.1718092354328195E-01
   5.0000000000000000E+10   5.5704394745091880E-03   1.0171930070166437E+03   1.1731430177423957E-01
   5.1000000000000000E+10   5.5752968248626699E-03   1.0163068007809222E+03   1.1744504028195141E-01
   5.2000000000000000E+10   5.5800596855194191E-03   1.0154393319814061E+03   1.1757323898462871E-01
   5.3000000000000000E+10   5.5847317141996594E-03   1.0145898441411937E+03   1.1769899483936598E-01
   5.4000000000000000E+10   5.5893165745645708E-03   1.0137575862611850E+03   1.1782240125417340E-01
   5.5000000000000000E+10   5.5938172738564870E-03   1.0129419325086063E+03   1.1794354291287537E-01
   5.6000000000000000E+10   5.5982369140045694E-03   1.0121422452318154E+03   1.1806250210141699E-01
   5.7000000000000000E+10   5.6025782270611472E-03   1.0113579587540085E+03   1.1817935510973429E-01
   5.8000000000000000E+10   5.6068442028882198E-03   1.0105884655331446E+03   1.1829417674896760E-01
   5.9000000000000000E+10   5.6110370633560879E-03   1.0098333009568688E+03   1.1840703456277482E-01
   6.0000000000000000E+10   5.6151594938527944E-03   1.0090919208409501E+03   1.1851799548759995E-01
   6.1000000000000000E+10   5.6192138708227356E-03   1.0083638405189581E+03   1.1862712282292813E-01
   6.2000000000000000E+10   5.6232021644760360E-03   1.0076486517372413E+03   1.1873447501934556E-01
   6.3000000000000000E+10   5.6271266961119811E-03   1.0069458865028288E+03   1.1884010960871193E-01
   6.4000000000000000E+10   5.6309894667935026E-03   1.0062551373776176E+03   1.1894408087345479E-01
   6.5000000000000000E+10   5.6347924451579344E-03   1.0055760056165473E+03   1.1904644089922226E-01
   6.6000000000000000E+10   5.6385373307886386E-03   1.0049081432059446E+03   1.1914723776878602E-01
   6.7000000000000000E+10   5.6422257356446960E-03   1.0042512201672444E+03   1.1924651809887823E-01
   6.8000000000000000E+10   5.6458595440089382E-03   1.0036048603959468E+03   1.1934432739878194E-01
   6.9000000000000000E+10   5.6494404744345259E-03   1.0029687196672987E+03   1.1944071030138714E-01
   7.0000000000000000E+10   5.6529696952499582E-03   1.0023425535504609E+03   1.1953570487298039E-01
   7.1000000000000000E+10   5.6564489285958301E-03   1.0017260212206684E+03   1.1962935256571711E-01
   7.2000000000000000E+10   5.6598796775446242E-03   1.0011188227129126E+03   1.1972169175905016E-01
   7.3000000000000000E+10   5.6632627251215874E-03   1.0005207871331031E+03   1.1981275471378211E-01
   7.4000000000000000E+10   5.6665998175377047E-03   9.9993157482970810E+02   1.1990257879967725E-01
   7.5000000000000000E+10   5.6698923311597430E-03   9.9935091330406681E+02   1.1999119910024594E-01
   7.6000000000000000E+10   5.6731410431215953E-03   9.9877863716260299E+02   1.2007864436646110E-01
   7.7000000000000000E+10   5.6763472537882994E-03   9.9821449008403761E+02   1.2016494583535806E-01
   7.8000000000000000E+10   5.6795122975806080E-03   9.9765821123302089E+02   1.2025013533750836E-01
   7.9000000000000000E+10   5.6826371833663359E-03   9.9710959835088534E+02   1.2033424056512940E-01
   8.0000000000000000E+10   5.6857225627177828E-03   9.9656851296869411E+02   1.2041728667645725E-01
   8.1000000000000000E+10   5.6887694265044201E-03   9.9603475807630548E+02   1.2049929994580680E-01
   8.2000000000000000E+10   5.6917790108312796E-03   9.9550809486763046E+02   1.2058030731087073E-01
   8.3000000000000000E+10   5.6947521502678823E-03   9.9498835593989372E+02   1.2066033332008533E-01
   8.4000000000000000E+10   5.6976896339596354E-03   9.9447538274254077E+02   1.2073940024644403E-01
   8.5000000000000000E+10   5.7005925019173358E-03   9.9396897385218165E+02   1.2081753291968436E-01
   8.6000000000000000E+10   5.7034612370924940E-03   9.9346902590131936E+02   1.2089475026530729E-01
   8.7000000000000000E+10   5.7062968406714999E-03   9.9297534595368722E+02   1.2097107492192949E-01
   8.8000000000000000E+10   5.7091001522720976E-03   9.9248777011298091E+02   1.2104652824870446E-01
   8.9000000000000000E+10   5.7118716028505294E-03   9.9200620627614796E+02   1.2112112792050166E-01
   9.0000000000000000E+10   5.7146122898613927E-03   9.9153044722438153E+02   1.2119489518428642E-01
   9.1000000000000000E+10   5.7173226828818409E-03   9.9106039553187065E+02   1.2126784727478102E-01
   9.2000000000000000E+10   5.7200033255625600E-03   9.9059594146703489E+02   1.2134000149444521E-01
   9.3000000000000000E+10   5.7226551204091715E-03   9.9013691376793611E+02   1.2141137613921268E-01
   9.4000000000000000E+10   5.7252782006321969E-03   9.8968327492881315E+02   1.2148198534627794E-01
   9.5000000000000000E+10   5.7278740362939999E-03   9.8923475683594415E+02   1.2155185054210096E-01
   9.6000000000000000E+10   5.7304424397000937E-03   9.8879137851993835E+02   1.2162098253537043E-01
   9.7000000000000000E+10   5.7329840938819890E-03   9.8835300895513876E+02   1.2168939767900033E-01
   9.8000000000000000E+10   5.7354998986945630E-03   9.8791948035251119E+02   1.2175711204280168E-01
   9.9000000000000000E+10   5.7379900614982181E-03   9.8749074479936223E+02   1.2182413856017699E-01
   1.0000000000000000E+11   5.7404550909681872E-03   9.8706670284647214E+02   1.2189049039684896E-01
   1.1000000000000000E+11   5.7638329319474905E-03   9.8306320574869744E+02   1.2251973438373259E-01
