   1.0000000000000000E+00   0.0000000000000000E+00   1.0000000000000000E+30   0.0000000000000000E+00
   2.0000000000000000E+00   0.0000000000000000E+00   1.0000000000000000E+30   0.0000000000000000E+00
   3.0000000000000000E+00   0.0000000000000000E+00   1.0000000000000000E+30   0.0000000000000000E+00
   4.0000000000000000E+00   0.0000000000000000E+00   1.0000000000000000E+30   0.0000000000000000E+00
   5.0000000000000000E+00   0.0000000000000000E+00   1.0000000000000000E+30   0.0000000000000000E+00
   6.0000000000000000E+00   2.7597723300936969E-03   2.0531447531716649E+03   2.7720005431166057E-03
   7.0000000000000000E+00   1.1999400777707420E-02   4.7220791974937174E+02   1.2913863958138941E-02
   8.0000000000000000E+00   2.2161216165466183E-02   2.5568145886821279E+02   2.5455415986591821E-02
   9.0000000000000000E+00   3.2117664282692991E-02   1.7642042801143305E+02   3.9231696613686223E-02
   1.0000000000000000E+01   4.1569982534016447E-02   1.3630537551570029E+02   5.3813168366808765E-02
   1.1000000000000000E+01   5.0464844148470259E-02   1.1228038399979827E+02   6.9014283892532655E-02
   1.1259000000000000E+01   5.2668382951499913E-02   1.0758279943202336E+02   7.3016707048714810E-02
   1.1260999999999999E+01   5.2694199411342957E-02   1.0753009141003297E+02   7.3066064115747884E-02
   1.2000000000000000E+01   5.8822938112014021E-02   9.6326573635106215E+01   8.4736692235449620E-02
   1.3000000000000000E+01   6.6696882655829362E-02   8.4954676348505203E+01   1.0093991255574793E-01
   1.4000000000000000E+01   7.4141949649354319E-02   7.6423834364727412E+01   1.1760089317031851E-01
   1.5000000000000000E+01   8.1205163911587816E-02   6.9776499504998313E+01   1.3469669292647155E-01
   1.6000000000000000E+01   8.7940858630314506E-02   6.4432075917063969E+01   1.5223811707958343E-01
   1.6588999999999999E+01   9.1767228089207870E-02   6.1745485806458383E+01   1.6276599125478391E-01
   1.6591000000000001E+01   9.1779917184585114E-02   6.1736949141983771E+01   1.6280158970662634E-01
   1.7000000000000000E+01   9.4386529927804580E-02   6.0031999097903579E+01   1.7021456755366510E-01
   1.8000000000000000E+01   1.0058753179847382E-01   5.6331157333022318E+01   1.8865418570919293E-01
   1.9000000000000000E+01   1.0657291220881486E-01   5.3167469688527000E+01   2.0755364205850543E-01
   2.0000000000000000E+01   1.1237371119047944E-01   5.0422932725570320E+01   2.2693100501073138E-01
   2.1000000000000000E+01   1.1801667487824168E-01   4.8011961744609991E+01   2.4680322499381485E-01
   2.2000000000000000E+01   1.2353036785114235E-01   4.5868980867183701E+01   2.6720549172378760E-01
   2.3000000000000000E+01   1.2893151294778751E-01   4.3947456676280687E+01   2.8814368429760678E-01
   2.4000000000000000E+01   1.3424370709197353E-01   4.2208399948298194E+01   3.0965714872784084E-01
   2.5000000000000000E+01   1.3948579710917522E-01   4.0622143593912163E+01   3.3177639251647179E-01
   2.6000000000000000E+01   1.4467053568878357E-01   3.9166317125343440E+01   3.5451222023346712E-01
   2.7000000000000000E+01   1.4983364115649958E-01   3.7816688133220481E+01   3.7798960162419643E-01
   2.8000000000000000E+01   1.5497342318247706E-01   3.6562476088615533E+01   4.0217041522971470E-01
   2.9000000000000000E+01   1.6011177046749966E-01   3.5389103892460994E+01   4.2713115802682772E-01
   3.0000000000000000E+01   1.6526611850302336E-01   3.4285382453491557E+01   4.5293475504182312E-01
   3.1000000000000000E+01   1.7045551405878315E-01   3.3241588638347999E+01   4.7965713717024677E-01
   3.2000000000000000E+01   1.7569849951464628E-01   3.2249632723857594E+01   5.0738062347089585E-01
   3.3000000000000000E+01   1.8101305704042922E-01   3.1302780982339119E+01   5.3618826041719125E-01
   3.4000000000000000E+01   1.8642289204085474E-01   3.0394400695374138E+01   5.6619981167217814E-01
   3.5000000000000000E+01   1.9195014818944095E-01   2.9519185751750872E+01   5.9753271692810739E-01
   3.6000000000000000E+01   1.9762720887030710E-01   2.8671214413591535E+01   6.3036467237417337E-01
   3.7000000000000000E+01   2.0348455231526383E-01   2.7845907785183645E+01   6.6487129253787614E-01
   3.8000000000000000E+01   2.0956828888745635E-01   2.7037545181862498E+01   7.0131758205691230E-01
   3.9000000000000000E+01   2.1594855345927411E-01   2.6238712826334393E+01   7.4013334582678614E-01
   4.0000000000000000E+01   2.2268433518633857E-01   2.5445041182348195E+01   7.8165439870677200E-01
   4.1000000000000000E+01   2.2991689137580362E-01   2.4644609822158216E+01   8.2675206943727986E-01
   4.2000000000000000E+01   2.3783100424153172E-01   2.3824530773648981E+01   8.7654128210180027E-01
   4.3000000000000000E+01   2.4672215876890641E-01   2.2965963445494577E+01   9.3279531533734317E-01
   4.4000000000000000E+01   2.5706966410535287E-01   2.2041543093774276E+01   9.9853060220631296E-01
   4.5000000000000000E+01   2.6909552909838141E-01   2.1056507696226515E+01   1.0753840859423958E+00
   4.6000000000000000E+01   2.8216977049352049E-01   2.0080861495439066E+01   1.1598893345545402E+00
   4.7000000000000000E+01   2.9563297231601593E-01   1.9166373882759377E+01   1.2482656071855764E+00
   4.8000000000000000E+01   3.0939241536827627E-01   1.8313998010376572E+01   1.3400929393663437E+00
   4.9000000000000000E+01   3.2353283775502001E-01   1.7513560968950809E+01   1.4360142323141170E+00
   5.0000000000000000E+01   3.3805260114768382E-01   1.6761332586241029E+01   1.5360652646537172E+00
   5.1000000000000000E+01   3.5292539546781082E-01   1.6054985422540984E+01   1.6401731641970680E+00
   5.2000000000000000E+01   3.6818783243977626E-01   1.5389460433641638E+01   1.7487309779565208E+00
   5.3000000000000000E+01   3.8394829259165603E-01   1.4757747823888494E+01   1.8626042863212626E+00
   5.4000000000000000E+01   4.0038383043189152E-01   1.4151950325686496E+01   1.9831547419165918E+00
   5.5000000000000000E+01   4.1769741300100416E-01   1.3565351144433812E+01   2.1119683940386982E+00
   5.6000000000000000E+01   4.3610381449707269E-01   1.2992805591518731E+01   2.2508596002903163E+00
   5.7000000000000000E+01   4.5569178926998904E-01   1.2434308040874281E+01   2.4006906581428447E+00
   5.8000000000000000E+01   4.7646409915012761E-01   1.1892212004193130E+01   2.5618930550377006E+00
   5.9000000000000000E+01   4.9812257308347885E-01   1.1375136132468807E+01   2.7323058237201692E+00
   6.0000000000000000E+01   5.2031717059736249E-01   1.0889919456194352E+01   2.9094676338403431E+00
   6.1000000000000000E+01   5.4266472433669199E-01   1.0441460123294577E+01   3.0904813111893596E+00
   6.2000000000000000E+01   5.6486643596858377E-01   1.0031065254858499E+01   3.2729843306488036E+00
   6.3000000000000000E+01   5.8670230968841175E-01   9.6577292877702305E+00   3.4550527273721752E+00
   6.4000000000000000E+01   6.0814346281362108E-01   9.3172292821582943E+00   3.6366224747569396E+00
   6.5000000000000000E+01   6.2899388304422266E-01   9.0083739003258945E+00   3.8157191029547533E+00
   6.6000000000000000E+01   6.4923551156787018E-01   8.7275140969978757E+00   3.9923262530442365E+00
   6.7000000000000000E+01   6.6871365409078265E-01   8.4733010083131699E+00   4.1647462775685655E+00
   6.8000000000000000E+01   6.8743653236625923E-01   8.2425239461398210E+00   4.3330032773284586E+00
   6.9000000000000000E+01   7.0540734349090517E-01   8.0325391162493176E+00   4.4969792764725822E+00
   7.0000000000000000E+01   7.2263932863359481E-01   7.8409959920036343E+00   4.6566453814837576E+00
   7.1000000000000000E+01   7.3914135293110050E-01   7.6659383986710763E+00   4.8119261094096277E+00
   7.2000000000000000E+01   7.5491727743830217E-01   7.5057390376699944E+00   4.9626961239687519E+00
   7.3000000000000000E+01   7.6994626717419457E-01   7.3592305347176596E+00   5.1085220639835756E+00
   7.4000000000000000E+01   7.8429255607743553E-01   7.2246154009407322E+00   5.2500633141130573E+00
   7.5000000000000000E+01   7.9792052854771678E-01   7.1012235890123065E+00   5.3866968516683835E+00
   7.6000000000000000E+01   8.1080960648030842E-01   6.9883386114244628E+00   5.5179579928828035E+00
   7.7000000000000000E+01   8.2304937613952800E-01   6.8844133095116344E+00   5.6448340476490531E+00
   7.8000000000000000E+01   8.3461340171222409E-01   6.7890259943776128E+00   5.7667663358210151E+00
   7.9000000000000000E+01   8.4549331011724627E-01   6.7016640009776882E+00   5.8834032375237904E+00
   8.0000000000000000E+01   8.5579126513468406E-01   6.6210211652352724E+00   5.9959218532131411E+00
   8.1000000000000000E+01   8.6549025798170032E-01   6.5468236380772966E+00   6.1038586309007314E+00
   8.2000000000000000E+01   8.7461958147826602E-01   6.4784875613044086E+00   6.2073883514169266E+00
   8.3000000000000000E+01   8.8318757605335607E-01   6.4156383458205495E+00   6.3063905130965106E+00
   8.4000000000000000E+01   8.9127669220832062E-01   6.3574108119455168E+00   6.4018346675362530E+00
   8.5000000000000000E+01   8.9888069028558815E-01   6.3036308830707792E+00   6.4934171925612292E+00
   8.6000000000000000E+01   9.0600635663405904E-01   6.2540533385780952E+00   6.5810175988377244E+00
   8.7000000000000000E+01   9.1273408567603420E-01   6.2079549437264898E+00   6.6656447653929103E+00
   8.8000000000000000E+01   9.1902631337510399E-01   6.1654514098417650E+00   6.7465334320154504E+00
   8.9000000000000000E+01   9.2496842893830400E-01   6.1258437609421952E+00   6.8248144160878850E+00
   9.0000000000000000E+01   9.3051941804091765E-01   6.0893002011818886E+00   6.8996747726558088E+00
   9.1000000000000000E+01   9.3572443422433660E-01   6.0554281498240323E+00   6.9716513569921288E+00
   9.2000000000000000E+01   9.4064084549978255E-01   6.0237784767571254E+00   7.0415066014428707E+00
   9.3000000000000000E+01   9.4521934961779275E-01   5.9946001758971539E+00   7.1083004493230550E+00
   9.4000000000000000E+01   9.4950434779730908E-01   5.9675472709786703E+00   7.1726059579820767E+00
   9.5000000000000000E+01   9.5350996166902524E-01   5.9424781148191341E+00   7.2345200543183639E+00
   9.6000000000000000E+01   9.5725068054454254E-01   5.9192562561114368E+00   7.2941548399408713E+00
   9.7000000000000000E+01   9.6073922930636568E-01   5.8977627920649232E+00   7.3516030650763389E+00
   9.8000000000000000E+01   9.6398767432617494E-01   5.8778885149552176E+00   7.4069529642999372E+00
   9.9000000000000000E+01   9.6700641505999407E-01   5.8595392866433835E+00   7.4602729996937098E+00
   1.0000000000000000E+02   9.6980533920929568E-01   5.8426282578522466E+00   7.5116281274377483E+00
   1.1000000000000000E+02   9.8741231673906893E-01   5.7384458178452640E+00   7.9270046145741508E+00
   1.2000000000000000E+02   9.9078215511537215E-01   5.7189282732089666E+00   8.1967725889674750E+00
   1.3000000000000000E+02   9.8463367238528177E-01   5.7546397593267118E+00   8.3552637630439186E+00
   1.4000000000000000E+02   9.7230268725632807E-01   5.8276215357064327E+00   8.4311244689597142E+00
   1.5000000000000000E+02   9.5604502709657002E-01   5.9267209377031467E+00   8.4454905301195922E+00
   1.6000000000000000E+02   9.3745321668098036E-01   6.0442611734175227E+00   8.4157930547925179E+00
   1.7000000000000000E+02   9.1762551725010111E-01   6.1748632453688339E+00   8.3558274222505773E+00
   1.8000000000000000E+02   8.9721423492003216E-01   6.3153390338097317E+00   8.2733497662240136E+00
   1.9000000000000000E+02   8.7669647617809077E-01   6.4631400187459951E+00   8.1753519695634420E+00
   2.0000000000000000E+02   8.5640126055906851E-01   6.6163051602484160E+00   8.0675257743268673E+00
   2.1000000000000000E+02   8.3649845866210093E-01   6.7737268620228868E+00   7.9525410578090350E+00
   2.2000000000000000E+02   8.1713299239170389E-01   6.9342593338393037E+00   7.8338003943342818E+00
   2.3000000000000000E+02   7.9838035961913179E-01   7.0971336045682358E+00   7.7133713140702307E+00
   2.4000000000000000E+02   7.8024931866138714E-01   7.2620532231944681E+00   7.5914378868023382E+00
   2.5000000000000000E+02   7.6278003761787905E-01   7.4283696479203734E+00   7.4699948929320108E+00
   2.6000000000000000E+02   7.4599448167320170E-01   7.5955147372824872E+00   7.3507979136244508E+00
   2.7000000000000000E+02   7.2975146453336581E-01   7.7645778800915899E+00   7.2283206277715175E+00
   2.8000000000000000E+02   7.1432219378333883E-01   7.9322917988445329E+00   7.1164985586841807E+00
   2.8799900000000002E+02   7.0229841604446375E-01   8.0680974782683776E+00   7.0227683293894794E+00
   2.8800099999999998E+02   7.0229531741159923E-01   8.0681330759313266E+00   7.0227380614040644E+00
   2.9000000000000000E+02   6.9939003749641204E-01   8.1016482587647420E+00   7.0015594842412883E+00
   3.0000000000000000E+02   6.8506380208063433E-01   8.2710720698877065E+00   6.8900370840804577E+00
   3.1000000000000000E+02   6.7132346614599192E-01   8.4403605195114526E+00   6.7824019743619228E+00
   3.2000000000000000E+02   6.5813121129840679E-01   8.6095477348681264E+00   6.6781430919521867E+00
   3.3000000000000000E+02   6.4534731338911178E-01   8.7800971072824083E+00   6.5707258146051384E+00
   3.4000000000000000E+02   6.3320154730099698E-01   8.9485126870461347E+00   6.4747376033802277E+00
   3.5000000000000000E+02   6.2140106951887242E-01   9.1184459722081748E+00   6.3744873463716925E+00
   3.6000000000000000E+02   6.1015837092219793E-01   9.2864612689263915E+00   6.2841512546022349E+00
   3.7000000000000000E+02   5.9925569998218753E-01   9.4554162432641657E+00   6.1916069292903595E+00
   3.8000000000000000E+02   5.8875653995598232E-01   9.6240325073991393E+00   6.1020089632856314E+00
   3.9000000000000000E+02   5.7863896613115839E-01   9.7923099050261158E+00   6.0151843893669685E+00
   4.0000000000000000E+02   5.6888210895606983E-01   9.9602571258182593E+00   5.9309426953649789E+00
   4.1000000000000000E+02   5.5938638921517325E-01   1.0129334908255432E+01   5.8433520401293437E+00
   4.2000000000000000E+02   5.5032356638174895E-01   1.0296146532001632E+01   5.7657731058589485E+00
   4.3000000000000000E+02   5.4156932358544552E-01   1.0462579456988452E+01   5.6905562200214685E+00
   4.4000000000000000E+02   5.3301607923396765E-01   1.0630471200087433E+01   5.6104935853771103E+00
   4.5000000000000000E+02   5.2484954201353784E-01   1.0795878867955762E+01   5.5407462860823822E+00
   4.6000000000000000E+02   5.1685529445312983E-01   1.0962859702299220E+01   5.4656394682354241E+00
   4.7000000000000000E+02   5.0921117185839149E-01   1.1127430804004341E+01   5.4002994887200515E+00
   4.8000000000000000E+02   5.0171876172836916E-01   1.1293602136704438E+01   5.3295840410537281E+00
   4.9000000000000000E+02   4.9445710102303148E-01   1.1459461433068357E+01   5.2606277870734468E+00
   5.0000000000000000E+02   4.8750177594897187E-01   1.1622956795286242E+01   5.2008608893328487E+00
   5.1000000000000000E+02   4.8068207373854027E-01   1.1787858106317199E+01   5.1363240870058453E+00
   5.2000000000000000E+02   4.7406429935390798E-01   1.1952412546573477E+01   5.0734413908910545E+00
   5.3000000000000000E+02   4.6764180483866791E-01   1.2116564474886937E+01   5.0123536841232106E+00
   5.4000000000000000E+02   4.6140663431445733E-01   1.2280300407684610E+01   4.9530494831045315E+00
   5.5000000000000000E+02   4.5535080121151661E-01   1.2443619434520729E+01   4.8954767434187909E+00
   5.6000000000000000E+02   4.4946661769173296E-01   1.2606524837327052E+01   4.8395729247892874E+00
   5.7000000000000000E+02   4.4374674442867035E-01   1.2769022309731049E+01   4.7852693826084680E+00
   5.8000000000000000E+02   4.3818413422609592E-01   1.2931121044552791E+01   4.7324922971551073E+00
   5.9000000000000000E+02   4.3277205900321608E-01   1.3092832500626171E+01   4.6811593352666874E+00
   6.0000000000000000E+02   4.2750357041627313E-01   1.3254186564951615E+01   4.6311347853268074E+00
   6.1000000000000000E+02   4.2236737004722769E-01   1.3415364162356189E+01   4.5817768568875685E+00
   6.2000000000000000E+02   4.1732281763144990E-01   1.3577527611931858E+01   4.5291826130457338E+00
   6.3000000000000000E+02   4.1245761366139944E-01   1.3737683320186694E+01   4.4833352251925174E+00
   6.4000000000000000E+02   4.0771396702351370E-01   1.3897517715289435E+01   4.4385497792141164E+00
   6.5000000000000000E+02   4.0303612864967325E-01   1.4058819239020119E+01   4.3889688937893254E+00
   6.6000000000000000E+02   3.9852744872203516E-01   1.4217871561043422E+01   4.3467124196725591E+00
   6.7000000000000000E+02   3.9412639223936180E-01   1.4376637015566816E+01   4.3053318062163433E+00
   6.8000000000000000E+02   3.8978314372812439E-01   1.4536832006856672E+01   4.2593279795885897E+00
   6.9000000000000000E+02   3.8559155582315879E-01   1.4694855200819983E+01   4.2202017453038101E+00
   7.0000000000000000E+02   3.8145010256880407E-01   1.4854399150300846E+01   4.1762101329104500E+00
   7.1000000000000000E+02   3.7745214136118688E-01   1.5011736478819369E+01   4.1390754242868608E+00
   7.2000000000000000E+02   3.7349933173732286E-01   1.5170608346536978E+01   4.0970804384777839E+00
   7.3000000000000000E+02   3.6968121228092721E-01   1.5327292519194513E+01   4.0617623317343980E+00
   7.4000000000000000E+02   3.6590433639596093E-01   1.5485501306955159E+01   4.0216592079675166E+00
   7.5000000000000000E+02   3.6225355431230960E-01   1.5641563794278753E+01   3.9880007520723373E+00
   7.6000000000000000E+02   3.5864097890024543E-01   1.5799120604832636E+01   3.9496892762741536E+00
   7.7000000000000000E+02   3.5514566269611442E-01   1.5954614330539046E+01   3.9174747913282406E+00
   7.8000000000000000E+02   3.5168722118721624E-01   1.6111509711249582E+01   3.8809251084857137E+00
   7.9000000000000000E+02   3.4830085366309410E-01   1.6268154441450353E+01   3.8450220451585397E+00
   8.0000000000000000E+02   3.4502263945824324E-01   1.6422725443111027E+01   3.8151004946572922E+00
   8.1000000000000000E+02   3.4177562404608081E-01   1.6578748397563459E+01   3.7807607044374762E+00
   8.2000000000000000E+02   3.3859453016145225E-01   1.6734505654236028E+01   3.7470791031892934E+00
   8.3000000000000000E+02   3.3551224228295834E-01   1.6888242410843372E+01   3.7190963737360057E+00
   8.4000000000000000E+02   3.3245803588010470E-01   1.7043390346935805E+01   3.6868769456596144E+00
   8.5000000000000000E+02   3.2946364483212709E-01   1.7198292340775083E+01   3.6552285575227397E+00
   8.6000000000000000E+02   3.2652780378327706E-01   1.7352923744407967E+01   3.6242102950459287E+00
   8.7000000000000000E+02   3.2368054313130268E-01   1.7505568993010758E+01   3.5986324752521606E+00
   8.8000000000000000E+02   3.2085674209479864E-01   1.7659632278526672E+01   3.5688893757486291E+00
   8.9000000000000000E+02   3.1808615643384830E-01   1.7813450742420486E+01   3.5396800499871293E+00
   9.0000000000000000E+02   3.1536750585687218E-01   1.7967013006253705E+01   3.5110288643010419E+00
   9.1000000000000000E+02   3.1269935487823347E-01   1.8120319057539028E+01   3.4829300368009153E+00
   9.2000000000000000E+02   3.1010836383014306E-01   1.8271716407441986E+01   3.4598793396753296E+00
   9.3000000000000000E+02   3.0753720126618411E-01   1.8424476961328367E+01   3.4329203266256041E+00
   9.4000000000000000E+02   3.0470748679272830E-01   1.8595578793029627E+01   3.4140468827197115E+00
   9.5000000000000000E+02   3.0226027910336090E-01   1.8746135272185718E+01   3.3879267472770027E+00
   9.6000000000000000E+02   2.9985575777639117E-01   1.8896459155890643E+01   3.3622462169165508E+00
   9.7000000000000000E+02   2.9749278482052022E-01   1.9046552953876461E+01   3.3369939389001311E+00
   9.8000000000000000E+02   2.9517026276734798E-01   1.9196419132323975E+01   3.3121589524653401E+00
   9.9000000000000000E+02   2.9288713287855811E-01   1.9346060114664155E+01   3.2877306720265964E+00
   1.0000000000000000E+03   2.9064237344741228E-01   1.9495478282369024E+01   3.2636988712304760E+00
   1.1000000000000000E+03   2.7010386662537789E-01   2.0977900650859617E+01   3.0431661115016952E+00
   1.2000000000000000E+03   2.5250072615123120E-01   2.2440379344044057E+01   2.8532009884201819E+00
   1.3000000000000000E+03   2.3723166991714112E-01   2.3884720288228277E+01   2.6876973832212494E+00
   1.4000000000000000E+03   2.2385070058018083E-01   2.5312460782094536E+01   2.5420914658577876E+00
   1.5000000000000000E+03   2.1201979604134802E-01   2.6724919961602033E+01   2.4129013733169109E+00
   1.6000000000000000E+03   2.0147793525520163E-01   2.8123238767079467E+01   2.2974227469191426E+00
   1.7000000000000000E+03   1.9202023403498569E-01   2.9508411485676252E+01   2.1935218558970191E+00
   1.8000000000000000E+03   1.8348353571785395E-01   3.0881310725302647E+01   2.0994916404697128E+00
   1.9000000000000000E+03   1.7573623779985770E-01   3.2242707311928136E+01   2.0139493964367210E+00
   2.0000000000000000E+03   1.6867096702573942E-01   3.3593286262570260E+01   1.9357626696768806E+00
   2.1000000000000000E+03   1.6219921205902643E-01   3.4933659711110096E+01   1.8639946654975594E+00
   2.2000000000000000E+03   1.5624732802564803E-01   3.6264377452586608E+01   1.7978634147075303E+00
   2.3000000000000000E+03   1.5075351955974431E-01   3.7585935612167702E+01   1.7367108040939121E+00
   2.4000000000000000E+03   1.4566553301123242E-01   3.8898783825843594E+01   1.6799787906988135E+00
   2.5000000000000000E+03   1.4093887013868636E-01   4.0203331230799279E+01   1.6271909221762459E+00
   2.6000000000000000E+03   1.3653539040810286E-01   4.1499951496413971E+01   1.5779378273370868E+00
   2.7000000000000000E+03   1.3242220642839306E-01   4.2788987076304323E+01   1.5318657128358137E+00
   2.8000000000000000E+03   1.2857080300328483E-01   4.4070752823527506E+01   1.4886671611095754E+00
   2.9000000000000000E+03   1.2495632854418406E-01   4.5345539081493285E+01   1.4480737079003307E+00
   3.0000000000000000E+03   1.2155702061803723E-01   4.6613614340589010E+01   1.4098498089277691E+00
   3.1000000000000000E+03   1.1835373681702124E-01   4.7875227532869232E+01   1.3737879004482121E+00
   3.2000000000000000E+03   1.1532956901577450E-01   4.9130610023394809E+01   1.3397043282313097E+00
   3.3000000000000000E+03   1.1246952416399279E-01   5.0379977345847578E+01   1.3074359712204586E+00
   3.4000000000000000E+03   1.0976025855392742E-01   5.1623530721698238E+01   1.2768374248652521E+00
   3.5000000000000000E+03   1.0718985536016644E-01   5.2861458394931972E+01   1.2477786383804075E+00
   3.6000000000000000E+03   1.0474763741919384E-01   5.4093936809327438E+01   1.2201429224770994E+00
   3.7000000000000000E+03   1.0242400888154901E-01   5.5321131650227201E+01   1.1938252612545543E+00
   3.8000000000000000E+03   1.0021032065330159E-01   5.6543198769751982E+01   1.1687308752003354E+00
   3.9000000000000000E+03   9.8098755544916191E-02   5.7760285010810783E+01   1.1447739926017002E+00
   4.0000000000000000E+03   9.6082229827949658E-02   5.8972528943452474E+01   1.1218767947895665E+00
   4.1000000000000000E+03   9.4154308519034335E-02   6.0180061524584680E+01   1.0999685070661689E+00
   4.2000000000000000E+03   9.2309132200721164E-02   6.1383006690598556E+01   1.0789846122729163E+00
   4.3000000000000000E+03   9.0541353579937908E-02   6.2581481891339095E+01   1.0588661680377096E+00
   4.4000000000000000E+03   8.8846082299928172E-02   6.3775598572282746E+01   1.0395592120338819E+00
   4.5000000000000000E+03   8.7218836775456138E-02   6.4965462610649240E+01   1.0210142422399608E+00
   4.6000000000000000E+03   8.5655502025271224E-02   6.6151174711561353E+01   1.0031857613401320E+00
   4.7000000000000000E+03   8.4152292646552607E-02   6.7332830767651544E+01   9.8603187618663612E-01
   4.8000000000000000E+03   8.2705720210486347E-02   6.8510522187095219E+01   9.6951394467353713E-01
   4.9000000000000000E+03   8.1312564473661378E-02   6.9684336192786091E+01   9.5359626357877258E-01
   5.0000000000000000E+03   7.9969847891958795E-02   7.0854356096005134E+01   9.3824579190889201E-01
   5.1000000000000000E+03   7.8674813001713167E-02   7.2020661547131098E+01   9.2343190510381135E-01
   5.2000000000000000E+03   7.7424902297054968E-02   7.3183328765992400E+01   9.0912617614030700E-01
   5.3000000000000000E+03   7.6217740287448627E-02   7.4342430753136782E+01   8.9530218015180885E-01
   5.4000000000000000E+03   7.5051117462655317E-02   7.5498037484913723E+01   8.8193531964939598E-01
   5.5000000000000000E+03   7.3922975932707996E-02   7.6650216093006875E+01   8.6900266784914137E-01
   5.6000000000000000E+03   7.2831396540880139E-02   7.7799031030522372E+01   8.5648282794064423E-01
   5.7000000000000000E+03   7.1774587276094440E-02   7.8944544225438236E+01   8.4435580643114927E-01
   5.8000000000000000E+03   7.0750872833685599E-02   8.0086815222757807E+01   8.3260289894118955E-01
   5.9000000000000000E+03   6.9758685193186398E-02   8.1225901316638556E+01   8.2120658703957539E-01
   6.0000000000000000E+03   6.8796555099567266E-02   8.2361857672664982E+01   8.1015044489043475E-01
   6.1000000000000000E+03   6.7863104347477429E-02   8.3494737441831091E+01   7.9941905463308327E-01
   6.2000000000000000E+03   6.6957038781382858E-02   8.4624591866743089E+01   7.8899792955195913E-01
   6.3000000000000000E+03   6.6077141935284259E-02   8.5751470380327348E+01   7.7887344421221505E-01
   6.4000000000000000E+03   6.5222269244172876E-02   8.6875420698221831E+01   7.6903277082820998E-01
   6.5000000000000000E+03   6.4391342768293433E-02   8.7996488904876202E+01   7.5946382122570399E-01
   6.6000000000000000E+03   6.3583346377523081E-02   8.9114719534221280E+01   7.5015519382855567E-01
   6.7000000000000000E+03   6.2797321349643428E-02   9.0230155645203922E+01   7.4109612516706291E-01
   6.8000000000000000E+03   6.2032362341474183E-02   9.1342838892528263E+01   7.3227644546380533E-01
   6.9000000000000000E+03   6.1287613696506607E-02   9.2452809592800108E+01   7.2368653790098514E-01
   7.0000000000000000E+03   6.0562266056148305E-02   9.3560106787070566E+01   7.1531730121364068E-01
   7.1000000000000000E+03   5.9855553246128700E-02   9.4664768299450813E+01   7.0716011529786327E-01
   7.2000000000000000E+03   5.9166749412378150E-02   9.5766830791870362E+01   6.9920680955326053E-01
   7.3000000000000000E+03   5.8495166382665865E-02   9.6866329816258258E+01   6.9144963370511558E-01
   7.4000000000000000E+03   5.7840151234145015E-02   9.7963299863145167E+01   6.8388123088513908E-01
   7.5000000000000000E+03   5.7201084047558304E-02   9.9057774408072305E+01   6.7649461276539236E-01
   7.6000000000000000E+03   5.6577375832267039E-02   1.0014978595470095E+02   6.6928313656828820E-01
   7.7000000000000000E+03   5.5968466606231566E-02   1.0123936607634938E+02   6.6224048378325850E-01
   7.8000000000000000E+03   5.5373823618556292E-02   1.0232654545425707E+02   6.5536064045021158E-01
   7.9000000000000000E+03   5.4792939701214481E-02   1.0341135391490270E+02   6.4863787886904956E-01
   8.0000000000000000E+03   5.4225331740214412E-02   1.0449382046432103E+02   6.4206674062256963E-01
   8.1000000000000000E+03   5.3670539255265680E-02   1.0557397332139337E+02   6.3564202079833998E-01
   8.2000000000000000E+03   5.3128123079717850E-02   1.0665183994883762E+02   6.2935875331458091E-01
   8.3000000000000000E+03   5.2597664132157357E-02   1.0772744708288259E+02   6.2321219725999955E-01
   8.4000000000000000E+03   5.2078762272425416E-02   1.0880082076144792E+02   6.1719782416468105E-01
   8.5000000000000000E+03   5.1571035235368830E-02   1.0987198635086095E+02   6.1131130613123230E-01
   8.6000000000000000E+03   5.1074117636229190E-02   1.1094096857115183E+02   6.0554850475683608E-01
   8.7000000000000000E+03   5.0587660042016355E-02   1.1200779152018605E+02   5.9990546078589868E-01
   8.8000000000000000E+03   5.0111328103778247E-02   1.1307247869674798E+02   5.9437838443740365E-01
   8.9000000000000000E+03   4.9644801745338300E-02   1.1413505302218833E+02   5.8896364635595055E-01
   9.0000000000000000E+03   4.9187774403809371E-02   1.1519553686172456E+02   5.8365776913892820E-01
   9.1000000000000000E+03   4.8739952318835399E-02   1.1625395204357892E+02   5.7845741940042072E-01
   9.2000000000000000E+03   4.8301053865881453E-02   1.1731031987860355E+02   5.7335940032725652E-01
   9.3000000000000000E+03   4.7870808931466509E-02   1.1836466117779955E+02   5.6836064469757885E-01
   9.4000000000000000E+03   4.7448958326381178E-02   1.1941699627007097E+02   5.6345820832328175E-01
   9.5000000000000000E+03   4.7035253235044337E-02   1.2046734501810900E+02   5.5864926389133374E-01
   9.6000000000000000E+03   4.6629454697482309E-02   1.2151572683491307E+02   5.5393109517082784E-01
   9.7000000000000000E+03   4.6231333122870165E-02   1.2256216069783194E+02   5.4930109156667117E-01
   9.8000000000000000E+03   4.5840667831050563E-02   1.2360666516385604E+02   5.4475674298876786E-01
   9.9000000000000000E+03   4.5457246621243570E-02   1.2464925838319954E+02   5.4029563502084443E-01
   1.0000000000000000E+04   4.5080865365890094E-02   1.2568995811175103E+02   5.3591544436876837E-01
   1.1000000000000000E+04   4.1664407982820513E-02   1.3599646205981287E+02   4.9611009465120537E-01
   1.2000000000000000E+04   3.8774972983238364E-02   1.4613065190089500E+02   4.6237857899016327E-01
   1.3000000000000000E+04   3.6297357157266244E-02   1.5610536202209184E+02   4.3340392358661756E-01
   1.4000000000000000E+04   3.4147932156071710E-02   1.6593133820176948E+02   4.0822778019660894E-01
   1.5000000000000000E+04   3.2264467911795068E-02   1.7561771342303126E+02   3.8613546429683826E-01
   1.6000000000000000E+04   3.0599666039493142E-02   1.8517235031804515E+02   3.6658270959713363E-01
   1.7000000000000000E+04   2.9116912222249016E-02   1.9460209366398780E+02   3.4914744173382883E-01
   1.8000000000000000E+04   2.7787405301033918E-02   2.0391296049758864E+02   3.3349711247787489E-01
   1.9000000000000000E+04   2.6588167980477178E-02   2.1311028588508725E+02   3.1936602072008441E-01
   2.0000000000000000E+04   2.5500637935542504E-02   2.2219883650764322E+02   3.0653922145021184E-01
   2.1000000000000000E+04   2.4509650450384637E-02   2.3118290042326132E+02   2.9484088717101392E-01
   2.2000000000000000E+04   2.3602690959957186E-02   2.4006635892039372E+02   2.8412574386982675E-01
   2.3000000000000000E+04   2.2769337290353332E-02   2.4885274469015019E+02   2.7427267134293692E-01
   2.4000000000000000E+04   2.2000837570847781E-02   2.5754528941153723E+02   2.6517985374746383E-01
   2.5000000000000000E+04   2.1289786720507291E-02   2.6614696304224884E+02   2.5676105805058097E-01
   2.6000000000000000E+04   2.0629875590435422E-02   2.7466050653777216E+02   2.4894274489048160E-01
   2.7000000000000000E+04   2.0015694363350753E-02   2.8308845931696442E+02   2.4166180181567457E-01
   2.8000000000000000E+04   1.9442576961167926E-02   2.9143318248384298E+02   2.3486374746581473E-01
   2.9000000000000000E+04   1.8906476792393739E-02   2.9969687857230946E+02   2.2850129604141337E-01
   3.0000000000000000E+04   1.8403866692166728E-02   3.0788160848241387E+02   2.2253320020808520E-01
   3.1000000000000000E+04   1.7931657721356544E-02   3.1598930603787812E+02   2.1692331123310019E-01
   3.2000000000000000E+04   1.7487132791064428E-02   3.2402179060340490E+02   2.1163981007407989E-01
   3.3000000000000000E+04   1.7067892040357736E-02   3.3198077806458002E+02   2.0665457410443649E-01
   3.4000000000000000E+04   1.6671807603181554E-02   3.3986789041392882E+02   2.0194265228244276E-01
   3.5000000000000000E+04   1.6296985927879287E-02   3.4768466417995813E+02   1.9748182763296560E-01
   3.6000000000000000E+04   1.5941736215435702E-02   3.5543255784108777E+02   1.9325225050678824E-01
   3.7000000000000000E+04   1.5604543842940643E-02   3.6311295841201780E+02   1.8923612956327421E-01
   3.8000000000000000E+04   1.5284047876770094E-02   3.7072718727165011E+02   1.8541747012894638E-01
   3.9000000000000000E+04   1.4979021957019464E-02   3.7827650535119989E+02   1.8178185163824123E-01
   4.0000000000000000E+04   1.4688357974728380E-02   3.8576211780983601E+02   1.7831623748421099E-01
   4.1000000000000000E+04   1.4411052079254923E-02   3.9318517817563583E+02   1.7500881190402306E-01
   4.2000000000000000E+04   1.4146192631789206E-02   4.0054679212745549E+02   1.7184883948676039E-01
   4.3000000000000000E+04   1.3892949799270750E-02   4.0784802085570317E+02   1.6882654373251224E-01
   4.4000000000000000E+04   1.3650566530971495E-02   4.1508988411757559E+02   1.6593300169407510E-01
   4.5000000000000000E+04   1.3418350706484150E-02   4.2227336305512796E+02   1.6316005226260849E-01
   4.6000000000000000E+04   1.3195668285612838E-02   4.2939940265534352E+02   1.6050021609250828E-01
   4.7000000000000000E+04   1.2981937307989553E-02   4.3646891408056808E+02   1.5794662544317900E-01
   4.8000000000000000E+04   1.2776622624417667E-02   4.4348277679043281E+02   1.5549296254758702E-01
   4.9000000000000000E+04   1.2579231259173077E-02   4.5044184042234508E+02   1.5313340532532896E-01
   5.0000000000000000E+04   1.2389308314669877E-02   4.5734692652462212E+02   1.5086257942432488E-01
   5.1000000000000000E+04   1.2206433342768330E-02   4.6419883026987128E+02   1.4867551573144322E-01
   5.2000000000000000E+04   1.2030217129452705E-02   4.7099832185140190E+02   1.4656761267361779E-01
   5.3000000000000000E+04   1.1860298831609436E-02   4.7774614787773532E+02   1.4453460265750309E-01
   5.4000000000000000E+04   1.1696343424145132E-02   4.8444303266465937E+02   1.4257252212794888E-01
   5.5000000000000000E+04   1.1538039420216575E-02   4.9108967937412859E+02   1.4067768481850021E-01
   5.6000000000000000E+04   1.1385096828253559E-02   4.9768677113213397E+02   1.3884665777270408E-01
   5.7000000000000000E+04   1.1237245320949153E-02   5.0423497197457448E+02   1.3707623983940040E-01
   5.8000000000000000E+04   1.1094232585564540E-02   5.1073492788071769E+02   1.3536344230734709E-01
   5.9000000000000000E+04   1.0955822841803617E-02   5.1718726756514491E+02   1.3370547147984838E-01
   6.0000000000000000E+04   1.0821795502323961E-02   5.2359260330352811E+02   1.3209971293140388E-01
   6.1000000000000000E+04   1.0691943962133247E-02   5.2995153169037906E+02   1.3054371727687536E-01
   6.2000000000000000E+04   1.0566074500914860E-02   5.3626463441930173E+02   1.2903518726421728E-01
   6.3000000000000000E+04   1.0444005291906326E-02   5.4253247878678258E+02   1.2757196609922122E-01
   6.4000000000000000E+04   1.0325565495015222E-02   5.4875561849040025E+02   1.2615202679171109E-01
   6.5000000000000000E+04   1.0210594437418955E-02   5.5493459408348849E+02   1.2477346249220761E-01
   6.6000000000000000E+04   1.0098940863483948E-02   5.6106993357771535E+02   1.2343447766829641E-01
   6.7000000000000000E+04   9.9904622513800629E-03   5.6716215295218137E+02   1.2213338005219963E-01
   6.8000000000000000E+04   9.8850241884867966E-03   5.7321175663684437E+02   1.2086857328193086E-01
   6.9000000000000000E+04   9.7824998007662520E-03   5.7921923791262293E+02   1.1963855016880950E-01
   7.0000000000000000E+04   9.6827692272653705E-03   5.8518507944245187E+02   1.1844188651492288E-01
   7.1000000000000000E+04   9.5857191401496570E-03   5.9110975364877527E+02   1.1727723544596348E-01
   7.2000000000000000E+04   9.4912423053954836E-03   5.9699372296702870E+02   1.1614332222213840E-01
   7.3000000000000000E+04   9.3992371739901326E-03   6.0283744037866563E+02   1.1503893942570274E-01
   7.4000000000000000E+04   9.3096075087915064E-03   6.0864134971633757E+02   1.1396294255944288E-01
   7.5000000000000000E+04   9.2222620416022999E-03   6.1440588587913851E+02   1.1291424598069529E-01
   7.6000000000000000E+04   9.1371141532573252E-03   6.2013147526018861E+02   1.1189181914291982E-01
   7.7000000000000000E+04   9.0540815803434784E-03   6.2581853600498027E+02   1.1089468312480462E-01
   7.8000000000000000E+04   8.9730861432402616E-03   6.3146747830441473E+02   1.0992190741840824E-01
   7.9000000000000000E+04   8.8940534957457559E-03   6.3707870457384843E+02   1.0897260696388038E-01
   8.0000000000000000E+04   8.8169128903839745E-03   6.4265260981085316E+02   1.0804593938652694E-01
   8.1000000000000000E+04   8.7415969631852927E-03   6.4818958175984585E+02   1.0714110244394356E-01
   8.2000000000000000E+04   8.6680415321823568E-03   6.5369000118918780E+02   1.0625733165062734E-01
   8.3000000000000000E+04   8.5961854110304155E-03   6.5915424209085450E+02   1.0539389806829175E-01
   8.4000000000000000E+04   8.5259702352402603E-03   6.6458267190051254E+02   1.0455010625569096E-01
   8.5000000000000000E+04   8.4573403022803056E-03   6.6997565155944653E+02   1.0372529236152517E-01
   8.6000000000000000E+04   8.3902424170654837E-03   6.7533353600788939E+02   1.0291882232481790E-01
   8.7000000000000000E+04   8.3246257554658656E-03   6.8065667405646866E+02   1.0213009023015350E-01
   8.8000000000000000E+04   8.2604417315849978E-03   6.8594540868373053E+02   1.0135851675167243E-01
   8.9000000000000000E+04   8.1976438741298702E-03   6.9120007730046063E+02   1.0060354769015634E-01
   9.0000000000000000E+04   8.1361877144292254E-03   6.9642101170200363E+02   9.9864652639472626E-02
   9.1000000000000000E+04   8.0760306782332748E-03   7.0160853830730662E+02   9.9141323702717055E-02
   9.2000000000000000E+04   8.0171319842636899E-03   7.0676297840699829E+02   9.8433074303121773E-02
   9.3000000000000000E+04   7.9594525511695619E-03   7.1188464822842889E+02   9.7739438075217303E-02
   9.4000000000000000E+04   7.9029549110821527E-03   7.1697385892137640E+02   9.7059967831134436E-02
   9.5000000000000000E+04   7.8476031239515832E-03   7.2203091695430294E+02   9.6394234557922495E-02
   9.6000000000000000E+04   7.7933627011143427E-03   7.2705612413881681E+02   9.5741826512149672E-02
   9.7000000000000000E+04   7.7402005343558374E-03   7.3204977756455150E+02   9.5102348360614875E-02
   9.8000000000000000E+04   7.6880848249147402E-03   7.3701216993831110E+02   9.4475420358147003E-02
   9.9000000000000000E+04   7.6369850188329402E-03   7.4194358971599843E+02   9.3860677576460994E-02
   1.0000000000000000E+05   7.5868717490113055E-03   7.4684432094408533E+02   9.3257769204761920E-02
   1.1000000000000000E+05   7.1342796214263681E-03   7.9422343672413547E+02   8.7811233804428179E-02
   1.2000000000000000E+05   6.7549935715284391E-03   8.3881827857878045E+02   8.3245104164370351E-02
   1.3000000000000000E+05   6.4326190241306858E-03   8.8085615800104915E+02   7.9363153727502495E-02
   1.4000000000000000E+05   6.1553279763981190E-03   9.2053780094361127E+02   7.6023658918462259E-02
   1.5000000000000000E+05   5.9143680953870148E-03   9.5804183779153789E+02   7.3121646820260774E-02
   1.6000000000000000E+05   5.7031212665337120E-03   9.9352824789644865E+02   7.0577672015439089E-02
   1.7000000000000000E+05   5.5164886716856584E-03   1.0271410704717000E+03   6.8330478359092089E-02
   1.8000000000000000E+05   5.3504773287524508E-03   1.0590105763145775E+03   6.6332060087023012E-02
   1.9000000000000000E+05   5.2019149381710558E-03   1.0892550429654661E+03   6.4544252687005657E-02
   2.0000000000000000E+05   5.0682488184971885E-03   1.1179822227355307E+03   6.2936327115208482E-02
   2.1000000000000000E+05   4.9474013098656858E-03   1.1452905726853282E+03   6.1483258367502812E-02
   2.2000000000000000E+05   4.8376639357436907E-03   1.1712702979664814E+03   6.0164457331120108E-02
   2.3000000000000000E+05   4.7376187213016823E-03   1.1960042402744045E+03   5.8962827331804746E-02
   2.4000000000000000E+05   4.6460788371289327E-03   1.2195686466185057E+03   5.7864052083637312E-02
   2.5000000000000000E+05   4.5620432581008038E-03   1.2420338341638346E+03   5.6856051393707169E-02
   2.6000000000000000E+05   4.4846617128933841E-03   1.2634647699713619E+03   5.5928560191385979E-02
   2.7000000000000000E+05   4.4132072861846460E-03   1.2839215817525828E+03   5.5072799333735982E-02
   2.8000000000000000E+05   4.3470548100766728E-03   1.3034600038503481E+03   5.4281215788912394E-02
   2.9000000000000000E+05   4.2856636373833409E-03   1.3221317767578657E+03   5.3547275469750182E-02
   3.0000000000000000E+05   4.2285638034904411E-03   1.3399850026628606E+03   5.2865296800400079E-02
   3.1000000000000000E+05   4.1753448600605168E-03   1.3570644508147500E+03   5.2230316104622483E-02
   3.2000000000000000E+05   4.1256467024313260E-03   1.3734118522899698E+03   5.1637977404294710E-02
   3.3000000000000000E+05   4.0791521051337393E-03   1.3890661425321969E+03   5.1084442313876169E-02
   3.4000000000000000E+05   4.0355805109493024E-03   1.4040636939609296E+03   5.0566315296824683E-02
   3.5000000000000000E+05   3.9946828890862571E-03   1.4184385186019865E+03   5.0080581629136520E-02
   3.6000000000000000E+05   3.9562374242599107E-03   1.4322224557946458E+03   4.9624555453818560E-02
   3.7000000000000000E+05   3.9200459082449146E-03   1.4454453371483839E+03   4.9195836227578268E-02
   3.8000000000000000E+05   3.8859306687057133E-03   1.4581351451047526E+03   4.8792271736700865E-02
   3.9000000000000000E+05   3.8537320130163071E-03   1.4703181384543868E+03   4.8411927045591191E-02
   4.0000000000000000E+05   3.8233059641593153E-03   1.4820189994200803E+03   4.8053057514774365E-02
   4.1000000000000000E+05   3.7945224289899675E-03   1.4932609269062762E+03   4.7714086280443407E-02
   4.2000000000000000E+05   3.7672635241388693E-03   1.5040657610421374E+03   4.7393584398818869E-02
   4.3000000000000000E+05   3.7414222092707404E-03   1.5144540665418897E+03   4.7090254083921208E-02
   4.4000000000000000E+05   3.7169010662375618E-03   1.5244452242620073E+03   4.6802914008093173E-02
   4.5000000000000000E+05   3.6936112338933390E-03   1.5340575173385553E+03   4.6530486517638872E-02
   4.6000000000000000E+05   3.6714715127025219E-03   1.5433081966934258E+03   4.6271986662044372E-02
   4.7000000000000000E+05   3.6504075220901103E-03   1.5522135666200677E+03   4.6026512255662504E-02
   4.8000000000000000E+05   3.6303510400502305E-03   1.5607890303087092E+03   4.5793235609344791E-02
   4.9000000000000000E+05   3.6112393798914929E-03   1.5690491500041371E+03   4.5571396041278418E-02
   5.0000000000000000E+05   3.5930148083132170E-03   1.5770077168538817E+03   4.5360293068017657E-02
   5.1000000000000000E+05   3.5756241083391930E-03   1.5846777814998170E+03   4.5159280812197534E-02
   5.2000000000000000E+05   3.5590181294441179E-03   1.5920717100604425E+03   4.4967762729349513E-02
   5.3000000000000000E+05   3.5431513963339830E-03   1.5992012323670144E+03   4.4785186908732851E-02
   5.4000000000000000E+05   3.5279817973892908E-03   1.6060774700349120E+03   4.4611042173680227E-02
   5.5000000000000000E+05   3.5134702797127841E-03   1.6127109747299214E+03   4.4444854406282340E-02
   5.6000000000000000E+05   3.4995805566660401E-03   1.6191117728915115E+03   4.4286183101330784E-02
   5.7000000000000000E+05   3.4862788925911648E-03   1.6252893856316873E+03   4.4134618696878236E-02
   5.8000000000000000E+05   3.4735338675289155E-03   1.6312528668422565E+03   4.3989779716764044E-02
   5.9000000000000000E+05   3.4613162012114094E-03   1.6370108219229217E+03   4.3851310612421646E-02
   6.0000000000000000E+05   3.4495985519902368E-03   1.6425714453674927E+03   4.3718879433527320E-02
   6.1000000000000000E+05   3.4383553782588597E-03   1.6479425353494184E+03   4.3592176054428930E-02
   6.2000000000000000E+05   3.4275628002223622E-03   1.6531315134802549E+03   4.3470910442206794E-02
   6.3000000000000000E+05   3.4171984380861374E-03   1.6581454610091876E+03   4.3354810927580277E-02
   6.4000000000000000E+05   3.4072413374845564E-03   1.6629911175189529E+03   4.3243622962595013E-02
   6.5000000000000000E+05   3.3976718258198492E-03   1.6676749168124770E+03   4.3137107687015411E-02
   6.6000000000000000E+05   3.3884714195994829E-03   1.6722030018331864E+03   4.3035040749510832E-02
   6.7000000000000000E+05   3.3796227732580510E-03   1.6765812221160490E+03   4.2937211369785608E-02
   6.8000000000000000E+05   3.3711095449505467E-03   1.6808151749228712E+03   4.2843421208482869E-02
   6.9000000000000000E+05   3.3629163544037981E-03   1.6849102036273396E+03   4.2753483490264296E-02
   7.0000000000000000E+05   3.3550287005369873E-03   1.6888714181709718E+03   4.2667222192081231E-02
   7.1000000000000000E+05   3.3474329333979145E-03   1.6927036903256346E+03   4.2584471448317271E-02
   7.2000000000000000E+05   3.3401161550225345E-03   1.6964116864498644E+03   4.2505074664377418E-02
   7.3000000000000000E+05   3.3330661580090663E-03   1.6999998832500826E+03   4.2428883749741887E-02
   7.4000000000000000E+05   3.3262714332829460E-03   1.7034725497094523E+03   4.2355758903425883E-02
   7.5000000000000000E+05   3.3197210799347497E-03   1.7068337800209363E+03   4.2285567852169983E-02
   7.6000000000000000E+05   3.3134048017020401E-03   1.7100874835968054E+03   4.2218185446440459E-02
   7.7000000000000000E+05   3.3073128024895715E-03   1.7132374280458100E+03   4.2153492959432437E-02
   7.8000000000000000E+05   3.3014358458068565E-03   1.7162871986977582E+03   4.2091378144583989E-02
   7.9000000000000000E+05   3.2957651364270749E-03   1.7192402507245802E+03   4.2031734275251725E-02
   8.0000000000000000E+05   3.2902923167433995E-03   1.7220999029923291E+03   4.1974460089340963E-02
   8.1000000000000000E+05   3.2850095059491456E-03   1.7248693098813610E+03   4.1919459712703062E-02
   8.2000000000000000E+05   3.2799091518280854E-03   1.7275515318227951E+03   4.1866641664792432E-02
   8.3000000000000000E+05   3.2749841187725381E-03   1.7301494828634181E+03   4.1815919275155961E-02
   8.4000000000000000E+05   3.2702275855448358E-03   1.7326659785166589E+03   4.1767209930118128E-02
   8.5000000000000000E+05   3.2656331064179621E-03   1.7351036980683421E+03   4.1720435195871611E-02
   8.6000000000000000E+05   3.2611944675898980E-03   1.7374652556882577E+03   4.1675520003834628E-02
   8.7000000000000000E+05   3.2569058300500296E-03   1.7397531200320811E+03   4.1632393315950998E-02
   8.8000000000000000E+05   3.2527615528706020E-03   1.7419697040134133E+03   4.1590986900800098E-02
   8.9000000000000000E+05   3.2487563361370329E-03   1.7441172846522807E+03   4.1551236295922500E-02
   9.0000000000000000E+05   3.2448850481512784E-03   1.7461980918887859E+03   4.1513079436245007E-02
   9.1000000000000000E+05   3.2411428155091284E-03   1.7482142571339143E+03   4.1476457276522459E-02
   9.2000000000000000E+05   3.2375249998172133E-03   1.7501678225805579E+03   4.1441313499077793E-02
   9.3000000000000000E+05   3.2340271479855414E-03   1.7520607651700350E+03   4.1407594227353642E-02
   9.4000000000000000E+05   3.2306450272841991E-03   1.7538949750364382E+03   4.1375248061902660E-02
   9.5000000000000000E+05   3.2273745423799060E-03   1.7556722980475265E+03   4.1344225559054877E-02
   9.6000000000000000E+05   3.2242118380354685E-03   1.7573944778183900E+03   4.1314479823851599E-02
   9.7000000000000000E+05   3.2211531569644077E-03   1.7590632308896520E+03   4.1285965567101332E-02
   9.8000000000000000E+05   3.2181949567555729E-03   1.7606801811636087E+03   4.1258639726308437E-02
   9.9000000000000000E+05   3.2153338103978009E-03   1.7622469123288915E+03   4.1232460918542664E-02
   1.0000000000000000E+06   3.2125664444191612E-03   1.7637649454141258E+03   4.1207389481877611E-02
   1.1000000000000000E+06   3.1894188624586087E-03   1.7765656766425259E+03   4.1009937841940645E-02
   1.2000000000000000E+06   3.1728735084388111E-03   1.7858298051939144E+03   4.0889671306952056E-02
   1.3000000000000000E+06   3.1611862523675191E-03   1.7924322159874623E+03   4.0825557413499219E-02
   1.4000000000000000E+06   3.1531379106477420E-03   1.7970073748903094E+03   4.0802941035808331E-02
   1.5000000000000000E+06   3.1478556896974478E-03   1.8000228212573541E+03   4.0811368782234451E-02
   1.6000000000000000E+06   3.1447016343199973E-03   1.8018281981481091E+03   4.0843234271361620E-02
   1.7000000000000000E+06   3.1432012533866714E-03   1.8026882858280553E+03   4.0892908883655765E-02
   1.8000000000000000E+06   3.1429961574478940E-03   1.8028059200941454E+03   4.0956166720169877E-02
   1.9000000000000000E+06   3.1438122183088920E-03   1.8023379534189107E+03   4.1029796181172050E-02
   2.0000000000000000E+06   3.1454370185817647E-03   1.8014069415495826E+03   4.1111328789071658E-02
   2.1000000000000000E+06   3.1477045681241561E-03   1.8001092405113918E+03   4.1198851568989447E-02
   2.2000000000000000E+06   3.1504838667453421E-03   1.7985212174197818E+03   4.1290868896928644E-02
   2.3000000000000000E+06   3.1536704772773898E-03   1.7967039106672735E+03   4.1386203099859006E-02
   2.4000000000000000E+06   3.1571810024396685E-03   1.7947061239446600E+03   4.1483923642087833E-02
   2.5000000000000000E+06   3.1609478218071292E-03   1.7925674193004593E+03   4.1583288792332203E-02
   2.6000000000000000E+06   3.1649165504365538E-03   1.7903195832125946E+03   4.1683708490255302E-02
   2.7000000000000000E+06   3.1690425991980171E-03   1.7879886123696003E+03   4.1784709828579410E-02
   2.8000000000000000E+06   3.1732896141296136E-03   1.7855956337078210E+03   4.1885913842929057E-02
   2.9000000000000000E+06   3.1776276945158577E-03   1.7831579480690282E+03   4.1987016293873115E-02
   3.0000000000000000E+06   3.1820321250305666E-03   1.7806897783678990E+03   4.2087772977781511E-02
   3.1000000000000000E+06   3.1864825860085403E-03   1.7782027444178937E+03   4.2187988555023197E-02
   3.2000000000000000E+06   3.1909625018918873E-03   1.7757062566923862E+03   4.2287508648246847E-02
   3.3000000000000000E+06   3.1954576284410285E-03   1.7732083282996291E+03   4.2386207927302105E-02
   3.4000000000000000E+06   3.1999567447858245E-03   1.7707152100455837E+03   4.2483990224199117E-02
   3.5000000000000000E+06   3.2044500888118912E-03   1.7682322777513023E+03   4.2580778608279378E-02
   3.6000000000000000E+06   3.2089297259685358E-03   1.7657638413287495E+03   4.2676514932735284E-02
   3.7000000000000000E+06   3.2133891507507826E-03   1.7633133783862900E+03   4.2771154355425452E-02
   3.8000000000000000E+06   3.2178228972669747E-03   1.7608837591070517E+03   4.2864665685274715E-02
   3.9000000000000000E+06   3.2222267860917315E-03   1.7584771202131353E+03   4.2957027047862986E-02
   4.0000000000000000E+06   3.2265970148491765E-03   1.7560953702627394E+03   4.3048223596124410E-02
   4.1000000000000000E+06   3.2309305627547598E-03   1.7537399734920584E+03   4.3138247654209656E-02
   4.2000000000000000E+06   3.2352252932125484E-03   1.7514119005461034E+03   4.3227098354530091E-02
   4.3000000000000000E+06   3.2394790591135755E-03   1.7491121183634598E+03   4.3314775347467013E-02
   4.4000000000000000E+06   3.2436905153349592E-03   1.7468411529066896E+03   4.3401287427972980E-02
   4.5000000000000000E+06   3.2478583326181719E-03   1.7445995173418023E+03   4.3486640876186117E-02
   4.6000000000000000E+06   3.2519820489474204E-03   1.7423872562009421E+03   4.3570850442030379E-02
   4.7000000000000000E+06   3.2560606560443988E-03   1.7402047068630993E+03   4.3653925731971584E-02
   4.8000000000000000E+06   3.2600940780100609E-03   1.7380517076791939E+03   4.3735884835459461E-02
   4.9000000000000000E+06   3.2640819274668423E-03   1.7359282657091862E+03   4.3816741331597985E-02
   5.0000000000000000E+06   3.2680250060163024E-03   1.7338337586306550E+03   4.3896518928198305E-02
   5.1000000000000000E+06   3.2719219304010623E-03   1.7317687279860208E+03   4.3975225616756125E-02
   5.2000000000000000E+06   3.2757734719030297E-03   1.7297325740257861E+03   4.4052884918628056E-02
   5.3000000000000000E+06   3.2795803702820067E-03   1.7277247207675487E+03   4.4129515322141148E-02
   5.4000000000000000E+06   3.2833428026021278E-03   1.7257448948034316E+03   4.4205137208967960E-02
   5.5000000000000000E+06   3.2870606107539705E-03   1.7237930024601906E+03   4.4279766118423401E-02
   5.6000000000000000E+06   3.2907350123820641E-03   1.7218682325255395E+03   4.4353423507830822E-02
   5.7000000000000000E+06   3.2943660874305116E-03   1.7199703764251828E+03   4.4426129116753289E-02
   5.8000000000000000E+06   3.2979546945445136E-03   1.7180988231443198E+03   4.4497900874975030E-02
   5.9000000000000000E+06   3.3015001274471377E-03   1.7162537818411574E+03   4.4568750949632252E-02
   6.0000000000000000E+06   3.3050051401176442E-03   1.7144336662903106E+03   4.4638711026690460E-02
   6.1000000000000000E+06   3.3084684231519798E-03   1.7126390083789922E+03   4.4707786960539016E-02
   6.2000000000000000E+06   3.3118924653700718E-03   1.7108683747215414E+03   4.4776009097611646E-02
   6.3000000000000000E+06   3.3152773950503472E-03   1.7091215618758697E+03   4.4843391449718759E-02
   6.4000000000000000E+06   3.3186218187628053E-03   1.7073991520951909E+03   4.4909938697635474E-02
   6.5000000000000000E+06   3.3219280544677775E-03   1.7056998184712420E+03   4.4975678505944534E-02
   6.6000000000000000E+06   3.3251968533284078E-03   1.7040230486831269E+03   4.5040628477210035E-02
   6.7000000000000000E+06   3.3284289258359457E-03   1.7023683562830252E+03   4.5104804400481723E-02
   6.8000000000000000E+06   3.3316240619612782E-03   1.7007357295122301E+03   4.5168217912614543E-02
   6.9000000000000000E+06   3.3347834739070022E-03   1.6991244330600364E+03   4.5230887743664204E-02
   7.0000000000000000E+06   3.3379081384521865E-03   1.6975338578693420E+03   4.5292831851728360E-02
   7.1000000000000000E+06   3.3409989895304519E-03   1.6959634220890771E+03   4.5354065654176469E-02
   7.2000000000000000E+06   3.3440547348604272E-03   1.6944136770287366E+03   4.5414593571279589E-02
   7.3000000000000000E+06   3.3470767652501151E-03   1.6928838138126177E+03   4.5474433118990992E-02
   7.4000000000000000E+06   3.3500673229888514E-03   1.6913726003646257E+03   4.5533609233634274E-02
   7.5000000000000000E+06   3.3530241922806745E-03   1.6898810609613122E+03   4.5592118249829276E-02
   7.6000000000000000E+06   3.3559509631112721E-03   1.6884072925270398E+03   4.5649989706468865E-02
   7.7000000000000000E+06   3.3588450662358649E-03   1.6869524993691152E+03   4.5707221242763836E-02
   7.8000000000000000E+06   3.3617105271572440E-03   1.6855145717355147E+03   4.5763842585661546E-02
   7.9000000000000000E+06   3.3645450175144825E-03   1.6840945952526029E+03   4.5819852090016579E-02
   8.0000000000000000E+06   3.3673506940407466E-03   1.6826914076718526E+03   4.5875266491223747E-02
   8.1000000000000000E+06   3.3701273762250022E-03   1.6813050211256814E+03   4.5930099314664026E-02
   8.2000000000000000E+06   3.3728746895295325E-03   1.6799355449136383E+03   4.5984350648872858E-02
   8.3000000000000000E+06   3.3755966608341121E-03   1.6785808995557215E+03   4.6038055324237478E-02
   8.4000000000000000E+06   3.3782881968578535E-03   1.6772435474126685E+03   4.6091191034041135E-02
   8.5000000000000000E+06   3.3809546544145770E-03   1.6759207557196110E+03   4.6143796426279277E-02
   8.6000000000000000E+06   3.3835948251375878E-03   1.6746130586867203E+03   4.6195871797454144E-02
   8.7000000000000000E+06   3.3862076709229270E-03   1.6733209035392269E+03   4.6247417792624916E-02
   8.8000000000000000E+06   3.3887969655853616E-03   1.6720423610570203E+03   4.6298465743571583E-02
   8.9000000000000000E+06   3.3913597836846324E-03   1.6707788146629516E+03   4.6349003220945692E-02
   9.0000000000000000E+06   3.3938991387745879E-03   1.6695287183832088E+03   4.6399055942242820E-02
   9.1000000000000000E+06   3.3964142236094473E-03   1.6682924126547202E+03   4.6448623457654117E-02
   9.2000000000000000E+06   3.3989047848507732E-03   1.6670699646353835E+03   4.6497711758318412E-02
   9.3000000000000000E+06   3.4013716726431250E-03   1.6658609010749876E+03   4.6546333657332087E-02
   9.4000000000000000E+06   3.4038174738029487E-03   1.6646639025416314E+03   4.6594507310274459E-02
   9.5000000000000000E+06   3.4062382455638182E-03   1.6634808463147631E+03   4.6642216006470671E-02
   9.6000000000000000E+06   3.4086381213324080E-03   1.6623096608640108E+03   4.6689489946748937E-02
   9.7000000000000000E+06   3.4110176100661943E-03   1.6611500517495879E+03   4.6736341926315247E-02
   9.8000000000000000E+06   3.4133737107757533E-03   1.6600034334337392E+03   4.6782753818295914E-02
   9.9000000000000000E+06   3.4157097746748497E-03   1.6588681279338480E+03   4.6828752783468111E-02
   1.0000000000000000E+07   3.4180231581602471E-03   1.6577453742384987E+03   4.6874328528306912E-02
   1.1000000000000000E+07   3.4401042662232425E-03   1.6471047506071463E+03   4.7308981347135952E-02
   1.2000000000000000E+07   3.4604387202349074E-03   1.6374259270499581E+03   4.7709160870553519E-02
   1.3000000000000000E+07   3.4792747822170230E-03   1.6285612474303211E+03   4.8079818580807961E-02
   1.4000000000000000E+07   3.4968085358999669E-03   1.6203952893926210E+03   4.8424895205396612E-02
   1.5000000000000000E+07   3.5132148708969177E-03   1.6128282179431967E+03   4.8747705408102825E-02
   1.6000000000000000E+07   3.5286079756973385E-03   1.6057924593792354E+03   4.9050792659193404E-02
   1.7000000000000000E+07   3.5431159317351728E-03   1.5992172394724030E+03   4.9336460842290812E-02
   1.8000000000000000E+07   3.5568270512902171E-03   1.5930524587707548E+03   4.9606558921839614E-02
   1.9000000000000000E+07   3.5698285059263192E-03   1.5872504995894512E+03   4.9862692331017387E-02
   2.0000000000000000E+07   3.5821844546475791E-03   1.5817756319412269E+03   5.0106210772538046E-02
   2.1000000000000000E+07   3.5939612594874217E-03   1.5765924199996359E+03   5.0338317323983570E-02
   2.2000000000000000E+07   3.6051944508126241E-03   1.5716800180370378E+03   5.0559924236635773E-02
   2.3000000000000000E+07   3.6159507924737790E-03   1.5670047532930587E+03   5.0772051991282138E-02
   2.4000000000000000E+07   3.6262597673265185E-03   1.5625499669202304E+03   5.0975432545890507E-02
   2.5000000000000000E+07   3.6361530812974055E-03   1.5582985514621043E+03   5.1170701450989557E-02
   2.6000000000000000E+07   3.6456716100063897E-03   1.5542299706665799E+03   5.1358580086887901E-02
   2.7000000000000000E+07   3.6548390172745642E-03   1.5503315064490976E+03   5.1539537105609504E-02
   2.8000000000000000E+07   3.6636685383841755E-03   1.5465951736941902E+03   5.1714008155798109E-02
   2.9000000000000000E+07   3.6722098921093071E-03   1.5429978802833509E+03   5.1882609888754823E-02
   3.0000000000000000E+07   3.6804549193877735E-03   1.5395412261761278E+03   5.2045540735828760E-02
   3.1000000000000000E+07   3.6884275517286807E-03   1.5362134676671610E+03   5.2203192963247096E-02
   3.2000000000000000E+07   3.6961499475058612E-03   1.5330038445284770E+03   5.2355949302980841E-02
   3.3000000000000000E+07   3.7036578951885920E-03   1.5298961836732192E+03   5.2504239255402228E-02
   3.4000000000000000E+07   3.7109387981962096E-03   1.5268945104226486E+03   5.2648125549534359E-02
   3.5000000000000000E+07   3.7179903017264238E-03   1.5239986174383364E+03   5.2787764247592829E-02
   3.6000000000000000E+07   3.7248693341010814E-03   1.5211841198310474E+03   5.2923727123796116E-02
   3.7000000000000000E+07   3.7315577099357568E-03   1.5184575772185403E+03   5.3055990915815525E-02
   3.8000000000000000E+07   3.7380448588078766E-03   1.5158223867027805E+03   5.3184578427682219E-02
   3.9000000000000000E+07   3.7443924169683418E-03   1.5132527386293232E+03   5.3310102991299416E-02
   4.0000000000000000E+07   3.7505771573196124E-03   1.5107573692816998E+03   5.3432466434893640E-02
   4.1000000000000000E+07   3.7566067017974665E-03   1.5083325270034356E+03   5.3551819623595856E-02
   4.2000000000000000E+07   3.7624899900664385E-03   1.5059739944664036E+03   5.3668318149247732E-02
   4.3000000000000000E+07   3.7682492256835578E-03   1.5036723263579700E+03   5.3782221991951817E-02
   4.4000000000000000E+07   3.7738601596985005E-03   1.5014366827871270E+03   5.3893400692915164E-02
   4.5000000000000000E+07   3.7793540704514021E-03   1.4992540984135544E+03   5.4002179705833230E-02
   4.6000000000000000E+07   3.7847106998020351E-03   1.4971321532651341E+03   5.4108452729239649E-02
   4.7000000000000000E+07   3.7899731785920590E-03   1.4950533453603914E+03   5.4212635347897990E-02
   4.8000000000000000E+07   3.7951198632751189E-03   1.4930258552072125E+03   5.4314602269841195E-02
   4.9000000000000000E+07   3.8001610819360953E-03   1.4910452365859735E+03   5.4414490102901045E-02
   5.0000000000000000E+07   3.8051010590892322E-03   1.4891094852646165E+03   5.4512381791312139E-02
   5.1000000000000000E+07   3.8099437706984427E-03   1.4872167203773397E+03   5.4608355418349380E-02
   5.2000000000000000E+07   3.8146929640484224E-03   1.4853651743092917E+03   5.4702484584354727E-02
   5.3000000000000000E+07   3.8193521742743235E-03   1.4835531841356824E+03   5.4794838738013246E-02
   5.4000000000000000E+07   3.8239247395545997E-03   1.4817791837974821E+03   5.4885483479926576E-02
   5.5000000000000000E+07   3.8284138174210420E-03   1.4800416960403666E+03   5.4974480853117097E-02
   5.6000000000000000E+07   3.8328223950879832E-03   1.4783393268474535E+03   5.5061889580826397E-02
   5.7000000000000000E+07   3.8371533031876267E-03   1.4766707587036303E+03   5.5147765309154689E-02
   5.8000000000000000E+07   3.8414092252601847E-03   1.4750347456398458E+03   5.5232160809804073E-02
   5.9000000000000000E+07   3.8455927093354859E-03   1.4734301075943451E+03   5.5315126185867973E-02
   6.0000000000000000E+07   3.8497061751533242E-03   1.4718557265619220E+03   5.5396709036325861E-02
   6.1000000000000000E+07   3.8537519239322127E-03   1.4703105418624455E+03   5.5476954628540576E-02
   6.2000000000000000E+07   3.8577321450426008E-03   1.4687935466856115E+03   5.5555906043297708E-02
   6.3000000000000000E+07   3.8616489240095035E-03   1.4673037842075646E+03   5.5633604316297602E-02
   6.4000000000000000E+07   3.8655042480201887E-03   1.4658403447318165E+03   5.5710088561636749E-02
   6.5000000000000000E+07   3.8693000128391898E-03   1.4644023623597225E+03   5.5785396095041524E-02
   6.6000000000000000E+07   3.8730380277690502E-03   1.4629890124637038E+03   5.5859562536960831E-02
   6.7000000000000000E+07   3.8767200208982776E-03   1.4615995091044235E+03   5.5932621916081907E-02
   6.8000000000000000E+07   3.8803476446563246E-03   1.4602331023827790E+03   5.6004606766806304E-02
   6.9000000000000000E+07   3.8839224787347499E-03   1.4588890768298941E+03   5.6075548206601739E-02
   7.0000000000000000E+07   3.8874460357075642E-03   1.4575667488201909E+03   5.6145476025630602E-02
   7.1000000000000000E+07   3.8909197633987228E-03   1.4562654652458757E+03   5.6214418752271761E-02
   7.2000000000000000E+07   3.8943450499259644E-03   1.4549846012201549E+03   5.6282403733174745E-02
   7.3000000000000000E+07   3.8977232258942352E-03   1.4537235588810292E+03   5.6349457189725220E-02
   7.4000000000000000E+07   3.9010555683626951E-03   1.4524817655592560E+03   5.6415604285941820E-02
   7.5000000000000000E+07   3.9043433021115188E-03   1.4512586729798718E+03   5.6480869172238914E-02
   7.6000000000000000E+07   3.9075876049712724E-03   1.4500537549744506E+03   5.6545275057213351E-02
   7.7000000000000000E+07   3.9107896082244591E-03   1.4488665070511772E+03   5.6608844242729862E-02
   7.8000000000000000E+07   3.9139503986231339E-03   1.4476964453799665E+03   5.6671598166655193E-02
   7.9000000000000000E+07   3.9170710231743837E-03   1.4465431047733034E+03   5.6733557465521951E-02
   8.0000000000000000E+07   3.9201524885573409E-03   1.4454060386731135E+03   5.6794741995376034E-02
   8.1000000000000000E+07   3.9231957640755927E-03   1.4442848178429663E+03   5.6855170877761090E-02
   8.2000000000000000E+07   3.9262017842696924E-03   1.4431790292037115E+03   5.6914862540850764E-02
   8.3000000000000000E+07   3.9291714488204899E-03   1.4420882756798947E+03   5.6973834739004275E-02
   8.4000000000000000E+07   3.9321056261352122E-03   1.4410121747033079E+03   5.7032104601570668E-02
   8.5000000000000000E+07   3.9350051533837494E-03   1.4399503580339108E+03   5.7089688648654262E-02
   8.6000000000000000E+07   3.9378708386551397E-03   1.4389024708122058E+03   5.7146602825574246E-02
   8.7000000000000000E+07   3.9407034622587107E-03   1.4378681709362838E+03   5.7202862530413602E-02
   8.8000000000000000E+07   3.9435037773295923E-03   1.4368471287016698E+03   5.7258482632048788E-02
   8.9000000000000000E+07   3.9462725122230424E-03   1.4358390257971016E+03   5.7313477504175162E-02
   9.0000000000000000E+07   3.9490103702961160E-03   1.4348435552615006E+03   5.7367861035652529E-02
   9.1000000000000000E+07   3.9517180326067219E-03   1.4338604203859502E+03   5.7421646665275168E-02
   9.2000000000000000E+07   3.9543961568795985E-03   1.4328893349803891E+03   5.7474847386100425E-02
   9.3000000000000000E+07   3.9570453803956804E-03   1.4319300222211825E+03   5.7527475777945966E-02
   9.4000000000000000E+07   3.9596663198034152E-03   1.4309822146229542E+03   5.7579544017917976E-02
   9.5000000000000000E+07   3.9622595717899028E-03   1.4300456537027358E+03   5.7631063894855568E-02
   9.6000000000000000E+07   3.9648257153409869E-03   1.4291200890763246E+03   5.7682046836864925E-02
   9.7000000000000000E+07   3.9673653103576177E-03   1.4282052788754820E+03   5.7732503910938517E-02
   9.8000000000000000E+07   3.9698789007107478E-03   1.4273009885681306E+03   5.7782445852929000E-02
   9.9000000000000000E+07   3.9723670127739400E-03   1.4264069914132749E+03   5.7831883066760674E-02
   1.0000000000000000E+08   3.9748301577094587E-03   1.4255230675681080E+03   5.7880825649792467E-02
   1.1000000000000000E+08   3.9981906687601874E-03   1.4171940632429291E+03   5.8345067484007827E-02
   1.2000000000000000E+08   4.0195196782716229E-03   1.4096739245015121E+03   5.8769041476359411E-02
   1.3000000000000000E+08   4.0391422711007650E-03   1.4028255751278680E+03   5.9159177026207321E-02
   1.4000000000000000E+08   4.0573112766242349E-03   1.3965435957860786E+03   5.9520477263626657E-02
   1.5000000000000000E+08   4.0742272064145674E-03   1.3907452364362953E+03   5.9856911937246349E-02
   1.6000000000000000E+08   4.0900517583675336E-03   1.3853643949341547E+03   6.0171683708720225E-02
   1.7000000000000000E+08   4.1049172289102254E-03   1.3803474622031495E+03   6.0467413860980535E-02
   1.8000000000000000E+08   4.1189332310616004E-03   1.3756503836358190E+03   6.0746274983723390E-02
   1.9000000000000000E+08   4.1321916043228655E-03   1.3712365306469678E+03   6.1010087887392150E-02
   2.0000000000000000E+08   4.1447700542729480E-03   1.3670751345153087E+03   6.1260393627236315E-02
   2.1000000000000000E+08   4.1567349184666947E-03   1.3631401065070379E+03   6.1498508073883233E-02
   2.2000000000000000E+08   4.1681432740329405E-03   1.3594091438219198E+03   6.1725563704537481E-02
   2.3000000000000000E+08   4.1790445910670545E-03   1.3558630342428182E+03   6.1942542215484689E-02
   2.4000000000000000E+08   4.1894820214813154E-03   1.3524851164003221E+03   6.2150300114943755E-02
   2.5000000000000000E+08   4.1994934343150877E-03   1.3492608496968253E+03   6.2349589169031258E-02
   2.6000000000000000E+08   4.2091122427937227E-03   1.3461774722641674E+03   6.2541072793729821E-02
   2.7000000000000000E+08   4.2183680767758002E-03   1.3432237245193253E+03   6.2725339386954501E-02
   2.8000000000000000E+08   4.2272873357726446E-03   1.3403896232770676E+03   6.2902913236014810E-02
   2.9000000000000000E+08   4.2358936398032947E-03   1.3376662780757026E+03   6.3074263497749250E-02
   3.0000000000000000E+08   4.2442082049709709E-03   1.3350457390011500E+03   6.3239811653963876E-02
   3.1000000000000000E+08   4.2522501619546007E-03   1.3325208686395035E+03   6.3399937776488113E-02
   3.2000000000000000E+08   4.2600368190472060E-03   1.3300852363871145E+03   6.3554985778885520E-02
   3.3000000000000000E+08   4.2675838880196900E-03   1.3277330283739393E+03   6.3705267861898118E-02
   3.4000000000000000E+08   4.2749056711889871E-03   1.3254589727366454E+03   6.3851068277548453E-02
   3.5000000000000000E+08   4.2820152296722518E-03   1.3232582733980396E+03   6.3992646600897179E-02
   3.6000000000000000E+08   4.2889245198404142E-03   1.3211265559159449E+03   6.4130240481389322E-02
   3.7000000000000000E+08   4.2956445155125748E-03   1.3190598195493596E+03   6.4264068057103982E-02
   3.8000000000000000E+08   4.3021853109948011E-03   1.3170543967502892E+03   6.4394330016893125E-02
   3.9000000000000000E+08   4.3085562163117999E-03   1.3151069163327736E+03   6.4521211437166451E-02
   4.0000000000000000E+08   4.3147658333710101E-03   1.3132142735665809E+03   6.4644883344673942E-02
   4.1000000000000000E+08   4.3208221270061393E-03   1.3113736027375612E+03   6.4765504108687366E-02
   4.2000000000000000E+08   4.3267324869763323E-03   1.3095822532444006E+03   6.4883220662021873E-02
   4.3000000000000000E+08   4.3325037797762728E-03   1.3078377694509045E+03   6.4998169563752692E-02
   4.4000000000000000E+08   4.3381423994795316E-03   1.3061378713986007E+03   6.5110477965820215E-02
   4.5000000000000000E+08   4.3436543096475730E-03   1.3044804387161162E+03   6.5220264464305830E-02
   4.6000000000000000E+08   4.3490450791726044E-03   1.3028634967743762E+03   6.5327639825814840E-02
   4.7000000000000000E+08   4.3543199184824244E-03   1.3012852030989520E+03   6.5432707684398184E-02
   4.8000000000000000E+08   4.3594837087265895E-03   1.2997438362111282E+03   6.5535565129836507E-02
   4.9000000000000000E+08   4.3645410296936091E-03   1.2982377851258238E+03   6.5636303256187148E-02
   5.0000000000000000E+08   4.3694961818105792E-03   1.2967655408574626E+03   6.5735007628082265E-02
   5.1000000000000000E+08   4.3743532136690287E-03   1.2953256864979192E+03   6.5831758749876595E-02
   5.2000000000000000E+08   4.3791159341883849E-03   1.2939168920473846E+03   6.5926632418803616E-02
   5.3000000000000000E+08   4.3837879358952911E-03   1.2925379061072251E+03   6.6019700112334864E-02
   5.4000000000000000E+08   4.3883726109292575E-03   1.2911875498831828E+03   6.6111029305628941E-02
   5.5000000000000000E+08   4.3928731639543486E-03   1.2898647122284858E+03   6.6200683757295042E-02
   5.6000000000000000E+08   4.3972926263430830E-03   1.2885683444252381E+03   6.6288723785917783E-02
   5.7000000000000000E+08   4.4016338680796744E-03   1.2872974557405075E+03   6.6375206499121153E-02
   5.8000000000000000E+08   4.4058996089596965E-03   1.2860511092802901E+03   6.6460186032014271E-02
   5.9000000000000000E+08   4.4100924334787121E-03   1.2848284168526295E+03   6.6543713763404649E-02
   6.0000000000000000E+08   4.4142147906003305E-03   1.2836285383180489E+03   6.6625838455287467E-02
   6.1000000000000000E+08   4.4182690093473951E-03   1.2824506763831357E+03   6.6706606462153831E-02
   6.2000000000000000E+08   4.4222573040596999E-03   1.2812940744715474E+03   6.6786061866822580E-02
   6.3000000000000000E+08   4.4261817891023776E-03   1.2801580119078915E+03   6.6864246683328382E-02
   6.4000000000000000E+08   4.4300444706757928E-03   1.2790418057848178E+03   6.6941200887103980E-02
   6.5000000000000000E+08   4.4338472647667566E-03   1.2779448052950208E+03   6.7016962614145012E-02
   6.6000000000000000E+08   4.4375920014795628E-03   1.2768663900581689E+03   6.7091568263619727E-02
   6.7000000000000000E+08   4.4412804253998548E-03   1.2758059696196906E+03   6.7165052586833460E-02
   6.8000000000000000E+08   4.4449142092620750E-03   1.2747629791534027E+03   6.7237448810816114E-02
   6.9000000000000000E+08   4.4484949411991992E-03   1.2737368827832699E+03   6.7308788644315456E-02
   7.0000000000000000E+08   4.4520241557994425E-03   1.2727271643616548E+03   6.7379102525068776E-02
   7.1000000000000000E+08   4.4555033086632768E-03   1.2717333344726367E+03   6.7448419508935653E-02
   7.2000000000000000E+08   4.4589338043599797E-03   1.2707549221609320E+03   6.7516767490803029E-02
   7.3000000000000000E+08   4.4623169800446661E-03   1.2697914793635969E+03   6.7584173160027600E-02
   7.4000000000000000E+08   4.4656541265132750E-03   1.2688425746721050E+03   6.7650662167061573E-02
   7.5000000000000000E+08   4.4689464806686929E-03   1.2679077952690927E+03   6.7716259111994276E-02
   7.6000000000000000E+08   4.4721952251152988E-03   1.2669867468350808E+03   6.7780987595408307E-02
   7.7000000000000000E+08   4.4754015057877150E-03   1.2660790483608027E+03   6.7844870347179800E-02
   7.8000000000000000E+08   4.4785664130390949E-03   1.2651843373324455E+03   6.7907929148637428E-02
   7.9000000000000000E+08   4.4816910043111360E-03   1.2643022631479132E+03   6.7970185006106590E-02
   8.0000000000000000E+08   4.4847762910113003E-03   1.2634324906766985E+03   6.8031658091890379E-02
   8.1000000000000000E+08   4.4878232524114478E-03   1.2625746961927657E+03   6.8092367862360975E-02
   8.2000000000000000E+08   4.4908328306373360E-03   1.2617285686575131E+03   6.8152333052644093E-02
   8.3000000000000000E+08   4.4938059232093267E-03   1.2608938116832587E+03   6.8211571649708203E-02
   8.4000000000000000E+08   4.4967434143957635E-03   1.2600701346090912E+03   6.8270101114058901E-02
   8.5000000000000000E+08   4.4996461412825928E-03   1.2592572619199561E+03   6.8327938193971177E-02
   8.6000000000000000E+08   4.5025149181812029E-03   1.2584549262901917E+03   6.8385099079932690E-02
   8.7000000000000000E+08   4.5053505287987808E-03   1.2576628706825486E+03   6.8441599396680347E-02
   8.8000000000000000E+08   4.5081537346499771E-03   1.2568808459057909E+03   6.8497454259135615E-02
   8.9000000000000000E+08   4.5109252632191069E-03   1.2561086138316259E+03   6.8552678211431906E-02
   9.0000000000000000E+08   4.5136658287814021E-03   1.2553459415071443E+03   6.8607285398358878E-02
   9.1000000000000000E+08   4.5163761090843343E-03   1.2545926075738189E+03   6.8661289393997932E-02
   9.2000000000000000E+08   4.5190567670522208E-03   1.2538483961502175E+03   6.8714703383064735E-02
   9.3000000000000000E+08   4.5217084489780710E-03   1.2531130972764965E+03   6.8767540166548569E-02
   9.4000000000000000E+08   4.5243317708026374E-03   1.2523865106548103E+03   6.8819812052456034E-02
   9.5000000000000000E+08   4.5269273292894456E-03   1.2516684424818438E+03   6.8871530972144310E-02
   9.6000000000000000E+08   4.5294957115412909E-03   1.2509587027629889E+03   6.8922708537561189E-02
   9.7000000000000000E+08   4.5320374781594305E-03   1.2502571099172371E+03   6.8973355947335030E-02
   9.8000000000000000E+08   4.5345531759377550E-03   1.2495634872135840E+03   6.9023484084920345E-02
   9.9000000000000000E+08   4.5370433308256951E-03   1.2488776646638332E+03   6.9073103456754936E-02
   1.0000000000000000E+09   4.5395084620124459E-03   1.2481994750965348E+03   6.9122224332502646E-02
   1.1000000000000000E+09   4.5628860125821883E-03   1.2418044333905334E+03   6.9588059883450140E-02
   1.2000000000000000E+09   4.5842280733946602E-03   1.2360231621906053E+03   7.0013346894624559E-02
   1.3000000000000000E+09   4.6038608855058661E-03   1.2307522360892576E+03   7.0404582609706043E-02
   1.4000000000000000E+09   4.6220380505633731E-03   1.2259120365289004E+03   7.0766817897877407E-02
   1.5000000000000000E+09   4.6389605932458293E-03   1.2214400113098673E+03   7.1104056900276366E-02
   1.6000000000000000E+09   4.6547905867008318E-03   1.2172861429403733E+03   7.1419527859081705E-02
   1.7000000000000000E+09   4.6696605828879297E-03   1.2134098354480341E+03   7.1715871309083301E-02
   1.8000000000000000E+09   4.6836803950621245E-03   1.2097776964999459E+03   7.1995274724958661E-02
   1.9000000000000000E+09   4.6969420061064495E-03   1.2063619419004165E+03   7.2259570556418060E-02
   2.0000000000000000E+09   4.7095232257306783E-03   1.2031392155627614E+03   7.2510309030673292E-02
   2.1000000000000000E+09   4.7214904895845093E-03   1.2000896945529673E+03   7.2748813514800018E-02
   2.2000000000000000E+09   4.7329009274779121E-03   1.1971964269490104E+03   7.2976222423518741E-02
   2.3000000000000000E+09   4.7438040641062922E-03   1.1944447963931027E+03   7.3193522416447346E-02
   2.4000000000000000E+09   4.7542430999001680E-03   1.1918221177203150E+03   7.3401574140173273E-02
   2.5000000000000000E+09   4.7642559280914511E-03   1.1893173173318764E+03   7.3601132712766387E-02
   2.6000000000000000E+09   4.7738760005092912E-03   1.1869206654876930E+03   7.3792864510274295E-02
   2.7000000000000000E+09   4.7831329665677675E-03   1.1846235760295240E+03   7.3977360360796676E-02
   2.8000000000000000E+09   4.7920532302364732E-03   1.1824184346968541E+03   7.4155146539305578E-02
   2.9000000000000000E+09   4.8006604497718292E-03   1.1802984482582024E+03   7.4326694130175924E-02
   3.0000000000000000E+09   4.8089758312330477E-03   1.1782575497010484E+03   7.4492426013981553E-02
   3.1000000000000000E+09   4.8170185372059336E-03   1.1762902790834696E+03   7.4652723776025789E-02
   3.2000000000000000E+09   4.8248058702425323E-03   1.1743917230799145E+03   7.4807932354795229E-02
   3.3000000000000000E+09   4.8323535613795481E-03   1.1725574313860045E+03   7.4958365067503571E-02
   3.4000000000000000E+09   4.8396759146844210E-03   1.1707833704913871E+03   7.5104307039481566E-02
   3.5000000000000000E+09   4.8467859907771792E-03   1.1690658696840130E+03   7.5246018592900810E-02
   3.6000000000000000E+09   4.8536957545788038E-03   1.1674015772692203E+03   7.5383738110952850E-02
   3.7000000000000000E+09   4.8604161924757838E-03   1.1657874254167473E+03   7.5517684417297004E-02
   3.8000000000000000E+09   4.8669573871100566E-03   1.1642206061813797E+03   7.5648058661399661E-02
   3.9000000000000000E+09   4.8733286703180204E-03   1.1626985296500536E+03   7.5775046526883716E-02
   4.0000000000000000E+09   4.8795386386994259E-03   1.1612188157588737E+03   7.5898819434055881E-02
   4.1000000000000000E+09   4.8855952669588825E-03   1.1597792632968631E+03   7.6019536243009403E-02
   4.2000000000000000E+09   4.8915059253756294E-03   1.1583778423093893E+03   7.6137344065962190E-02
   4.3000000000000000E+09   4.8972774872156595E-03   1.1570126655620104E+03   7.6252379849230931E-02
   4.4000000000000000E+09   4.9029163782413569E-03   1.1556819742278872E+03   7.6364771242116727E-02
   4.5000000000000000E+09   4.9084285369469056E-03   1.1543841449110021E+03   7.6474636932970672E-02
   4.6000000000000000E+09   4.9138195195608863E-03   1.1531176627314476E+03   7.6582087849494995E-02
   4.7000000000000000E+09   4.9190945807783392E-03   1.1518811005629536E+03   7.6687228135910696E-02
   4.8000000000000000E+09   4.9242585766194344E-03   1.1506731401928409E+03   7.6790154893749060E-02
   4.9000000000000000E+09   4.9293160958426667E-03   1.1494925400014490E+03   7.6890959511047935E-02
   5.0000000000000000E+09   4.9342714322887261E-03   1.1483381401359152E+03   7.6989727638221150E-02
   5.1000000000000000E+09   4.9391286266881841E-03   1.1472088515499056E+03   7.7086539900424814E-02
   5.2000000000000000E+09   4.9438915017136981E-03   1.1461036467964836E+03   7.7181472318903183E-02
   5.3000000000000000E+09   4.9485636589619453E-03   1.1450215597850486E+03   7.7274596584166078E-02
   5.4000000000000000E+09   4.9531484816163242E-03   1.1439616842722228E+03   7.7365980196972328E-02
   5.5000000000000000E+09   4.9576491583339811E-03   1.1429231675168287E+03   7.7455686967633844E-02
   5.6000000000000000E+09   4.9620687562113202E-03   1.1419051927459641E+03   7.7543777530904842E-02
   5.7000000000000000E+09   4.9664101221349819E-03   1.1409070012615871E+03   7.7630308950783961E-02
   5.8000000000000000E+09   4.9706759688892023E-03   1.1399278719723995E+03   7.7715335400578456E-02
   5.9000000000000000E+09   4.9748689147204577E-03   1.1389671118195893E+03   7.7798908569712721E-02
   6.0000000000000000E+09   4.9789913724899828E-03   1.1380240806978047E+03   7.7881077070553056E-02
   6.1000000000000000E+09   4.9830456908872903E-03   1.1370981586306261E+03   7.7961887466204111E-02
   6.2000000000000000E+09   4.9870340712992178E-03   1.1361887643980056E+03   7.8041383766027178E-02
   6.3000000000000000E+09   4.9909586493456287E-03   1.1352953365428341E+03   7.8119608268528817E-02
   6.4000000000000000E+09   4.9948214289780388E-03   1.1344173480571346E+03   7.8196600965796503E-02
   6.5000000000000000E+09   4.9986242977435730E-03   1.1335543025383997E+03   7.8272399853510380E-02
   6.6000000000000000E+09   5.0023691127960082E-03   1.1327057143756349E+03   7.8347041552369864E-02
   6.7000000000000000E+09   5.0060576098359946E-03   1.1318711291590282E+03   7.8420560832193190E-02
   6.8000000000000000E+09   5.0096914709747038E-03   1.1310501080374465E+03   7.8492991034693566E-02
   6.9000000000000000E+09   5.0132722773429429E-03   1.1302422382060070E+03   7.8564363828063324E-02
   7.0000000000000000E+09   5.0168015362953445E-03   1.1294471265180696E+03   7.8634709536112374E-02
   7.1000000000000000E+09   5.0202807675491894E-03   1.1286643799100416E+03   7.8704057705745331E-02
   7.2000000000000000E+09   5.0237113204692129E-03   1.1278936463552591E+03   7.8772435859781331E-02
   7.3000000000000000E+09   5.0270945416489715E-03   1.1271345769482189E+03   7.8839870774825127E-02
   7.4000000000000000E+09   5.0304317580143450E-03   1.1263868296101944E+03   7.8906388410841924E-02
   7.5000000000000000E+09   5.0337241584062281E-03   1.1256500954701189E+03   7.8972013119695206E-02
   7.6000000000000000E+09   5.0369729751378687E-03   1.1249240580499882E+03   7.9036768757542758E-02
   7.7000000000000000E+09   5.0401792961826284E-03   1.1242084351585934E+03   7.9100677777957928E-02
   7.8000000000000000E+09   5.0433442494652462E-03   1.1235029375757983E+03   7.9163762190075981E-02
   7.9000000000000000E+09   5.0464688919584933E-03   1.1228072937315192E+03   7.9226043085407871E-02
   8.0000000000000000E+09   5.0495542133554196E-03   1.1221212487418818E+03   7.9287540457676123E-02
   8.1000000000000000E+09   5.0526012162662084E-03   1.1214445464721346E+03   7.9348274003168934E-02
   8.2000000000000000E+09   5.0556108331982989E-03   1.1207769479154379E+03   7.9408262298394969E-02
   8.3000000000000000E+09   5.0585839643772553E-03   1.1201182226848262E+03   7.9467523486781599E-02
   8.4000000000000000E+09   5.0615214897451787E-03   1.1194681462797619E+03   7.9526074992799789E-02
   8.5000000000000000E+09   5.0644242815418260E-03   1.1188264972450488E+03   7.9583933771061030E-02
   8.6000000000000000E+09   5.0672930694220320E-03   1.1181930868913596E+03   7.9641115527053080E-02
   8.7000000000000000E+09   5.0701287237495960E-03   1.1175676966421843E+03   7.9697636396601976E-02
   8.8000000000000000E+09   5.0729319545285510E-03   1.1169501444666626E+03   7.9753511294479648E-02
   8.9000000000000000E+09   5.0757035279452656E-03   1.1163402370299584E+03   7.9808754903595694E-02
   9.0000000000000000E+09   5.0784441086887200E-03   1.1157378043771084E+03   7.9863381174454670E-02
   9.1000000000000000E+09   5.0811544320484136E-03   1.1151426620182335E+03   7.9917404008707976E-02
   9.2000000000000000E+09   5.0838351221031324E-03   1.1145546508471655E+03   7.9970836305079479E-02
   9.3000000000000000E+09   5.0864868262372152E-03   1.1139736075305746E+03   8.0023691000327427E-02
   9.4000000000000000E+09   5.0891101671521905E-03   1.1133993750131299E+03   8.0075980352968201E-02
   9.5000000000000000E+09   5.0917057575399008E-03   1.1128317992628645E+03   8.0127716484106576E-02
   9.6000000000000000E+09   5.0942741898611235E-03   1.1122707314728739E+03   8.0178911031671768E-02
   9.7000000000000000E+09   5.0968159672404468E-03   1.1117160430942640E+03   8.0229574800053091E-02
   9.8000000000000000E+09   5.0993316870195241E-03   1.1111675857257330E+03   8.0279719033685470E-02
   9.9000000000000000E+09   5.1018218669473996E-03   1.1106252290361736E+03   8.0329354215661578E-02
   1.0000000000000000E+10   5.1042870049309106E-03   1.1100888476699026E+03   8.0378490464190600E-02
   1.1000000000000000E+10   5.1276647852395276E-03   1.1050277888271764E+03   8.0844465327393852E-02
   1.2000000000000000E+10   5.1490069683419069E-03   1.1004475453846314E+03   8.1269867876266375E-02
   1.3000000000000000E+10   5.1686399403098847E-03   1.0962675181317616E+03   8.1661201679446446E-02
   1.4000000000000000E+10   5.1868171346731960E-03   1.0924256499428764E+03   8.2023520256055776E-02
   1.5000000000000000E+10   5.2037397529880198E-03   1.0888730698391746E+03   8.2360831734828610E-02
   1.6000000000000000E+10   5.2195698615670350E-03   1.0855706944746375E+03   8.2676366424742700E-02
   1.7000000000000000E+10   5.2344398759305829E-03   1.0824868016031744E+03   8.2972765520489433E-02
   1.8000000000000000E+10   5.2484597314788918E-03   1.0795952278143152E+03   8.3252218522849711E-02
   1.9000000000000000E+10   5.2617214219429611E-03   1.0768742061961709E+03   8.3516559001187776E-02
   2.0000000000000000E+10   5.2743026293162864E-03   1.0743054537647438E+03   8.3767337125496000E-02
   2.1000000000000000E+10   5.2862699228748526E-03   1.0718733931767781E+03   8.4005877703427781E-02
   2.2000000000000000E+10   5.2976804281781309E-03   1.0695647191819799E+03   8.4233319662170389E-02
   2.3000000000000000E+10   5.3085835803643837E-03   1.0673679699493932E+03   8.4450649507726877E-02
   2.4000000000000000E+10   5.3190226127092805E-03   1.0652731699130886E+03   8.4658728607510364E-02
   2.5000000000000000E+10   5.3290354679068801E-03   1.0632716020758198E+03   8.4858312462527341E-02
   2.6000000000000000E+10   5.3386555464947014E-03   1.0613556222409932E+03   8.5050067410141178E-02
   2.7000000000000000E+10   5.3479124990046195E-03   1.0595184720271391E+03   8.5234584704353994E-02
   2.8000000000000000E+10   5.3568328269233828E-03   1.0577541361757444E+03   8.5412391244750849E-02
   2.9000000000000000E+10   5.3654399991088977E-03   1.0560573001321920E+03   8.5583957105686018E-02
   3.0000000000000000E+10   5.3737553929756191E-03   1.0544231482673893E+03   8.5749706315662200E-02
   3.1000000000000000E+10   5.3817981095956235E-03   1.0528473874516933E+03   8.5910020274385129E-02
   3.2000000000000000E+10   5.3895854803001492E-03   1.0513261363403885E+03   8.6065244459951645E-02
   3.3000000000000000E+10   5.3971332094767755E-03   1.0498558882206141E+03   8.6215691575521405E-02
   3.4000000000000000E+10   5.4044555165097810E-03   1.0484334753373039E+03   8.6361646643441772E-02
   3.5000000000000000E+10   5.4115655859977452E-03   1.0470559747333302E+03   8.6503370744962518E-02
   3.6000000000000000E+10   5.4184753809321971E-03   1.0457207389775749E+03   8.6641102462639841E-02
   3.7000000000000000E+10   5.4251958304436928E-03   1.0444253546911707E+03   8.6775060127976575E-02
   3.8000000000000000E+10   5.4317371114806397E-03   1.0431675839951795E+03   8.6905445669155854E-02
   3.9000000000000000E+10   5.4381083592791382E-03   1.0419454165182012E+03   8.7032443343819682E-02
   4.0000000000000000E+10   5.4443183526901098E-03   1.0407569345537011E+03   8.7156226216650381E-02
   4.1000000000000000E+10   5.4503749275332056E-03   1.0396004228730544E+03   8.7276951640207961E-02
   4.2000000000000000E+10   5.4562855021001539E-03   1.0384742655601981E+03   8.7394767746958965E-02
   4.3000000000000000E+10   5.4620571427892702E-03   1.0373769316859782E+03   8.7509812392499359E-02
   4.4000000000000000E+10   5.4676959979684837E-03   1.0363070810055074E+03   8.7622211442489592E-02
   4.5000000000000000E+10   5.4732081421686399E-03   1.0352634017012006E+03   8.7732084692343712E-02
   4.6000000000000000E+10   5.4785991524692436E-03   1.0342446895254989E+03   8.7839543063530257E-02
   4.7000000000000000E+10   5.4838742857094671E-03   1.0332498128642198E+03   8.7944690641473713E-02
   4.8000000000000000E+10   5.4890381787571418E-03   1.0322777679719452E+03   8.8047623397576061E-02
   4.9000000000000000E+10   5.4940958002787574E-03   1.0313274987292220E+03   8.8148435125752794E-02
   5.0000000000000000E+10   5.4990510243018891E-03   1.0303981640540508E+03   8.8247208721201884E-02
   5.1000000000000000E+10   5.5039083746518547E-03   1.0294888093660581E+03   8.8344027872027706E-02
   5.2000000000000000E+10   5.5086712353052169E-03   1.0285987014736538E+03   8.8438965881360868E-02
   5.3000000000000000E+10   5.5133432639821933E-03   1.0277270629051320E+03   8.8532094612321005E-02
   5.4000000000000000E+10   5.5179281243439571E-03   1.0268731219027770E+03   8.8623483786137658E-02
   5.5000000000000000E+10   5.5224288236328358E-03   1.0260362352217321E+03   8.8713195703947811E-02
   5.6000000000000000E+10   5.5268484637779848E-03   1.0252157475667361E+03   8.8801291478882063E-02
   5.7000000000000000E+10   5.5311897768317289E-03   1.0244110775612955E+03   8.8887827352608598E-02
   5.8000000000000000E+10   5.5354557526560624E-03   1.0236216009425079E+03   8.8972859133833543E-02
   5.9000000000000000E+10   5.5396486131212806E-03   1.0228468401514049E+03   8.9056436338581180E-02
   6.0000000000000000E+10   5.5437710436154223E-03   1.0220862360478978E+03   8.9138608784590775E-02
   6.1000000000000000E+10   5.5478254205828803E-03   1.0213392906089132E+03   8.9219423501484096E-02
   6.2000000000000000E+10   5.5518137142337746E-03   1.0206055842531504E+03   8.9298923463944566E-02
   6.3000000000000000E+10   5.5557382458673874E-03   1.0198846361588402E+03   8.9377151470618088E-02
   6.4000000000000000E+10   5.5596010165466477E-03   1.0191760276710986E+03   8.9454147766858352E-02
   6.5000000000000000E+10   5.5634039949088851E-03   1.0184793490937219E+03   8.9529951054277093E-02
   6.6000000000000000E+10   5.5671488805374598E-03   1.0177942428105480E+03   8.9604596644603768E-02
   6.7000000000000000E+10   5.5708372853914487E-03   1.0171203697402666E+03   8.9678118959676367E-02
   6.8000000000000000E+10   5.5744710937536820E-03   1.0164573435189807E+03   8.9750551855969141E-02
   6.9000000000000000E+10   5.5780520241773173E-03   1.0158048105182201E+03   8.9821928823928116E-02
   7.0000000000000000E+10   5.5815812449908509E-03   1.0151625195038260E+03   8.9892277268304524E-02
   7.1000000000000000E+10   5.5850604783348762E-03   1.0145301203917369E+03   8.9961628433567309E-02
   7.2000000000000000E+10   5.5884912272818740E-03   1.0139073050377036E+03   9.0030010919761871E-02
   7.3000000000000000E+10   5.5918742748570886E-03   1.0132938977110720E+03   9.0097447612881285E-02
   7.4000000000000000E+10   5.5952113672715032E-03   1.0126895496073697E+03   9.0163966890664901E-02
   7.5000000000000000E+10   5.5985038808918832E-03   1.0120939808257389E+03   9.0229595206657631E-02
   7.6000000000000000E+10   5.6017525928521187E-03   1.0115070213401332E+03   9.0294353024787291E-02
   7.7000000000000000E+10   5.6049588035172477E-03   1.0109284078813439E+03   9.0358263620092735E-02
   7.8000000000000000E+10   5.6081238473080211E-03   1.0103578725708913E+03   9.0421351169314129E-02
   7.9000000000000000E+10   5.6112487330922511E-03   1.0097952076271040E+03   9.0483636003377804E-02
   8.0000000000000000E+10   5.6143341124422364E-03   1.0092402707069050E+03   9.0545136196965206E-02
   8.1000000000000000E+10   5.6173809762274469E-03   1.0086928594409775E+03   9.0605871205012359E-02
   8.2000000000000000E+10   5.6203905605529143E-03   1.0081527286108728E+03   9.0665861396667061E-02
   8.3000000000000000E+10   5.6233636999881570E-03   1.0076197062431063E+03   9.0725124990776590E-02
   8.4000000000000000E+10   5.6263011836785821E-03   1.0070936294554245E+03   9.0783678158230505E-02
   8.5000000000000000E+10   5.6292040516349850E-03   1.0065742914106090E+03   9.0841539843095634E-02
   8.6000000000000000E+10   5.6320727868088751E-03   1.0060615858430129E+03   9.0898723292027389E-02
   8.7000000000000000E+10   5.6349083903866415E-03   1.0055553146430877E+03   9.0955245661421089E-02
   8.8000000000000000E+10   5.6377117019860276E-03   1.0050553094944792E+03   9.1011123016556825E-02
   8.9000000000000000E+10   5.6404831525632736E-03   1.0045614757142299E+03   9.1066367917538887E-02
   9.0000000000000000E+10   5.6432238395729773E-03   1.0040736005802273E+03   9.1120996668229481E-02
   9.1000000000000000E+10   5.6459342325922909E-03   1.0035915839704375E+03   9.1175021724056532E-02
   9.2000000000000000E+10   5.6486148752718989E-03   1.0031153131514330E+03   9.1228455764854860E-02
   9.3000000000000000E+10   5.6512666701174236E-03   1.0026446123029051E+03   9.1281312613914478E-02
   9.4000000000000000E+10   5.6538897503393840E-03   1.0021794427703671E+03   9.1333602079309684E-02
   9.5000000000000000E+10   5.6564855860001453E-03   1.0017195294378795E+03   9.1385341395786315E-02
   9.6000000000000000E+10   5.6590539894052173E-03   1.0012648916388496E+03   9.1436537311890415E-02
   9.7000000000000000E+10   5.6615956435861117E-03   1.0008153948435601E+03   9.1487202246831920E-02
   9.8000000000000000E+10   5.6641114483977047E-03   1.0003708668343916E+03   9.1537348457637488E-02
   9.9000000000000000E+10   5.6666016112003987E-03   9.9993125831902239E+02   9.1586985181049532E-02
   1.0000000000000000E+11   5.6690666406694250E-03   9.9949646716644099E+02   9.1636121997482903E-02
   1.1000000000000000E+11   5.6924444816402291E-03   9.9539171576558681E+02   9.2102111032944092E-02
