   1.0000000000000000E+00   0.0000000000000000E+00   1.0000000000000000E+30   0.0000000000000000E+00
   2.0000000000000000E+00   2.2939730836838268E-01   9.8768930414937728E+01   8.2280867979735803E-03
   3.0000000000000000E+00   2.9415001069744884E-01   7.7026435368432601E+01   1.2659659908649996E-02
   4.0000000000000000E+00   4.4011887084972590E-01   5.1480016623388352E+01   2.5174423390335220E-02
   5.0000000000000000E+00   5.6463959920671225E-01   4.0127059489704770E+01   4.0330025844600659E-02
   6.0000000000000000E+00   5.9436924774482958E-01   3.8119951315748231E+01   4.6933836975841393E-02
   7.0000000000000000E+00   6.9995635659878708E-01   3.2369627868952854E+01   6.5270094137442877E-02
   7.8990000000000000E+00   8.0194932285165510E-01   2.8252816159309809E+01   8.6112050174943638E-02
   7.9010000000000007E+00   8.0185394264532228E-01   2.8256176820511858E+01   8.6103729055584846E-02
   8.0000000000000000E+00   7.9706198935293171E-01   2.8426053544473245E+01   8.5673821589020968E-02
   9.0000000000000000E+00   8.1994674969678316E-01   2.7632680775903427E+01   9.4385432294985791E-02
   1.0000000000000000E+01   9.0898845466834033E-01   2.4925868608394708E+01   1.1757839186486944E-01
   1.1000000000000000E+01   9.9358953759993940E-01   2.2803507817061561E+01   1.4263491875739021E-01
   1.2000000000000000E+01   1.0147468319944968E+00   2.2328058657820648E+01   1.5348828798632536E-01
   1.3000000000000000E+01   1.0953600534413144E+00   2.0684821138426425E+01   1.8126904557427331E-01
   1.4000000000000000E+01   1.1735089154536127E+00   1.9307332470373904E+01   2.1089265211356648E-01
   1.4299000000000001E+01   1.1630309156438607E+00   1.9481276450048252E+01   2.0948030431443712E-01
   1.4301000000000000E+01   1.1629628239404100E+00   1.9482417082639056E+01   2.0947127232452492E-01
   1.5000000000000000E+01   1.1948250055010241E+00   1.8962883002360616E+01   2.2405018864983731E-01
   1.6000000000000000E+01   1.2711578120601517E+00   1.7824165160807468E+01   2.5652593800172191E-01
   1.7000000000000000E+01   1.3462265766003445E+00   1.6830247732018368E+01   2.9093780046405676E-01
   1.8000000000000000E+01   1.3686780651217443E+00   1.6554168116660382E+01   3.0665462948170830E-01
   1.9000000000000000E+01   1.4433038942227914E+00   1.5698237133775352E+01   3.4417195138159545E-01
   2.0000000000000000E+01   1.5174694566820215E+00   1.4930993627477363E+01   3.8378958003088681E-01
   2.1000000000000000E+01   1.5416763046424651E+00   1.4696552524925348E+01   4.0238989786069429E-01
   2.2000000000000000E+01   1.6163248152063914E+00   1.4017805440125997E+01   4.4543923447666672E-01
   2.3000000000000000E+01   1.6910614791473142E+00   1.3398286855327891E+01   4.9078841410017698E-01
   2.4000000000000000E+01   1.7174173329623892E+00   1.3192673878823015E+01   5.1262357783499746E-01
   2.5000000000000000E+01   1.7932203694054845E+00   1.2634992984784407E+01   5.6173797140483228E-01
   2.6000000000000000E+01   1.8694318046831495E+00   1.2119900138026695E+01   6.1333322251009681E-01
   2.7000000000000000E+01   1.8980720807005227E+00   1.1937021263833483E+01   6.3870011860240272E-01
   2.8000000000000000E+01   1.9755757724598650E+00   1.1468720715986153E+01   6.9430037025927049E-01
   2.9000000000000000E+01   2.0535488189146767E+00   1.1033254519649281E+01   7.5246390413083719E-01
   3.0000000000000000E+01   2.0842704117560880E+00   1.0870627275527566E+01   7.8148469286651423E-01
   3.1000000000000000E+01   2.1633174246934845E+00   1.0473417598816349E+01   8.4364777542792269E-01
   3.1998999999999999E+01   2.2426011831344677E+00   1.0103145828159610E+01   9.0825665625158503E-01
   3.2000999999999998E+01   2.2425706416059517E+00   1.0103283422717697E+01   9.0825373335339921E-01
   3.2999000000000002E+01   2.2747560272454423E+00   9.9603326757846240E+00   9.4071798021404274E-01
   3.3000999999999998E+01   2.2747257072277631E+00   9.9604654379290292E+00   9.4071476164280932E-01
   3.4000000000000000E+01   2.3543439843646983E+00   9.6236263426581257E+00   1.0089025178510675E+00
   3.5000000000000000E+01   2.4335905516510477E+00   9.3102460363511597E+00   1.0791164069757477E+00
   3.6000000000000000E+01   2.4660357486017830E+00   9.1877527730314821E+00   1.1143198115839326E+00
   3.7000000000000000E+01   2.5443856091403019E+00   8.9048321552432714E+00   1.1871668509022926E+00
   3.8000000000000000E+01   2.6215448200625842E+00   8.6427386685190850E+00   1.2613040166591349E+00
   3.9000000000000000E+01   2.6527587761252942E+00   8.5410430045602670E+00   1.2980408055756660E+00
   4.0000000000000000E+01   2.7275126122105027E+00   8.3069558271440052E+00   1.3734014713868403E+00
   4.1000000000000000E+01   2.8001676381412874E+00   8.0914179847640906E+00   1.4490918027031860E+00
   4.2000000000000000E+01   2.8285510723274716E+00   8.0102236828155391E+00   1.4858158252305780E+00
   4.3000000000000000E+01   2.8973676176208372E+00   7.8199696337518194E+00   1.5611127769800004E+00
   4.4000000000000000E+01   2.9633256237778807E+00   7.6459119462968284E+00   1.6357513319714518E+00
   4.5000000000000000E+01   2.9875599293465331E+00   7.5838903062830347E+00   1.6708992245667622E+00
   4.6000000000000000E+01   3.0486395010653480E+00   7.4319468666902706E+00   1.7436530314845595E+00
   4.7000000000000000E+01   3.1063971021589314E+00   7.2937638178531863E+00   1.8149211849618214E+00
   4.8000000000000000E+01   3.1256806422639842E+00   7.2487657508093051E+00   1.8472166073659659E+00
   4.9000000000000000E+01   3.1780525719902943E+00   7.1293115121193136E+00   1.9154771302395306E+00
   5.0000000000000000E+01   3.2269583516895701E+00   7.0212640878206205E+00   1.9816846942767574E+00
   5.1000000000000000E+01   3.2410389346175150E+00   6.9907604458582844E+00   2.0102935348841386E+00
   5.2000000000000000E+01   3.2845372606375243E+00   6.8981792531752379E+00   2.0728156961056619E+00
   5.3000000000000000E+01   3.3246799978726203E+00   6.8148894937583941E+00   2.1329820014177163E+00
   5.4000000000000000E+01   3.3337395706619350E+00   6.7963697545552559E+00   2.1575096734792667E+00
   5.5000000000000000E+01   3.3687954139444325E+00   6.7256464117190022E+00   2.2137070803545100E+00
   5.6000000000000000E+01   3.4007656632216117E+00   6.6624192994665421E+00   2.2674572987620247E+00
   5.7000000000000000E+01   3.4052572336466129E+00   6.6536314977143682E+00   2.2878551936596909E+00
   5.8000000000000000E+01   3.4326523326821063E+00   6.6005306077436261E+00   2.3376428780807608E+00
   5.9000000000000000E+01   3.4573088083458376E+00   6.5534576295055578E+00   2.3850376118330847E+00
   6.0000000000000000E+01   3.4578131108995578E+00   6.5525018446460939E+00   2.4014870650275011E+00
   6.1000000000000000E+01   3.4784793104773439E+00   6.5135723876137090E+00   2.4451086707895988E+00
   6.2000000000000000E+01   3.4967725134354888E+00   6.4794969362621080E+00   2.4864782998206940E+00
   6.3000000000000000E+01   3.4938989063402364E+00   6.4848260911314490E+00   2.4992913539250510E+00
   6.4000000000000000E+01   3.5087858644151146E+00   6.4573124901674746E+00   2.5371778417942035E+00
   6.5000000000000000E+01   3.5223688539918152E+00   6.4324117452758545E+00   2.5740271211755315E+00
   6.6000000000000000E+01   3.5175420007183886E+00   6.4412384508794736E+00   2.5848062852965770E+00
   6.7000000000000000E+01   3.5301203690645444E+00   6.4182873156857312E+00   2.6213171475503678E+00
   6.8000000000000000E+01   3.5247003054497483E+00   6.4281569563741243E+00   2.6316011810071980E+00
   6.9000000000000000E+01   3.5362419295296066E+00   6.4071766692231646E+00   2.6677115431214022E+00
   7.0000000000000000E+01   3.5302453612580100E+00   6.4180600692119647E+00   2.6775013117789443E+00
   7.1000000000000000E+01   3.5240723794683704E+00   6.4293023377200926E+00   2.6870742104610095E+00
   7.2000000000000000E+01   3.5341682229968736E+00   6.4109361405547451E+00   2.7224452304173621E+00
   7.3000000000000000E+01   3.5274489025721985E+00   6.4231481201865712E+00   2.7315316913565222E+00
   7.4000000000000000E+01   3.5205741844784733E+00   6.4356907709834799E+00   2.7404168471728036E+00
   7.5000000000000000E+01   3.5292182482477021E+00   6.4199279256420096E+00   2.7749707071782730E+00
   7.6000000000000000E+01   3.5218254198793408E+00   6.4334042964534710E+00   2.7833733171435511E+00
   7.7000000000000000E+01   3.5142957803535713E+00   6.4471883426190324E+00   2.7915873863712255E+00
   7.8000000000000000E+01   3.5066352114059955E+00   6.4612728218531412E+00   2.7996179926690070E+00
   7.9000000000000000E+01   3.4988493855307388E+00   6.4756507900307696E+00   2.8074700248636559E+00
   8.0000000000000000E+01   3.4909433895351167E+00   6.4903163011841443E+00   2.8151475685529848E+00
   8.1000000000000000E+01   3.4829224781187991E+00   6.5052630168927861E+00   2.8226552754075920E+00
   8.2000000000000000E+01   3.4747913780356003E+00   6.5204854975839268E+00   2.8299970192002357E+00
   8.3000000000000000E+01   3.4665542168051142E+00   6.5359793531492807E+00   2.8371758003812957E+00
   8.4000000000000000E+01   3.4582158133417846E+00   6.5517388186702847E+00   2.8441958601448705E+00
   8.5000000000000000E+01   3.4497795826049464E+00   6.5677607061788388E+00   2.8510594932825457E+00
   8.6000000000000000E+01   3.4412498674301992E+00   6.5840400030383357E+00   2.8577702851395719E+00
   8.7000000000000000E+01   3.4326303278908439E+00   6.6005729202807686E+00   2.8643308415134978E+00
   8.8000000000000000E+01   3.4239243988365669E+00   6.6173560360473065E+00   2.8707437931032569E+00
   8.9000000000000000E+01   3.4151354699489289E+00   6.6343859524698816E+00   2.8770115178779196E+00
   9.0000000000000000E+01   3.4062671462345184E+00   6.6516587850889799E+00   2.8831367327309816E+00
   9.1000000000000000E+01   3.3973224155260211E+00   6.6691717818906726E+00   2.8891213705919920E+00
   9.2000000000000000E+01   3.3883046516518656E+00   6.6869213713013984E+00   2.8949680022689215E+00
   9.3000000000000000E+01   3.3792164515564442E+00   6.7049054455138526E+00   2.9006781493210694E+00
   9.4000000000000000E+01   3.3700610274179224E+00   6.7231206210441892E+00   2.9062541439793041E+00
   9.5000000000000000E+01   3.3497222913435585E+00   6.7639418486011413E+00   2.8884766289467350E+00
   9.6000000000000000E+01   3.3406550453304118E+00   6.7823006207364482E+00   2.8939453344664643E+00
   9.7000000000000000E+01   3.3315268421683104E+00   6.8008837572097640E+00   2.8992866650276610E+00
   9.8000000000000000E+01   3.3223403826787425E+00   6.8196885863159542E+00   2.9045023591540606E+00
   9.9000000000000000E+01   3.3130981198586915E+00   6.8387128807936328E+00   2.9095939729016282E+00
   1.0000000000000000E+02   3.2935991510756129E+00   6.8791998504770815E+00   2.8921285734906741E+00
   1.1000000000000000E+02   3.1745459301683918E+00   7.1371866358250982E+00   2.8743357840305550E+00
   1.2000000000000000E+02   3.0613808729408629E+00   7.4010153352285855E+00   2.8548476644675707E+00
   1.2499900000000000E+02   2.9967314947193833E+00   7.5606796363090423E+00   2.8164811079805263E+00
   1.2500100000000000E+02   2.9967006784320800E+00   7.5607573858412396E+00   2.8164510400737517E+00
   1.2999900000000000E+02   2.9413981772140612E+00   7.7029104604500160E+00   2.7979568329842284E+00
   1.3000100000000000E+02   2.9413687339706098E+00   7.7029875669567085E+00   2.7979276905289474E+00
   1.4000000000000000E+02   2.8305944308953754E+00   8.0044412369043698E+00   2.7450608087230961E+00
   1.5000000000000000E+02   2.7279771219940541E+00   8.3055413496463277E+00   2.6958042785399523E+00
   1.6000000000000000E+02   2.6283920804803409E+00   8.6202233509508055E+00   2.6348149068658993E+00
   1.7000000000000000E+02   2.5363334261697368E+00   8.9331026251650734E+00   2.5784503617404133E+00
   1.8000000000000000E+02   2.4462089108218588E+00   9.2622206907089399E+00   2.7073961754966480E+00
   1.8399900000000000E+02   2.4129563368979463E+00   9.3898619055571704E+00   2.6751811755650459E+00
   1.8400100000000000E+02   2.4129399290860736E+00   9.3899257559190463E+00   2.6751652446059713E+00
   1.9000000000000000E+02   2.3647005433867627E+00   9.5814782345170055E+00   2.6281806096394260E+00
   2.0000000000000000E+02   2.2884431268267362E+00   9.9007602688507816E+00   2.5533207328125194E+00
   2.1000000000000000E+02   2.2170191025766139E+00   1.0219725559098030E+01   2.4825769282880930E+00
   2.2000000000000000E+02   2.1500331314307481E+00   1.0538129136890738E+01   2.4156945403212808E+00
   2.3000000000000000E+02   2.0871181759291475E+00   1.0855794870131954E+01   2.3524185572534679E+00
   2.4000000000000000E+02   2.0279374342075696E+00   1.1172596553238490E+01   2.2925019690292547E+00
   2.5000000000000000E+02   1.9721840093969725E+00   1.1488444627709283E+01   2.2357102795414137E+00
   2.6000000000000000E+02   1.9195793977916780E+00   1.1803276704092696E+01   2.1818236790472030E+00
   2.7000000000000000E+02   1.8698714191638526E+00   1.2117050699530154E+01   2.1306378013795588E+00
   2.8000000000000000E+02   1.8228319450900794E+00   1.2429739806041823E+01   2.0819636389774479E+00
   2.9000000000000000E+02   1.7782546243879391E+00   1.2741328759602842E+01   2.0356269727918517E+00
   3.0000000000000000E+02   1.7359527123929772E+00   1.3051811046383929E+01   1.9914675397307884E+00
   3.1000000000000000E+02   1.6957570565925368E+00   1.3361186792369040E+01   1.9493380760092758E+00
   3.2000000000000000E+02   1.6575142595091672E+00   1.3669461157046225E+01   1.9091033213998814E+00
   3.3000000000000000E+02   1.6210850217254136E+00   1.3976643102590208E+01   1.8706390355358640E+00
   3.4000000000000000E+02   1.5863426580457940E+00   1.4282744445340848E+01   1.8338310558737061E+00
   3.5000000000000000E+02   1.5531717747487221E+00   1.4587779121389447E+01   1.7985744132452426E+00
   3.6000000000000000E+02   1.5214670937512638E+00   1.4891762615613242E+01   1.7647725123563962E+00
   3.7000000000000000E+02   1.4911324089957299E+00   1.5194711516511397E+01   1.7323363792208504E+00
   3.8000000000000000E+02   1.4620796608334312E+00   1.5496643168331481E+01   1.7011839743100288E+00
   3.9000000000000000E+02   1.4342281150953584E+00   1.5797575399018285E+01   1.6712395683067667E+00
   4.0000000000000000E+02   1.4075036347222147E+00   1.6097526307335226E+01   1.6424331763828135E+00
   4.1000000000000000E+02   1.3818380330194908E+00   1.6396514096591826E+01   1.6147000464442076E+00
   4.2000000000000000E+02   1.3571684988221184E+00   1.6694556945047729E+01   1.5879801967166962E+00
   4.3000000000000000E+02   1.3334370849622716E+00   1.6991672905401359E+01   1.5622179981386883E+00
   4.4000000000000000E+02   1.3105902524725623E+00   1.7287879827326229E+01   1.5373617972740039E+00
   4.5000000000000000E+02   1.2885784638787319E+00   1.7583195298336975E+01   1.5133635757499002E+00
   4.6000000000000000E+02   1.2673558197565884E+00   1.7877636599295709E+01   1.4901786425472565E+00
   4.7000000000000000E+02   1.2468797334622443E+00   1.8171220671537899E+01   1.4677653558078234E+00
   4.8000000000000000E+02   1.2271106395703777E+00   1.8463964093362708E+01   1.4460848711278500E+00
   4.9000000000000000E+02   1.2080117321285186E+00   1.8755883063890906E+01   1.4251009136273882E+00
   5.0000000000000000E+02   1.1895487293073390E+00   1.9046993392867488E+01   1.4047795713464828E+00
   5.1000000000000000E+02   1.1716896614596748E+00   1.9337310495156725E+01   1.3850891077856395E+00
   5.2000000000000000E+02   1.1544046799640051E+00   1.9626849389000455E+01   1.3659997916333897E+00
   5.3000000000000000E+02   1.1376658845557246E+00   1.9915624697192026E+01   1.3474837419399799E+00
   5.4000000000000000E+02   1.1214471671221273E+00   2.0203650650573522E+01   1.3295147871766770E+00
   5.5000000000000000E+02   1.1057240701838764E+00   2.0490941093326295E+01   1.3120683367915680E+00
   5.6000000000000000E+02   1.0904736584945021E+00   2.0777509489675612E+01   1.2951212640191645E+00
   5.7000000000000000E+02   1.0756744023805804E+00   2.1063368931590968E+01   1.2786517988409569E+00
   5.8000000000000000E+02   1.0613060715965856E+00   2.1348532147306045E+01   1.2626394301020702E+00
   5.9000000000000000E+02   1.0473496386189838E+00   2.1633011510355168E+01   1.2470648159042437E+00
   6.0000000000000000E+02   1.0337871904184008E+00   2.1916819049035407E+01   1.2319097014797247E+00
   6.1000000000000000E+02   1.0206018478658700E+00   2.2199966456055723E+01   1.2171568438433074E+00
   6.2000000000000000E+02   1.0077776920156374E+00   2.2482465098323722E+01   1.2027899425845034E+00
   6.3000000000000000E+02   9.9529969659374773E-01   2.2764326026775489E+01   1.1887935762315074E+00
   6.4000000000000000E+02   9.8315366609752497E-01   2.3045559986106266E+01   1.1751531436796971E+00
   6.5000000000000000E+02   9.7132617896649565E-01   2.3326177424475993E+01   1.1618548102193402E+00
   6.6000000000000000E+02   9.5980453535444199E-01   2.3606188502999494E+01   1.1488854577572185E+00
   6.7000000000000000E+02   9.4857670907172909E-01   2.3885603105080570E+01   1.1362326388559640E+00
   6.8000000000000000E+02   9.3763130331741817E-01   2.4164430845522411E+01   1.1238845342580008E+00
   6.9000000000000000E+02   9.2695750985654590E-01   2.4442681079435026E+01   1.1118299135902832E+00
   7.0000000000000000E+02   9.1654507133660790E-01   2.4720362910870676E+01   1.1000580989796693E+00
   7.1000000000000000E+02   9.0638424646435478E-01   2.4997485201219064E+01   1.0885589313294901E+00
   7.2000000000000000E+02   8.9646577779443359E-01   2.5274056577323467E+01   1.0773227390364171E+00
   7.3000000000000000E+02   8.8678086190211103E-01   2.5550085439385441E+01   1.0663403089414283E+00
   7.4000000000000000E+02   8.7732112174054655E-01   2.5825579968552649E+01   1.0556028593360671E+00
   7.5000000000000000E+02   8.6807858099553248E-01   2.6100548134279336E+01   1.0451020148538031E+00
   7.6000000000000000E+02   8.5904564027286201E-01   2.6374997701419058E+01   1.0348297830961795E+00
   7.7000000000000000E+02   8.5021505496757355E-01   2.6648936237049966E+01   1.0247785328566590E+00
   7.8000000000000000E+02   8.4157991467630666E-01   2.6922371117097526E+01   1.0149409738141042E+00
   7.9000000000000000E+02   8.3313362403093472E-01   2.7195309532687304E+01   1.0053101375842870E+00
   8.0000000000000000E+02   8.2486988484047097E-01   2.7467758496229628E+01   9.9587936002464172E-01
   8.1000000000000000E+02   8.1678267943523086E-01   2.7739724847345368E+01   9.8664226469422101E-01
   8.2000000000000000E+02   8.0886625512266530E-01   2.8011215258540854E+01   9.7759274738411006E-01
   8.3000000000000000E+02   8.0111510966924526E-01   2.8282236240638731E+01   9.6872496163902433E-01
   8.4000000000000000E+02   7.9352397772782168E-01   2.8552794148058187E+01   9.6003330519406083E-01
   8.5000000000000000E+02   7.8608781814212925E-01   2.8822895183848559E+01   9.5151240726297059E-01
   8.6000000000000000E+02   7.7880180206073768E-01   2.9092545404567240E+01   9.4315711661344659E-01
   8.7000000000000000E+02   7.7166130180192105E-01   2.9361750724966051E+01   9.3496249037503332E-01
   8.8000000000000000E+02   7.6466188041532279E-01   2.9630516922465876E+01   9.2692378352766092E-01
   8.9000000000000000E+02   7.5779928188775736E-01   2.9898849641515923E+01   9.1903643902139531E-01
   9.0000000000000000E+02   7.5106942194944992E-01   3.0166754397752236E+01   9.1129607848495375E-01
   9.1000000000000000E+02   7.4446837943694033E-01   3.0434236582011838E+01   9.0369849348233711E-01
   9.2000000000000000E+02   7.3799238817400148E-01   3.0701301464194408E+01   8.9623963727957756E-01
   9.3000000000000000E+02   7.3163782933446231E-01   3.0967954196984511E+01   8.8891561708749067E-01
   9.4000000000000000E+02   7.2540122425465869E-01   3.1234199819404687E+01   8.8172268674937315E-01
   9.5000000000000000E+02   7.1927922766268937E-01   3.1500043260301272E+01   8.7465723984169441E-01
   9.6000000000000000E+02   7.1326862129944424E-01   3.1765489341635856E+01   8.6771580316404506E-01
   9.7000000000000000E+02   7.0736630790295807E-01   3.2030542781688588E+01   8.6089503059047068E-01
   9.8000000000000000E+02   7.0156930553319274E-01   3.2295208198128378E+01   8.5419169726021504E-01
   9.9000000000000000E+02   6.9587474221431689E-01   3.2559490110984299E+01   8.4760269408524025E-01
   1.0000000000000000E+03   6.9027985087395449E-01   3.2823392945520062E+01   8.4112502255506061E-01
   1.1000000000000000E+03   6.3927030131304674E-01   3.5442483001436422E+01   7.8188182854438848E-01
   1.2000000000000000E+03   5.9580761988868969E-01   3.8027923831930352E+01   7.3113405278144417E-01
   1.2199990000000000E+03   5.8787226261824765E-01   3.8541241402852187E+01   7.2184112048079074E-01
   1.2200010000000000E+03   5.8787148052871663E-01   3.8541292677156882E+01   7.2184020416818861E-01
   1.2509990000000000E+03   5.7601555917046909E-01   3.9334574260875947E+01   7.0793990674238616E-01
   1.2510010000000000E+03   5.7601481097865470E-01   3.9334625352976225E+01   7.0793902892515759E-01
   1.3000000000000000E+03   5.5829697281312407E-01   4.0582929678887538E+01   6.8712974363965607E-01
   1.4000000000000000E+03   5.2556779594188907E-01   4.3110188566644929E+01   6.4857352710461236E-01
   1.4129990000000000E+03   5.2161602716244138E-01   4.3436791831081656E+01   6.4390780578874873E-01
   1.4130010000000000E+03   5.2161542411794859E-01   4.3436842048764809E+01   6.4390709362152765E-01
   1.5000000000000000E+03   4.9674073112138062E-01   4.5611976969278146E+01   6.1448597325531107E-01
   1.6000000000000000E+03   4.7114185275359188E-01   4.8090244276092001E+01   5.8411213556826247E-01
   1.7000000000000000E+03   4.4824563166980957E-01   5.0546676167724108E+01   5.5686025845171661E-01
   1.8000000000000000E+03   4.2763597194581576E-01   5.2982742972992064E+01   5.3225961682259848E-01
   1.9000000000000000E+03   4.0897895840533510E-01   5.5399737130621141E+01   5.0993084469253303E-01
   2.0000000000000000E+03   3.9200339390271222E-01   5.7798802612494519E+01   4.8956462642961668E-01
   2.1000000000000000E+03   3.7648663994377396E-01   6.0180958322968749E+01   4.7090611549917227E-01
   2.2000000000000000E+03   3.6224414335301097E-01   6.2547116919240239E+01   4.5374335572243635E-01
   2.3000000000000000E+03   3.4912157290870932E-01   6.4898100105476416E+01   4.3789855070274225E-01
   2.4000000000000000E+03   3.3698883522349010E-01   6.7234651179421178E+01   4.2322139340402948E-01
   2.5000000000000000E+03   3.2573546444858376E-01   6.9557445413461210E+01   4.0958390818298329E-01
   2.6000000000000000E+03   3.1526703030025749E-01   7.1867098713215157E+01   3.9687641831096659E-01
   2.7000000000000000E+03   3.0550231052582744E-01   7.4164174891552349E+01   3.8500436148028838E-01
   2.8000000000000000E+03   2.9637104392740299E-01   7.6449191821724611E+01   3.7388575152631842E-01
   2.9000000000000000E+03   2.8781212905138376E-01   7.8722626674172361E+01   3.6344913781278398E-01
   3.0000000000000000E+03   2.7977216839298047E-01   8.0984920400607209E+01   3.5363195161449074E-01
   3.1000000000000000E+03   2.7220428295420918E-01   8.3236481592842054E+01   3.4437915617483256E-01
   3.2000000000000000E+03   2.6506714014738064E-01   8.5477689822333474E+01   3.3564213705431833E-01
   3.3000000000000000E+03   2.5832415141568843E-01   8.7708898542557193E+01   3.2737778411882357E-01
   3.4000000000000000E+03   2.5194280586714857E-01   8.9930437623046032E+01   3.1954772748466687E-01
   3.5000000000000000E+03   2.4589411367373679E-01   9.2142615571812939E+01   3.1211769799810130E-01
   3.6000000000000000E+03   2.4015213864029777E-01   9.4345721490938573E+01   3.0505698910453410E-01
   3.7000000000000000E+03   2.3469360365392472E-01   9.6540026804569052E+01   2.9833800176152364E-01
   3.8000000000000000E+03   2.2949755604878055E-01   9.8725786791363049E+01   2.9193585776038083E-01
   3.9000000000000000E+03   2.2454508250056970E-01   1.0090324194720816E+02   2.8582806970664859E-01
   4.0000000000000000E+03   2.1981906507528384E-01   1.0307261920093735E+02   2.7999425816599138E-01
   4.1000000000000000E+03   2.1530397163943493E-01   1.0523413300315033E+02   2.7441590826148460E-01
   4.2000000000000000E+03   2.1098567509927277E-01   1.0738798630262502E+02   2.6907615942546126E-01
   4.3000000000000000E+03   2.0685129692755108E-01   1.0953437142599329E+02   2.6395962313048354E-01
   4.4000000000000000E+03   2.0288907124544836E-01   1.1167347087020143E+02   2.5905222433561131E-01
   4.5000000000000000E+03   1.9908822636292850E-01   1.1380545801994116E+02   2.5434106310743754E-01
   4.6000000000000000E+03   1.9543888120843220E-01   1.1593049779816918E+02   2.4981429347196443E-01
   4.7000000000000000E+03   1.9193195450347275E-01   1.1804874725641815E+02   2.4546101703613604E-01
   4.8000000000000000E+03   1.8855908487996309E-01   1.2016035611349344E+02   2.4127118930936725E-01
   4.9000000000000000E+03   1.8531256043239294E-01   1.2226546724487578E+02   2.3723553698741201E-01
   5.0000000000000000E+03   1.8218525641947753E-01   1.2436421713205380E+02   2.3334548472008643E-01
   5.1000000000000000E+03   1.7917058003593761E-01   1.2645673627370211E+02   2.2959309011544901E-01
   5.2000000000000000E+03   1.7626242133450140E-01   1.2854314956114746E+02   2.2597098591672785E-01
   5.3000000000000000E+03   1.7345510950453963E-01   1.3062357662642285E+02   2.2247232843665418E-01
   5.4000000000000000E+03   1.7074337384274568E-01   1.3269813215989367E+02   2.1909075147574134E-01
   5.5000000000000000E+03   1.6812230883208082E-01   1.3476692620395045E+02   2.1582032504966500E-01
   5.6000000000000000E+03   1.6558734283017398E-01   1.3683006442616878E+02   2.1265551834696880E-01
   5.7000000000000000E+03   1.6313420994604799E-01   1.3888764836697385E+02   2.0959116642382161E-01
   5.8000000000000000E+03   1.6075892471612038E-01   1.4093977567728032E+02   2.0662244018998013E-01
   5.9000000000000000E+03   1.5845775928014610E-01   1.4298654032809890E+02   2.0374481932731767E-01
   6.0000000000000000E+03   1.5622722274991679E-01   1.4502803281525317E+02   2.0095406779339750E-01
   6.1000000000000000E+03   1.5406404254640846E-01   1.4706434034265828E+02   1.9824621163938219E-01
   6.2000000000000000E+03   1.5196514747618528E-01   1.4909554699811329E+02   1.9561751888056264E-01
   6.3000000000000000E+03   1.4992765237055811E-01   1.5112173391210993E+02   1.9306448120812567E-01
   6.4000000000000000E+03   1.4794884411128856E-01   1.5314297941096274E+02   1.9058379734045894E-01
   6.5000000000000000E+03   1.4602616890800552E-01   1.5515935915489644E+02   1.8817235785150008E-01
   6.6000000000000000E+03   1.4415722068848688E-01   1.5717094627241468E+02   1.8582723131770443E-01
   6.7000000000000000E+03   1.4233973049881812E-01   1.5917781148109543E+02   1.8354565165829775E-01
   6.8000000000000000E+03   1.4057155680381295E-01   1.6118002320506582E+02   1.8132500654393147E-01
   6.9000000000000000E+03   1.3885067660630562E-01   1.6317764768156601E+02   1.7916282677474096E-01
   7.0000000000000000E+03   1.3717517729968345E-01   1.6517074906425569E+02   1.7705677652975282E-01
   7.1000000000000000E+03   1.3554324918852709E-01   1.6715938951778207E+02   1.7500464440865038E-01
   7.2000000000000000E+03   1.3395317861094888E-01   1.6914362930809068E+02   1.7300433518911484E-01
   7.3000000000000000E+03   1.3240334160923647E-01   1.7112352688559503E+02   1.7105386223554969E-01
   7.4000000000000000E+03   1.3089219809380603E-01   1.7309913896757283E+02   1.6915134049631383E-01
   7.5000000000000000E+03   1.2941828646249656E-01   1.7507052061129357E+02   1.6729498004155627E-01
   7.6000000000000000E+03   1.2798021862815392E-01   1.7703772528660531E+02   1.6548308008886983E-01
   7.7000000000000000E+03   1.2657667542387885E-01   1.7900080494084827E+02   1.6371402347807285E-01
   7.8000000000000000E+03   1.2520640234833300E-01   1.8095981006287943E+02   1.6198627155272335E-01
   7.9000000000000000E+03   1.2386820562353316E-01   1.8291478974412652E+02   1.6029835941485154E-01
   8.0000000000000000E+03   1.2256094853903875E-01   1.8486579173621419E+02   1.5864889152177183E-01
   8.1000000000000000E+03   1.2128354806138374E-01   1.8681286250088533E+02   1.5703653759861916E-01
   8.2000000000000000E+03   1.2003497167795256E-01   1.8875604726595182E+02   1.5546002883396956E-01
   8.3000000000000000E+03   1.1881423446883503E-01   1.9069539006754124E+02   1.5391815434510348E-01
   8.4000000000000000E+03   1.1762039637345510E-01   1.9263093380226158E+02   1.5240975788012906E-01
   8.5000000000000000E+03   1.1645255965052206E-01   1.9456272026657189E+02   1.5093373474875540E-01
   8.6000000000000000E+03   1.1530986650576672E-01   1.9649079020031380E+02   1.4948902895605404E-01
   8.7000000000000000E+03   1.1419149688006022E-01   1.9841518332497799E+02   1.4807463052774039E-01
   8.8000000000000000E+03   1.1309666638251840E-01   2.0033593838193795E+02   1.4668957300999227E-01
   8.9000000000000000E+03   1.1202462435988635E-01   2.0225309316657624E+02   1.4533293113236084E-01
   9.0000000000000000E+03   1.1097465208886867E-01   2.0416668456384778E+02   1.4400381861922937E-01
   9.1000000000000000E+03   1.0994606108375893E-01   2.0607674858265304E+02   1.4270138613994554E-01
   9.2000000000000000E+03   1.0893819151618575E-01   2.0798332037891811E+02   1.4142481939145723E-01
   9.3000000000000000E+03   1.0795041072298768E-01   2.0988643429761402E+02   1.4017333729195972E-01
   9.4000000000000000E+03   1.0698211181809725E-01   2.1178612389083588E+02   1.3894619029427960E-01
   9.5000000000000000E+03   1.0603271238525414E-01   2.1368242194247344E+02   1.3774265879866862E-01
   9.6000000000000000E+03   1.0510165324123384E-01   2.1557536050937972E+02   1.3656205165455937E-01
   9.7000000000000000E+03   1.0418839728929810E-01   2.1746497092856316E+02   1.3540370476358152E-01
   9.8000000000000000E+03   1.0329242842866110E-01   2.1935128384806134E+02   1.3426697975588753E-01
   9.9000000000000000E+03   1.0241325052992847E-01   2.2123432925302566E+02   1.3315126274513270E-01
   1.0000000000000000E+04   1.0155038647571210E-01   2.2311413647873979E+02   1.3205596315956250E-01
   1.1000000000000000E+04   9.3725960064285865E-02   2.4174014085393551E+02   1.2211063111100105E-01
   1.1106999000000000E+04   9.2966413012050317E-02   2.4371518759870787E+02   1.2114390774212862E-01
   1.1107001000000000E+04   9.2966398941169093E-02   2.4371522448609406E+02   1.2114388983141047E-01
   1.2000000000000000E+04   8.7119939761211684E-02   2.6007050566968479E+02   1.1369481848124707E-01
   1.3000000000000000E+04   8.1464107315265183E-02   2.7812649686231998E+02   1.0647488428474716E-01
   1.4000000000000000E+04   7.6564176785910959E-02   2.9592595047374834E+02   1.0020848928430173E-01
   1.5000000000000000E+04   7.2275851676943462E-02   3.1348405119989275E+02   9.4715205132867825E-02
   1.6000000000000000E+04   6.8489647052862049E-02   3.3081389323153178E+02   8.9857827825964756E-02
   1.7000000000000000E+04   6.5120941139859667E-02   3.4792689403781588E+02   8.5530096984553133E-02
   1.8000000000000000E+04   6.2103264201011102E-02   3.6483310626435502E+02   8.1648391425794345E-02
   1.9000000000000000E+04   5.9383656410095388E-02   3.8154145698173937E+02   7.8145972303446054E-02
   2.0000000000000000E+04   5.6919385338401872E-02   3.9805993428963740E+02   7.4968904138324036E-02
   2.1000000000000000E+04   5.4675579111433753E-02   4.1439573491179902E+02   7.2073108211443082E-02
   2.2000000000000000E+04   5.2623489827835462E-02   4.3055538242973188E+02   6.9422196865368990E-02
   2.3000000000000000E+04   5.0739199337905848E-02   4.4654482300204808E+02   6.6985856869923616E-02
   2.4000000000000000E+04   4.9002640968649556E-02   4.6236950376013993E+02   6.4738625604899833E-02
   2.5000000000000000E+04   4.7396850522293650E-02   4.7803443768808370E+02   6.2658952743876603E-02
   2.6000000000000000E+04   4.5907386100575952E-02   4.9354425751821537E+02   6.0728472459383176E-02
   2.7000000000000000E+04   4.4521873850257618E-02   5.0890326098616572E+02   5.8931432874219571E-02
   2.8000000000000000E+04   4.3229648759619377E-02   5.2411544941292482E+02   5.7254244375779376E-02
   2.9000000000000000E+04   4.2021468093359507E-02   5.3918456007469320E+02   5.5685118843066844E-02
   3.0000000000000000E+04   4.0889280768803660E-02   5.5411409449141331E+02   5.4213779014750586E-02
   3.1000000000000000E+04   3.9826040387078716E-02   5.6890734221627042E+02   5.2831222607246174E-02
   3.2000000000000000E+04   3.8825552476223761E-02   5.8356740194452709E+02   5.1529529427703606E-02
   3.3000000000000000E+04   3.7882348891935314E-02   5.9809719962835425E+02   5.0301702621539109E-02
   3.4000000000000000E+04   3.6991583876765960E-02   6.1249950429512796E+02   4.9141537178478016E-02
   3.5000000000000000E+04   3.6148947514632226E-02   6.2677694221774118E+02   4.8043510360729673E-02
   3.6000000000000000E+04   3.5350593307848073E-02   6.4093200898500106E+02   4.7002689922758287E-02
   3.7000000000000000E+04   3.4593077209044129E-02   6.5496708057203978E+02   4.6014656798976809E-02
   3.8000000000000000E+04   3.3873306075146173E-02   6.6888442295377649E+02   4.5075439683205064E-02
   3.9000000000000000E+04   3.3188493866309496E-02   6.8268620079234279E+02   4.4181459400696059E-02
   4.0000000000000000E+04   3.2536124267425665E-02   6.9637448521472288E+02   4.3329481403578861E-02
   4.1000000000000000E+04   3.1913918665786224E-02   7.0995126060470011E+02   4.2516575041360333E-02
   4.2000000000000000E+04   3.1319808596999336E-02   7.2341843078126396E+02   4.1740078493851217E-02
   4.3000000000000000E+04   3.0751911921512633E-02   7.3677782524346947E+02   4.0997568447588874E-02
   4.4000000000000000E+04   3.0208512248767885E-02   7.5003120315979572E+02   4.0286833852703006E-02
   4.5000000000000000E+04   2.9688040957977970E-02   7.6318025900331997E+02   3.9605853023190668E-02
   4.6000000000000000E+04   2.9189061558654066E-02   7.7622662661086076E+02   3.8952773681469641E-02
   4.7000000000000000E+04   2.8710256029014208E-02   7.8917188215645331E+02   3.8325895503545884E-02
   4.8000000000000000E+04   2.8250412749883547E-02   8.0201754884817376E+02   3.7723654733712440E-02
   4.9000000000000000E+04   2.7808415959021452E-02   8.1476509920589115E+02   3.7144610691261085E-02
   5.0000000000000000E+04   2.7383236393951838E-02   8.2741595849551027E+02   3.6587433817861496E-02
   5.1000000000000000E+04   2.6973923033381208E-02   8.3997150728025497E+02   3.6050895111510252E-02
   5.2000000000000000E+04   2.6579595769283062E-02   8.5243308379410848E+02   3.5533856747421620E-02
   5.3000000000000000E+04   2.6199438876746698E-02   8.6480198656927359E+02   3.5035263723351702E-02
   5.4000000000000000E+04   2.5832695214324949E-02   8.7707947620760376E+02   3.4554136425175234E-02
   5.5000000000000000E+04   2.5478661026333088E-02   8.8926677756706522E+02   3.4089563970172924E-02
   5.6000000000000000E+04   2.5136681307157793E-02   9.0136508120342114E+02   3.3640698258400027E-02
   5.7000000000000000E+04   2.4806145618849394E-02   9.1337554555006034E+02   3.3206748616324597E-02
   5.8000000000000000E+04   2.4486484347807893E-02   9.2529929841231603E+02   3.2786976992468797E-02
   5.9000000000000000E+04   2.4177165339106334E-02   9.3713743814965721E+02   3.2380693633240532E-02
   6.0000000000000000E+04   2.3877690854417859E-02   9.4889103497287010E+02   3.1987253176056454E-02
   6.1000000000000000E+04   2.3587594812965337E-02   9.6056113254738455E+02   3.1606051109813675E-02
   6.2000000000000000E+04   2.3306440306341880E-02   9.7214874900675204E+02   3.1236520578807343E-02
   6.3000000000000000E+04   2.3033817325700985E-02   9.8365487870436039E+02   3.0878129469021937E-02
   6.4000000000000000E+04   2.2769340746626933E-02   9.9508049177784267E+02   3.0530377797692410E-02
   6.5000000000000000E+04   2.2512648440117120E-02   1.0064265360816395E+03   3.0192795295884627E-02
   6.6000000000000000E+04   2.2263399558974155E-02   1.0176939387712627E+03   2.9864939210922800E-02
   6.7000000000000000E+04   2.2021273009711941E-02   1.0288836062119726E+03   2.9546392327267346E-02
   6.8000000000000000E+04   2.1785966059246334E-02   1.0399964236607559E+03   2.9236761159832186E-02
   6.9000000000000000E+04   2.1557192953131944E-02   1.0510332600756826E+03   2.8935674220221554E-02
   7.0000000000000000E+04   2.1334683846189424E-02   1.0619949632699906E+03   2.8642780575367600E-02
   7.1000000000000000E+04   2.1118183615518583E-02   1.0728823652693875E+03   2.8357748370340729E-02
   7.2000000000000000E+04   2.0907450915472893E-02   1.0836962802979911E+03   2.8080263580176845E-02
   7.3000000000000000E+04   2.0702257230336189E-02   1.0944375067666408E+03   2.7810028803005191E-02
   7.4000000000000000E+04   2.0502386029091029E-02   1.1051068278327266E+03   2.7546762168840583E-02
   7.5000000000000000E+04   2.0307632031850896E-02   1.1157050094306710E+03   2.7290196367669359E-02
   7.6000000000000000E+04   2.0117800404366826E-02   1.1262328053862557E+03   2.7040077655885213E-02
   7.7000000000000000E+04   1.9932706170660831E-02   1.1366909537331348E+03   2.6796165055852719E-02
   7.8000000000000000E+04   1.9752173574829439E-02   1.1470801783801380E+03   2.6558229544209767E-02
   7.9000000000000000E+04   1.9576035477904385E-02   1.1574011915325907E+03   2.6326053291032697E-02
   8.0000000000000000E+04   1.9404132873499801E-02   1.1676546916741579E+03   2.6099429010595979E-02
   8.1000000000000000E+04   1.9236314392982779E-02   1.1778413642415812E+03   2.5878159324841075E-02
   8.2000000000000000E+04   1.9072435816867132E-02   1.1879618841120068E+03   2.5662056150373407E-02
   8.3000000000000000E+04   1.8912359711261428E-02   1.1980169124067272E+03   2.5450940196601365E-02
   8.4000000000000000E+04   1.8755954966123641E-02   1.2080071011331431E+03   2.5244640406097491E-02
   8.5000000000000000E+04   1.8603096490104686E-02   1.2179330897768891E+03   2.5042993527080420E-02
   8.6000000000000000E+04   1.8453664840347776E-02   1.2277955074848862E+03   2.4845843650554582E-02
   8.7000000000000000E+04   1.8307545906425117E-02   1.2375949733196687E+03   2.4653041800479055E-02
   8.8000000000000000E+04   1.8164630617244572E-02   1.2473320963709052E+03   2.4464445552616735E-02
   8.9000000000000000E+04   1.8024814677753360E-02   1.2570074751212278E+03   2.4279918686308077E-02
   9.0000000000000000E+04   1.7887998300213634E-02   1.2666216983786389E+03   2.4099330841937262E-02
   9.1000000000000000E+04   1.7754085933213589E-02   1.2761753476265674E+03   2.3922557185731694E-02
   9.2000000000000000E+04   1.7622986102654090E-02   1.2856689925096473E+03   2.3749478166943720E-02
   9.3000000000000000E+04   1.7494611127634202E-02   1.2951031961963222E+03   2.3579979188911523E-02
   9.4000000000000000E+04   1.7368876966764833E-02   1.3044785123969361E+03   2.3413950385171193E-02
   9.5000000000000000E+04   1.7245703031317498E-02   1.3137954855459366E+03   2.3251286377352371E-02
   9.6000000000000000E+04   1.7125011978367424E-02   1.3230546534059001E+03   2.3091886024256852E-02
   9.7000000000000000E+04   1.7006729584237646E-02   1.3322565444099434E+03   2.2935652236948767E-02
   9.8000000000000000E+04   1.6890784533505388E-02   1.3414016822407873E+03   2.2782491735844089E-02
   9.9000000000000000E+04   1.6777108367188886E-02   1.3504905786936383E+03   2.2632314932227157E-02
   1.0000000000000000E+05   1.6665635260509248E-02   1.3595237405260762E+03   2.2485035686536564E-02
   1.1000000000000000E+05   1.5659259175128212E-02   1.4468964677203696E+03   2.1154832686526712E-02
   1.2000000000000000E+05   1.4816417493876471E-02   1.5292041275817805E+03   2.0040020584965210E-02
   1.3000000000000000E+05   1.4100427495858502E-02   1.6068538910799393E+03   1.9092482888340565E-02
   1.4000000000000000E+05   1.3484848958503879E-02   1.6802061971426479E+03   1.8277493174730083E-02
   1.5000000000000000E+05   1.2950133348296790E-02   1.7495825083987036E+03   1.7569346777442433E-02
   1.6000000000000000E+05   1.2481510226465537E-02   1.8152712593680108E+03   1.6948601439706695E-02
   1.7000000000000000E+05   1.2067607642320512E-02   1.8775326029123337E+03   1.6400274162380001E-02
   1.8000000000000000E+05   1.1699525623562990E-02   1.9366021765855758E+03   1.5912628661820749E-02
   1.9000000000000000E+05   1.1370197565143654E-02   1.9926942041067816E+03   1.5476338815548028E-02
   2.0000000000000000E+05   1.1073940045603668E-02   2.0460041046190886E+03   1.5083898481754326E-02
   2.1000000000000000E+05   1.0806129509946708E-02   2.0967106461897788E+03   1.4729197134999993E-02
   2.2000000000000000E+05   1.0562965841460858E-02   2.1449777579208089E+03   1.4407209253701514E-02
   2.3000000000000000E+05   1.0341296245227768E-02   2.1909561674211345E+03   1.4113763003924569E-02
   2.4000000000000000E+05   1.0138483039654025E-02   2.2347847009254338E+03   1.3845366159007269E-02
   2.5000000000000000E+05   9.9523022543875420E-03   2.2765915070176006E+03   1.3599072743722218E-02
   2.6000000000000000E+05   9.7808654788717614E-03   2.3164950828282285E+03   1.3372380076247734E-02
   2.7000000000000000E+05   9.6225589374978777E-03   2.3546051455520947E+03   1.3163148388886986E-02
   2.8000000000000000E+05   9.4759950182257240E-03   2.3910235013877345E+03   1.2969537074960966E-02
   2.9000000000000000E+05   9.3399740983503426E-03   2.4258447131681673E+03   1.2789954216711310E-02
   3.0000000000000000E+05   9.2134537153545255E-03   2.4591567383522656E+03   1.2623015905462404E-02
   3.1000000000000000E+05   9.0955236030587135E-03   2.4910415030962504E+03   1.2467513293620081E-02
   3.2000000000000000E+05   8.9853854422225401E-03   2.5215753885351965E+03   1.2322385798782811E-02
   3.3000000000000000E+05   8.8823360633580491E-03   2.5508297170919009E+03   1.2186698967641201E-02
   3.4000000000000000E+05   8.7857536528509021E-03   2.5788711683554538E+03   1.2059626243948273E-02
   3.5000000000000000E+05   8.6950865195156522E-03   2.6057620860652341E+03   1.1940433983667962E-02
   3.6000000000000000E+05   8.6098433376872348E-03   2.6315608657400940E+03   1.1828468650485355E-02
   3.7000000000000000E+05   8.5295850012486636E-03   2.6563222928541013E+03   1.1723146092975525E-02
   3.8000000000000000E+05   8.4539182033386666E-03   2.6800977064886729E+03   1.1623942831362729E-02
   3.9000000000000000E+05   8.3824893442988879E-03   2.7029353521362409E+03   1.1530388179146688E-02
   4.0000000000000000E+05   8.3149797053566794E-03   2.7248805878641519E+03   1.1442057801685453E-02
   4.1000000000000000E+05   8.2511014420316494E-03   2.7459760308112195E+03   1.1358568295235287E-02
   4.2000000000000000E+05   8.1905935036631749E-03   2.7662619048885163E+03   1.1279572049476686E-02
   4.3000000000000000E+05   8.1332192279291293E-03   2.7857759827506557E+03   1.1204753651438229E-02
   4.4000000000000000E+05   8.0787631266473550E-03   2.8045539190122877E+03   1.1133825922683622E-02
   4.5000000000000000E+05   8.0270284871036632E-03   2.8226294230813282E+03   1.1066526771703311E-02
   4.6000000000000000E+05   7.9778358215248577E-03   2.8400342266356834E+03   1.1002616855528840E-02
   4.7000000000000000E+05   7.9310205531775858E-03   2.8567983950732646E+03   1.0941876816075934E-02
   4.8000000000000000E+05   7.8864318996044302E-03   2.8729502867763626E+03   1.0884105541039623E-02
   4.9000000000000000E+05   7.8439313424929560E-03   2.8885167141722909E+03   1.0829118223183038E-02
   5.0000000000000000E+05   7.8033910578055561E-03   2.9035231759847775E+03   1.0776744483392126E-02
   5.1000000000000000E+05   7.7646935295408439E-03   2.9179936981943720E+03   1.0726827462758355E-02
   5.2000000000000000E+05   7.7277300065146807E-03   2.9319511381104248E+03   1.0679222116759486E-02
   5.3000000000000000E+05   7.6924001864925517E-03   2.9454170659758274E+03   1.0633794491405137E-02
   5.4000000000000000E+05   7.6586107807949796E-03   2.9584120979782865E+03   1.0590420212648418E-02
   5.5000000000000000E+05   7.6262756424901514E-03   2.9709556603716819E+03   1.0548984195564853E-02
   5.6000000000000000E+05   7.5953145910699895E-03   2.9830662727584208E+03   1.0509379416327728E-02
   5.7000000000000000E+05   7.5656530908278351E-03   2.9947615249606470E+03   1.0471506360629369E-02
   5.8000000000000000E+05   7.5372216941368090E-03   3.0060581613561790E+03   1.0435272327332915E-02
   5.9000000000000000E+05   7.5099554712739491E-03   3.0169721876882622E+03   1.0400590749958640E-02
   6.0000000000000000E+05   7.4837944296427790E-03   3.0275185937586334E+03   1.0367381285246455E-02
   6.1000000000000000E+05   7.4586820517333792E-03   3.0377118411080810E+03   1.0335568512098898E-02
   6.2000000000000000E+05   7.4345655783085093E-03   3.0475656645920299E+03   1.0305081959470918E-02
   6.3000000000000000E+05   7.4113953089511098E-03   3.0570932790815273E+03   1.0275855414314954E-02
   6.4000000000000000E+05   7.3891253417946029E-03   3.0663070038148785E+03   1.0247827324837222E-02
   6.5000000000000000E+05   7.3677119707332593E-03   3.0752188573077278E+03   1.0220939459955588E-02
   6.6000000000000000E+05   7.3471145598179785E-03   3.0838401393011795E+03   1.0195137439805442E-02
   6.7000000000000000E+05   7.3272946310926007E-03   3.0921817571613442E+03   1.0170369936868387E-02
   6.8000000000000000E+05   7.3082162842083784E-03   3.1002540026858314E+03   1.0146588886328313E-02
   6.9000000000000000E+05   7.2898455468108983E-03   3.1080667816786245E+03   1.0123748903147434E-02
   7.0000000000000000E+05   7.2721503232989690E-03   3.1156295978948406E+03   1.0101807156199129E-02
   7.1000000000000000E+05   7.2551003710835706E-03   3.1229515277163368E+03   1.0080723270336862E-02
   7.2000000000000000E+05   7.2386673198646164E-03   3.1300411783580289E+03   1.0060459267340942E-02
   7.3000000000000000E+05   7.2228241461192886E-03   3.1369068842392112E+03   1.0040979104078909E-02
   7.4000000000000000E+05   7.2075455103058177E-03   3.1435565346363583E+03   1.0022248863390454E-02
   7.5000000000000000E+05   7.1928077015736480E-03   3.1499975708587085E+03   1.0004236655396667E-02
   7.6000000000000000E+05   7.1785871882344638E-03   3.1562375984992741E+03   9.9869114771629752E-03
   7.7000000000000000E+05   7.1648632112679498E-03   3.1622832313083595E+03   9.9702451099737792E-03
   7.8000000000000000E+05   7.1516147169434158E-03   3.1681414176202284E+03   9.9542097728771393E-03
   7.9000000000000000E+05   7.1388224176884589E-03   3.1738185182293992E+03   9.9387796274045172E-03
   8.0000000000000000E+05   7.1264681774603211E-03   3.1793205587126122E+03   9.9239302779189215E-03
   8.1000000000000000E+05   7.1145340639050042E-03   3.1846536377639768E+03   9.9096380247754631E-03
   8.2000000000000000E+05   7.1030041270921159E-03   3.1898231202191960E+03   9.8958811658547037E-03
   8.3000000000000000E+05   7.0918620858480760E-03   3.1948346588442346E+03   9.8826382298845064E-03
   8.4000000000000000E+05   7.0810931143766133E-03   3.1996933837249007E+03   9.8698892884369390E-03
   8.5000000000000000E+05   7.0706827332123814E-03   3.2044043895768223E+03   9.8576150972667625E-03
   8.6000000000000000E+05   7.0606175754402301E-03   3.2089723803229940E+03   9.8457976465234839E-03
   8.7000000000000000E+05   7.0508843760419201E-03   3.2134021179807946E+03   9.8344193794438588E-03
   8.8000000000000000E+05   7.0414710962743345E-03   3.2176979040074261E+03   9.8234640145438701E-03
   8.9000000000000000E+05   7.0323655771370001E-03   3.2218641848302486E+03   9.8129155152909715E-03
   9.0000000000000000E+05   7.0235568082821559E-03   3.2259049661125191E+03   9.8027590235021753E-03
   9.1000000000000000E+05   7.0150339182098427E-03   3.2298242676769114E+03   9.7929800842177610E-03
   9.2000000000000000E+05   7.0067864196744975E-03   3.2336260063516183E+03   9.7835648135085832E-03
   9.3000000000000000E+05   6.9988052171208927E-03   3.2373135249120951E+03   9.7745006390913772E-03
   9.4000000000000000E+05   6.9910805449948949E-03   3.2408905378485160E+03   9.7657747391110983E-03
   9.5000000000000000E+05   6.9836027961153301E-03   3.2443607474660603E+03   9.7573746502723751E-03
   9.6000000000000000E+05   6.9763644753325586E-03   3.2477269310862289E+03   9.7492897211218770E-03
   9.7000000000000000E+05   6.9693563762568047E-03   3.2509927121534142E+03   9.7415082316023669E-03
   9.8000000000000000E+05   6.9625712719290581E-03   3.2541608412625028E+03   9.7340201511318166E-03
   9.9000000000000000E+05   6.9560016599731827E-03   3.2572342410421666E+03   9.7268154363546883E-03
   1.0000000000000000E+06   6.9496396903263018E-03   3.2602160395666479E+03   9.7198839671319391E-03
   1.1000000000000000E+06   6.8960670403462364E-03   3.2855432893925613E+03   9.6637514613039811E-03
   1.2000000000000000E+06   6.8571654505039338E-03   3.3041826030237771E+03   9.6267899181297911E-03
   1.3000000000000000E+06   6.8290805836669589E-03   3.3177711860363888E+03   9.6038617033169325E-03
   1.4000000000000000E+06   6.8091174322324928E-03   3.3274983157666270E+03   9.5913799707806335E-03
   1.5000000000000000E+06   6.7953455094489730E-03   3.3342420567292179E+03   9.5867802112978295E-03
   1.6000000000000000E+06   6.7863499947337612E-03   3.3386616966694896E+03   9.5881890923391576E-03
   1.7000000000000000E+06   6.7810801400881027E-03   3.3412563071871359E+03   9.5942178653176877E-03
   1.8000000000000000E+06   6.7787413647413218E-03   3.3424090946233359E+03   9.6038200069579593E-03
   1.9000000000000000E+06   6.7787223597564174E-03   3.3424184654798214E+03   9.6161949215340329E-03
   2.0000000000000000E+06   6.7805530443012171E-03   3.3415160444255171E+03   9.6307275929049928E-03
   2.1000000000000000E+06   6.7838603276049510E-03   3.3398869807819278E+03   9.6469350722469885E-03
   2.2000000000000000E+06   6.7883538545564460E-03   3.3376761543452631E+03   9.6644412044277414E-03
   2.3000000000000000E+06   6.7938001321650046E-03   3.3350004926315828E+03   9.6829465976984198E-03
   2.4000000000000000E+06   6.8000116369711641E-03   3.3319541196701161E+03   9.7022126138573885E-03
   2.5000000000000000E+06   6.8068340855331425E-03   3.3286145222439595E+03   9.7220459615796530E-03
   2.6000000000000000E+06   6.8141478092623052E-03   3.3250418719730801E+03   9.7422953044430331E-03
   2.7000000000000000E+06   6.8218517038094034E-03   3.3212869131937705E+03   9.7628358426927707E-03
   2.8000000000000000E+06   6.8298587552271198E-03   3.3173931701399224E+03   9.7835633574279105E-03
   2.9000000000000000E+06   6.8381099519279438E-03   3.3133902418785724E+03   9.8044026308136897E-03
   3.0000000000000000E+06   6.8465408798591932E-03   3.3093100859534738E+03   9.8252808031253445E-03
   3.1000000000000000E+06   6.8551090665505080E-03   3.3051737860987773E+03   9.8461466451769727E-03
   3.2000000000000000E+06   6.8637716504917927E-03   3.3010024140280648E+03   9.8669528168679500E-03
   3.3000000000000000E+06   6.8725014696123287E-03   3.2968093041221100E+03   9.8876671515608690E-03
   3.4000000000000000E+06   6.8812693631526119E-03   3.2926086150521633E+03   9.9082587458141323E-03
   3.5000000000000000E+06   6.8900498254136459E-03   3.2884126184458414E+03   9.9287016926844929E-03
   3.6000000000000000E+06   6.8988342919136724E-03   3.2842253964801157E+03   9.9489846384935628E-03
   3.7000000000000000E+06   6.9075919719238654E-03   3.2800615438349937E+03   9.9690810600899862E-03
   3.8000000000000000E+06   6.9163195243533834E-03   3.2759225058690540E+03   9.9889862637183545E-03
   3.9000000000000000E+06   6.9250090325949261E-03   3.2718118750410767E+03   1.0008693132234835E-02
   4.0000000000000000E+06   6.9336434833584416E-03   3.2677374950112512E+03   1.0028188548776844E-02
   4.1000000000000000E+06   6.9422176733456671E-03   3.2637015797707681E+03   1.0047468931579163E-02
   4.2000000000000000E+06   6.9507274062070822E-03   3.2597058499773043E+03   1.0066532003041915E-02
   4.3000000000000000E+06   6.9591721277173771E-03   3.2557503064725101E+03   1.0085378663184198E-02
   4.4000000000000000E+06   6.9675315420128581E-03   3.2518441647506770E+03   1.0103995358514369E-02
   4.5000000000000000E+06   6.9758252435786778E-03   3.2479779805933517E+03   1.0122398752995136E-02
   4.6000000000000000E+06   6.9840331136017128E-03   3.2441608479038646E+03   1.0140575941151560E-02
   4.7000000000000000E+06   6.9921569083927900E-03   3.2403916394403100E+03   1.0158530608938007E-02
   4.8000000000000000E+06   7.0002013019077932E-03   3.2366678914556223E+03   1.0176268768480583E-02
   4.9000000000000000E+06   7.0081635246009386E-03   3.2329905984750781E+03   1.0193790949611028E-02
   5.0000000000000000E+06   7.0160302669637171E-03   3.2293655992758522E+03   1.0211089847903351E-02
   5.1000000000000000E+06   7.0238186040391896E-03   3.2257847283500810E+03   1.0228181006875409E-02
   5.2000000000000000E+06   7.0315236224340206E-03   3.2222499708772616E+03   1.0245063502175526E-02
   5.3000000000000000E+06   7.0391408618490766E-03   3.2187630894573495E+03   1.0261736763206552E-02
   5.4000000000000000E+06   7.0466628362858821E-03   3.2153272143148124E+03   1.0278197949306988E-02
   5.5000000000000000E+06   7.0541209460301575E-03   3.2119277456337982E+03   1.0294473385456089E-02
   5.6000000000000000E+06   7.0614823219903502E-03   3.2085794107354795E+03   1.0310541154315088E-02
   5.7000000000000000E+06   7.0687657895188898E-03   3.2052733761819673E+03   1.0326418097444208E-02
   5.8000000000000000E+06   7.0759580172031107E-03   3.2020154348748501E+03   1.0342096894778918E-02
   5.9000000000000000E+06   7.0830743254281601E-03   3.1987983955316186E+03   1.0357591684945046E-02
   6.0000000000000000E+06   7.0901137295720533E-03   3.1956224754350105E+03   1.0372904329803678E-02
   6.1000000000000000E+06   7.0970672607507373E-03   3.1924914834770889E+03   1.0388030654516670E-02
   6.2000000000000000E+06   7.1039401197822627E-03   3.1894028392099190E+03   1.0402977067531688E-02
   6.3000000000000000E+06   7.1107382370010777E-03   3.1863536573055499E+03   1.0417750474539423E-02
   6.4000000000000000E+06   7.1174697015745055E-03   3.1833401106854890E+03   1.0432359349674663E-02
   6.5000000000000000E+06   7.1241173489117052E-03   3.1803696764023657E+03   1.0446793166785595E-02
   6.6000000000000000E+06   7.1306879726879754E-03   3.1774391018640972E+03   1.0461059323253512E-02
   6.7000000000000000E+06   7.1371768162371606E-03   3.1745502978243603E+03   1.0475156497404693E-02
   6.8000000000000000E+06   7.1436076518381630E-03   3.1716924965469948E+03   1.0489104720500705E-02
   6.9000000000000000E+06   7.1499659167762004E-03   3.1688719990187883E+03   1.0502895208403770E-02
   7.0000000000000000E+06   7.1562603446898992E-03   3.1660847560448287E+03   1.0516536604666640E-02
   7.1000000000000000E+06   7.1624891901212471E-03   3.1633313763126612E+03   1.0530029639123693E-02
   7.2000000000000000E+06   7.1686499324276768E-03   3.1606128073180794E+03   1.0543374409581396E-02
   7.3000000000000000E+06   7.1747355534683916E-03   3.1579319709780598E+03   1.0556567589774579E-02
   7.4000000000000000E+06   7.1807629065196703E-03   3.1552812817478498E+03   1.0569623715753049E-02
   7.5000000000000000E+06   7.1867239298365722E-03   3.1526641358166144E+03   1.0582538581922221E-02
   7.6000000000000000E+06   7.1926186270674635E-03   3.1500803757822100E+03   1.0595313987582124E-02
   7.7000000000000000E+06   7.1984473241257368E-03   3.1475297057011626E+03   1.0607951928232219E-02
   7.8000000000000000E+06   7.2042202474373058E-03   3.1450075107948696E+03   1.0620461783292149E-02
   7.9000000000000000E+06   7.2099317590200718E-03   3.1425161214965842E+03   1.0632840985517984E-02
   8.0000000000000000E+06   7.2156007470829822E-03   3.1400471813480499E+03   1.0645105327544545E-02
   8.1000000000000000E+06   7.2211891742510808E-03   3.1376171210693456E+03   1.0657227848928433E-02
   8.2000000000000000E+06   7.2267542325781730E-03   3.1352009572252618E+03   1.0669253000593822E-02
   8.3000000000000000E+06   7.2322189181889679E-03   3.1328319902800258E+03   1.0681124505868190E-02
   8.4000000000000000E+06   7.2376844141201196E-03   3.1304662501460057E+03   1.0692919745376551E-02
   8.5000000000000000E+06   7.2430496148515938E-03   3.1281473954220646E+03   1.0704564283710452E-02
   8.6000000000000000E+06   7.2483888679231792E-03   3.1258431632825209E+03   1.0716115293600977E-02
   8.7000000000000000E+06   7.2536430797190401E-03   3.1235789435187376E+03   1.0727529790651391E-02
   8.8000000000000000E+06   7.2588734137504253E-03   3.1213282690246683E+03   1.0738854986569967E-02
   8.9000000000000000E+06   7.2640576643275617E-03   3.1191006231787946E+03   1.0750075507362823E-02
   9.0000000000000000E+06   7.2691768804603865E-03   3.1169040401966145E+03   1.0761178389019599E-02
   9.1000000000000000E+06   7.2742518812722711E-03   3.1147294811089246E+03   1.0772180476299168E-02
   9.2000000000000000E+06   7.2792862111163833E-03   3.1125753446828649E+03   1.0783085622309707E-02
   9.3000000000000000E+06   7.2843036546578407E-03   3.1104313962972842E+03   1.0793912837308024E-02
   9.4000000000000000E+06   7.2892339929216867E-03   3.1083275430055501E+03   1.0804610571228137E-02
   9.5000000000000000E+06   7.2940882301970001E-03   3.1062589418388302E+03   1.0815188188922827E-02
   9.6000000000000000E+06   7.2989574759111421E-03   3.1041867091823883E+03   1.0825715132026721E-02
   9.7000000000000000E+06   7.3037594212600355E-03   3.1021458239244666E+03   1.0836130698744662E-02
   9.8000000000000000E+06   7.3085346012833497E-03   3.1001189737313775E+03   1.0846466332860603E-02
   9.9000000000000000E+06   7.3132433687689083E-03   3.0981229045882105E+03   1.0856693292065242E-02
   1.0000000000000000E+07   7.3179457240929863E-03   3.0961321171070913E+03   1.0866857576706032E-02
   1.1000000000000000E+07   7.3625498952157031E-03   3.0773749733545274E+03   1.0963702828964155E-02
   1.2000000000000000E+07   7.4037471590826243E-03   3.0602512890807848E+03   1.1053131946549225E-02
   1.3000000000000000E+07   7.4418138042385449E-03   3.0445973768795639E+03   1.1136030252043513E-02
   1.4000000000000000E+07   7.4772829903185494E-03   3.0301550465519490E+03   1.1213346180643171E-02
   1.5000000000000000E+07   7.5105483447936109E-03   3.0167340315860019E+03   1.1285824091857386E-02
   1.6000000000000000E+07   7.5417660329402392E-03   3.0042468420062610E+03   1.1353952968656936E-02
   1.7000000000000000E+07   7.5711273829910221E-03   2.9925961671853261E+03   1.1418187431920371E-02
   1.8000000000000000E+07   7.5989135540347370E-03   2.9816534464430924E+03   1.1479001134163041E-02
   1.9000000000000000E+07   7.6252578033784947E-03   2.9713522312087734E+03   1.1536717809828623E-02
   2.0000000000000000E+07   7.6502999739293575E-03   2.9616259316395817E+03   1.1591634451720229E-02
   2.1000000000000000E+07   7.6741608293029416E-03   2.9524175074747304E+03   1.1644007717253100E-02
   2.2000000000000000E+07   7.6969453142121686E-03   2.9436777660060484E+03   1.1694060837741677E-02
   2.3000000000000000E+07   7.7187451625955620E-03   2.9353640145300355E+03   1.1741989128127704E-02
   2.4000000000000000E+07   7.7396409979953651E-03   2.9274389850225930E+03   1.1787964417724365E-02
   2.5000000000000000E+07   7.7597040361285421E-03   2.9198699695400951E+03   1.1832138641614974E-02
   2.6000000000000000E+07   7.7789974793771154E-03   2.9126281179133425E+03   1.1874646777719678E-02
   2.7000000000000000E+07   7.7975776640148101E-03   2.9056878640879113E+03   1.1915609264227535E-02
   2.8000000000000000E+07   7.8154950081786943E-03   2.8990264549974827E+03   1.1955134001485039E-02
   2.9000000000000000E+07   7.8327948102461433E-03   2.8926235572994415E+03   1.1993318028110529E-02
   3.0000000000000000E+07   7.8495179119548349E-03   2.8864609319641959E+03   1.2030248922953297E-02
   3.1000000000000000E+07   7.8657012613535873E-03   2.8805221600434593E+03   1.2066005991284819E-02
   3.2000000000000000E+07   7.8813783861728798E-03   2.8747924128805821E+03   1.2100661268518151E-02
   3.3000000000000000E+07   7.8965798060220468E-03   2.8692582541028701E+03   1.2134280382963138E-02
   3.4000000000000000E+07   7.9113333749979038E-03   2.8639074747139957E+03   1.2166923287500133E-02
   3.5000000000000000E+07   7.9256645832407775E-03   2.8587289494335751E+03   1.2198644894658708E-02
   3.6000000000000000E+07   7.9395968164506347E-03   2.8537125135454507E+03   1.2229495624982500E-02
   3.7000000000000000E+07   7.9531515805056838E-03   2.8488488567409127E+03   1.2259521882717844E-02
   3.8000000000000000E+07   7.9663486944847178E-03   2.8441294320065322E+03   1.2288766468433609E-02
   3.9000000000000000E+07   7.9792064652170550E-03   2.8395463742389152E+03   1.2317268944308542E-02
   4.0000000000000000E+07   7.9917418314630426E-03   2.8350924323418662E+03   1.2345065948048246E-02
   4.1000000000000000E+07   8.0039705014703713E-03   2.8307609059089523E+03   1.2372191477324702E-02
   4.2000000000000000E+07   8.0159070684438158E-03   2.8265455916780511E+03   1.2398677136552671E-02
   4.3000000000000000E+07   8.0275651105547567E-03   2.8224407370823596E+03   1.2424552353848477E-02
   4.4000000000000000E+07   8.0389572830582550E-03   2.8184409979836701E+03   1.2449844576276878E-02
   4.5000000000000000E+07   8.0500954016135429E-03   2.8145414007229551E+03   1.2474579444767273E-02
   4.6000000000000000E+07   8.0609905151875997E-03   2.8107373088856075E+03   1.2498780949236149E-02
   4.7000000000000000E+07   8.0716529669526676E-03   2.8070243951735129E+03   1.2522471564221125E-02
   4.8000000000000000E+07   8.0820924555259892E-03   2.8033986139467202E+03   1.2545672375575799E-02
   4.9000000000000000E+07   8.0923180905110408E-03   2.7998561764617880E+03   1.2568403194797130E-02
   5.0000000000000000E+07   8.1023384323214726E-03   2.7963935321718041E+03   1.2590682654421004E-02
   5.1000000000000000E+07   8.1121615390881367E-03   2.7930073480954916E+03   1.2612528302418062E-02
   5.2000000000000000E+07   8.1217950071514177E-03   2.7896944908927803E+03   1.2633956686177901E-02
   5.3000000000000000E+07   8.1312460001868297E-03   2.7864520132695789E+03   1.2654983422988970E-02
   5.4000000000000000E+07   8.1405212881863597E-03   2.7832771373611463E+03   1.2675623273481304E-02
   5.5000000000000000E+07   8.1496272686970624E-03   2.7801672445362260E+03   1.2695890197800272E-02
   5.6000000000000000E+07   8.1585699990568191E-03   2.7771198617196551E+03   1.2715797416492151E-02
   5.7000000000000000E+07   8.1673552158396823E-03   2.7741326523510843E+03   1.2735357458620714E-02
   5.8000000000000000E+07   8.1759883597814307E-03   2.7712034057025617E+03   1.2754582211146247E-02
   5.9000000000000000E+07   8.1844745970451778E-03   2.7683300276587970E+03   1.2773482962994664E-02
   6.0000000000000000E+07   8.1928188338297424E-03   2.7655105339390993E+03   1.2792070441820800E-02
   6.1000000000000000E+07   8.2010257345409530E-03   2.7627430422737270E+03   1.2810354851357765E-02
   6.2000000000000000E+07   8.2090997386050912E-03   2.7600257651956349E+03   1.2828345905859918E-02
   6.3000000000000000E+07   8.2170450750253775E-03   2.7573570037329782E+03   1.2846052861142021E-02
   6.4000000000000000E+07   8.2248657706361014E-03   2.7547351433382128E+03   1.2863484539337305E-02
   6.5000000000000000E+07   8.2325656730546926E-03   2.7521586449979454E+03   1.2880649363273173E-02
   6.6000000000000000E+07   8.2401484458446903E-03   2.7496260457584776E+03   1.2897555368712095E-02
   6.7000000000000000E+07   8.2476175963157195E-03   2.7471359484140025E+03   1.2914210239909936E-02
   6.8000000000000000E+07   8.2549764742220234E-03   2.7446870210185671E+03   1.2930621322270811E-02
   6.9000000000000000E+07   8.2622282834169270E-03   2.7422779921351480E+03   1.2946795643745996E-02
   7.0000000000000000E+07   8.2693760887085285E-03   2.7399076477545132E+03   1.2962739931738616E-02
   7.1000000000000000E+07   8.2764228292755305E-03   2.7375748261032345E+03   1.2978460634110994E-02
   7.2000000000000000E+07   8.2833713178923386E-03   2.7352784172152556E+03   1.2993963928792937E-02
   7.3000000000000000E+07   8.2902242510892073E-03   2.7330173589253604E+03   1.3009255740903964E-02
   7.4000000000000000E+07   8.2969842220896890E-03   2.7307906320092166E+03   1.3024341761324236E-02
   7.5000000000000000E+07   8.3036537127033384E-03   2.7285972623049665E+03   1.3039227448890359E-02
   7.6000000000000000E+07   8.3102351121921228E-03   2.7264363139822308E+03   1.3053918052290609E-02
   7.7000000000000000E+07   8.3167307146652537E-03   2.7243068899246850E+03   1.3068418615352092E-02
   7.8000000000000000E+07   8.3231427214328340E-03   2.7222081305017350E+03   1.3082733985588816E-02
   7.9000000000000000E+07   8.3294732602842980E-03   2.7201392068383288E+03   1.3096868835023485E-02
   8.0000000000000000E+07   8.3357243682719902E-03   2.7180993260586542E+03   1.3110827653233003E-02
   8.1000000000000000E+07   8.3418980138772417E-03   2.7160877236713986E+03   1.3124614769578588E-02
   8.2000000000000000E+07   8.3479960917750319E-03   2.7141036649423227E+03   1.3138234354537695E-02
   8.3000000000000000E+07   8.3540204262342477E-03   2.7121464434608847E+03   1.3151690427201584E-02
   8.4000000000000000E+07   8.3599727797435339E-03   2.7102153780345056E+03   1.3164986866401666E-02
   8.5000000000000000E+07   8.3658548464206183E-03   2.7083098145439226E+03   1.3178127410147190E-02
   8.6000000000000000E+07   8.3716682688317941E-03   2.7064291202227087E+03   1.3191115672375445E-02
   8.7000000000000000E+07   8.3774146290251563E-03   2.7045726863166301E+03   1.3203955140118722E-02
   8.8000000000000000E+07   8.3830954524756647E-03   2.7027399265649210E+03   1.3216649180139621E-02
   8.9000000000000000E+07   8.3887122172687963E-03   2.7009302740138091E+03   1.3229201049292195E-02
   9.0000000000000000E+07   8.3942663534593322E-03   2.6991431810206464E+03   1.3241613897320042E-02
   9.1000000000000000E+07   8.3997592362110764E-03   2.6973781212604090E+03   1.3253890764809678E-02
   9.2000000000000000E+07   8.4051922037287046E-03   2.6956345837706813E+03   1.3266034599578111E-02
   9.3000000000000000E+07   8.4105665472574628E-03   2.6939120759943285E+03   1.3278048251946447E-02
   9.4000000000000000E+07   8.4158835169337604E-03   2.6922101217325026E+03   1.3289934481759844E-02
   9.5000000000000000E+07   8.4211443237707153E-03   2.6905282603523392E+03   1.3301695962370082E-02
   9.6000000000000000E+07   8.4263501397912159E-03   2.6888660465956136E+03   1.3313335283099508E-02
   9.7000000000000000E+07   8.4315021080104829E-03   2.6872230472533297E+03   1.3324854958973828E-02
   9.8000000000000000E+07   8.4366013197943821E-03   2.6855988482531502E+03   1.3336257415863398E-02
   9.9000000000000000E+07   8.4416488516769212E-03   2.6839930427939985E+03   1.3347545020130221E-02
   1.0000000000000000E+08   8.4466457411292700E-03   2.6824052389560306E+03   1.3358720062369557E-02
   1.1000000000000000E+08   8.4940364841464867E-03   2.6674393063767839E+03   1.3464737892810530E-02
   1.2000000000000000E+08   8.5373062479456724E-03   2.6539198817030629E+03   1.3561586149008289E-02
   1.3000000000000000E+08   8.5771144142455027E-03   2.6416024892917185E+03   1.3650725081593575E-02
   1.4000000000000000E+08   8.6139738414147057E-03   2.6302990007559279E+03   1.3733291794691889E-02
   1.5000000000000000E+08   8.6482912545337975E-03   2.6198616721809503E+03   1.3810189037349808E-02
   1.6000000000000000E+08   8.6803946578590477E-03   2.6101724265609664E+03   1.3882145486027666E-02
   1.7000000000000000E+08   8.7105524238355620E-03   2.6011354602047140E+03   1.3949757805365299E-02
   1.8000000000000000E+08   8.7389869105293592E-03   2.5926720133098752E+03   1.4013520715243262E-02
   1.9000000000000000E+08   8.7658844147371472E-03   2.5847165802824702E+03   1.4073848967661142E-02
   2.0000000000000000E+08   8.7914025849181489E-03   2.5772141098941324E+03   1.4131093713466780E-02
   2.1000000000000000E+08   8.8156759806850612E-03   2.5701179169076167E+03   1.4185554854064225E-02
   2.2000000000000000E+08   8.8388203937400708E-03   2.5633880742341398E+03   1.4237490569019861E-02
   2.3000000000000000E+08   8.8609361795017934E-03   2.5569901789863370E+03   1.4287124709982349E-02
   2.4000000000000000E+08   8.8821108843196543E-03   2.5508943856588985E+03   1.4334652628646239E-02
   2.5000000000000000E+08   8.9024213199640594E-03   2.5450746457933619E+03   1.4380245805750740E-02
   2.6000000000000000E+08   8.9219352916058130E-03   2.5395080828402674E+03   1.4424055619742063E-02
   2.7000000000000000E+08   8.9407128822686331E-03   2.5341745212001133E+03   1.4466216317788652E-02
   2.8000000000000000E+08   8.9588076644354364E-03   2.5290560570415610E+03   1.4506847568375610E-02
   2.9000000000000000E+08   8.9762675548265402E-03   2.5241367471748272E+03   1.4546056458748787E-02
   3.0000000000000000E+08   8.9931355836547350E-03   2.5194023349087606E+03   1.4583939199052810E-02
   3.1000000000000000E+08   9.0094505742990064E-03   2.5148400116922430E+03   1.4620582575063452E-02
   3.2000000000000000E+08   9.0252476226862222E-03   2.5104382433406527E+03   1.4656065101428665E-02
   3.3000000000000000E+08   9.0405586356369395E-03   2.5061865865564964E+03   1.4690458097413447E-02
   3.4000000000000000E+08   9.0554125928398628E-03   2.5020755879777366E+03   1.4723826455285647E-02
   3.5000000000000000E+08   9.0698360050118013E-03   2.4980966331795676E+03   1.4756229473252400E-02
   3.6000000000000000E+08   9.0838531272511257E-03   2.4942418674339751E+03   1.4787721435998550E-02
   3.7000000000000000E+08   9.0974862308304070E-03   2.4905041033013654E+03   1.4818352181623641E-02
   3.8000000000000000E+08   9.1107557820802286E-03   2.4868767563910628E+03   1.4848167550588797E-02
   3.9000000000000000E+08   9.1236806633922963E-03   2.4833537717426561E+03   1.4877209825491372E-02
   4.0000000000000000E+08   9.1362783433954903E-03   2.4799295660677326E+03   1.4905518098108970E-02
   4.1000000000000000E+08   9.1485649772635336E-03   2.4765989905433157E+03   1.4933128554539732E-02
   4.2000000000000000E+08   9.1605555428078394E-03   2.4733572851266190E+03   1.4960074761962306E-02
   4.3000000000000000E+08   9.1722639851580332E-03   2.4702000317776974E+03   1.4986387940165959E-02
   4.4000000000000000E+08   9.1837032739316062E-03   2.4671231323342881E+03   1.5012097148727005E-02
   4.5000000000000000E+08   9.1948854920469673E-03   2.4641227786042632E+03   1.5037229481753412E-02
   4.6000000000000000E+08   9.2058219541960081E-03   2.4611954152864760E+03   1.5061810270831633E-02
   4.7000000000000000E+08   9.2165232262710253E-03   2.4583377301136447E+03   1.5085863201423102E-02
   4.8000000000000000E+08   9.2269992006993231E-03   2.4555466294928883E+03   1.5109410460509922E-02
   4.9000000000000000E+08   9.2372591720558152E-03   2.4528192146164779E+03   1.5132472875075577E-02
   5.0000000000000000E+08   9.2473118963478460E-03   2.4501527623999723E+03   1.5155070030092034E-02
   5.1000000000000000E+08   9.2571655404281618E-03   2.4475447358763399E+03   1.5177220296806092E-02
   5.2000000000000000E+08   9.2668278595317982E-03   2.4449927344129546E+03   1.5198941025769502E-02
   5.3000000000000000E+08   9.2763061267793871E-03   2.4424945099862857E+03   1.5220248548080099E-02
   5.4000000000000000E+08   9.2856072530685362E-03   2.4400479333350468E+03   1.5241158314424104E-02
   5.5000000000000000E+08   9.2947376910565756E-03   2.4376510172429876E+03   1.5261684867621349E-02
   5.6000000000000000E+08   9.3037036408329509E-03   2.4353018606665673E+03   1.5281842037526080E-02
   5.7000000000000000E+08   9.3125108839416954E-03   2.4329986906840168E+03   1.5301642853485301E-02
   5.8000000000000000E+08   9.3211649626977287E-03   2.4307398139913753E+03   1.5321099712666250E-02
   5.9000000000000000E+08   9.3296711126287912E-03   2.4285236332652157E+03   1.5340224360267152E-02
   6.0000000000000000E+08   9.3380343120900277E-03   2.4263486329533162E+03   1.5359027955052710E-02
   6.1000000000000000E+08   9.3462592688893439E-03   2.4242133816070850E+03   1.5377521085290632E-02
   6.2000000000000000E+08   9.3543504720486927E-03   2.4221165173693380E+03   1.5395713831454019E-02
   6.3000000000000000E+08   9.3623122386120791E-03   2.4200567349342800E+03   1.5413615823298770E-02
   6.4000000000000000E+08   9.3701486129684364E-03   2.4180328107339401E+03   1.5431236184557988E-02
   6.5000000000000000E+08   9.3778634992872680E-03   2.4160435678481340E+03   1.5448583650973988E-02
   6.6000000000000000E+08   9.3854606006724094E-03   2.4140878910074530E+03   1.5465666541889434E-02
   6.7000000000000000E+08   9.3929434379473094E-03   2.4121647210261735E+03   1.5482492790289655E-02
   6.8000000000000000E+08   9.4003154400746913E-03   2.4102730309474355E+03   1.5499070025414577E-02
   6.9000000000000000E+08   9.4075798261120582E-03   2.4084118558018727E+03   1.5515405497881718E-02
   7.0000000000000000E+08   9.4147397018314073E-03   2.4065802672381237E+03   1.5531506164888681E-02
   7.1000000000000000E+08   9.4217979937502982E-03   2.4047773899037043E+03   1.5547378652524865E-02
   7.2000000000000000E+08   9.4287575734652782E-03   2.4030023691958950E+03   1.5563029360045704E-02
   7.3000000000000000E+08   9.4356211624810546E-03   2.4012543951746743E+03   1.5578464398689894E-02
   7.4000000000000000E+08   9.4423913755555793E-03   2.3995326910792946E+03   1.5593689633736897E-02
   7.5000000000000000E+08   9.4490706960817863E-03   2.3978365192045858E+03   1.5608710674927202E-02
   7.6000000000000000E+08   9.4556615626520436E-03   2.3961651585651789E+03   1.5623532949720008E-02
   7.7000000000000000E+08   9.4621662756571197E-03   2.3945179282993859E+03   1.5638161640975576E-02
   7.8000000000000000E+08   9.4685870503622028E-03   2.3928941738719177E+03   1.5652601734042509E-02
   7.9000000000000000E+08   9.4749260368841778E-03   2.3912932617531696E+03   1.5666858038547445E-02
   8.0000000000000000E+08   9.4811852840932485E-03   2.3897145882829013E+03   1.5680935167684859E-02
   8.1000000000000000E+08   9.4873667810597591E-03   2.3881575689519118E+03   1.5694837575292456E-02
   8.2000000000000000E+08   9.4934724424661533E-03   2.3866216418620606E+03   1.5708569550519243E-02
   8.3000000000000000E+08   9.4995040531726666E-03   2.3851062814214656E+03   1.5722135181503675E-02
   8.4000000000000000E+08   9.5054634768343849E-03   2.3836109457291182E+03   1.5735538516858685E-02
   8.5000000000000000E+08   9.5113523605088995E-03   2.3821351505895141E+03   1.5748783348700550E-02
   8.6000000000000000E+08   9.5171723656498411E-03   2.3806784113091703E+03   1.5761873390356847E-02
   8.7000000000000000E+08   9.5229250972298212E-03   2.3792402603483379E+03   1.5774812227324315E-02
   8.8000000000000000E+08   9.5286120713655529E-03   2.3778202552393091E+03   1.5787603296880146E-02
   8.9000000000000000E+08   9.5342347902133157E-03   2.3764179597158709E+03   1.5800249947959963E-02
   9.0000000000000000E+08   9.5397946904674635E-03   2.3750329564483068E+03   1.5812755405988338E-02
   9.1000000000000000E+08   9.5452931333272102E-03   2.3736648493803896E+03   1.5825122768639573E-02
   9.2000000000000000E+08   9.5507315068996037E-03   2.3723132381266064E+03   1.5837355085772397E-02
   9.3000000000000000E+08   9.5561110855148616E-03   2.3709777528596064E+03   1.5849455256814762E-02
   9.4000000000000000E+08   9.5614331101343316E-03   2.3696580341702020E+03   1.5861426093872161E-02
   9.5000000000000000E+08   9.5666988280417361E-03   2.3683537231461755E+03   1.5873270354142495E-02
   9.6000000000000000E+08   9.5719094179280116E-03   2.3670644798595818E+03   1.5884990686203859E-02
   9.7000000000000000E+08   9.5770660054240661E-03   2.3657899793922898E+03   1.5896589644033652E-02
   9.8000000000000000E+08   9.5821697039997853E-03   2.3645299016310669E+03   1.5908069719942075E-02
   9.9000000000000000E+08   9.5872215860505986E-03   2.3632839383390487E+03   1.5919433325009495E-02
   1.0000000000000000E+09   9.5922227013818095E-03   2.3620517885126765E+03   1.5930682804979647E-02
   1.1000000000000000E+09   9.6396497133597811E-03   2.3504305095453378E+03   1.6037368572907409E-02
   1.2000000000000000E+09   9.6829472119275249E-03   2.3399205109474665E+03   1.6134770626908743E-02
   1.3000000000000000E+09   9.7227771481020325E-03   2.3303348870886853E+03   1.6224376194004776E-02
   1.4000000000000000E+09   9.7596538898238484E-03   2.3215297431023696E+03   1.6307341356433882E-02
   1.5000000000000000E+09   9.7939854011142094E-03   2.3133919298096152E+03   1.6384582849897213E-02
   1.6000000000000000E+09   9.8261003326785678E-03   2.3058310031966134E+03   1.6456839609171256E-02
   1.7000000000000000E+09   9.8562677666902063E-03   2.2987734631340345E+03   1.6524716291858390E-02
   1.8000000000000000E+09   9.8847103204955274E-03   2.2921589053178218E+03   1.6588713605748810E-02
   1.9000000000000000E+09   9.9116147296779145E-03   2.2859369946825068E+03   1.6649251199247109E-02
   2.0000000000000000E+09   9.9371387980183926E-03   2.2800654442030127E+03   1.6706683988752274E-02
   2.1000000000000000E+09   9.9614172308788614E-03   2.2745083618600547E+03   1.6761314935503435E-02
   2.2000000000000000E+09   9.9845660979863676E-03   2.2692349938151247E+03   1.6813404839093722E-02
   2.3000000000000000E+09   1.0006685731401984E-02   2.2642188828324884E+03   1.6863179523716194E-02
   2.4000000000000000E+09   1.0027863894035156E-02   2.2594370074256781E+03   1.6910836160423319E-02
   2.5000000000000000E+09   1.0048177362622625E-02   2.2548693131046725E+03   1.6956547594263176E-02
   2.6000000000000000E+09   1.0067693989881306E-02   2.2504981588020955E+03   1.7000466415086530E-02
   2.7000000000000000E+09   1.0086474000646224E-02   2.2463079552040863E+03   1.7042727977278949E-02
   2.8000000000000000E+09   1.0104570848409034E-02   2.2422849151657142E+03   1.7083452717299521E-02
   2.9000000000000000E+09   1.0122032712355485E-02   2.2384166729627418E+03   1.7122748657862327E-02
   3.0000000000000000E+09   1.0138902516715618E-02   2.2346922411233895E+03   1.7160712569274750E-02
   3.1000000000000000E+09   1.0155219030836710E-02   2.2311017338780152E+03   1.7197431753600386E-02
   3.2000000000000000E+09   1.0171017549509867E-02   2.2276361905110111E+03   1.7232985361659566E-02
   3.3000000000000000E+09   1.0186329851786921E-02   2.2242875615927724E+03   1.7267445044575960E-02
   3.4000000000000000E+09   1.0201184943289004E-02   2.2210485265749689E+03   1.7300876091296585E-02
   3.5000000000000000E+09   1.0215609497640896E-02   2.2179123813261544E+03   1.7333338256222765E-02
   3.6000000000000000E+09   1.0229627605243883E-02   2.2148730786638084E+03   1.7364885997191687E-02
   3.7000000000000000E+09   1.0243261640415495E-02   2.2119250276898870E+03   1.7395569494161489E-02
   3.8000000000000000E+09   1.0256532024032575E-02   2.2090631350364165E+03   1.7425434790092387E-02
   3.9000000000000000E+09   1.0269457729286223E-02   2.2062826864749745E+03   1.7454524447966430E-02
   4.0000000000000000E+09   1.0282056186520481E-02   2.2035793596726294E+03   1.7482877721802865E-02
   4.1000000000000000E+09   1.0294343557147921E-02   2.2009491583247764E+03   1.7510530974656199E-02
   4.2000000000000000E+09   1.0306334711533263E-02   2.1983884107951790E+03   1.7537517848906597E-02
   4.3000000000000000E+09   1.0318043791688212E-02   2.1958936446715416E+03   1.7563869853346504E-02
   4.4000000000000000E+09   1.0329483616176695E-02   2.1934617091727450E+03   1.7589616062615068E-02
   4.5000000000000000E+09   1.0340666255919560E-02   2.1910896480814777E+03   1.7614783678771083E-02
   4.6000000000000000E+09   1.0351603394961191E-02   2.1887746200399852E+03   1.7639398417286300E-02
   4.7000000000000000E+09   1.0362305045999748E-02   2.1865141671695342E+03   1.7663483646195237E-02
   4.8000000000000000E+09   1.0372781415163838E-02   2.1843058173855220E+03   1.7687061877340086E-02
   4.9000000000000000E+09   1.0383041922074543E-02   2.1821472895569163E+03   1.7710154113687333E-02
   5.0000000000000000E+09   1.0393094845636426E-02   2.1800365650587278E+03   1.7732779657800485E-02
   5.1000000000000000E+09   1.0402948946896660E-02   2.1779715447291305E+03   1.7754957396385218E-02
   5.2000000000000000E+09   1.0412611490657709E-02   2.1759504623733596E+03   1.7776704376272257E-02
   5.3000000000000000E+09   1.0422090192941233E-02   2.1739714748349002E+03   1.7798037320268641E-02
   5.4000000000000000E+09   1.0431391582812853E-02   2.1720330032420461E+03   1.7818971447552130E-02
   5.5000000000000000E+09   1.0440522414880729E-02   2.1701334365527182E+03   1.7839521578475154E-02
   5.6000000000000000E+09   1.0449488651785200E-02   2.1682713425158850E+03   1.7859701412053206E-02
   5.7000000000000000E+09   1.0458296015168334E-02   2.1664453515897267E+03   1.7879523976688343E-02
   5.8000000000000000E+09   1.0466950465966183E-02   2.1646540567171155E+03   1.7899002024599642E-02
   5.9000000000000000E+09   1.0475456864726437E-02   2.1628962898891655E+03   1.7918147057802584E-02
   6.0000000000000000E+09   1.0483820140678331E-02   2.1611708788953729E+03   1.7936970233821493E-02
   6.1000000000000000E+09   1.0492045248023449E-02   2.1594766560770518E+03   1.7955482359079712E-02
   6.2000000000000000E+09   1.0500136665686862E-02   2.1578125608261957E+03   1.7973693537600068E-02
   6.3000000000000000E+09   1.0508098622508155E-02   2.1561775923076343E+03   1.7991613362106928E-02
   6.4000000000000000E+09   1.0515935194032265E-02   2.1545707889554806E+03   1.8009251007030668E-02
   6.5000000000000000E+09   1.0523650412927537E-02   2.1529912053880016E+03   1.8026615330161630E-02
   6.6000000000000000E+09   1.0531247585656982E-02   2.1514380516956903E+03   1.8043714377321850E-02
   6.7000000000000000E+09   1.0538730516844888E-02   2.1499104423816320E+03   1.8060556317072044E-02
   6.8000000000000000E+09   1.0546102687257869E-02   2.1484075643399615E+03   1.8077148838824497E-02
   6.9000000000000000E+09   1.0553367370663841E-02   2.1469286524217323E+03   1.8093499254315602E-02
   7.0000000000000000E+09   1.0560527250865629E-02   2.1454730667688600E+03   1.8109614223047559E-02
   7.1000000000000000E+09   1.0567585572323103E-02   2.1440400583981241E+03   1.8125500627523081E-02
   7.2000000000000000E+09   1.0574545455060633E-02   2.1426289086277220E+03   1.8141165070245182E-02
   7.3000000000000000E+09   1.0581409150341111E-02   2.1412390793791769E+03   1.8156613325559682E-02
   7.4000000000000000E+09   1.0588179409976726E-02   2.1398699351714708E+03   1.8171851376645325E-02
   7.5000000000000000E+09   1.0594858953984784E-02   2.1385208511047954E+03   1.8186885025042853E-02
   7.6000000000000000E+09   1.0601449893804306E-02   2.1371913289758777E+03   1.8201719466262641E-02
   7.7000000000000000E+09   1.0607954618382444E-02   2.1358808179993616E+03   1.8216359962414202E-02
   7.8000000000000000E+09   1.0614375608191283E-02   2.1345887524581080E+03   1.8230811709980321E-02
   7.9000000000000000E+09   1.0620714654342594E-02   2.1333147085678156E+03   1.8245079260758110E-02
   8.0000000000000000E+09   1.0626973976194106E-02   2.1320581793430897E+03   1.8259167366815113E-02
   8.1000000000000000E+09   1.0633155444805404E-02   2.1308187306411987E+03   1.8273080403857427E-02
   8.2000000000000000E+09   1.0639261352575551E-02   2.1295958466257543E+03   1.8286822954343186E-02
   8.3000000000000000E+09   1.0645293007376735E-02   2.1283892112608114E+03   1.8300398757949282E-02
   8.4000000000000000E+09   1.0651252512313306E-02   2.1271983516884943E+03   1.8313812051924137E-02
   8.5000000000000000E+09   1.0657141349659323E-02   2.1260229215534509E+03   1.8327066513301460E-02
   8.6000000000000000E+09   1.0662961597455634E-02   2.1248624578200888E+03   1.8340166176129838E-02
   8.7000000000000000E+09   1.0668714466603646E-02   2.1237166725696143E+03   1.8353114338008437E-02
   8.8000000000000000E+09   1.0674401318936252E-02   2.1225852495743243E+03   1.8365914327889362E-02
   8.9000000000000000E+09   1.0680024323003115E-02   2.1214677141521515E+03   1.8378570001785575E-02
   9.0000000000000000E+09   1.0685584070693074E-02   2.1203639068969705E+03   1.8391083958041926E-02
   9.1000000000000000E+09   1.0691082821551507E-02   2.1192733388929760E+03   1.8403459974844140E-02
   9.2000000000000000E+09   1.0696521213808215E-02   2.1181958446791373E+03   1.8415700545603687E-02
   9.3000000000000000E+09   1.0701900671629029E-02   2.1171311043538149E+03   1.8427808688104164E-02
   9.4000000000000000E+09   1.0707222753662380E-02   2.1160787730750176E+03   1.8439787458479989E-02
   9.5000000000000000E+09   1.0712488689896915E-02   2.1150385725941737E+03   1.8451639606398375E-02
   9.6000000000000000E+09   1.0717699358865233E-02   2.1140102953969877E+03   1.8463367560431158E-02
   9.7000000000000000E+09   1.0722855739455540E-02   2.1129937153067808E+03   1.8474973769448028E-02
   9.8000000000000000E+09   1.0727959631798702E-02   2.1119884456362333E+03   1.8486461245754954E-02
   9.9000000000000000E+09   1.0733011757470913E-02   2.1109943135802255E+03   1.8497832141807578E-02
   1.0000000000000000E+10   1.0738012678429642E-02   2.1100111786163652E+03   1.8509088441721173E-02
   1.1000000000000000E+10   1.0785440126469089E-02   2.1007327027857045E+03   1.8615837217930344E-02
   1.2000000000000000E+10   1.0828737997043116E-02   2.0923330857019155E+03   1.8713291770067014E-02
   1.3000000000000000E+10   1.0868567959151842E-02   2.0846653278302661E+03   1.8802941530977144E-02
   1.4000000000000000E+10   1.0905445121507150E-02   2.0776159556226826E+03   1.8885944864640705E-02
   1.5000000000000000E+10   1.0939776829735289E-02   2.0710958861634331E+03   1.8963219307953819E-02
   1.6000000000000000E+10   1.0971891660381155E-02   2.0650337689192697E+03   1.9035504688622258E-02
   1.7000000000000000E+10   1.1002059233070563E-02   2.0593714601632237E+03   1.9103406792649547E-02
   1.8000000000000000E+10   1.1030502177237314E-02   2.0540612225585478E+03   1.9167426900760526E-02
   1.9000000000000000E+10   1.1057406346236233E-02   2.0490634130781491E+03   1.9227984444450279E-02
   2.0000000000000000E+10   1.1082930814018817E-02   2.0443443316411856E+03   1.9285435649108892E-02
   2.1000000000000000E+10   1.1107209157556544E-02   2.0398757659295891E+03   1.9340082917426782E-02
   2.2000000000000000E+10   1.1130357751602657E-02   2.0356332916925676E+03   1.9392187513544382E-02
   2.3000000000000000E+10   1.1152477526529737E-02   2.0315958255654939E+03   1.9441975905227595E-02
   2.4000000000000000E+10   1.1173656481163833E-02   2.0277450649933389E+03   1.9489645602721251E-02
   2.5000000000000000E+10   1.1193969210442484E-02   2.0240654911284309E+03   1.9535367950285275E-02
   2.6000000000000000E+10   1.1213486494217276E-02   2.0205425671395813E+03   1.9579297849277404E-02
   2.7000000000000000E+10   1.1232266216204051E-02   2.0171643327794854E+03   1.9621568995670358E-02
   2.8000000000000000E+10   1.1250363021976104E-02   2.0139196169361551E+03   1.9662302804506083E-02
   2.9000000000000000E+10   1.1267824836618564E-02   2.0107986338213427E+03   1.9701607180336450E-02
   3.0000000000000000E+10   1.1284694364456439E-02   2.0077926841310743E+03   1.9739578791336525E-02
   3.1000000000000000E+10   1.1301011490878613E-02   2.0048937040634116E+03   1.9776305831682429E-02
   3.2000000000000000E+10   1.1316810346186153E-02   2.0020947682706801E+03   1.9811866626334985E-02
   3.3000000000000000E+10   1.1332121792041258E-02   1.9993896291798967E+03   1.9846332180178217E-02
   3.4000000000000000E+10   1.1346977552712899E-02   1.9967719758283793E+03   1.9879769859116207E-02
   3.5000000000000000E+10   1.1361401615292369E-02   1.9942369396672143E+03   1.9912237434702836E-02
   3.6000000000000000E+10   1.1375419641199595E-02   1.9917794246069211E+03   1.9943790572722029E-02
   3.7000000000000000E+10   1.1389053951026074E-02   1.9893949826771636E+03   1.9974479438911442E-02
   3.8000000000000000E+10   1.1402324251251995E-02   1.9870796767705485E+03   2.0004349563516481E-02
   3.9000000000000000E+10   1.1415249581214778E-02   1.9848297338059317E+03   2.0033443580085752E-02
   4.0000000000000000E+10   1.1427848719559069E-02   1.9826414702910949E+03   2.0061801773114240E-02
   4.1000000000000000E+10   1.1440135701421788E-02   1.9805120654989200E+03   2.0089458927262095E-02
   4.2000000000000000E+10   1.1452127063547451E-02   1.9784382990064719E+03   2.0116449950608659E-02
   4.3000000000000000E+10   1.1463836571177144E-02   1.9764174625950964E+03   2.0142806083205962E-02
   4.4000000000000000E+10   1.1475275657983520E-02   1.9744472780353437E+03   2.0168555373243309E-02
   4.5000000000000000E+10   1.1486458406261517E-02   1.9725250365473660E+03   2.0193726543498627E-02
   4.6000000000000000E+10   1.1497395996032590E-02   1.9706485534141098E+03   2.0218344941786228E-02
   4.7000000000000000E+10   1.1508098462048642E-02   1.9688158614848523E+03   2.0242433962380152E-02
   4.8000000000000000E+10   1.1518574388181751E-02   1.9670252605962762E+03   2.0266014908743784E-02
   4.9000000000000000E+10   1.1528834192407144E-02   1.9652747545396089E+03   2.0289109541038460E-02
   5.0000000000000000E+10   1.1538887729442461E-02   1.9635624610332839E+03   2.0311738351650187E-02
   5.1000000000000000E+10   1.1548741594865710E-02   1.9618870680839980E+03   2.0333918609382492E-02
   5.2000000000000000E+10   1.1558403765540091E-02   1.9602470416512645E+03   2.0355667901706506E-02
   5.3000000000000000E+10   1.1567882339217158E-02   1.9586408404932054E+03   2.0377003243719216E-02
   5.4000000000000000E+10   1.1577184123921858E-02   1.9570671542481662E+03   2.0397940069309391E-02
   5.5000000000000000E+10   1.1586315769061434E-02   1.9555247102890060E+03   2.0418493124962453E-02
   5.6000000000000000E+10   1.1595280929877921E-02   1.9540127509311967E+03   2.0438674383157152E-02
   5.7000000000000000E+10   1.1604088293646462E-02   1.9525296787009343E+03   2.0458499101706749E-02
   5.8000000000000000E+10   1.1612743454280882E-02   1.9510744275727957E+03   2.0477979761577485E-02
   5.9000000000000000E+10   1.1621248566088585E-02   1.9496465167887447E+03   2.0497125838019249E-02
   6.0000000000000000E+10   1.1629612272671511E-02   1.9482443830783056E+03   2.0515951278980236E-02
   6.1000000000000000E+10   1.1637838272990626E-02   1.9468673009655467E+03   2.0534465952419808E-02
   6.2000000000000000E+10   1.1645929399227577E-02   1.9455146953847718E+03   2.0552678729820143E-02
   6.3000000000000000E+10   1.1653892133806716E-02   1.9441853869476170E+03   2.0570600897719254E-02
   6.4000000000000000E+10   1.1661727471654532E-02   1.9428791182680800E+03   2.0588239321832739E-02
   6.5000000000000000E+10   1.1669443167152476E-02   1.9415945099580563E+03   2.0605605654905216E-02
   6.6000000000000000E+10   1.1677039700621547E-02   1.9403313997814698E+03   2.0622705824690571E-02
   6.7000000000000000E+10   1.1684522792598183E-02   1.9390887578193251E+03   2.0639549439486087E-02
   6.8000000000000000E+10   1.1691895461393436E-02   1.9378660083324512E+03   2.0656143843861708E-02
   6.9000000000000000E+10   1.1699159475948365E-02   1.9366627862617574E+03   2.0672495222442168E-02
   7.0000000000000000E+10   1.1706318667657582E-02   1.9354783882834874E+03   2.0688611097654706E-02
   7.1000000000000000E+10   1.1713377323352961E-02   1.9343120401695664E+03   2.0704499135901673E-02
   7.2000000000000000E+10   1.1720338430932425E-02   1.9331631864668154E+03   2.0720165842153991E-02
   7.3000000000000000E+10   1.1727201777654139E-02   1.9320318024018070E+03   2.0735615143641639E-02
   7.4000000000000000E+10   1.1733970954614186E-02   1.9309172380984280E+03   2.0750853654738066E-02
   7.5000000000000000E+10   1.1740651772239204E-02   1.9298184825806770E+03   2.0765889497138427E-02
   7.6000000000000000E+10   1.1747243090070310E-02   1.9287356713306247E+03   2.0780725427767297E-02
   7.7000000000000000E+10   1.1753747637171555E-02   1.9276683052098526E+03   2.0795366965220875E-02
   7.8000000000000000E+10   1.1760168444566350E-02   1.9266158384048790E+03   2.0809819720266493E-02
   7.9000000000000000E+10   1.1766506916761269E-02   1.9255779942079216E+03   2.0824087955751042E-02
   8.0000000000000000E+10   1.1772766628687746E-02   1.9245541428129288E+03   2.0838177441966060E-02
   8.1000000000000000E+10   1.1778947506137940E-02   1.9235442534915960E+03   2.0852091096079807E-02
   8.2000000000000000E+10   1.1785053610606082E-02   1.9225476214397620E+03   2.0865834828886678E-02
   8.3000000000000000E+10   1.1791085263874282E-02   1.9215641546608679E+03   2.0879411641144582E-02
   8.4000000000000000E+10   1.1797044972783288E-02   1.9205934062202048E+03   2.0892826073918992E-02
   8.5000000000000000E+10   1.1802933395010604E-02   1.9196352321354809E+03   2.0906081186375047E-02
   8.6000000000000000E+10   1.1808753428302669E-02   1.9186891254166401E+03   2.0919181628419027E-02
   8.7000000000000000E+10   1.1814508206811427E-02   1.9177545430581829E+03   2.0932132141441493E-02
   8.8000000000000000E+10   1.1820194643939266E-02   1.9168319532900596E+03   2.0944932717461489E-02
   8.9000000000000000E+10   1.1825816134127667E-02   1.9159207728779832E+03   2.0957588132931627E-02
   9.0000000000000000E+10   1.1831376315631071E-02   1.9150203816674295E+03   2.0970103272659746E-02
   9.1000000000000000E+10   1.1836874619403123E-02   1.9141308424835963E+03   2.0982479793143400E-02
   9.2000000000000000E+10   1.1842312779876595E-02   1.9132518460508782E+03   2.0994721010860501E-02
   9.3000000000000000E+10   1.1847692683677656E-02   1.9123830599375162E+03   2.1006830291197095E-02
   9.4000000000000000E+10   1.1853016371492883E-02   1.9115241283309829E+03   2.1018811052533875E-02
   9.5000000000000000E+10   1.1858281390754597E-02   1.9106754209151895E+03   2.1030663281971007E-02
   9.6000000000000000E+10   1.1863492297659713E-02   1.9098361780097723E+03   2.1042392168080244E-02
   9.7000000000000000E+10   1.1868646784938307E-02   1.9090067467812482E+03   2.1053997694500982E-02
   9.8000000000000000E+10   1.1873752101916686E-02   1.9081859376155753E+03   2.1065486962635258E-02
   9.9000000000000000E+10   1.1878803743643706E-02   1.9073744525609015E+03   2.1076858203898138E-02
   1.0000000000000000E+11   1.1883804415542168E-02   1.9065718346877657E+03   2.1088115011105395E-02
   1.1000000000000000E+11   1.1931232332939110E-02   1.8989930088830524E+03   2.1194870386581952E-02
