   1.0000000000000000E-03   0.0000000000000000E+00   1.0000000000000000E+30
   1.0999999999999999E-02   3.0230435990274923E-01   7.4948726491737077E+01
   2.1000000000000001E-02   4.3342700428031844E-01   5.2274838816820001E+01
   3.1000000000000007E-02   5.0142214720130596E-01   4.5186130915981586E+01
   4.1000000000000002E-02   6.1515568588858449E-01   3.6831857865188361E+01
   5.1000000000000004E-02   7.2237793017271279E-01   3.1364921104654563E+01
   6.0999999999999999E-02   9.1656916090332119E-01   2.4719713202308661E+01
   7.0999999999999994E-02   1.1353255063775793E+00   1.9956679084839983E+01
   8.0999999999999989E-02   1.4788780276393756E+00   1.5320618985581270E+01
   9.0999999999999998E-02   1.7860617136201338E+00   1.2685634888666364E+01
   1.0100000000000001E-01   1.9920139746895489E+00   1.1374080240145853E+01
   2.0099999999999998E-01   2.3090851745426795E+00   9.8122525047600906E+00
   3.0099999999999999E-01   2.1295821710822858E+00   1.0639329674748359E+01
   4.0099999999999997E-01   1.9678315356960738E+00   1.1513854909127833E+01
   5.0100000000000000E-01   1.8405087521888004E+00   1.2310360795984197E+01
   6.0099999999999998E-01   1.7392884055252862E+00   1.3026779639094997E+01
   7.0099999999999996E-01   1.6570936214288852E+00   1.3672931024907180E+01
   8.0099999999999993E-01   1.5839341880044624E+00   1.4304462242939458E+01
   9.0100000000000002E-01   1.4894923230411636E+00   1.5211442474137979E+01
   1.0009999999999999E+00   1.4116467808340072E+00   1.6050280491713906E+01
   1.1010000000000000E+00   1.3461846342357278E+00   1.6830772103170002E+01
   1.2010000000000001E+00   1.2902315645103242E+00   1.7560666946022078E+01
   1.3009999999999999E+00   1.2417547964113975E+00   1.8246216445540792E+01
   1.4010000000000000E+00   1.1992733182679503E+00   1.8892546379947511E+01
   1.5009999999999999E+00   1.1616807677339678E+00   1.9503918302622250E+01
   1.6009999999999998E+00   1.1281328135559636E+00   2.0083917882144672E+01
   1.7009999999999998E+00   1.0979730986493792E+00   2.0635593727643840E+01
   1.8009999999999997E+00   1.0706831139237425E+00   2.1161561710428291E+01
   1.9009999999999998E+00   1.0458474042996353E+00   2.1664084735940577E+01
   2.0009999999999999E+00   1.0231288784958081E+00   2.2145134658813785E+01
   2.1010000000000000E+00   1.0022509419556527E+00   2.2606441001093451E+01
   2.2009999999999996E+00   9.8298433995353018E-01   2.3049529750068967E+01
   2.3009999999999997E+00   9.6513731826546778E-01   2.3475754546855836E+01
   2.4009999999999998E+00   9.4854815625776934E-01   2.3886322099869897E+01
   2.5009999999999999E+00   9.3307943132436810E-01   2.4282312981063228E+01
   2.6010000000000000E+00   9.1861355987429605E-01   2.4664698821462260E+01
   2.7009999999999996E+00   9.0504929112577370E-01   2.5034356702746855E+01
   2.8009999999999997E+00   8.9229892955836621E-01   2.5392081103162145E+01
   2.9009999999999998E+00   8.8028610505323346E-01   2.5738594142912937E+01
   3.0009999999999999E+00   8.6894397759117292E-01   2.6074554139174648E+01
   3.1010000000000000E+00   8.5821377338896032E-01   2.6400562995091935E+01
   3.2009999999999996E+00   8.4804358545244296E-01   2.6717172532497610E+01
   3.3009999999999997E+00   8.3838738433901872E-01   2.7024889938526147E+01
   3.4009999999999998E+00   8.2920419727386552E-01   2.7324182465670336E+01
   3.5009999999999999E+00   8.2045742056791759E-01   2.7615481583343453E+01
   3.6010000000000000E+00   8.1211424442007785E-01   2.7899186528602460E+01
   3.7009999999999996E+00   8.0414516575555295E-01   2.8175667469594984E+01
   3.8009999999999997E+00   7.9652357469249679E-01   2.8445268297749767E+01
   3.9009999999999998E+00   7.8922540365988403E-01   2.8708309036356049E+01
   4.0009999999999994E+00   7.8222882553746431E-01   2.8965088025288637E+01
   4.1010000000000000E+00   7.7551399494980466E-01   2.9215883833375955E+01
   4.2009999999999996E+00   7.6906282387561797E-01   2.9460957004047323E+01
   4.3010000000000002E+00   7.6285878944545782E-01   2.9700551532061404E+01
   4.4009999999999998E+00   7.5688676434869495E-01   2.9934896281490072E+01
   4.5009999999999994E+00   7.5113287059889633E-01   3.0164206193699879E+01
   4.6010000000000000E+00   7.4558435042365778E-01   3.0388683419570700E+01
   4.7009999999999996E+00   7.4022945432570286E-01   3.0608518284712186E+01
   4.8010000000000002E+00   7.3505734134640544E-01   3.0823890209856753E+01
   4.9009999999999998E+00   7.3005799115655656E-01   3.1034968539577392E+01
   5.0009999999999994E+00   7.2522212776962014E-01   3.1241913229112484E+01
   5.1010000000000000E+00   7.2054114759989729E-01   3.1444875650865644E+01
   5.2009999999999996E+00   7.1600706185505059E-01   3.1643999053458472E+01
   5.3010000000000002E+00   7.1161244005168123E-01   3.1839419201223212E+01
   5.4009999999999998E+00   7.0735036075115065E-01   3.2031264907464660E+01
   5.5009999999999994E+00   7.0321436944883986E-01   3.2219658431281765E+01
   5.6010000000000000E+00   6.9919843710848639E-01   3.2404716007818152E+01
   5.7009999999999996E+00   6.9529692723869996E-01   3.2586548135042158E+01
   5.8010000000000002E+00   6.9150456253380255E-01   3.2765260007237117E+01
   5.9009999999999998E+00   6.8781639547280005E-01   3.2940951883004061E+01
   6.0009999999999994E+00   6.8422778528913963E-01   3.3113719253649300E+01
   6.1010000000000000E+00   6.8073437018276983E-01   3.3283653330927820E+01
   6.2009999999999996E+00   6.7733205068053848E-01   3.3450841082813398E+01
   6.3010000000000002E+00   6.7401696575736114E-01   3.3615365693579875E+01
   6.4009999999999989E+00   6.7078547804703947E-01   3.3777306648880575E+01
   6.5009999999999994E+00   6.6763415710177620E-01   3.3936739974430111E+01
   6.6009999999999991E+00   6.6455976333005029E-01   3.4093738498516579E+01
   6.7009999999999987E+00   6.6155923683293627E-01   3.4248371916137963E+01
   6.8009999999999993E+00   6.5862968210773176E-01   3.4400707109195778E+01
   6.9009999999999989E+00   6.5576836008770134E-01   3.4550808130756181E+01
   7.0009999999999994E+00   6.5297267481457144E-01   3.4698736503858967E+01
   7.1009999999999991E+00   6.5024016634716608E-01   3.4844551229266813E+01
   7.2009999999999987E+00   6.4756849887263901E-01   3.4988309077812239E+01
   7.3009999999999993E+00   6.4495545590066927E-01   3.5130064534410721E+01
   7.4009999999999989E+00   6.4239893072672494E-01   3.5269870019832233E+01
   7.5009999999999994E+00   6.3989692014323074E-01   3.5407775962633664E+01
   7.6009999999999991E+00   6.3744751916985365E-01   3.5543830835073891E+01
   7.7009999999999987E+00   6.3504891096781624E-01   3.5678081477347902E+01
   7.8009999999999993E+00   6.3269936798827742E-01   3.5810572815414275E+01
   7.9009999999999989E+00   6.3039724000838493E-01   3.5941348327142798E+01
   8.0009999999999994E+00   6.2814095541945825E-01   3.6070449780624088E+01
   8.1009999999999991E+00   6.2592901175121218E-01   3.6197917594873203E+01
   8.2009999999999987E+00   6.2375997522965598E-01   3.6323790700531603E+01
   8.3009999999999984E+00   6.2163247540297339E-01   3.6448106693465753E+01
   8.4009999999999998E+00   6.1954520105733346E-01   3.6570901927644933E+01
   8.5009999999999994E+00   6.1749689821311071E-01   3.6692211496407054E+01
   8.6009999999999991E+00   6.1548636704247428E-01   3.6812069285114212E+01
   8.7009999999999987E+00   6.1351245766045215E-01   3.6930508100864799E+01
   8.8009999999999984E+00   6.1157406825280991E-01   3.7047559672273103E+01
   8.9009999999999998E+00   6.0967014202746028E-01   3.7163254726996762E+01
   9.0009999999999994E+00   6.0779966619956260E-01   3.7277622953105706E+01
   9.1009999999999991E+00   6.0596166828835607E-01   3.7390693130161772E+01
   9.2009999999999987E+00   6.0415521513326376E-01   3.7502493101235714E+01
   9.3009999999999984E+00   6.0237940989632188E-01   3.7613049874182202E+01
   9.4009999999999998E+00   6.0063339030400154E-01   3.7722389652934773E+01
   9.5009999999999994E+00   5.9891632856487753E-01   3.7830537767942069E+01
   9.6009999999999991E+00   5.9722742768352777E-01   3.7937518836822363E+01
   9.7009999999999987E+00   5.9556592089025273E-01   3.8043356734956561E+01
   9.8009999999999984E+00   5.9393107006952139E-01   3.8148074632564168E+01
   9.9009999999999998E+00   5.9232216547300853E-01   3.8251694953062277E+01
   1.0000999999999999E+01   5.9073852126897219E-01   3.8354239603234838E+01
   1.1000999999999999E+01   5.7615720396431724E-01   3.9324904091651383E+01
   1.2000999999999999E+01   5.6350317741186007E-01   4.0207984082138971E+01
   1.3000999999999999E+01   5.5238140146651449E-01   4.1017541009632083E+01
   1.4000999999999999E+01   5.4250115442860802E-01   4.1764568798889911E+01
   1.5000999999999999E+01   5.3364321613528221E-01   4.2457818449746796E+01
   1.6000999999999998E+01   5.2563881563767156E-01   4.3104363896955313E+01
   1.7000999999999998E+01   5.1835566970661640E-01   4.3710000896555449E+01
   1.8000999999999998E+01   5.1168846377281807E-01   4.4279534114473044E+01
   1.9000999999999998E+01   5.0555219045758781E-01   4.4816988661651514E+01
   2.0000999999999998E+01   4.9987738868996756E-01   4.5325768478924452E+01
   2.1000999999999998E+01   4.9460668555056431E-01   4.5808775840524930E+01
   2.2000999999999998E+01   4.8969222095216175E-01   4.6268504620219822E+01
   2.3000999999999998E+01   4.8509371750266922E-01   4.6707112399339884E+01
   2.4000999999999998E+01   4.8077700588018180E-01   4.7126477577959314E+01
   2.5000999999999998E+01   4.7671288528932065E-01   4.7528244959982359E+01
   2.6000999999999998E+01   4.7287623353147701E-01   4.7913862404130768E+01
   2.7000999999999998E+01   4.6924530458564440E-01   4.8284610556983189E+01
   2.8000999999999998E+01   4.6580116650727321E-01   4.8641627408326855E+01
   2.9000999999999998E+01   4.6252724999932343E-01   4.8985928478038744E+01
   3.0000999999999998E+01   4.5940898338903507E-01   4.9318423467623411E+01
   3.1000999999999998E+01   4.5643349374715186E-01   4.9639930237376852E+01
   3.2000999999999998E+01   4.5358936088712015E-01   4.9951186560677030E+01
   3.3000999999999998E+01   4.5086641204717898E-01   5.0252860231335937E+01
   3.4000999999999998E+01   4.4825555171328424E-01   5.0545557553078574E+01
   3.5000999999999998E+01   4.4574862275820065E-01   5.0829830157212669E+01
   3.6000999999999998E+01   4.4333828011342485E-01   5.1106181902032212E+01
   3.7000999999999998E+01   4.4101789480199965E-01   5.1375073561999301E+01
   3.8000999999999998E+01   4.3878146422707270E-01   5.1636927798493929E+01
   3.9000999999999998E+01   4.3662353342944737E-01   5.1892133732805149E+01
   4.0000999999999998E+01   4.3453914281623368E-01   5.2141049114170521E+01
   4.1000999999999998E+01   4.3252376360591016E-01   5.2384004519702657E+01
   4.2000999999999998E+01   4.3057325222256332E-01   5.2621305830440271E+01
   4.3000999999999998E+01   4.2868381090618529E-01   5.2853236374184448E+01
   4.4000999999999998E+01   4.2685194827961775E-01   5.3080059441988709E+01
   4.5000999999999998E+01   4.2507445535354754E-01   5.3302019216294710E+01
   4.6000999999999998E+01   4.2334836750675192E-01   5.3519343705156587E+01
   4.7000999999999998E+01   4.2167094550219292E-01   5.3732245556133464E+01
   4.8000999999999998E+01   4.2003965581987623E-01   5.3940923133521565E+01
   4.9000999999999998E+01   4.1845214667264152E-01   5.4145562324802249E+01
   5.0000999999999998E+01   4.1690623480479166E-01   5.4346337128346519E+01
   5.1000999999999998E+01   4.1539989072517786E-01   5.4543410562908733E+01
   5.2000999999999998E+01   4.1393121894246654E-01   5.4736936357438665E+01
   5.3000999999999998E+01   4.1249845860582185E-01   5.4927058065111090E+01
   5.4000999999999998E+01   4.1109995659061926E-01   5.5113911895090212E+01
   5.5000999999999998E+01   4.0973417235371629E-01   5.5297625427373745E+01
   5.6000999999999998E+01   4.0839965816222151E-01   5.5478319667473926E+01
   5.7000999999999998E+01   4.0709506083935654E-01   5.5656108283150090E+01
   5.8000999999999998E+01   4.0581910722432435E-01   5.5831099088901517E+01
   5.9000999999999998E+01   4.0457060024406510E-01   5.6003394151582754E+01
   6.0000999999999998E+01   4.0334841770537300E-01   5.6173089549990280E+01
   6.1000999999999998E+01   4.0215149176047982E-01   5.6340277860029509E+01
   6.2000999999999998E+01   4.0097882831635562E-01   5.6505045123567257E+01
   6.3000999999999998E+01   3.9982948073491886E-01   5.6667474209167381E+01
   6.4001000000000005E+01   3.9870255616765427E-01   5.6827643658455514E+01
   6.5001000000000005E+01   3.9759721401238812E-01   5.6985627637986553E+01
   6.6001000000000005E+01   3.9651265253754664E-01   5.7141497610761185E+01
   6.7001000000000005E+01   3.9544811587554235E-01   5.7295321125620539E+01
   6.8001000000000005E+01   3.9440288617100144E-01   5.7447162741570942E+01
   6.9001000000000005E+01   3.9337628063803548E-01   5.7597084274786006E+01
   7.0001000000000005E+01   3.9236765879889507E-01   5.7745143565014445E+01
   7.1001000000000005E+01   3.9137639923695805E-01   5.7891397722970432E+01
   7.2001000000000005E+01   3.9040191877695030E-01   5.8035900178440698E+01
   7.3001000000000005E+01   3.8944366290497096E-01   5.8178701942672170E+01
   7.4001000000000005E+01   3.8850109934337340E-01   5.8319852442902139E+01
   7.5001000000000005E+01   3.8757372020004954E-01   5.8459399094231742E+01
   7.6001000000000005E+01   3.8666104981547739E-01   5.8597386001055305E+01
   7.7001000000000005E+01   3.8576262164078423E-01   5.8733857342738936E+01
   7.8001000000000005E+01   3.8487799491225549E-01   5.8868854772474634E+01
   7.9001000000000005E+01   3.8400675641471771E-01   5.9002417038572766E+01
   8.0001000000000005E+01   3.8314849713266141E-01   5.9134583476562412E+01
   8.1001000000000005E+01   3.8230283722544867E-01   5.9265390108129118E+01
   8.2001000000000005E+01   3.8146940824478864E-01   5.9394872296212050E+01
   8.3001000000000005E+01   3.8064785129858447E-01   5.9523064980703488E+01
   8.4001000000000005E+01   3.7983783602537130E-01   5.9649999654319330E+01
   8.5001000000000005E+01   3.7903903321142501E-01   5.9775708574511697E+01
   8.6001000000000005E+01   3.7825113401205268E-01   5.9900221705320362E+01
   8.7001000000000005E+01   3.7747383937515927E-01   6.0023568322286842E+01
   8.8001000000000005E+01   3.7670686267802128E-01   6.0145776550337132E+01
   8.9001000000000005E+01   3.7594992670471555E-01   6.0266873799410718E+01
   9.0001000000000005E+01   3.7520276653073348E-01   6.0386886261817850E+01
   9.1001000000000005E+01   3.7446512864236337E-01   6.0505839007642038E+01
   9.2001000000000005E+01   3.7373676807199646E-01   6.0623756406129424E+01
   9.3001000000000005E+01   3.7301744342579940E-01   6.0740662901781413E+01
   9.4001000000000005E+01   3.7230693642072715E-01   6.0856579803301820E+01
   9.5001000000000005E+01   3.7160502063263023E-01   6.0971530333573980E+01
   9.6001000000000005E+01   3.7091148518866301E-01   6.1085535747393259E+01
   9.7001000000000005E+01   3.7022613020184331E-01   6.1198616033012762E+01
   9.8001000000000005E+01   3.6954875778147200E-01   6.1310791365205795E+01
   9.9001000000000005E+01   3.6887917550644728E-01   6.1422081516268179E+01
   1.0000100000000000E+02   3.6821720443624678E-01   6.1532504496360914E+01
   1.1000100000000000E+02   3.6197982142008706E-01   6.2592789561372761E+01
   1.2000100000000000E+02   3.5634102992592431E-01   6.3583266828186403E+01
   1.3000100000000000E+02   3.5119159442289610E-01   6.4515572546213662E+01
   1.4000100000000000E+02   3.4644949853253881E-01   6.5398642178963371E+01
   1.5000100000000000E+02   3.4205166854805785E-01   6.6239486226705765E+01
   1.6000100000000000E+02   3.3794861888084787E-01   6.7043702864189541E+01
   1.7000100000000000E+02   3.3410083465261192E-01   6.7815834136329570E+01
   1.8000100000000000E+02   3.3047629078179380E-01   6.8559613562629011E+01
   1.9000100000000000E+02   3.2704867513366037E-01   6.9278148820970017E+01
   2.0000100000000000E+02   3.2379611962979060E-01   6.9974052850033701E+01
   2.1000100000000003E+02   3.2070023924098179E-01   7.0649547506528506E+01
   2.2000100000000003E+02   3.1774546927259889E-01   7.1306529844404224E+01
   2.3000100000000003E+02   3.1491846827726672E-01   7.1946643560016270E+01
   2.4000100000000003E+02   3.1220775700738096E-01   7.2571312784759385E+01
   2.5000100000000003E+02   3.0960336036810482E-01   7.3181785755400810E+01
   2.6000100000000003E+02   3.0709657033534793E-01   7.3779159314182877E+01
   2.7000100000000003E+02   3.0467972570453733E-01   7.4364405886273858E+01
   2.8000100000000003E+02   3.0234607219179443E-01   7.4938386410517140E+01
   2.9000100000000003E+02   3.0008958367422051E-01   7.5501876840243014E+01
   3.0000100000000003E+02   2.9790492420446874E-01   7.6055563190556114E+01
   3.1000100000000003E+02   2.9578727558135559E-01   7.6600072613262071E+01
   3.2000100000000003E+02   2.9373232692268125E-01   7.7135966017029020E+01
   3.3000100000000003E+02   2.9173617353550463E-01   7.7663755279402736E+01
   3.4000100000000003E+02   2.8979528140858046E-01   7.8183905125999559E+01
   3.5000100000000003E+02   2.8790643897988832E-01   7.8696839389526559E+01
   3.6000100000000003E+02   2.8606671763835850E-01   7.9202945993367436E+01
   3.7000100000000003E+02   2.8427342702030800E-01   7.9702584322073122E+01
   3.8000100000000003E+02   2.8252411454545756E-01   8.0196081046261554E+01
   3.9000100000000003E+02   2.8081652273571217E-01   8.0683738146471285E+01
   4.0000100000000003E+02   2.7914856984504222E-01   8.1165835097016895E+01
   4.1000100000000003E+02   2.7751832432953388E-01   8.1642633301240267E+01
   4.2000100000000003E+02   2.7592402175861547E-01   8.2114368452602292E+01
   4.3000100000000003E+02   2.7436398644073634E-01   8.2581271257716139E+01
   4.4000100000000003E+02   2.7283670083432066E-01   8.3043544795571336E+01
   4.5000100000000003E+02   2.7134072674311033E-01   8.3501386096977043E+01
   4.6000100000000003E+02   2.6987473063772482E-01   8.3954976940859297E+01
   4.7000100000000003E+02   2.6843745993472151E-01   8.4404489571316148E+01
   4.8000100000000003E+02   2.6702775474515339E-01   8.4850081630033387E+01
   4.9000100000000003E+02   2.6564452077951278E-01   8.5291903334293025E+01
   5.0000100000000003E+02   2.6428673066343089E-01   8.5730095986033078E+01
   5.1000100000000003E+02   2.6295341278260453E-01   8.6164794546107046E+01
   5.2000099999999998E+02   2.6164366297868957E-01   8.6596122870578370E+01
   5.3000099999999998E+02   2.6035661389240161E-01   8.7024202876499473E+01
   5.4000099999999998E+02   2.5909147118394787E-01   8.7449141741623436E+01
   5.5000099999999998E+02   2.5784746186349222E-01   8.7871048347204137E+01
   5.6000099999999998E+02   2.5662386489965300E-01   8.8290022428235346E+01
   5.7000099999999998E+02   2.5541999017551231E-01   8.8706161064534442E+01
   5.8000099999999998E+02   2.5423518844118487E-01   8.9119554718336630E+01
   5.9000099999999998E+02   2.5306885468985513E-01   8.9530285405440978E+01
   6.0000099999999998E+02   2.5192039172180375E-01   8.9938439015414588E+01
   6.1000099999999998E+02   2.5078924575523859E-01   9.0344092384741046E+01
   6.2000099999999998E+02   2.4967488684634587E-01   9.0747319739668086E+01
   6.3000099999999998E+02   2.4857681363141579E-01   9.1148190599975209E+01
   6.4000099999999998E+02   2.4749454181565642E-01   9.1546773603140153E+01
   6.5000099999999998E+02   2.4642760946673123E-01   9.1943134280453407E+01
   6.6000099999999998E+02   2.4537557433345242E-01   9.2337335731798191E+01
   6.7000099999999998E+02   2.4433803759523887E-01   9.2729429320964215E+01
   6.8000099999999998E+02   2.4331457196967129E-01   9.3119481518085962E+01
   6.9000099999999998E+02   2.4230480660504114E-01   9.3507541616961944E+01
   7.0000099999999998E+02   2.4130837293903890E-01   9.3893661921688320E+01
   7.1000099999999998E+02   2.4032491129210645E-01   9.4277895145341873E+01
   7.2000099999999998E+02   2.3935409646531908E-01   9.4660284165613632E+01
   7.3000099999999998E+02   2.3839559999827309E-01   9.5040876542079332E+01
   7.4000099999999998E+02   2.3744910664470983E-01   9.5419717967237872E+01
   7.5000099999999998E+02   2.3651432248938573E-01   9.5796848787572330E+01
   7.6000099999999998E+02   2.3559095503827887E-01   9.6172311810228166E+01
   7.7000099999999998E+02   2.3467872120649197E-01   9.6546149012269396E+01
   7.8000099999999998E+02   2.3377736555349779E-01   9.6918393848637493E+01
   7.9000099999999998E+02   2.3288663067201665E-01   9.7289083199971230E+01
   8.0000099999999998E+02   2.3200626557704093E-01   9.7658253889212816E+01
   8.1000099999999998E+02   2.3113603462875851E-01   9.8025938811324224E+01
   8.2000099999999998E+02   2.3027570694538013E-01   9.8392171228834684E+01
   8.3000099999999998E+02   2.2942505546675188E-01   9.8756985114445285E+01
   8.4000099999999998E+02   2.2858388657426057E-01   9.9120402260944417E+01
   8.5000099999999998E+02   2.2775196864024774E-01   9.9482462974446733E+01
   8.6000099999999998E+02   2.2692910192990984E-01   9.9843195936186376E+01
   8.7000099999999998E+02   2.2611511896334208E-01   1.0020261754935555E+02
   8.8000099999999998E+02   2.2530981150442544E-01   1.0056076402676220E+02
   8.9000099999999998E+02   2.2451301274042940E-01   1.0091765511073542E+02
   9.0000099999999998E+02   2.2372452362954098E-01   1.0127332676827336E+02
   9.1000099999999998E+02   2.2294419673618907E-01   1.0162779349857365E+02
   9.2000099999999998E+02   2.2217186192619243E-01   1.0198108163282070E+02
   9.3000099999999998E+02   2.2140735752065835E-01   1.0233321530652731E+02
   9.4000099999999998E+02   2.2065055188316654E-01   1.0268420629016941E+02
   9.5000099999999998E+02   2.1990126683697842E-01   1.0303408940525833E+02
   9.6000099999999998E+02   2.1915935313706905E-01   1.0338288767187684E+02
   9.7000099999999998E+02   2.1842469096810940E-01   1.0373061162265228E+02
   9.8000099999999998E+02   2.1769715676382528E-01   1.0407727470777775E+02
   9.9000099999999998E+02   2.1697656613533428E-01   1.0442292083044028E+02
   1.0000010000000000E+03   2.1626285341967827E-01   1.0476753834206627E+02
   1.1000010000000000E+03   2.0947631508433978E-01   1.0816175937832620E+02
   1.2000010000000000E+03   2.0325634709393864E-01   1.1147168150738879E+02
   1.3000010000000000E+03   1.9751919881564811E-01   1.1470949114550486E+02
   1.4000010000000000E+03   1.9219886140923215E-01   1.1788481274802429E+02
   1.5000010000000000E+03   1.8724224614451576E-01   1.2100542080724459E+02
   1.6000010000000000E+03   1.8260596915698499E-01   1.2407768975028667E+02
   1.7000010000000002E+03   1.7825409396413303E-01   1.2710690836738786E+02
   1.8000010000000002E+03   1.7415644885056172E-01   1.3009754698806677E+02
   1.9000010000000002E+03   1.7028751622066607E-01   1.3305336345531305E+02
   2.0000010000000002E+03   1.6662539519158889E-01   1.3597763271054208E+02
   2.1000010000000002E+03   1.6315124104768561E-01   1.3887315010364250E+02
   2.2000010000000002E+03   1.5984865117734554E-01   1.4174237080345097E+02
   2.3000010000000002E+03   1.5670329790010906E-01   1.4458742790501941E+02
   2.4000010000000002E+03   1.5370257087348604E-01   1.4741020048558750E+02
   2.5000010000000002E+03   1.5083529117539446E-01   1.5021237146195702E+02
   2.6000010000000002E+03   1.4809149005598413E-01   1.5299546772772348E+02
   2.7000010000000002E+03   1.4546233299513847E-01   1.5576078233509452E+02
   2.8000010000000002E+03   1.4293984484111169E-01   1.5850952414840040E+02
   2.9000010000000002E+03   1.4051682486333247E-01   1.6124280355500102E+02
   3.0000010000000002E+03   1.3818681911935254E-01   1.6396156255714644E+02
   3.1000010000000002E+03   1.3594391457111316E-01   1.6666672325195259E+02
   3.2000010000000002E+03   1.3378275666148226E-01   1.6935909644126903E+02
   3.3000010000000002E+03   1.3169848361516473E-01   1.7203939001923229E+02
   3.4000010000000002E+03   1.2968660794079515E-01   1.7470829985740997E+02
   3.5000010000000002E+03   1.2774301535928154E-01   1.7736646284641319E+02
   3.6000010000000002E+03   1.2586390927830426E-01   1.8001448483148573E+02
   3.7000010000000002E+03   1.2404587595027117E-01   1.8265280174807191E+02
   3.8000010000000002E+03   1.2228568639567687E-01   1.8528192019382408E+02
   3.9000010000000002E+03   1.2058032524802237E-01   1.8790235256876954E+02
   4.0000010000000002E+03   1.1892702844881323E-01   1.9051452880925740E+02
   4.1000010000000002E+03   1.1732328122954991E-01   1.9311876168277638E+02
   4.2000010000000002E+03   1.1576667617826591E-01   1.9571544710086872E+02
   4.3000010000000002E+03   1.1425496088680132E-01   1.9830497172073484E+02
   4.4000010000000002E+03   1.1278609206427359E-01   2.0088759502988216E+02
   4.5000010000000002E+03   1.1135814734952261E-01   2.0346357520205217E+02
   4.6000010000000002E+03   1.0996928460358961E-01   2.0603322890827664E+02
   4.7000010000000002E+03   1.0861777679907969E-01   2.0859685638311441E+02
   4.8000010000000002E+03   1.0730205073824919E-01   2.1115464831963649E+02
   4.9000010000000002E+03   1.0602055071886081E-01   2.1370693355189405E+02
   5.0000010000000002E+03   1.0477195704122261E-01   2.1625373265382700E+02
   5.1000010000000002E+03   1.0355487217215141E-01   2.1879537208007818E+02
   5.2000010000000002E+03   1.0236804151834430E-01   2.2133203343106470E+02
   5.3000010000000002E+03   1.0121027001028265E-01   2.2386391010822209E+02
   5.4000010000000002E+03   1.0008044166882665E-01   2.2639115505290749E+02
   5.5000010000000002E+03   9.8977514179493978E-02   2.2891387983862816E+02
   5.6000010000000002E+03   9.7900433626360625E-02   2.3143234353877367E+02
   5.7000010000000002E+03   9.6848315982545036E-02   2.3394652305254669E+02
   5.8000010000000002E+03   9.5820175330233751E-02   2.3645674524728014E+02
   5.9000010000000002E+03   9.4815214999671230E-02   2.3896298487209424E+02
   6.0000010000000002E+03   9.3832581398025097E-02   2.4146545315109140E+02
   6.1000010000000002E+03   9.2871523054027225E-02   2.4396419960109935E+02
   6.2000010000000002E+03   9.1931250657137933E-02   2.4645946428067643E+02
   6.3000010000000002E+03   9.1011154978822520E-02   2.4895109608138648E+02
   6.4000010000000002E+03   9.0110443997875905E-02   2.5143952001995328E+02
   6.5000010000000002E+03   8.9228585131821650E-02   2.5392453275077770E+02
   6.6000010000000011E+03   8.8364884535388669E-02   2.5640645497066106E+02
   6.7000010000000011E+03   8.7518821269436928E-02   2.5888519131053619E+02
   6.8000010000000011E+03   8.6689791917837919E-02   2.6136095480636016E+02
   6.9000010000000011E+03   8.5877278299666071E-02   2.6383377811006972E+02
   7.0000010000000011E+03   8.5080789589837044E-02   2.6630367321270410E+02
   7.1000010000000011E+03   8.4299802958315670E-02   2.6877081550017778E+02
   7.2000010000000011E+03   8.3533877188194092E-02   2.7123518685198752E+02
   7.3000010000000011E+03   8.2782535908804536E-02   2.7369694028908128E+02
   7.4000010000000011E+03   8.2045411703253412E-02   2.7615592776301901E+02
   7.5000010000000011E+03   8.1322011408199613E-02   2.7861247398175260E+02
   7.6000010000000011E+03   8.0611948434508876E-02   2.8106660647234162E+02
   7.7000010000000011E+03   7.9914884254538576E-02   2.8351823316723420E+02
   7.8000010000000011E+03   7.9230468515674876E-02   2.8596734579612257E+02
   7.9000010000000011E+03   7.8558277859380743E-02   2.8841424996825157E+02
   8.0000010000000011E+03   7.7898023364645630E-02   2.9085881526865455E+02
   8.1000010000000011E+03   7.7249371435618289E-02   2.9330111516174634E+02
   8.2000010000000002E+03   7.6612002405885837E-02   2.9574121646858453E+02
   8.3000010000000002E+03   7.5985609879561891E-02   2.9817917923568604E+02
   8.4000010000000002E+03   7.5369930510443217E-02   3.0061493534840679E+02
   8.5000010000000002E+03   7.4764652417263974E-02   3.0304864738967177E+02
   8.6000010000000002E+03   7.4169505426069038E-02   3.0548035418943516E+02
   8.7000010000000002E+03   7.3584261050012159E-02   3.0790995879148068E+02
   8.8000010000000002E+03   7.3008640100652347E-02   3.1033760875938231E+02
   8.9000010000000002E+03   7.2442434809070769E-02   3.1276318703707898E+02
   9.0000010000000002E+03   7.1885354434876259E-02   3.1518696632617917E+02
   9.1000010000000002E+03   7.1337178814990035E-02   3.1760895460096094E+02
   9.2000010000000002E+03   7.0797758897012758E-02   3.2002887013089907E+02
   9.3000010000000002E+03   7.0266798510289108E-02   3.2244711966339418E+02
   9.4000010000000002E+03   6.9744133826314600E-02   3.2486354829547179E+02
   9.5000010000000002E+03   6.9229577671595988E-02   3.2727813096145479E+02
   9.6000010000000002E+03   6.8722918771289887E-02   3.2969098508482244E+02
   9.7000010000000002E+03   6.8224015800713536E-02   3.3210192219986311E+02
   9.8000010000000002E+03   6.7732607891976035E-02   3.3451136007853177E+02
   9.9000010000000002E+03   6.7248598517539587E-02   3.3691894384537068E+02
   1.0000001000000000E+04   6.6771770750339299E-02   3.3932493526833224E+02
   1.1000001000000000E+04   6.2365897254738199E-02   3.6329673403182585E+02
   1.2000001000000000E+04   5.8528130566323763E-02   3.8711857987563155E+02
   1.3000001000000000E+04   5.5153887195565493E-02   4.1080199310833899E+02
   1.4000001000000000E+04   5.2163189759525191E-02   4.3435470284816097E+02
   1.5000001000000000E+04   4.9493685178100676E-02   4.5778217374761016E+02
   1.6000001000000000E+04   4.7109154705088412E-02   4.8095379612412171E+02
   1.7000001000000000E+04   4.4963259159309210E-02   5.0390757278812202E+02
   1.8000001000000000E+04   4.3013118103511570E-02   5.2675387850482446E+02
   1.9000001000000000E+04   4.1233293410867324E-02   5.4949107658810738E+02
   2.0000001000000000E+04   3.9602399945220502E-02   5.7212004370824116E+02
   2.1000001000000000E+04   3.8102620852474005E-02   5.9463958858199283E+02
   2.2000001000000000E+04   3.6718835340646641E-02   6.1704916774769879E+02
   2.3000001000000000E+04   3.5438089783184037E-02   6.3934955089938512E+02
   2.4000001000000000E+04   3.4249456440342080E-02   6.6153828826675829E+02
   2.5000001000000000E+04   3.3143349664044933E-02   6.8361608036831171E+02
   2.6000001000000000E+04   3.2111472058098382E-02   7.0558356049880047E+02
   2.7000001000000000E+04   3.1146707649652883E-02   7.2743890116627801E+02
   2.8000001000000000E+04   3.0242751436464391E-02   7.4918205888807893E+02
   2.9000001000000000E+04   2.9394114893859624E-02   7.7081166993546299E+02
   3.0000001000000000E+04   2.8595772116608728E-02   7.9233135217395250E+02
   3.1000001000000000E+04   2.7843564811585900E-02   8.1373656501709615E+02
   3.2000001000000000E+04   2.7133535548935633E-02   8.3503039059351704E+02
   3.3000001000000004E+04   2.6462326283978568E-02   8.5621069532834383E+02
   3.4000001000000004E+04   2.5826805988776586E-02   8.7727947456827883E+02
   3.5000001000000004E+04   2.5224257567033278E-02   8.9823562605952316E+02
   3.6000001000000004E+04   2.4652217666019233E-02   9.1907864414331368E+02
   3.7000001000000004E+04   2.4108440281909418E-02   9.3980890188953822E+02
   3.8000001000000004E+04   2.3590825118296754E-02   9.6042960235579289E+02
   3.9000001000000004E+04   2.3097633051780000E-02   9.8093716948476390E+02
   4.0000001000000004E+04   2.2627141110311531E-02   1.0013340473351057E+03
   4.1000001000000004E+04   2.2177864832855759E-02   1.0216189411545487E+03
   4.2000001000000004E+04   2.1748378818898909E-02   1.0417938263941785E+03
   4.3000001000000004E+04   2.1337464891000756E-02   1.0618565468462332E+03
   4.4000001000000004E+04   2.0943852964802109E-02   1.0818127316730272E+03
   4.5000001000000004E+04   2.0566579435185712E-02   1.1016575147565957E+03
   4.6000001000000004E+04   2.0204648326552960E-02   1.1213917917014437E+03
   4.7000001000000004E+04   1.9857103701875295E-02   1.1410187068455029E+03
   4.8000001000000004E+04   1.9523104785365376E-02   1.1605391169438815E+03
   4.9000001000000004E+04   1.9201961655177357E-02   1.1799485487203744E+03
   5.0000001000000004E+04   1.8892877929446168E-02   1.1992522723230757E+03
   5.1000001000000004E+04   1.8595195876949532E-02   1.2184505577430705E+03
   5.2000001000000004E+04   1.8308308159023685E-02   1.2375434469865856E+03
   5.3000001000000004E+04   1.8031738382857741E-02   1.2565248178817010E+03
   5.4000001000000004E+04   1.7764755037935950E-02   1.2754089059616613E+03
   5.5000001000000004E+04   1.7507004414987676E-02   1.2941863868049268E+03
   5.6000001000000004E+04   1.7258041118529705E-02   1.3128562292787658E+03
   5.7000001000000004E+04   1.7017323279935260E-02   1.3314271824597433E+03
   5.8000001000000004E+04   1.6784509848181382E-02   1.3498950516011489E+03
   5.9000001000000004E+04   1.6559244591945872E-02   1.3682584771186321E+03
   6.0000001000000004E+04   1.6341153347601080E-02   1.3865194399474226E+03
   6.1000001000000004E+04   1.6129841463725408E-02   1.4046837867914035E+03
   6.2000001000000004E+04   1.5925109490207631E-02   1.4227422927008959E+03
   6.3000001000000004E+04   1.5726560451433415E-02   1.4407045238900712E+03
   6.4000001000000004E+04   1.5533902309321257E-02   1.4585727614634907E+03
   6.5000001000000004E+04   1.5346991853999023E-02   1.4763366660487864E+03
   6.6000001000000004E+04   1.5165526610606240E-02   1.4940019802388567E+03
   6.7000001000000004E+04   1.4989262402891338E-02   1.5115704948390483E+03
   6.8000001000000004E+04   1.4817924256495781E-02   1.5290486302545671E+03
   6.9000001000000004E+04   1.4651427200014184E-02   1.5464245549804778E+03
   7.0000001000000004E+04   1.4489521124458688E-02   1.5637043207290435E+03
   7.1000001000000004E+04   1.4331966405965514E-02   1.5808944945740282E+03
   7.2000001000000004E+04   1.4178622848820568E-02   1.5979920637705320E+03
   7.3000001000000004E+04   1.4029405261070787E-02   1.6149884022868046E+03
   7.4000001000000004E+04   1.3884058102139404E-02   1.6318951289983090E+03
   7.5000001000000004E+04   1.3742468825590819E-02   1.6487086181646632E+03
   7.6000001000000004E+04   1.3604487920263994E-02   1.6654303286096151E+03
   7.7000001000000004E+04   1.3469973249893409E-02   1.6820617507751986E+03
   7.8000001000000004E+04   1.3338744052806099E-02   1.6986102063218111E+03
   7.9000001000000004E+04   1.3210808266910153E-02   1.7150598456842242E+03
   8.0000001000000004E+04   1.3085906656692004E-02   1.7314296503883488E+03
   8.1000001000000004E+04   1.2964105637988495E-02   1.7476968655067440E+03
   8.2000001000000004E+04   1.2845110768048385E-02   1.7638872250109237E+03
   8.3000001000000004E+04   1.2728953793718367E-02   1.7799834263513476E+03
   8.4000001000000004E+04   1.2615441397660842E-02   1.7959995273579511E+03
   8.5000001000000004E+04   1.2504569366614621E-02   1.8119237954809194E+03
   8.6000001000000004E+04   1.2396199231507511E-02   1.8277640076986263E+03
   8.7000001000000004E+04   1.2290289328259922E-02   1.8435145164168939E+03
   8.8000001000000004E+04   1.2186662089726111E-02   1.8591905331248920E+03
   8.9000001000000004E+04   1.2085330034639127E-02   1.8747793169628037E+03
   9.0000001000000004E+04   1.1986263080340278E-02   1.8902744446493145E+03
   9.1000001000000004E+04   1.1889246507459943E-02   1.9056991352138584E+03
   9.2000001000000004E+04   1.1794303289630995E-02   1.9210398640104561E+03
   9.3000001000000004E+04   1.1701365607720381E-02   1.9362976550926537E+03
   9.4000001000000004E+04   1.1610368408410159E-02   1.9514735442157544E+03
   9.5000001000000004E+04   1.1521249263107269E-02   1.9665685786490953E+03
   9.6000001000000004E+04   1.1433948235560787E-02   1.9815838169657022E+03
   9.7000001000000004E+04   1.1348407757584647E-02   1.9965203288071755E+03
   9.8000001000000004E+04   1.1264524604264066E-02   2.0113877490252994E+03
   9.9000001000000004E+04   1.1182437353689477E-02   2.0261528029160258E+03
   1.0000000100000000E+05   1.1101807057729451E-02   2.0408683622218066E+03
   1.1000000100000000E+05   1.0375639383165262E-02   2.1837041507410991E+03
   1.2000000100000000E+05   9.7688446735503393E-03   2.3193455874016204E+03
   1.3000000100000000E+05   9.2545709216596862E-03   2.4482309314398235E+03
   1.4000000099999999E+05   8.8133559791086988E-03   2.5707944670926768E+03
   1.5000000099999999E+05   8.4308092379750191E-03   2.6874438915727173E+03
   1.6000000099999999E+05   8.0960608022742891E-03   2.7985618365472333E+03
   1.7000000099999999E+05   7.8008449804663326E-03   2.9044708418569739E+03
   1.8000000099999999E+05   7.5385503847393114E-03   3.0055283351925636E+03
   1.9000000099999999E+05   7.3042274930935919E-03   3.1019470312273420E+03
   2.0000000099999999E+05   7.0934868121022643E-03   3.1941028985850685E+03
   2.1000000099999999E+05   6.9031751858131818E-03   3.2821601911790117E+03
   2.2000000099999999E+05   6.7304254134049300E-03   3.3664033691665904E+03
   2.3000000099999999E+05   6.5730576472436564E-03   3.4469995553913809E+03
   2.4000000099999999E+05   6.4290426097123174E-03   3.5242147490798252E+03
   2.5000000099999999E+05   6.2968620659262110E-03   3.5981932826851771E+03
   2.6000000099999999E+05   6.1752657530579277E-03   3.6690448142075707E+03
   2.7000000099999999E+05   6.0628142552579395E-03   3.7370973006407658E+03
   2.8000000099999999E+05   5.9587114309213448E-03   3.8023869842120362E+03
   2.9000000099999999E+05   5.8621091386535217E-03   3.8650469057652176E+03
   3.0000000099999999E+05   5.7721376649408247E-03   3.9252921712571592E+03
   3.1000000099999999E+05   5.6882414065665791E-03   3.9831865717680148E+03
   3.2000000099999999E+05   5.6098835920146200E-03   4.0388229837535905E+03
   3.3000000099999999E+05   5.5364516903271231E-03   4.0923913103397972E+03
   3.4000000099999999E+05   5.4675430284877487E-03   4.1439686289725505E+03
   3.5000000099999999E+05   5.4028119053285886E-03   4.1936175429806726E+03
   3.6000000099999999E+05   5.3419624340998728E-03   4.2413863944418745E+03
   3.7000000099999999E+05   5.2845000210504818E-03   4.2875062347160047E+03
   3.8000000099999999E+05   5.2303642696181468E-03   4.3318831384692339E+03
   3.9000000099999999E+05   5.1791224778691379E-03   4.3747424171619077E+03
   4.0000000099999999E+05   5.1306115135080106E-03   4.4161064871035333E+03
   4.1000000099999999E+05   5.0846959166545944E-03   4.4559846171721274E+03
   4.2000000099999999E+05   5.0410909334850469E-03   4.4945284833311189E+03
   4.3000000099999999E+05   4.9997012371155343E-03   4.5317361404343510E+03
   4.4000000099999999E+05   4.9603625273263808E-03   4.5676755807247473E+03
   4.5000000099999999E+05   4.9229244211705389E-03   4.6024120724208678E+03
   4.6000000099999999E+05   4.8872489393291365E-03   4.6360083287922162E+03
   4.7000000099999999E+05   4.8532091929502606E-03   4.6685246579773820E+03
   4.8000000099999999E+05   4.8207830621230076E-03   4.6999266500145768E+03
   4.9000000099999999E+05   4.7896741518620826E-03   4.7304526506886286E+03
   5.0000000099999999E+05   4.7600707810656947E-03   4.7598718232795327E+03
   5.1000000099999999E+05   4.7316905939516381E-03   4.7884210384704575E+03
   5.2000000099999999E+05   4.7045473542678129E-03   4.8160481936815468E+03
   5.3000000099999993E+05   4.6785646817283262E-03   4.8427943886501689E+03
   5.4000000099999993E+05   4.6535690523277357E-03   4.8688064006007407E+03
   5.5000000099999993E+05   4.6296981428721375E-03   4.8939101618307277E+03
   5.6000000099999993E+05   4.6066839801867316E-03   4.9183592547393246E+03
   5.7000000099999993E+05   4.5847844093584193E-03   4.9418521711430694E+03
   5.8000000099999993E+05   4.5635224023808131E-03   4.9648768626161136E+03
   5.9000000099999993E+05   4.5430578772430591E-03   4.9872415011715266E+03
   6.0000000099999993E+05   4.5234538263257788E-03   5.0088555465624031E+03
   6.1000000099999993E+05   4.5046697334022107E-03   5.0297420518104345E+03
   6.2000000099999993E+05   4.4863288668636767E-03   5.0503044827942340E+03
   6.3000000099999993E+05   4.4689552323533858E-03   5.0699381868006049E+03
   6.4000000099999993E+05   4.4519456907927543E-03   5.0893088912718140E+03
   6.5000000099999993E+05   4.4357247686252132E-03   5.1079198934683009E+03
   6.6000000099999993E+05   4.4200308063419525E-03   5.1260563060107170E+03
   6.7000000099999993E+05   4.4048323595498743E-03   5.1437432660720215E+03
   6.8000000099999993E+05   4.3902204971507548E-03   5.1608630596835319E+03
   6.9000000099999993E+05   4.3759265644957622E-03   5.1777209817554613E+03
   7.0000000099999993E+05   4.3622901517237729E-03   5.1939064114425501E+03
   7.1000000099999993E+05   4.3491688927532780E-03   5.2095762078504586E+03
   7.2000000099999993E+05   4.3362900382099929E-03   5.2250487370451992E+03
   7.3000000099999993E+05   4.3240089150776958E-03   5.2398890086940728E+03
   7.4000000099999993E+05   4.3119247530822094E-03   5.2545737889825423E+03
   7.5000000099999993E+05   4.3002727737451174E-03   5.2688115335247639E+03
   7.6000000099999993E+05   4.2890366576633599E-03   5.2826143948031377E+03
   7.7000000099999993E+05   4.2780681974886403E-03   5.2961583924518454E+03
   7.8000000099999993E+05   4.2676170244411961E-03   5.3091284100352377E+03
   7.9000000099999993E+05   4.2572668853618047E-03   5.3220358031853257E+03
   8.0000000099999993E+05   4.2474070402219039E-03   5.3343902698873617E+03
   8.1000000099999993E+05   4.2376146221070454E-03   5.3467171529498419E+03
   8.2000000099999993E+05   4.2284275493760636E-03   5.3583339250909148E+03
   8.3000000099999993E+05   4.2191386370777767E-03   5.3701309050378877E+03
   8.4000000099999993E+05   4.2104356748727968E-03   5.3812309549878855E+03
   8.5000000099999993E+05   4.2017427629799601E-03   5.3923640893098773E+03
   8.6000000099999993E+05   4.1936212074214227E-03   5.4028071842812806E+03
   8.7000000099999993E+05   4.1854852515720402E-03   5.4133094314693526E+03
   8.8000000099999993E+05   4.1776130110925428E-03   5.4235102024649677E+03
   8.9000000099999993E+05   4.1699960488159110E-03   5.4334168479714626E+03
   9.0000000099999993E+05   4.1624761040708605E-03   5.4432328789712828E+03
   9.1000000099999993E+05   4.1551930376481239E-03   5.4527735732910860E+03
   9.2000000099999993E+05   4.1481394735783748E-03   5.4620455584791498E+03
   9.3000000099999993E+05   4.1413083852868326E-03   5.4710552027729573E+03
   9.4000000099999993E+05   4.1346930777830995E-03   5.4798086245760687E+03
   9.5000000099999993E+05   4.1282871710356835E-03   5.4883117014184472E+03
   9.6000000099999993E+05   4.1219262126099138E-03   5.4967812665585479E+03
   9.7000000099999993E+05   4.1157599220182145E-03   5.5050166231514540E+03
   9.8000000099999993E+05   4.1097826594505863E-03   5.5130231121856286E+03
   9.9000000099999993E+05   4.1039890396123878E-03   5.5208058717795047E+03
   1.0000000009999999E+06   4.0983739196229149E-03   5.5283698442272607E+03
   1.1000000009999999E+06   4.0487347044455280E-03   5.5961500176173458E+03
   1.2000000009999999E+06   4.0097163012568580E-03   5.6506059494804631E+03
   1.3000000009999999E+06   3.9786312474031568E-03   5.6947541450088356E+03
   1.4000000009999999E+06   3.9537790221761413E-03   5.7305495983789997E+03
   1.5000000009999999E+06   3.9337023235417662E-03   5.7597969861661895E+03
   1.6000000009999999E+06   3.9171208708036120E-03   5.7841786186604359E+03
   1.7000000009999997E+06   3.9032722833633230E-03   5.8047005545018537E+03
   1.8000000009999997E+06   3.8921814655263694E-03   5.8212411184550665E+03
   1.9000000009999997E+06   3.8830207886624848E-03   5.8349743719541520E+03
   2.0000000009999997E+06   3.8753074347059394E-03   5.8465882176726063E+03
   2.1000000009999997E+06   3.8689490434519651E-03   5.8561967431329658E+03
   2.2000000009999997E+06   3.8639657146626806E-03   5.8637494379498539E+03
   2.3000000009999997E+06   3.8594430313140977E-03   5.8706208651812203E+03
   2.4000000009999997E+06   3.8558231782772853E-03   5.8761322135455657E+03
   2.5000000009999997E+06   3.8536879493611315E-03   5.8793880265699654E+03
   2.6000000009999997E+06   3.8510411226886031E-03   5.8834289392870969E+03
   2.7000000009999997E+06   3.8492364234672971E-03   5.8861873615966770E+03
   2.8000000009999997E+06   3.8477872162268841E-03   5.8884042995050104E+03
   2.9000000009999997E+06   3.8470217783285313E-03   5.8895759091478394E+03
   3.0000000009999997E+06   3.8460015599183829E-03   5.8911382209869980E+03
   3.1000000009999997E+06   3.8455157743319105E-03   5.8918824202579444E+03
   3.2000000009999997E+06   3.8455278366414831E-03   5.8918639391253828E+03
   3.3000000009999997E+06   3.8460080594232005E-03   5.8911282653445087E+03
   3.4000000009999997E+06   3.8459244909665896E-03   5.8912562742271557E+03
   3.5000000009999997E+06   3.8462018068914248E-03   5.8908315073365566E+03
   3.6000000009999997E+06   3.8468197715105039E-03   5.8898851865664883E+03
   3.7000000009999997E+06   3.8472159179549371E-03   5.8892787071994508E+03
   3.8000000009999997E+06   3.8473339094947908E-03   5.8890980924985597E+03
   3.9000000009999997E+06   3.8488336601869384E-03   5.8868033248572065E+03
   4.0000000009999997E+06   3.8494425400518672E-03   5.8858721884716115E+03
   4.1000000009999997E+06   3.8502674683010903E-03   5.8846111274467448E+03
   4.2000000010000002E+06   3.8512991717955356E-03   5.8830347311210317E+03
   4.3000000010000002E+06   3.8525299574210508E-03   5.8811552507116648E+03
   4.4000000010000002E+06   3.8533081509342605E-03   5.8799675240396700E+03
   4.5000000010000002E+06   3.8549027496948031E-03   5.8775352476543294E+03
   4.6000000010000002E+06   3.8560041200616222E-03   5.8758564778838245E+03
   4.7000000010000002E+06   3.8565652027676618E-03   5.8750016131843913E+03
   4.8000000010000002E+06   3.8579415326276643E-03   5.8729056923210492E+03
   4.9000000010000002E+06   3.8594569089227312E-03   5.8705997559472726E+03
   5.0000000010000002E+06   3.8611087256681365E-03   5.8680882610188910E+03
   5.1000000010000002E+06   3.8614019814850313E-03   5.8676426065584519E+03
   5.2000000010000002E+06   3.8632852440272890E-03   5.8647822659844878E+03
   5.3000000010000002E+06   3.8645228697984989E-03   5.8629040507637583E+03
   5.4000000010000002E+06   3.8658568751692023E-03   5.8608809170202730E+03
   5.5000000010000002E+06   3.8672853874480973E-03   5.8587160030001496E+03
   5.6000000010000002E+06   3.8679899983282955E-03   5.8576487522984953E+03
   5.7000000010000002E+06   3.8695871295656519E-03   5.8552310696138811E+03
   5.8000000010000002E+06   3.8712747297955557E-03   5.8526786056352421E+03
   5.9000000010000002E+06   3.8721904225802245E-03   5.8512945684404503E+03
   6.0000000010000002E+06   3.8740396687669577E-03   5.8485014932287077E+03
   6.1000000010000002E+06   3.8750854786514014E-03   5.8469230969057107E+03
   6.2000000010000002E+06   3.8770940808078402E-03   5.8438939874499692E+03
   6.3000000010000002E+06   3.8773475327716560E-03   5.8435119875402543E+03
   6.4000000010000002E+06   3.8785617160538230E-03   5.8416826768101846E+03
   6.5000000010000002E+06   3.8807770190537293E-03   5.8383480103001275E+03
   6.6000000010000002E+06   3.8811524526516593E-03   5.8377832522736871E+03
   6.7000000010000002E+06   3.8835043153756109E-03   5.8342478719299152E+03
   6.8000000009999992E+06   3.8839561566543640E-03   5.8335691428421787E+03
   6.9000000009999992E+06   3.8864451175984883E-03   5.8298332028450759E+03
   7.0000000009999992E+06   3.8869705170252169E-03   5.8290451878577524E+03
   7.1000000009999992E+06   3.8875234380236138E-03   5.8282161249501314E+03
   7.2000000009999992E+06   3.8901952913072716E-03   5.8242132055013026E+03
   7.3000000009999992E+06   3.8908184152233742E-03   5.8232804437649474E+03
   7.4000000009999992E+06   3.8914670167207155E-03   5.8223098616171264E+03
   7.5000000009999992E+06   3.8943245766679111E-03   5.8180375933115001E+03
   7.6000000009999992E+06   3.8950415018881969E-03   5.8169667195143420E+03
   7.7000000009999992E+06   3.8957824527238124E-03   5.8158603727396239E+03
   7.8000000009999992E+06   3.8965469359569312E-03   5.8147193297048052E+03
   7.9000000009999992E+06   3.8984819882897860E-03   5.8118331329139410E+03
   8.0000000009999992E+06   3.8993029093707175E-03   5.8106095664333279E+03
   8.1000000009999992E+06   3.9001463500989487E-03   5.8093529713406706E+03
   8.2000000009999992E+06   3.9010119889571850E-03   5.8080638695159550E+03
   8.3000000009999992E+06   3.9031026055954131E-03   5.8049528995547516E+03
   8.4000000009999983E+06   3.9040235807799098E-03   5.8035834873426993E+03
   8.5000000009999983E+06   3.9049662369621324E-03   5.8021825062531307E+03
   8.6000000009999983E+06   3.9071820420131242E-03   5.7988920260129244E+03
   8.7000000009999983E+06   3.9081803027100469E-03   5.7974108236253951E+03
   8.8000000009999983E+06   3.9092000619432915E-03   5.7958985031704105E+03
   8.9000000009999983E+06   3.9102412357092369E-03   5.7943552384182331E+03
   9.0000000009999983E+06   3.9099994780055483E-03   5.7947135070125578E+03
   9.1000000009999983E+06   3.9123876274800044E-03   5.7911763723178265E+03
   9.2000000009999983E+06   3.9134928118284536E-03   5.7895409234251010E+03
   9.3000000009999983E+06   3.9146193420999198E-03   5.7878748372649507E+03
   9.4000000009999983E+06   3.9157672647402702E-03   5.7861780988951714E+03
   9.5000000009999983E+06   3.9155598825370555E-03   5.7864845558000170E+03
   9.6000000009999983E+06   3.9181275949492344E-03   5.7826924311545708E+03
   9.7000000009999983E+06   3.9193402165490386E-03   5.7809032989640473E+03
   9.8000000009999983E+06   3.9205746581738622E-03   5.7790831097613127E+03
   9.9000000009999983E+06   3.9203901900766404E-03   5.7793550358740877E+03
   1.0000000000999998E+07   3.9216518087369116E-03   5.7774957830609364E+03
   1.1000000000999998E+07   3.9322808593024892E-03   5.7618790717888278E+03
   1.2000000000999998E+07   3.9417260051932811E-03   5.7480724834144849E+03
   1.3000000000999998E+07   3.9506388588178617E-03   5.7351045229151841E+03
   1.4000000000999998E+07   3.9590052302471215E-03   5.7229848080287911E+03
   1.5000000000999998E+07   3.9668804969249811E-03   5.7116232276657065E+03
   1.6000000000999998E+07   3.9743137630851768E-03   5.7009406247840861E+03
   1.7000000000999998E+07   3.9813482077835013E-03   5.6908679183890326E+03
   1.8000000000999998E+07   3.9880216868273116E-03   5.6813449291034167E+03
   1.9000000000999998E+07   3.9943673878211385E-03   5.6723191904413170E+03
   2.0000000000999998E+07   4.0004144529734945E-03   5.6637448579283291E+03
   2.1000000000999998E+07   4.0061885376036230E-03   5.6555817518173289E+03
   2.2000000000999998E+07   4.0117122966337165E-03   5.6477945356706850E+03
   2.3000000000999998E+07   4.0170058020045354E-03   5.6403520194828980E+03
   2.4000000000999998E+07   4.0220868981052987E-03   5.6332265715800622E+03
   2.5000000000999998E+07   4.0269715034208266E-03   5.6263936231890102E+03
   2.6000000000999998E+07   4.0316738663485514E-03   5.6198312509169609E+03
   2.7000000000999998E+07   4.0362067823390768E-03   5.6135198242941224E+03
   2.8000000000999998E+07   4.0405817785555210E-03   5.6074417074935754E+03
   2.9000000000999998E+07   4.0448092713058683E-03   5.6015810061412049E+03
   3.0000000000999998E+07   4.0488987006529926E-03   5.5959233516898566E+03
   3.1000000000999998E+07   4.0528586458714521E-03   5.5904557171494898E+03
   3.2000000000999998E+07   4.0566969247983579E-03   5.5851662590586566E+03
   3.3000000000999998E+07   4.0604206796070099E-03   5.5800441814821270E+03
   3.4000000001000002E+07   4.0640364511025278E-03   5.5750796185561085E+03
   3.5000000001000002E+07   4.0675502432849344E-03   5.5702635327038643E+03
   3.6000000001000002E+07   4.0709675796337282E-03   5.5655876261361227E+03
   3.7000000001000002E+07   4.0742935523284726E-03   5.5610442636520538E+03
   3.8000000001000002E+07   4.0775328654224082E-03   5.5566264050856726E+03
   3.9000000001000002E+07   4.0806898728233832E-03   5.5523275460123241E+03
   4.0000000001000002E+07   4.0837686118018043E-03   5.5481416655519406E+03
   4.1000000001000002E+07   4.0867728326337083E-03   5.5440631802892149E+03
   4.2000000001000002E+07   4.0897060248945077E-03   5.5400869034823190E+03
   4.3000000001000002E+07   4.0925714408416754E-03   5.5362080088579005E+03
   4.4000000001000002E+07   4.0953721162601524E-03   5.5324219983949142E+03
   4.5000000001000002E+07   4.0981108890901716E-03   5.5287246735875888E+03
   4.6000000001000002E+07   4.1007904161117848E-03   5.5251121097511796E+03
   4.7000000001000002E+07   4.1034131879220037E-03   5.5215806329960706E+03
   4.8000000001000002E+07   4.1059815424080983E-03   5.5181267995478147E+03
   4.9000000001000002E+07   4.1084976768931414E-03   5.5147473771347832E+03
   5.0000000001000002E+07   4.1109636591064582E-03   5.5114393282025512E+03
   5.1000000001000002E+07   4.1133814371118226E-03   5.5081997947458667E+03
   5.2000000001000002E+07   4.1157528483090700E-03   5.5050260845763396E+03
   5.3000000001000002E+07   4.1180796276103493E-03   5.5019156588670576E+03
   5.4000000001000002E+07   4.1203634148795128E-03   5.4988661208354470E+03
   5.5000000001000002E+07   4.1226057617124775E-03   5.4958752054426950E+03
   5.6000000001000002E+07   4.1248081376269565E-03   5.4929407700028896E+03
   5.7000000001000002E+07   4.1269719357218525E-03   5.4900607856078832E+03
   5.8000000001000002E+07   4.1290984778596862E-03   5.4872333292847989E+03
   5.9000000001000002E+07   4.1311890194191759E-03   5.4844565768129160E+03
   6.0000000001000002E+07   4.1332447536598814E-03   5.4817287961348820E+03
   6.1000000001000002E+07   4.1352668157361014E-03   5.4790483413045904E+03
   6.2000000001000002E+07   4.1372562863931485E-03   5.4764136469204359E+03
   6.3000000001000002E+07   4.1392141953755660E-03   5.4738232229982532E+03
   6.4000000001000002E+07   4.1411415245736884E-03   5.4712756502431457E+03
   6.5000000001000002E+07   4.1430392109321895E-03   5.4687695756837584E+03
   6.6000000001000002E+07   4.1449081491418197E-03   5.4663037086363120E+03
   6.7000000001000002E+07   4.1467491941333421E-03   5.4638768169691803E+03
   6.8000000001000002E+07   4.1485631633908305E-03   5.4614877236416041E+03
   6.9000000001000002E+07   4.1503508390997035E-03   5.4591353034929552E+03
   7.0000000001000002E+07   4.1521129701434581E-03   5.4568184802611413E+03
   7.1000000001000002E+07   4.1538502739616222E-03   5.4545362238109719E+03
   7.2000000001000002E+07   4.1555634382803679E-03   5.4522875475549781E+03
   7.3000000001000002E+07   4.1572531227260009E-03   5.4500715060510674E+03
   7.4000000001000002E+07   4.1589199603307685E-03   5.4478871927626160E+03
   7.5000000001000002E+07   4.1605645589393872E-03   5.4457337379681512E+03
   7.6000000001000002E+07   4.1621875025241077E-03   5.4436103068087486E+03
   7.7000000001000002E+07   4.1637893524152396E-03   5.4415160974625760E+03
   7.8000000001000002E+07   4.1653706484536673E-03   5.4394503394366602E+03
   7.9000000001000002E+07   4.1669319100711144E-03   5.4374122919671418E+03
   8.0000000001000002E+07   4.1684736373035431E-03   5.4354012425198225E+03
   8.1000000001000002E+07   4.1699963117425992E-03   5.4334165053835577E+03
   8.2000000001000002E+07   4.1715003974295449E-03   5.4314574203497905E+03
   8.3000000001000002E+07   4.1729863416958167E-03   5.4295233514719157E+03
   8.4000000001000002E+07   4.1744545759539843E-03   5.4276136858988202E+03
   8.5000000001000002E+07   4.1759055164425412E-03   5.4257278327773574E+03
   8.6000000001000002E+07   4.1773395649277473E-03   5.4238652222189385E+03
   8.7000000001000002E+07   4.1787571093654507E-03   5.4220253043257981E+03
   8.8000000001000002E+07   4.1801585245255513E-03   5.4202075482729242E+03
   8.9000000001000002E+07   4.1815441725816960E-03   5.4184114414417645E+03
   9.0000000001000002E+07   4.1829144036683724E-03   5.4166364886024348E+03
   9.1000000001000002E+07   4.1842695564076457E-03   5.4148822111410473E+03
   9.2000000001000002E+07   4.1856099584074392E-03   5.4131481463293276E+03
   9.3000000001000002E+07   4.1869359267331973E-03   5.4114338466337331E+03
   9.4000000001000002E+07   4.1882477683546099E-03   5.4097388790615723E+03
   9.5000000001000002E+07   4.1895457805689613E-03   5.4080628245417629E+03
   9.6000000001000002E+07   4.1908302514025815E-03   5.4064052773380354E+03
   9.7000000001000002E+07   4.1921014599916968E-03   5.4047658444926283E+03
   9.8000000001000002E+07   4.1933596769439443E-03   5.4031441452985764E+03
   9.9000000001000002E+07   4.1946051646817679E-03   5.4015398107987940E+03
   1.0000000000100000E+08   4.1958381777686873E-03   5.3999524833104460E+03
   1.1000000000100000E+08   4.2075331661300562E-03   5.3849431229677575E+03
   1.2000000000100000E+08   4.2182126136964910E-03   5.3713098088139759E+03
   1.3000000000100000E+08   4.2280387137235316E-03   5.3588267094312014E+03
   1.4000000000099999E+08   4.2371376927349070E-03   5.3473189758405942E+03
   1.5000000000099999E+08   4.2456097090528286E-03   5.3366485240739476E+03
   1.6000000000099999E+08   4.2535355663474101E-03   5.3267044401528465E+03
   1.7000000000099999E+08   4.2609813972771353E-03   5.3173963167474403E+03
   1.8000000000099999E+08   4.2680020115545029E-03   5.3086495100686443E+03
   1.9000000000099999E+08   4.2746433406960363E-03   5.3004016901025307E+03
   2.0000000000099999E+08   4.2809442568847392E-03   5.2926002834941446E+03
   2.1000000000099999E+08   4.2869379488267405E-03   5.2852005459541842E+03
   2.2000000000100002E+08   4.2926529780456428E-03   5.2781640872182079E+03
   2.3000000000100002E+08   4.2981141007148848E-03   5.2714577269696756E+03
   2.4000000000100002E+08   4.3033429148160657E-03   5.2650525965763582E+03
   2.5000000000100002E+08   4.3083583753516777E-03   5.2589234259699560E+03
   2.6000000000100002E+08   4.3131772086256216E-03   5.2530479717596563E+03
   2.7000000000100005E+08   4.3178142484219017E-03   5.2474065543444176E+03
   2.8000000000100005E+08   4.3222827111065731E-03   5.2419816800484496E+03
   2.9000000000100005E+08   4.3265944225004101E-03   5.2367577302327218E+03
   3.0000000000100005E+08   4.3307600063240735E-03   5.2317207036467071E+03
   3.1000000000100005E+08   4.3347890417697122E-03   5.2268580014589970E+03
   3.2000000000100005E+08   4.3386901960757191E-03   5.2221582467685794E+03
   3.3000000000100005E+08   4.3424713367164833E-03   5.2176111321768476E+03
   3.4000000000100005E+08   4.3461396268559610E-03   5.2132072903514436E+03
   3.5000000000100005E+08   4.3497016069741013E-03   5.2089381835487602E+03
   3.6000000000100005E+08   4.3531632650018201E-03   5.2047960088630689E+03
   3.7000000000100005E+08   4.3565300968525962E-03   5.2007736165944852E+03
   3.8000000000100005E+08   4.3598071588864876E-03   5.1968644396183736E+03
   3.9000000000100005E+08   4.3629991135632797E-03   5.1930624320265943E+03
   4.0000000000100005E+08   4.3661102693188783E-03   5.1893620156197721E+03
   4.1000000000100005E+08   4.3691446155204429E-03   5.1857580330771243E+03
   4.2000000000100005E+08   4.3721058532114245E-03   5.1822457068299036E+03
   4.3000000000100005E+08   4.3749974222407166E-03   5.1788206028259856E+03
   4.4000000000100005E+08   4.3778225252744732E-03   5.1754785985049193E+03
   4.5000000000100005E+08   4.3805841491107158E-03   5.1722158544107342E+03
   4.6000000000100005E+08   4.3832850836523739E-03   5.1690287889583433E+03
   4.7000000000100005E+08   4.3859279388407165E-03   5.1659140559430989E+03
   4.8000000000100005E+08   4.3885151598068014E-03   5.1628685244437575E+03
   4.9000000000100005E+08   4.3910490404612751E-03   5.1598892608201595E+03
   5.0000000000100005E+08   4.3935317357118274E-03   5.1569735125493353E+03
   5.1000000000100005E+08   4.3959652724712278E-03   5.1541186936797158E+03
   5.2000000000100005E+08   4.3983515595968775E-03   5.1513223717131459E+03
   5.3000000000100005E+08   4.4006923968839358E-03   5.1485822557500524E+03
   5.4000000000100005E+08   4.4029894832181343E-03   5.1458961857548238E+03
   5.5000000000100005E+08   4.4052444239807533E-03   5.1432621228169537E+03
   5.6000000000100005E+08   4.4074587377866481E-03   5.1406781402992619E+03
   5.7000000000100005E+08   4.4096338626260544E-03   5.1381424157782021E+03
   5.8000000000100005E+08   4.4117711614724536E-03   5.1356532236927696E+03
   5.9000000000100005E+08   4.4138719274111953E-03   5.1332089286287191E+03
   6.0000000000100005E+08   4.4159373883371992E-03   5.1308079791734344E+03
   6.1000000000100005E+08   4.4179687112645182E-03   5.1284489022842772E+03
   6.2000000000100005E+08   4.4199670062855549E-03   5.1261302981199242E+03
   6.3000000000100005E+08   4.4219333302135859E-03   5.1238508352898252E+03
   6.4000000000100005E+08   4.4238686899385465E-03   5.1216092464818485E+03
   6.5000000000100005E+08   4.4257740455226615E-03   5.1194043244327177E+03
   6.6000000000100005E+08   4.4276503130598489E-03   5.1172349182094367E+03
   6.7000000000100005E+08   4.4294983673201314E-03   5.1150999297734461E+03
   6.8000000000100005E+08   4.4313190441982037E-03   5.1129983108021470E+03
   6.9000000000100005E+08   4.4331131429832873E-03   5.1109290597450054E+03
   7.0000000000100005E+08   4.4348814284657020E-03   5.1088912190938463E+03
   7.1000000000100005E+08   4.4366246328940723E-03   5.1068838728488754E+03
   7.2000000000100005E+08   4.4383434577956451E-03   5.1049061441639369E+03
   7.3000000000100005E+08   4.4400385756711395E-03   5.1029571931559185E+03
   7.4000000000100005E+08   4.4417106315742475E-03   5.1010362148649256E+03
   7.5000000000100005E+08   4.4433602445851841E-03   5.0991424373528380E+03
   7.6000000000100005E+08   4.4449880091866475E-03   5.0972751199292170E+03
   7.7000000000100005E+08   4.4465944965498506E-03   5.0954335514944769E+03
   7.8000000000100005E+08   4.4481802557376137E-03   5.0936170489911228E+03
   7.9000000000100005E+08   4.4497458148307859E-03   5.0918249559547949E+03
   8.0000000000100005E+08   4.4512916819838926E-03   5.0900566411573991E+03
   8.1000000000100005E+08   4.4528183464151742E-03   5.0883114973355041E+03
   8.2000000000100005E+08   4.4543262793358971E-03   5.0865889399976377E+03
   8.3000000000100005E+08   4.4558159348233742E-03   5.0848884063046298E+03
   8.4000000000100005E+08   4.4572877506416841E-03   5.0832093540178066E+03
   8.5000000000100005E+08   4.4587421490138454E-03   5.0815512605100957E+03
   8.6000000000100005E+08   4.4601795373488346E-03   5.0799136218356116E+03
   8.7000000000100005E+08   4.4616003089265818E-03   5.0782959518536381E+03
   8.8000000000100005E+08   4.4630048435438307E-03   5.0766977814032216E+03
   8.9000000000100005E+08   4.4643935081235099E-03   5.0751186575249303E+03
   9.0000000000100005E+08   4.4657666572900691E-03   5.0735581427265597E+03
   9.1000000000100005E+08   4.4671246339130066E-03   5.0720158142899118E+03
   9.2000000000100005E+08   4.4684677696207389E-03   5.0704912636158142E+03
   9.3000000000100005E+08   4.4697963852866696E-03   5.0689840956049893E+03
   9.4000000000100005E+08   4.4711107914892486E-03   5.0674939280724111E+03
   9.5000000000100005E+08   4.4724112889477537E-03   5.0660203911929357E+03
   9.6000000000100005E+08   4.4736981689351713E-03   5.0645631269763762E+03
   9.7000000000100005E+08   4.4749717136697764E-03   5.0631217887699841E+03
   9.8000000000100005E+08   4.4762321966865526E-03   5.0616960407868173E+03
   9.9000000000100005E+08   4.4774798831898124E-03   5.0602855576582597E+03
   1.0000000000010000E+09   4.4787150303880960E-03   5.0588900240092889E+03
   1.1000000000009999E+09   4.4904283024687361E-03   5.0456939208124786E+03
   1.2000000000009999E+09   4.5011217121561373E-03   5.0337067594551754E+03
   1.3000000000009999E+09   4.5109587168285009E-03   5.0227298031094342E+03
   1.4000000000009999E+09   4.5200663761564459E-03   5.0126093074936289E+03
   1.5000000000009999E+09   4.5285454157437304E-03   5.0032239289996724E+03
   1.6000000000009999E+09   4.5364770364100275E-03   4.9944762435171133E+03
   1.7000000000009999E+09   4.5439276556179789E-03   4.9862868656365918E+03
   1.8000000000010002E+09   4.5509522916487724E-03   4.9785902676211617E+03
   1.9000000000010002E+09   4.5575970316065993E-03   4.9713317413724626E+03
   2.0000000000010002E+09   4.5639008656580748E-03   4.9644651482463369E+03
   2.1000000000010002E+09   4.5698970732978416E-03   4.9579512238905336E+03
   2.2000000000010004E+09   4.5756142868375949E-03   4.9517562817276412E+03
   2.3000000000010004E+09   4.5810773183055254E-03   4.9458512077659980E+03
   2.4000000000010004E+09   4.5863078102341441E-03   4.9402106716544340E+03
   2.5000000000010004E+09   4.5913247535130817E-03   4.9348125005259981E+03
   2.6000000000010004E+09   4.5961449036169546E-03   4.9296371769698835E+03
   2.7000000000010004E+09   4.6007831182389922E-03   4.9246674327659193E+03
   2.8000000000010004E+09   4.6052526334928613E-03   4.9198879172946299E+03
   2.9000000000010004E+09   4.6095652916259260E-03   4.9152849247567356E+03
   3.0000000000010004E+09   4.6137317301132470E-03   4.9108461681309464E+03
   3.1000000000010004E+09   4.6177615397347410E-03   4.9065605905913253E+03
   3.2000000000010004E+09   4.6216633975472623E-03   4.9024182071838350E+03
   3.3000000000010004E+09   4.6254451793891491E-03   4.8984099711247682E+03
   3.4000000000010004E+09   4.6291140555851165E-03   4.8945276602710392E+03
   3.5000000000010004E+09   4.6326765727747040E-03   4.8907637802222780E+03
   3.6000000000010004E+09   4.6361387242107891E-03   4.8871114812181904E+03
   3.7000000000010004E+09   4.6395060104243435E-03   4.8835644865429313E+03
   3.8000000000010004E+09   4.6427834917975499E-03   4.8801170305786854E+03
   3.9000000000010004E+09   4.6459758343068147E-03   4.8767638049910993E+03
   4.0000000000010004E+09   4.6490873494736025E-03   4.8734999118001515E+03
   4.1000000000010004E+09   4.6521220293814728E-03   4.8703208223072397E+03
   4.2000000000010004E+09   4.6550835774729618E-03   4.8672223410241013E+03
   4.3000000000010004E+09   4.6579754357222005E-03   4.8642005738911485E+03
   4.4000000000010004E+09   4.6608008086834428E-03   4.8612519001881392E+03
   4.5000000000010004E+09   4.6635626848367676E-03   4.8583729476349572E+03
   4.6000000000010004E+09   4.6662638555875283E-03   4.8555605702579842E+03
   4.7000000000010004E+09   4.6689069322223553E-03   4.8528118286620311E+03
   4.8000000000010004E+09   4.6714943610799003E-03   4.8501239724012312E+03
   4.9000000000010004E+09   4.6740284371572698E-03   4.8474944241868834E+03
   5.0000000000010004E+09   4.6765113163417579E-03   4.8449207657076076E+03
   5.1000000000010004E+09   4.6789450264312655E-03   4.8424007248685375E+03
   5.2000000000010004E+09   4.6813314770846066E-03   4.8399321642826935E+03
   5.3000000000010004E+09   4.6836724688239465E-03   4.8375130708702127E+03
   5.4000000000010004E+09   4.6859697011957602E-03   4.8351415464400316E+03
   5.5000000000010004E+09   4.6882247801829586E-03   4.8328157991448943E+03
   5.6000000000010004E+09   4.6904392249491151E-03   4.8305341357144653E+03
   5.7000000000010004E+09   4.6926144739858093E-03   4.8282949543831028E+03
   5.8000000000010004E+09   4.6947518907252753E-03   4.8260967384392607E+03
   5.9000000000010004E+09   4.6968527686733156E-03   4.8239380503320826E+03
   6.0000000000010004E+09   4.6989183361108074E-03   4.8218175262785644E+03
   6.1000000000010004E+09   4.7009497604065652E-03   4.8197338713211993E+03
   6.2000000000010004E+09   4.7029481519795567E-03   4.8176858547917263E+03
   6.3000000000010004E+09   4.7049145679440921E-03   4.8156723061416560E+03
   6.4000000000010004E+09   4.7068500154679328E-03   4.8136921111046522E+03
   6.5000000000010004E+09   4.7087554548700767E-03   4.8117442081595545E+03
   6.6000000000010004E+09   4.7106318024820234E-03   4.8098275852663110E+03
   6.7000000000010004E+09   4.7124799332938991E-03   4.8079412768499424E+03
   6.8000000000010004E+09   4.7143006834045268E-03   4.8060843610103284E+03
   6.9000000000010014E+09   4.7160948522926797E-03   4.8042559569378000E+03
   7.0000000000010014E+09   4.7178632049248567E-03   4.8024552225167099E+03
   7.1000000000010014E+09   4.7196064737136277E-03   4.8006813521007098E+03
   7.2000000000010014E+09   4.7213253603389602E-03   4.7989335744453228E+03
   7.3000000000010014E+09   4.7230205374439414E-03   4.7972111507846103E+03
   7.4000000000010014E+09   4.7246926502151681E-03   4.7955133730400339E+03
   7.5000000000010014E+09   4.7263423178569982E-03   4.7938395621508871E+03
   7.6000000000010014E+09   4.7279701349682082E-03   4.7921890665164183E+03
   7.7000000000010014E+09   4.7295766728286583E-03   4.7905612605408805E+03
   7.8000000000010014E+09   4.7311624806029252E-03   4.7889555432734614E+03
   7.9000000000010014E+09   4.7327280864672711E-03   4.7873713371357626E+03
   8.0000000000010014E+09   4.7342739986657358E-03   4.7858080867301578E+03
   8.1000000000010014E+09   4.7358007065006124E-03   4.7842652577229755E+03
   8.2000000000010014E+09   4.7373086812621682E-03   4.7827423357969092E+03
   8.3000000000010014E+09   4.7387983771020074E-03   4.7812388256676149E+03
   8.4000000000010014E+09   4.7402702318541361E-03   4.7797542501598027E+03
   8.5000000000010014E+09   4.7417246678074371E-03   4.7782881493386030E+03
   8.6000000000010014E+09   4.7431620924329610E-03   4.7768400796922660E+03
   8.7000000000010014E+09   4.7445828990691939E-03   4.7754096133625953E+03
   8.8000000000010014E+09   4.7459874675681458E-03   4.7739963374198423E+03
   8.9000000000010014E+09   4.7473761649049458E-03   4.7725998531789946E+03
   9.0000000000010014E+09   4.7487493457533669E-03   4.7712197755546767E+03
   9.1000000000010014E+09   4.7501073530295621E-03   4.7698557324520734E+03
   9.2000000000010014E+09   4.7514505184061027E-03   4.7685073641914532E+03
   9.3000000000010014E+09   4.7527791627981746E-03   4.7671743229642116E+03
   9.4000000000010014E+09   4.7540935968238499E-03   4.7658562723182140E+03
   9.5000000000010014E+09   4.7553941212399317E-03   4.7645528866707436E+03
   9.6000000000010014E+09   4.7566810273550215E-03   4.7632638508471800E+03
   9.7000000000010014E+09   4.7579545974211837E-03   4.7619888596438259E+03
   9.8000000000010014E+09   4.7592151050054937E-03   4.7607276174134277E+03
   9.9000000000010014E+09   4.7604628153427491E-03   4.7594798376719373E+03
   1.0000000000001001E+10   4.7616979856704624E-03   4.7582452427252319E+03
