   1.0000000000000000E+00   0.0000000000000000E+00   2.2657326787610801E+31
   2.0000000000000000E+00   0.0000000000000000E+00   2.1164719948245988E+13
   3.0000000000000000E+00   1.0705233446516031E-02   2.1164719948245988E+03
   4.0000000000000000E+00   1.0009237069423733E-02   2.2636417371734069E+03
   5.0000000000000000E+00   9.2092366600007684E-03   2.4602828251792275E+03
   6.0000000000000000E+00   8.4783119201278529E-03   2.6723865553732930E+03
   7.0000000000000000E+00   7.8412107585095637E-03   2.8895189130099916E+03
   7.8990000000000000E+00   7.3427546932031875E-03   3.0856712139087977E+03
   7.9010000000000007E+00   7.3417168654887118E-03   3.0861074054920782E+03
   8.0000000000000000E+00   7.2907162235694573E-03   3.1076956080616742E+03
   9.0000000000000000E+00   6.8137926055360605E-03   3.3252152067561028E+03
   1.0000000000000000E+01   6.3979918353942048E-03   3.5413184903220181E+03
   1.1000000000000000E+01   6.0328233804367920E-03   3.7556754704743826E+03
   1.2000000000000000E+01   5.7097750883453651E-03   3.9681644963316180E+03
   1.3000000000000000E+01   5.4220101852626192E-03   4.1787687616660896E+03
   1.4000000000000000E+01   5.1640339645259150E-03   4.3875247419467469E+03
   1.4299000000000001E+01   5.0920000544704440E-03   4.4495928015002955E+03
   1.4301000000000000E+01   5.0915255979660417E-03   4.4500074391577127E+03
   1.5000000000000000E+01   4.9314070669183446E-03   4.5944953397995305E+03
   1.6000000000000000E+01   4.7205168931191543E-03   4.7997554718291931E+03
   1.7000000000000000E+01   4.5284003519774100E-03   5.0033842033682067E+03
   1.8000000000000000E+01   4.3526076141639945E-03   5.2054604494741698E+03
   1.9000000000000000E+01   4.1910973953826376E-03   5.4060606686383726E+03
   2.0000000000000000E+01   4.0421561401945165E-03   5.6052576896548308E+03
   2.1000000000000000E+01   3.9043352628467302E-03   5.8031201887849356E+03
   2.2000000000000000E+01   3.7764020587829801E-03   5.9997125398540247E+03
   2.3000000000000000E+01   3.6573010169966731E-03   6.1950948752412769E+03
   2.4000000000000000E+01   3.5461230960671026E-03   6.3893232619982527E+03
   2.5000000000000000E+01   3.4420811411109073E-03   6.5824499361738790E+03
   2.6000000000000000E+01   3.3444900710355098E-03   6.7745235615532010E+03
   2.7000000000000000E+01   3.2527507988397552E-03   6.9655894929585720E+03
   2.8000000000000000E+01   3.1663370945302183E-03   7.1556900327355752E+03
   2.9000000000000000E+01   3.0847847840067689E-03   7.3448646742161473E+03
   3.0000000000000000E+01   3.0076828149942186E-03   7.5331503291028894E+03
   3.1000000000000000E+01   2.9346658250025614E-03   7.7205815376239725E+03
   3.1998999999999999E+01   2.8654754051541196E-03   7.9070044526842403E+03
   3.2000999999999998E+01   2.8653404487749864E-03   7.9073768694039281E+03
   3.2999000000000002E+01   2.7996816226024080E-03   8.0928226283637114E+03
   3.3000999999999998E+01   2.7995533300343356E-03   8.0931934907390796E+03
   3.4000000000000000E+01   2.7370326654953497E-03   8.2780622508611032E+03
   3.5000000000000000E+01   2.6774177756470319E-03   8.4623800565212023E+03
   3.6000000000000000E+01   2.6205599751441522E-03   8.6459867366189410E+03
   3.7000000000000000E+01   2.5662665915595568E-03   8.8289061090265077E+03
   3.8000000000000000E+01   2.5143627600945290E-03   9.0111606595537487E+03
   3.9000000000000000E+01   2.4646773734806381E-03   9.1928164843798331E+03
   4.0000000000000000E+01   2.4171014404855981E-03   9.3737591679474244E+03
   4.1000000000000000E+01   2.3714663332260548E-03   9.5541422916970587E+03
   4.2000000000000000E+01   2.3276626854743915E-03   9.7339390836147304E+03
   4.3000000000000000E+01   2.2855791164386320E-03   9.9131667001382302E+03
   4.4000000000000000E+01   2.2451132340474251E-03   1.0091841446573646E+04
   4.5000000000000000E+01   2.2061707382403021E-03   1.0269978834767278E+04
   4.6000000000000000E+01   2.1686646300666879E-03   1.0447593635957475E+04
   4.7000000000000000E+01   2.1325145122629884E-03   1.0624699929271397E+04
   4.8000000000000000E+01   2.0976459691570090E-03   1.0801311146282807E+04
   4.9000000000000000E+01   2.0639900155625494E-03   1.0977440112003376E+04
   5.0000000000000000E+01   2.0314720214963185E-03   1.1153157192350664E+04
   5.1000000000000000E+01   2.0000641955789464E-03   1.1328299780423959E+04
   5.2000000000000000E+01   1.9696793493869102E-03   1.1503053425758466E+04
   5.3000000000000000E+01   1.9402763892464394E-03   1.1677370766960890E+04
   5.4000000000000000E+01   1.9118070785673950E-03   1.1851262107779712E+04
   5.5000000000000000E+01   1.8842263377858515E-03   1.2024737332902030E+04
   5.6000000000000000E+01   1.8574919878728475E-03   1.2197805931619330E+04
   5.7000000000000000E+01   1.8315645185975290E-03   1.2370477019810383E+04
   5.8000000000000000E+01   1.8064068787905696E-03   1.2542759360383079E+04
   5.9000000000000000E+01   1.7819842861992795E-03   1.2714661382304148E+04
   6.0000000000000000E+01   1.7582640548234251E-03   1.2886191198332936E+04
   6.1000000000000000E+01   1.7352154378775222E-03   1.3057356621564380E+04
   6.2000000000000000E+01   1.7128094847473818E-03   1.3228165180876771E+04
   6.3000000000000000E+01   1.6910189105012320E-03   1.3398624135371130E+04
   6.4000000000000000E+01   1.6698179766831028E-03   1.3568740487880554E+04
   6.5000000000000000E+01   1.6491823822617176E-03   1.3738520997621950E+04
   6.6000000000000000E+01   1.6290891637354933E-03   1.3907972192054647E+04
   6.7000000000000000E+01   1.6095166035052424E-03   1.4077100378006135E+04
   6.8000000000000000E+01   1.5904441457237786E-03   1.4245911652118983E+04
   6.9000000000000000E+01   1.5718523189170855E-03   1.4414411910668794E+04
   7.0000000000000000E+01   1.5537226647470057E-03   1.4582606858798779E+04
   7.1000000000000000E+01   1.5360376723517486E-03   1.4750502019212412E+04
   7.2000000000000000E+01   1.5187807177590002E-03   1.4918102740362852E+04
   7.3000000000000000E+01   1.5019360079183122E-03   1.5085414204173667E+04
   7.4000000000000000E+01   1.4854885289451916E-03   1.5252441433323762E+04
   7.5000000000000000E+01   1.4694239982101472E-03   1.5419189298125577E+04
   7.6000000000000000E+01   1.4537288199419969E-03   1.5585662523024628E+04
   7.7000000000000000E+01   1.4383900440470784E-03   1.5751865692744763E+04
   7.8000000000000000E+01   1.4233953278745839E-03   1.5917803258103111E+04
   7.9000000000000000E+01   1.4087329006839688E-03   1.6083479541515788E+04
   8.0000000000000000E+01   1.3943915305932406E-03   1.6248898742214315E+04
   8.1000000000000000E+01   1.3803604938074881E-03   1.6414064941191158E+04
   8.2000000000000000E+01   1.3666295459453680E-03   1.6578982105891442E+04
   8.3000000000000000E+01   1.3531888952978382E-03   1.6743654094666435E+04
   8.4000000000000000E+01   1.3400291778682184E-03   1.6908084661003537E+04
   8.5000000000000000E+01   1.3271414340560489E-03   1.7072277457546337E+04
   8.6000000000000000E+01   1.3145170868592523E-03   1.7236236039917498E+04
   8.7000000000000000E+01   1.3021479214799945E-03   1.7399963870355798E+04
   8.8000000000000000E+01   1.2900260662294168E-03   1.7563464321178646E+04
   8.9000000000000000E+01   1.2781439746353091E-03   1.7726740678080168E+04
   9.0000000000000000E+01   1.2664944086648697E-03   1.7889796143273943E+04
   9.1000000000000000E+01   1.2550704229818863E-03   1.8052633838490034E+04
   9.2000000000000000E+01   1.2438653501644298E-03   1.8215256807833477E+04
   9.3000000000000000E+01   1.2328727868149997E-03   1.8377668020513029E+04
   9.4000000000000000E+01   1.2220865805006565E-03   1.8539870373446614E+04
   9.5000000000000000E+01   1.2115008174655728E-03   1.8701866693750417E+04
   9.6000000000000000E+01   1.2011098110629851E-03   1.8863659741118103E+04
   9.7000000000000000E+01   1.1909080908576583E-03   1.9025252210095943E+04
   9.8000000000000000E+01   1.1808903923537827E-03   1.9186646732259043E+04
   9.9000000000000000E+01   1.1710516473065825E-03   1.9347845878294633E+04
   1.0000000000000000E+02   1.1613869745791705E-03   1.9508852159996633E+04
   1.1000000000000000E+02   1.0733582053520836E-03   2.1108821523546030E+04
   1.2000000000000000E+02   9.9847664175152832E-04   2.2691894672533657E+04
   1.2499900000000000E+02   9.6506527136707809E-04   2.3477507128108769E+04
   1.2500100000000000E+02   9.6505238158166491E-04   2.3477820706972147E+04
   1.2999900000000000E+02   9.3394941421343775E-04   2.4259693772271981E+04
   1.3000100000000000E+02   9.3393739600724818E-04   2.4260005953798383E+04
   1.4000000000000000E+02   8.7770937845431764E-04   2.5814155965282363E+04
   1.5000000000000000E+02   8.2823841736373094E-04   2.7356044241136136E+04
   1.6000000000000000E+02   7.8435531573249194E-04   2.8886559870448040E+04
   1.7000000000000000E+02   7.4514503157762930E-04   3.0406599826131114E+04
   1.8000000000000000E+02   7.0988402613301799E-04   3.1916941293964646E+04
   1.8399900000000000E+02   6.9675475161353872E-04   3.2518367094219531E+04
   1.8400100000000000E+02   6.9674831442113091E-04   3.2518667528366899E+04
   1.9000000000000000E+02   6.7799234589196956E-04   3.3418263384378959E+04
   2.0000000000000000E+02   6.4899946611271791E-04   3.4911163984957253E+04
   2.1000000000000000E+02   6.2251948222054158E-04   3.6396173027053854E+04
   2.2000000000000000E+02   5.9823278585771481E-04   3.7873763062193109E+04
   2.3000000000000000E+02   5.7587232478131334E-04   3.9344357790096772E+04
   2.4000000000000000E+02   5.5521315837509368E-04   4.0808339006086477E+04
   2.5000000000000000E+02   5.3606441924876770E-04   4.2266052313940971E+04
   2.6000000000000000E+02   5.1826305621577263E-04   4.3717811863822484E+04
   2.7000000000000000E+02   5.0166891309583325E-04   4.5163904312489460E+04
   2.8000000000000000E+02   4.8616082104346902E-04   4.6604592157344865E+04
   2.9000000000000000E+02   4.7163346821523753E-04   4.8040116562022187E+04
   3.0000000000000000E+02   4.5799487160818789E-04   4.9470699765813144E+04
   3.1000000000000000E+02   4.4516431970994061E-04   5.0896547149991318E+04
   3.2000000000000000E+02   4.3307068643515202E-04   5.2317849019327492E+04
   3.3000000000000000E+02   4.2165104021787535E-04   5.3734782145689278E+04
   3.4000000000000000E+02   4.1084948950303134E-04   5.5147511111714870E+04
   3.5000000000000000E+02   4.0061621890913422E-04   5.6556189485553070E+04
   3.6000000000000000E+02   3.9090668019499272E-04   5.7960960852111399E+04
   3.7000000000000000E+02   3.8168090969004792E-04   5.9361959721826715E+04
   3.8000000000000000E+02   3.7290294964017730E-04   6.0759312334411363E+04
   3.9000000000000000E+02   3.6454035541193540E-04   6.2153137372151083E+04
   4.0000000000000000E+02   3.5656377400564425E-04   6.3543546594983447E+04
   4.1000000000000000E+02   3.4894658208546359E-04   6.4930645407673299E+04
   4.2000000000000000E+02   3.4166457391684795E-04   6.6314533367819953E+04
   4.3000000000000000E+02   3.3469569133913972E-04   6.7695304642128292E+04
   4.4000000000000000E+02   3.2801978929221300E-04   6.9073048417291546E+04
   4.5000000000000000E+02   3.2161843153614538E-04   7.0447849270928491E+04
   4.6000000000000000E+02   3.1547471210940654E-04   7.1819787507257468E+04
   4.7000000000000000E+02   3.0957309880835706E-04   7.3188939461554910E+04
   4.8000000000000000E+02   3.0389929557342576E-04   7.4555377776900816E+04
   4.9000000000000000E+02   2.9844012116197983E-04   7.5919171656258070E+04
   5.0000000000000000E+02   2.9318340189572625E-04   7.7280387092544624E+04
   5.1000000000000000E+02   2.8811787660815825E-04   7.8639087079018282E+04
   5.2000000000000000E+02   2.8323311219818399E-04   7.9995331802014058E+04
   5.3000000000000000E+02   2.7851942843025456E-04   8.1349178817823602E+04
   5.4000000000000000E+02   2.7396783081738951E-04   8.2700683215296231E+04
   5.5000000000000000E+02   2.6956995058826868E-04   8.4049897765559115E+04
   5.6000000000000000E+02   2.6531799087851964E-04   8.5396873060089041E+04
   5.7000000000000000E+02   2.6120467840382749E-04   8.6741657638237768E+04
   5.8000000000000000E+02   2.5722321997224636E-04   8.8084298105184527E+04
   5.9000000000000000E+02   2.5336726327795299E-04   8.9424839241188398E+04
   6.0000000000000000E+02   2.4963086149113378E-04   9.0763324102919592E+04
   6.1000000000000000E+02   2.4600844122071614E-04   9.2099794117564015E+04
   6.2000000000000000E+02   2.4249477347986113E-04   9.3434289170329124E+04
   6.3000000000000000E+02   2.3908494732994187E-04   9.4766847685911605E+04
   6.4000000000000000E+02   2.3577434591823344E-04   9.6097506704433254E+04
   6.5000000000000000E+02   2.3255862465870519E-04   9.7426301952300812E+04
   6.6000000000000000E+02   2.2943369133491783E-04   9.8753267908402209E+04
   6.7000000000000000E+02   2.2639568792975158E-04   1.0007843786601252E+05
   6.8000000000000000E+02   2.2344097400909196E-04   1.0140184399074836E+05
   6.9000000000000000E+02   2.2056611150615303E-04   1.0272351737487443E+05
   7.0000000000000000E+02   2.1776785077018675E-04   1.0404348808824572E+05
   7.1000000000000000E+02   2.1504311775832026E-04   1.0536178522613595E+05
   7.2000000000000000E+02   2.1238900226239519E-04   1.0667843695418321E+05
   7.3000000000000000E+02   2.0980274707423641E-04   1.0799347055066800E+05
   7.4000000000000000E+02   2.0728173800297519E-04   1.0930691244631300E+05
   7.5000000000000000E+02   2.0482349466703373E-04   1.1061878826178180E+05
   7.6000000000000000E+02   2.0242566199132680E-04   1.1192912284303944E+05
   7.7000000000000000E+02   2.0008600234727416E-04   1.1323794029472483E+05
   7.8000000000000000E+02   1.9780238827947564E-04   1.1454526401166696E+05
   7.9000000000000000E+02   1.9557279576843534E-04   1.1585111670867469E+05
   8.0000000000000000E+02   1.9339529798366990E-04   1.1715552044871310E+05
   8.1000000000000000E+02   1.9126805948593655E-04   1.1845849666957455E+05
   8.2000000000000000E+02   1.8918933084124704E-04   1.1976006620914089E+05
   8.3000000000000000E+02   1.8715744361284567E-04   1.2106024932932832E+05
   8.4000000000000000E+02   1.8517080570047586E-04   1.2235906573879845E+05
   8.5000000000000000E+02   1.8322789699907552E-04   1.2365653461451408E+05
   8.6000000000000000E+02   1.8132726535157779E-04   1.2495267462220984E+05
   8.7000000000000000E+02   1.7946752277276382E-04   1.2624750393584470E+05
   8.8000000000000000E+02   1.7764734192315945E-04   1.2754104025609978E+05
   8.9000000000000000E+02   1.7586545281381822E-04   1.2883330082797566E+05
   9.0000000000000000E+02   1.7412063972448876E-04   1.3012430245754615E+05
   9.1000000000000000E+02   1.7241173831917500E-04   1.3141406152791475E+05
   9.2000000000000000E+02   1.7073763294445102E-04   1.3270259401442148E+05
   9.3000000000000000E+02   1.6909725409712200E-04   1.3398991549914484E+05
   9.4000000000000000E+02   1.6748957604894560E-04   1.3527604118473397E+05
   9.5000000000000000E+02   1.6591361461712573E-04   1.3656098590761519E+05
   9.6000000000000000E+02   1.6436842507022283E-04   1.3784476415060222E+05
   9.7000000000000000E+02   1.6285310015995441E-04   1.3912739005494377E+05
   9.8000000000000000E+02   1.6136676827011116E-04   1.4040887743184392E+05
   9.9000000000000000E+02   1.5990859167452470E-04   1.4168923977347728E+05
   1.0000000000000000E+03   1.5847776489664022E-04   1.4296849026352685E+05
   1.1000000000000000E+03   1.4551674284730718E-04   1.5570254215616590E+05
   1.2000000000000000E+03   1.3459428111830803E-04   1.6833796056828796E+05
   1.2199990000000000E+03   1.3261226094346041E-04   1.7085393632848785E+05
   1.2200010000000000E+03   1.3261206578734830E-04   1.7085418776254670E+05
   1.2509990000000000E+03   1.2965788705766062E-04   1.7474699998415660E+05
   1.2510010000000000E+03   1.2965770089699841E-04   1.7474725088338600E+05
   1.3000000000000000E+03   1.2525881278083043E-04   1.8088409337916280E+05
   1.4000000000000000E+03   1.1718377193465881E-04   1.9334867288829410E+05
   1.4129990000000000E+03   1.1621328867947889E-04   1.9496330449868480E+05
   1.4130010000000000E+03   1.1621314065737486E-04   1.9496355282583935E+05
   1.5000000000000000E+03   1.1012698555055448E-04   2.0573819100142180E+05
   1.6000000000000000E+03   1.0390496715725165E-04   2.1805816803080065E+05
   1.7000000000000000E+03   9.8376089715525246E-05   2.3031335005415574E+05
   1.8000000000000000E+03   9.3429248338562323E-05   2.4250785691335954E+05
   1.9000000000000000E+03   8.8976027476038002E-05   2.5464529525902483E+05
   2.0000000000000000E+03   8.4945168479286695E-05   2.6672884630437387E+05
   2.1000000000000000E+03   8.1278584755346023E-05   2.7876133492986957E+05
   2.2000000000000000E+03   7.7928441051117886E-05   2.9074528480235505E+05
   2.3000000000000000E+03   7.4854978868006209E-05   3.0268296284690796E+05
   2.4000000000000000E+03   7.2024874310567968E-05   3.1457641550214228E+05
   2.5000000000000000E+03   6.9409981964764275E-05   3.2642749855651474E+05
   2.6000000000000000E+03   6.6986362732920210E-05   3.3823790191366727E+05
   2.7000000000000000E+03   6.4733523317387585E-05   3.5000917031075590E+05
   2.8000000000000000E+03   6.2633815378417571E-05   3.6174272077664442E+05
   2.9000000000000000E+03   6.0671956504213571E-05   3.7343985744117695E+05
   3.0000000000000000E+03   5.8834645069609571E-05   3.8510178417502186E+05
   3.1000000000000000E+03   5.7110248153521156E-05   3.9672961543967394E+05
   3.2000000000000000E+03   5.5488546811882674E-05   4.0832438565067656E+05
   3.3000000000000000E+03   5.3960526750731417E-05   4.1988705729792919E+05
   3.4000000000000000E+03   5.2518205213754539E-05   4.3141852802077174E+05
   3.5000000000000000E+03   5.1154486965956761E-05   4.4291963679919654E+05
   3.6000000000000000E+03   4.9863043812760793E-05   4.5439116939372267E+05
   3.7000000000000000E+03   4.8638213277836470E-05   4.6583386314347462E+05
   3.8000000000000000E+03   4.7474912970376314E-05   4.7724841121349001E+05
   3.9000000000000000E+03   4.6368567873414010E-05   4.8863546636732895E+05
   4.0000000000000000E+03   4.5315048330118386E-05   4.9999564432885614E+05
   4.1000000000000000E+03   4.4310122658413158E-05   5.1133523060353915E+05
   4.2000000000000000E+03   4.3351882851893600E-05   5.2263766408985702E+05
   4.3000000000000000E+03   4.2435762425002814E-05   5.3392057766496693E+05
   4.4000000000000000E+03   4.1559445008604097E-05   5.4517876220243145E+05
   4.5000000000000000E+03   4.0720363304945843E-05   5.5641268762596895E+05
   4.6000000000000000E+03   3.9916167484013260E-05   5.6762280087849719E+05
   4.7000000000000000E+03   3.9144702547998370E-05   5.7880952754281089E+05
   4.8000000000000000E+03   3.8403988472680388E-05   5.8997327331583400E+05
   4.9000000000000000E+03   3.7692202735488110E-05   6.0111442535244534E+05
   5.0000000000000000E+03   3.7007664901540781E-05   6.1223335349287291E+05
   5.1000000000000000E+03   3.6348822989779893E-05   6.2333041138584609E+05
   5.2000000000000000E+03   3.5714241383435047E-05   6.3440593751823902E+05
   5.3000000000000000E+03   3.5102590084139263E-05   6.4546025616064947E+05
   5.4000000000000000E+03   3.4512635138314295E-05   6.5649367823721201E+05
   5.5000000000000000E+03   3.3943230089013465E-05   6.6750650212704367E+05
   5.6000000000000000E+03   3.3393308327086705E-05   6.7849901440380793E+05
   5.7000000000000000E+03   3.2861876232980755E-05   6.8947149051920266E+05
   5.8000000000000000E+03   3.2348007015265236E-05   7.0042419543555379E+05
   5.9000000000000000E+03   3.1850835164530322E-05   7.1135738421209191E+05
   6.0000000000000000E+03   3.1369551451993489E-05   7.2227130254905077E+05
   6.1000000000000000E+03   3.0903398411291106E-05   7.3316618729325722E+05
   6.2000000000000000E+03   3.0451666249756127E-05   7.4404226690853911E+05
   6.3000000000000000E+03   3.0013689142207322E-05   7.5489976191392296E+05
   6.4000000000000000E+03   2.9588841866065140E-05   7.6573888529229804E+05
   6.5000000000000000E+03   2.9176536741606933E-05   7.7655984287197888E+05
   6.6000000000000000E+03   2.8776220845500230E-05   7.8736283368334500E+05
   6.7000000000000000E+03   2.8387373469504150E-05   7.9814805029253603E+05
   6.8000000000000000E+03   2.8009503799489840E-05   8.0891567911401123E+05
   6.9000000000000000E+03   2.7642148792772805E-05   8.1966590070359095E+05
   7.0000000000000000E+03   2.7284871234229974E-05   8.3039889003347268E+05
   7.1000000000000000E+03   2.6937257953844770E-05   8.4111481675056345E+05
   7.2000000000000000E+03   2.6598918190224958E-05   8.5181384541937185E+05
   7.3000000000000000E+03   2.6269482086309290E-05   8.6249613575057825E+05
   7.4000000000000000E+03   2.5948599304948417E-05   8.7316184281631070E+05
   7.5000000000000000E+03   2.5635937753341228E-05   8.8381111725307512E+05
   7.6000000000000000E+03   2.5331182406452215E-05   8.9444410545319249E+05
   7.7000000000000000E+03   2.5034034220546733E-05   9.0506094974555704E+05
   7.8000000000000000E+03   2.4744209128879147E-05   9.1566178856641136E+05
   7.9000000000000000E+03   2.4461437112362855E-05   9.2624675662084261E+05
   8.0000000000000000E+03   2.4185461338760142E-05   9.3681598503559164E+05
   8.1000000000000000E+03   2.3916037364558380E-05   9.4736960150376405E+05
   8.2000000000000000E+03   2.3652932394261835E-05   9.5790773042193416E+05
   8.3000000000000000E+03   2.3395924592327351E-05   9.6843049302019156E+05
   8.4000000000000000E+03   2.3144802443424039E-05   9.7893800748548890E+05
   8.5000000000000000E+03   2.2899364157094242E-05   9.8943038907879626E+05
   8.6000000000000000E+03   2.2659417113256611E-05   9.9990775024638278E+05
   8.7000000000000000E+03   2.2424777345312869E-05   1.0103702007256068E+06
   8.8000000000000000E+03   2.2195269057910934E-05   1.0208178476455630E+06
   8.9000000000000000E+03   2.1970724176679575E-05   1.0312507956228411E+06
   9.0000000000000000E+03   2.1750981927482968E-05   1.0416691468527516E+06
   9.1000000000000000E+03   2.1535888442958816E-05   1.0520730011962261E+06
   9.2000000000000000E+03   2.1325296394293627E-05   1.0624624562626765E+06
   9.3000000000000000E+03   2.1119064646363711E-05   1.0728376074890206E+06
   9.4000000000000000E+03   2.0917057934526842E-05   1.0831985482151092E+06
   9.5000000000000000E+03   2.0719146561492593E-05   1.0935453697557407E+06
   9.6000000000000000E+03   2.0525206112828344E-05   1.1038781614694663E+06
   9.7000000000000000E+03   2.0335117189775690E-05   1.1141970108243437E+06
   9.8000000000000000E+03   2.0148765158158517E-05   1.1245020034608191E+06
   9.9000000000000000E+03   1.9966039912261462E-05   1.1347932232518767E+06
   1.0000000000000000E+04   1.9786835652645463E-05   1.1450707523606264E+06
   1.1000000000000000E+04   1.8167865345157622E-05   1.2471100130456318E+06
   1.1106999000000000E+04   1.8011301178678199E-05   1.2579505812957352E+06
   1.1107001000000000E+04   1.8011298279404432E-05   1.2579507837876969E+06
   1.2000000000000000E+04   1.6809854880759611E-05   1.3478597494344909E+06
   1.3000000000000000E+04   1.5654019433290307E-05   1.4473807755359658E+06
   1.4000000000000000E+04   1.4658059421016470E-05   1.5457248559877661E+06
   1.5000000000000000E+04   1.3790747889797428E-05   1.6429367695404671E+06
   1.6000000000000000E+04   1.3028522091916383E-05   1.7390557906540039E+06
   1.7000000000000000E+04   1.2353262911477908E-05   1.8341167795076212E+06
   1.8000000000000000E+04   1.1750805189211172E-05   1.9281510009555165E+06
   1.9000000000000000E+04   1.1209912579241975E-05   2.0211867512300357E+06
   2.0000000000000000E+04   1.0721556108231367E-05   2.1132498453480899E+06
   2.1000000000000000E+04   1.0278396294982763E-05   2.2043640016751075E+06
   2.2000000000000000E+04   9.8744047587294770E-06   2.2945511492812335E+06
   2.3000000000000000E+04   9.5045833190910490E-06   2.3838316764608668E+06
   2.4000000000000000E+04   9.1647524572733076E-06   2.4722246338066179E+06
   2.5000000000000000E+04   8.8513899248148863E-06   2.5597479017494135E+06
   2.6000000000000000E+04   8.5615061423716549E-06   2.6464183300036048E+06
   2.7000000000000000E+04   8.2925469515934791E-06   2.7322518545712926E+06
   2.8000000000000000E+04   8.0423169541271442E-06   2.8172635966533939E+06
   2.9000000000000000E+04   7.8089185207915753E-06   2.9014679468462523E+06
   3.0000000000000000E+04   7.5907028529279227E-06   2.9848786372755067E+06
   3.1000000000000000E+04   7.3862304029196614E-06   3.0675088037674418E+06
   3.2000000000000000E+04   7.1942386278870757E-06   3.1493710397350532E+06
   3.3000000000000000E+04   7.0136155371704705E-06   3.2304774431293583E+06
   3.4000000000000000E+04   6.8433778530885594E-06   3.3108396575508509E+06
   3.5000000000000000E+04   6.6826528718120151E-06   3.3904689084152924E+06
   3.6000000000000000E+04   6.5306633122596350E-06   3.4693760349086616E+06
   3.7000000000000000E+04   6.3867145934861580E-06   3.5475715183388838E+06
   3.8000000000000000E+04   6.2501840977563633E-06   3.6250655073894756E+06
   3.9000000000000000E+04   6.1205120665088030E-06   3.7018678406976415E+06
   4.0000000000000000E+04   5.9971938463353614E-06   3.7779880671117147E+06
   4.1000000000000000E+04   5.8797732568009946E-06   3.8534354639277305E+06
   4.2000000000000000E+04   5.7678368950006757E-06   3.9282190533593697E+06
   4.3000000000000000E+04   5.6610092258805996E-06   4.0023476174579696E+06
   4.4000000000000000E+04   5.5589483345562809E-06   4.0758297116678134E+06
   4.5000000000000000E+04   5.4613422386676998E-06   4.1486736771761226E+06
   4.6000000000000000E+04   5.3679056763877316E-06   4.2208876521946974E+06
   4.7000000000000000E+04   5.2783772999360994E-06   4.2924795822922885E+06
   4.8000000000000000E+04   5.1925172160405149E-06   4.3634572298804717E+06
   4.9000000000000000E+04   5.1101048242629683E-06   4.4338281829431308E+06
   5.0000000000000000E+04   5.0309369118943111E-06   4.5035998630878450E+06
   5.1000000000000000E+04   4.9548259705417567E-06   4.5727795329880118E+06
   5.2000000000000000E+04   4.8815987048529524E-06   4.6413743032761849E+06
   5.3000000000000000E+04   4.8110947082431411E-06   4.7093911389419604E+06
   5.4000000000000000E+04   4.7431652841835355E-06   4.7768368652813919E+06
   5.5000000000000000E+04   4.6776723947010025E-06   4.8437181734397756E+06
   5.6000000000000000E+04   4.6144877203382804E-06   4.9100416255847858E+06
   5.7000000000000000E+04   4.5534918180156052E-06   4.9758136597431684E+06
   5.8000000000000000E+04   4.4945733650895093E-06   5.0410405943300435E+06
   5.9000000000000000E+04   4.4376284794772948E-06   5.1057286323977252E+06
   6.0000000000000000E+04   4.3825601070562493E-06   5.1698838656270364E+06
   6.1000000000000000E+04   4.3292774686888142E-06   5.2335122780829547E+06
   6.2000000000000000E+04   4.2776955602045488E-06   5.2966197497531557E+06
   6.3000000000000000E+04   4.2277346995089279E-06   5.3592120598869566E+06
   6.4000000000000000E+04   4.1793201157119187E-06   5.4212948901501605E+06
   6.5000000000000000E+04   4.1323815757927265E-06   5.4828738276097802E+06
   6.6000000000000000E+04   4.0868530448558947E-06   5.5439543675614875E+06
   6.7000000000000000E+04   4.0426723765012106E-06   5.6045419162113545E+06
   6.8000000000000000E+04   3.9997810302356567E-06   5.6646417932223389E+06
   6.9000000000000000E+04   3.9580663419496908E-06   5.7243423505756864E+06
   7.0000000000000000E+04   3.9176486438607912E-06   5.7833993926730249E+06
   7.1000000000000000E+04   3.8782500187299776E-06   5.8421521764165340E+06
   7.2000000000000000E+04   3.8400503968071461E-06   5.9002680814943202E+06
   7.3000000000000000E+04   3.8028368508567555E-06   5.9580065293903546E+06
   7.4000000000000000E+04   3.7666240656617153E-06   6.0152875340455277E+06
   7.5000000000000000E+04   3.7313726003626551E-06   6.0721158710895600E+06
   7.6000000000000000E+04   3.6970450625621115E-06   6.1284962461098349E+06
   7.7000000000000000E+04   3.6636059768100418E-06   6.1844332963281395E+06
   7.8000000000000000E+04   3.6310216631061256E-06   6.2399315922088958E+06
   7.9000000000000000E+04   3.5992601245390778E-06   6.2949956390029751E+06
   8.0000000000000000E+04   3.5682909432704183E-06   6.3496298782309648E+06
   8.1000000000000000E+04   3.5380851841480348E-06   6.4038386891090786E+06
   8.2000000000000000E+04   3.5086153053035907E-06   6.4576263899214575E+06
   8.3000000000000000E+04   3.4798550751501587E-06   6.5109972393413885E+06
   8.4000000000000000E+04   3.4517794952511626E-06   6.5639554377045110E+06
   8.5000000000000000E+04   3.4243647285813278E-06   6.6165051282365741E+06
   8.6000000000000000E+04   3.3975880327445060E-06   6.6686503982381430E+06
   8.7000000000000000E+04   3.3714276977530076E-06   6.7203952802284565E+06
   8.8000000000000000E+04   3.3458629880086389E-06   6.7717437530506263E+06
   8.9000000000000000E+04   3.3208740881578110E-06   6.8226997429401204E+06
   9.0000000000000000E+04   3.2964420525219514E-06   6.8732671245583557E+06
   9.1000000000000000E+04   3.2725487578305545E-06   6.9234497219930962E+06
   9.2000000000000000E+04   3.2491768590076578E-06   6.9732513097273065E+06
   9.3000000000000000E+04   3.2263097477839229E-06   7.0226756135778949E+06
   9.4000000000000000E+04   3.2039315139255654E-06   7.0717263116059173E+06
   9.5000000000000000E+04   3.1820269088890402E-06   7.1204070349993631E+06
   9.6000000000000000E+04   3.1605813117260397E-06   7.1687213689298509E+06
   9.7000000000000000E+04   3.1395806970777171E-06   7.2166728533845162E+06
   9.8000000000000000E+04   3.1190116051102157E-06   7.2642649839740377E+06
   9.9000000000000000E+04   3.0988611132553673E-06   7.3115012127178479E+06
   1.0000000000000000E+05   3.0791168096311922E-06   7.3583849488076530E+06
   1.1000000000000000E+05   2.9016026345693416E-06   7.8085560433651945E+06
   1.2000000000000000E+05   2.7540418555281751E-06   8.2269362544838786E+06
   1.3000000000000000E+05   2.6295801995703027E-06   8.6163284889782853E+06
   1.4000000000000000E+05   2.5233031399319024E-06   8.9792329859432839E+06
   1.5000000000000000E+05   2.4315946815882252E-06   9.3178879519558307E+06
   1.6000000000000000E+05   2.3517025183227940E-06   9.6344357379732430E+06
   1.7000000000000000E+05   2.2816385187815286E-06   9.9302876424573045E+06
   1.8000000000000000E+05   2.2196800275833865E-06   1.0207474278298717E+07
   1.9000000000000000E+05   2.1645736275644832E-06   1.0467339386881556E+07
   2.0000000000000000E+05   2.1152889537355595E-06   1.0711220681031970E+07
   2.1000000000000000E+05   2.0709907079159764E-06   1.0940332422066111E+07
   2.2000000000000000E+05   2.0309946443172204E-06   1.1155778697401609E+07
   2.3000000000000000E+05   1.9947349601728438E-06   1.1358565042469375E+07
   2.4000000000000000E+05   1.9617397847995704E-06   1.1549608650020668E+07
   2.5000000000000000E+05   1.9316125129843996E-06   1.1729747366672704E+07
   2.6000000000000000E+05   1.9040174184992747E-06   1.1899747642786300E+07
   2.7000000000000000E+05   1.8786684445707532E-06   1.2060311574982380E+07
   2.8000000000000000E+05   1.8553203816708403E-06   1.2212083159031736E+07
   2.9000000000000000E+05   1.8337618596871957E-06   1.2355653853262991E+07
   3.0000000000000000E+05   1.8138097335209680E-06   1.2491567538138850E+07
   3.1000000000000000E+05   1.7953045492312807E-06   1.2620324945598945E+07
   3.2000000000000000E+05   1.7780849097390928E-06   1.2742544893953025E+07
   3.3000000000000000E+05   1.7620941831918227E-06   1.2858181477320222E+07
   3.4000000000000000E+05   1.7471585529646964E-06   1.2968099975336708E+07
   3.5000000000000000E+05   1.7332044111071075E-06   1.3072506994797071E+07
   3.6000000000000000E+05   1.7201469056752276E-06   1.3171739409499375E+07
   3.7000000000000000E+05   1.7079104418423523E-06   1.3266109412136361E+07
   3.8000000000000000E+05   1.6964274643136252E-06   1.3355906612121468E+07
   3.9000000000000000E+05   1.6856374263784050E-06   1.3441399931591522E+07
   4.0000000000000000E+05   1.6754859130887760E-06   1.3522839321186399E+07
   4.1000000000000000E+05   1.6659238923668930E-06   1.3600457314661577E+07
   4.2000000000000000E+05   1.6569070728107374E-06   1.3674470439175237E+07
   4.3000000000000000E+05   1.6483756810022598E-06   1.3745244514790764E+07
   4.4000000000000000E+05   1.6403523334351439E-06   1.3812475725969773E+07
   4.5000000000000000E+05   1.6327449235496736E-06   1.3876831868111145E+07
   4.6000000000000000E+05   1.6255429606564375E-06   1.3938313127363408E+07
   4.7000000000000000E+05   1.6187189063207674E-06   1.3997073055203443E+07
   4.8000000000000000E+05   1.6122475693840611E-06   1.4053255354738571E+07
   4.9000000000000000E+05   1.6060868062848948E-06   1.4107162015744587E+07
   5.0000000000000000E+05   1.6002726011082192E-06   1.4158416992155068E+07
   5.1000000000000000E+05   1.5947282937059310E-06   1.4207640810685225E+07
   5.2000000000000000E+05   1.5894549986836045E-06   1.4254777144603480E+07
   5.3000000000000000E+05   1.5844361662488550E-06   1.4299930328687152E+07
   5.4000000000000000E+05   1.5796565101815144E-06   1.4343198436859734E+07
   5.5000000000000000E+05   1.5751018916166624E-06   1.4384673720603330E+07
   5.6000000000000000E+05   1.5707592153194738E-06   1.4424443012420954E+07
   5.7000000000000000E+05   1.5666163369189468E-06   1.4462588097460294E+07
   5.8000000000000000E+05   1.5626619797784675E-06   1.4499186056105904E+07
   5.9000000000000000E+05   1.5588856603599154E-06   1.4534309580075089E+07
   6.0000000000000000E+05   1.5552776210903200E-06   1.4568027264307316E+07
   6.1000000000000000E+05   1.5518287698695636E-06   1.4600403876721026E+07
   6.2000000000000000E+05   1.5485306254687850E-06   1.4631500607714344E+07
   6.3000000000000000E+05   1.5453752681641507E-06   1.4661375301111735E+07
   6.4000000000000000E+05   1.5423552950325449E-06   1.4690082668100618E+07
   6.5000000000000000E+05   1.5394637794061750E-06   1.4717674485560501E+07
   6.6000000000000000E+05   1.5366942340439965E-06   1.4744199780059895E+07
   6.7000000000000000E+05   1.5340405776307378E-06   1.4769704998680091E+07
   6.8000000000000000E+05   1.5314971042598597E-06   1.4794234167723490E+07
   6.9000000000000000E+05   1.5290584555968284E-06   1.4817829040268512E+07
   7.0000000000000000E+05   1.5267195954536636E-06   1.4840529233449837E+07
   7.1000000000000000E+05   1.5244757865360728E-06   1.4862372356266133E+07
   7.2000000000000000E+05   1.5223225691510288E-06   1.4883394128648030E+07
   7.3000000000000000E+05   1.5202557416859073E-06   1.4903628492456580E+07
   7.4000000000000000E+05   1.5182713426907420E-06   1.4923107715025807E+07
   7.5000000000000000E+05   1.5163656344131397E-06   1.4941862485811077E+07
   7.6000000000000000E+05   1.5145350876512518E-06   1.4959922006658748E+07
   7.7000000000000000E+05   1.5127763678042763E-06   1.4977314076169003E+07
   7.8000000000000000E+05   1.5110863220122135E-06   1.4994065168586489E+07
   7.9000000000000000E+05   1.5094619672877421E-06   1.5010200507616851E+07
   8.0000000000000000E+05   1.5079004795527275E-06   1.5025744135535656E+07
   8.1000000000000000E+05   1.5063991835005516E-06   1.5040718977927212E+07
   8.2000000000000000E+05   1.5049555432132045E-06   1.5055146904363394E+07
   8.3000000000000000E+05   1.5035671534689101E-06   1.5069048785308739E+07
   8.4000000000000000E+05   1.5022317316822156E-06   1.5082444545515547E+07
   8.5000000000000000E+05   1.5009471104239763E-06   1.5095353214152051E+07
   8.6000000000000000E+05   1.4997112304735442E-06   1.5107792971888727E+07
   8.7000000000000000E+05   1.4985221343598971E-06   1.5119781195149992E+07
   8.8000000000000000E+05   1.4973779603524141E-06   1.5131334497723140E+07
   8.9000000000000000E+05   1.4962769368655090E-06   1.5142468769902136E+07
   9.0000000000000000E+05   1.4952173772445652E-06   1.5153199215330454E+07
   9.1000000000000000E+05   1.4941976749035094E-06   1.5163540385694914E+07
   9.2000000000000000E+05   1.4932162987868811E-06   1.5173506213411992E+07
   9.3000000000000000E+05   1.4922717891317174E-06   1.5183110042436730E+07
   9.4000000000000000E+05   1.4913627535065915E-06   1.5192364657315858E+07
   9.5000000000000000E+05   1.4904878631071163E-06   1.5201282310597716E+07
   9.6000000000000000E+05   1.4896458492889154E-06   1.5209874748703733E+07
   9.7000000000000000E+05   1.4888355003207443E-06   1.5218153236357989E+07
   9.8000000000000000E+05   1.4880556583417035E-06   1.5226128579666326E+07
   9.9000000000000000E+05   1.4873052165079796E-06   1.5233811147928050E+07
   1.0000000000000000E+06   1.4865831163155702E-06   1.5241210894259296E+07
   1.1000000000000000E+06   1.4807179876599147E-06   1.5301581379056394E+07
   1.2000000000000000E+06   1.4768013333361209E-06   1.5342163008769428E+07
   1.3000000000000000E+06   1.4742873614706818E-06   1.5368324642632008E+07
   1.4000000000000000E+06   1.4728019894444702E-06   1.5383824132500641E+07
   1.5000000000000000E+06   1.4720822603343318E-06   1.5391345577702282E+07
   1.6000000000000000E+06   1.4719393193721563E-06   1.5392840241046822E+07
   1.7000000000000000E+06   1.4722350100197134E-06   1.5389748670157908E+07
   1.8000000000000000E+06   1.4728666420760070E-06   1.5383148847525854E+07
   1.9000000000000000E+06   1.4737568235910259E-06   1.5373857087496215E+07
   2.0000000000000000E+06   1.4748465200666850E-06   1.5362498049347097E+07
   2.1000000000000000E+06   1.4760902221102833E-06   1.5349554145287199E+07
   2.2000000000000000E+06   1.4774525212536339E-06   1.5335400942959458E+07
   2.3000000000000000E+06   1.4789056449468025E-06   1.5320332886027902E+07
   2.4000000000000000E+06   1.4804276565772968E-06   1.5304582217812549E+07
   2.5000000000000000E+06   1.4820011240230537E-06   1.5288333065568138E+07
   2.6000000000000000E+06   1.4666567499488819E-06   1.5448281807178462E+07
   2.7000000000000000E+06   1.4660458693839218E-06   1.5454718887569403E+07
   2.8000000000000000E+06   1.4667968404947190E-06   1.5446806375700245E+07
   2.9000000000000000E+06   1.4678509956653930E-06   1.5435713062510129E+07
   3.0000000000000000E+06   1.4690824862092970E-06   1.5422773738235731E+07
   3.1000000000000000E+06   1.4704780492886911E-06   1.5408136693077974E+07
   3.2000000000000000E+06   1.4718736022671870E-06   1.5393527509910362E+07
   3.3000000000000000E+06   1.4733164544839744E-06   1.5378452279314617E+07
   3.4000000000000000E+06   1.4748018746495924E-06   1.5362963105124954E+07
   3.5000000000000000E+06   1.4762773585991877E-06   1.5347608398675108E+07
   3.6000000000000000E+06   1.4777414407734978E-06   1.5332402653437957E+07
   3.7000000000000000E+06   1.4792400279919609E-06   1.5316869716112046E+07
   3.8000000000000000E+06   1.4807238163703017E-06   1.5301521146023508E+07
   3.9000000000000000E+06   1.4822383525543309E-06   1.5285886206199961E+07
   4.0000000000000000E+06   1.4836899595506489E-06   1.5270930858407110E+07
   4.1000000000000000E+06   1.4851705479796781E-06   1.5255707042152323E+07
   4.2000000000000000E+06   1.4865882949760015E-06   1.5241157800167236E+07
   4.3000000000000000E+06   1.4880337487573425E-06   1.5226352766885795E+07
   4.4000000000000000E+06   1.4894613190778242E-06   1.5211759108748602E+07
   4.5000000000000000E+06   1.4908709805008882E-06   1.5197375952678762E+07
   4.6000000000000000E+06   1.4922627681914167E-06   1.5183201826492587E+07
   4.7000000000000000E+06   1.4936367670781251E-06   1.5169234774484970E+07
   4.8000000000000000E+06   1.4949931027343713E-06   1.5155472454133812E+07
   4.9000000000000000E+06   1.4963319336875859E-06   1.5141912217146700E+07
   5.0000000000000000E+06   1.4976967136836057E-06   1.5128114110556331E+07
   5.1000000000000000E+06   1.4990008837386408E-06   1.5114952254798824E+07
   5.2000000000000000E+06   1.5002881712950347E-06   1.5101983219699193E+07
   5.3000000000000000E+06   1.5016016824395310E-06   1.5088772910004517E+07
   5.4000000000000000E+06   1.5028557148284346E-06   1.5076182340097334E+07
   5.5000000000000000E+06   1.5041363179838064E-06   1.5063346663938962E+07
   5.6000000000000000E+06   1.5053581392547620E-06   1.5051120525264153E+07
   5.7000000000000000E+06   1.5065342126889270E-06   1.5039370892992219E+07
   5.8000000000000000E+06   1.5077976037566466E-06   1.5026769329756554E+07
   5.9000000000000000E+06   1.5090156480898745E-06   1.5014640051142380E+07
   6.0000000000000000E+06   1.5101763048622912E-06   1.5003100442419443E+07
   6.1000000000000000E+06   1.5113647279984279E-06   1.4991303136746468E+07
   6.2000000000000000E+06   1.5124964353466383E-06   1.4980086073669413E+07
   6.3000000000000000E+06   1.5136563320962964E-06   1.4968607012816550E+07
   6.4000000000000000E+06   1.5147222501909686E-06   1.4958073524538428E+07
   6.5000000000000000E+06   1.5158925979457713E-06   1.4946525115509097E+07
   6.6000000000000000E+06   1.5170117264455374E-06   1.4935498778706523E+07
   6.7000000000000000E+06   1.5181177969627621E-06   1.4924617070520096E+07
   6.8000000000000000E+06   1.5190845434738450E-06   1.4915119033334373E+07
   6.9000000000000000E+06   1.5202494935737280E-06   1.4903689745259555E+07
   7.0000000000000000E+06   1.5213178424299324E-06   1.4893223595814319E+07
   7.1000000000000000E+06   1.5223741119886334E-06   1.4882890223359218E+07
   7.2000000000000000E+06   1.5233762814062816E-06   1.4873099354477959E+07
   7.3000000000000000E+06   1.5244090473164137E-06   1.4863023036695439E+07
   7.4000000000000000E+06   1.5254304172295190E-06   1.4853071324459989E+07
   7.5000000000000000E+06   1.5264406089608291E-06   1.4843241626698773E+07
   7.6000000000000000E+06   1.5273975355872588E-06   1.4833942218519710E+07
   7.7000000000000000E+06   1.5283859683878261E-06   1.4824348859673342E+07
   7.8000000000000000E+06   1.5293638477885322E-06   1.4814870130723575E+07
   7.9000000000000000E+06   1.5303313724230918E-06   1.4805503694102349E+07
   8.0000000000000000E+06   1.5312887362920369E-06   1.4796247272395367E+07
   8.1000000000000000E+06   1.5321937160381523E-06   1.4787507970073562E+07
   8.2000000000000000E+06   1.5331312870852165E-06   1.4778464818030573E+07
   8.3000000000000000E+06   1.5340592527304643E-06   1.4769525197467532E+07
   8.4000000000000000E+06   1.5349777892675937E-06   1.4760687057512160E+07
   8.5000000000000000E+06   1.5358870687907795E-06   1.4751948400378918E+07
   8.6000000000000000E+06   1.5367872592886622E-06   1.4743307279953815E+07
   8.7000000000000000E+06   1.5376359311868264E-06   1.4735169963232268E+07
   8.8000000000000000E+06   1.5385183980527339E-06   1.4726718131084841E+07
   8.9000000000000000E+06   1.5393922564976887E-06   1.4718358294954058E+07
   9.0000000000000000E+06   1.5402576590310733E-06   1.4710088701564258E+07
   9.1000000000000000E+06   1.5411147545300123E-06   1.4701907642510705E+07
   9.2000000000000000E+06   1.5419636883320412E-06   1.4693813452974031E+07
   9.3000000000000000E+06   1.5428046023265200E-06   1.4685804510463595E+07
   9.4000000000000000E+06   1.5435947910504770E-06   1.4678286632589372E+07
   9.5000000000000000E+06   1.5444200457953245E-06   1.4670443348165063E+07
   9.6000000000000000E+06   1.5452376868979466E-06   1.4662680686422568E+07
   9.7000000000000000E+06   1.5460478433335939E-06   1.4654997182206854E+07
   9.8000000000000000E+06   1.5468506410629421E-06   1.4647391406866195E+07
   9.9000000000000000E+06   1.5476462031133769E-06   1.4639861967180479E+07
   1.0000000000000000E+07   1.5484346496584121E-06   1.4632407504319960E+07
   1.1000000000000000E+07   1.5559089072514947E-06   1.4562116510814799E+07
   1.2000000000000000E+07   1.5626532317483942E-06   1.4499267225307798E+07
   1.3000000000000000E+07   1.5691453684806763E-06   1.4439278375813412E+07
   1.4000000000000000E+07   1.5751034025971498E-06   1.4384659921533840E+07
   1.5000000000000000E+07   1.5806250943117980E-06   1.4334409132910654E+07
   1.6000000000000000E+07   1.5858461993254566E-06   1.4287215744659318E+07
   1.7000000000000000E+07   1.5907144320194128E-06   1.4243491057566702E+07
   1.8000000000000000E+07   1.5953537173124524E-06   1.4202071015184987E+07
   1.9000000000000000E+07   1.5997460091855742E-06   1.4163077549507735E+07
   2.0000000000000000E+07   1.6039149916589599E-06   1.4126264113396620E+07
   2.1000000000000000E+07   1.6076438576117431E-06   1.4093498805929380E+07
   2.2000000000000000E+07   1.6116149797693471E-06   1.4058771525475334E+07
   2.3000000000000000E+07   1.6152264775879984E-06   1.4027337405615564E+07
   2.4000000000000000E+07   1.6186822443300288E-06   1.3997390078859268E+07
   2.5000000000000000E+07   1.6219944076863900E-06   1.3968806970135720E+07
   2.6000000000000000E+07   1.6251737448998628E-06   1.3941479708686078E+07
   2.7000000000000000E+07   1.6281812423911078E-06   1.3915727682955490E+07
   2.8000000000000000E+07   1.6311226512569992E-06   1.3890633405250236E+07
   2.9000000000000000E+07   1.6339572338735530E-06   1.3866535988765161E+07
   3.0000000000000000E+07   1.6366919912490421E-06   1.3843366319841189E+07
   3.1000000000000000E+07   1.6393332649186221E-06   1.3821062057650326E+07
   3.2000000000000000E+07   1.6418868169860431E-06   1.3799566786949480E+07
   3.3000000000000000E+07   1.6443578984129415E-06   1.3778829298341075E+07
   3.4000000000000000E+07   1.6467513075610169E-06   1.3758802973818975E+07
   3.5000000000000000E+07   1.6490714406054360E-06   1.3739445259747174E+07
   3.6000000000000000E+07   1.6510711319562510E-06   1.3722804759335564E+07
   3.7000000000000000E+07   1.6532534594951197E-06   1.3704690383366885E+07
   3.8000000000000000E+07   1.6555802942140124E-06   1.3685429131280750E+07
   3.9000000000000000E+07   1.6576445534889345E-06   1.3668386711688399E+07
   4.0000000000000000E+07   1.6596528298760299E-06   1.3651847169328310E+07
   4.1000000000000000E+07   1.6616078487962753E-06   1.3635784643184330E+07
   4.2000000000000000E+07   1.6635121442004686E-06   1.3620175161691146E+07
   4.3000000000000000E+07   1.6653680760412257E-06   1.3604996465087714E+07
   4.4000000000000000E+07   1.6669047364317857E-06   1.3592454501096202E+07
   4.5000000000000000E+07   1.6689435103157907E-06   1.3575850019827019E+07
   4.6000000000000000E+07   1.6706669941541734E-06   1.3561844979814045E+07
   4.7000000000000000E+07   1.6723501006641521E-06   1.3548195906235626E+07
   4.8000000000000000E+07   1.6739945219184375E-06   1.3534887056646377E+07
   4.9000000000000000E+07   1.6756018476509871E-06   1.3521903678594008E+07
   5.0000000000000000E+07   1.6771735733166550E-06   1.3509231929290026E+07
   5.1000000000000000E+07   1.6784226419254671E-06   1.3499178467718104E+07
   5.2000000000000000E+07   1.6802157778765046E-06   1.3484772066743508E+07
   5.3000000000000000E+07   1.6816888384576266E-06   1.3472960198981361E+07
   5.4000000000000000E+07   1.6831314737622252E-06   1.3461412338137753E+07
   5.5000000000000000E+07   1.6842488084665923E-06   1.3452482004864199E+07
   5.6000000000000000E+07   1.6859298914450651E-06   1.3439068197664183E+07
   5.7000000000000000E+07   1.6872877405855424E-06   1.3428253073034234E+07
   5.8000000000000000E+07   1.6886193058694559E-06   1.3417664188047843E+07
   5.9000000000000000E+07   1.6899254931751852E-06   1.3407293326902930E+07
   6.0000000000000000E+07   1.6912071633816892E-06   1.3397132697987078E+07
   6.1000000000000000E+07   1.6924651352847292E-06   1.3387174905555192E+07
   6.2000000000000000E+07   1.6937001882809022E-06   1.3377412923716966E+07
   6.3000000000000000E+07   1.6949130648413595E-06   1.3367840072512202E+07
   6.4000000000000000E+07   1.6961044727946315E-06   1.3358449995877232E+07
   6.5000000000000000E+07   1.6972750874359755E-06   1.3349236641326405E+07
   6.6000000000000000E+07   1.6984255534788243E-06   1.3340194241191562E+07
   6.7000000000000000E+07   1.6995564868622981E-06   1.3331317295278898E+07
   6.8000000000000000E+07   1.7006684764273377E-06   1.3322600554817101E+07
   6.9000000000000000E+07   1.7017620854727511E-06   1.3314039007583467E+07
   7.0000000000000000E+07   1.7028378532013069E-06   1.3305627864106618E+07
   7.1000000000000000E+07   1.7038962960651402E-06   1.3297362544853263E+07
   7.2000000000000000E+07   1.7048837875440312E-06   1.3289660534721719E+07
   7.3000000000000000E+07   1.7059089926574721E-06   1.3281673808586424E+07
   7.4000000000000000E+07   1.7069182986390036E-06   1.3273820314467555E+07
   7.5000000000000000E+07   1.7079121426308725E-06   1.3266096201359278E+07
   7.6000000000000000E+07   1.7088909445060959E-06   1.3258497776263442E+07
   7.7000000000000000E+07   1.7098551077588983E-06   1.3251021495796617E+07
   7.8000000000000000E+07   1.7108050203386236E-06   1.3243663958342945E+07
   7.9000000000000000E+07   1.7117410554313628E-06   1.3236421896710951E+07
   8.0000000000000000E+07   1.7126635721931749E-06   1.3229292171256173E+07
   8.1000000000000000E+07   1.7135729164384795E-06   1.3222271763434609E+07
   8.2000000000000000E+07   1.7144694212868164E-06   1.3215357769755417E+07
   8.3000000000000000E+07   1.7153534077710166E-06   1.3208547396103309E+07
   8.4000000000000000E+07   1.7162251854094601E-06   1.3201837952404348E+07
   8.5000000000000000E+07   1.7167881742148871E-06   1.3197508654771773E+07
   8.6000000000000000E+07   1.7179332978526323E-06   1.3188711584979355E+07
   8.7000000000000000E+07   1.7187701988186585E-06   1.3182289757632282E+07
   8.8000000000000000E+07   1.7195960241922780E-06   1.3175959044365268E+07
   8.9000000000000000E+07   1.7204110334124085E-06   1.3169717205701912E+07
   9.0000000000000000E+07   1.7212154772108509E-06   1.3163562080167867E+07
   9.1000000000000000E+07   1.7220095979934423E-06   1.3157491580774037E+07
   9.2000000000000000E+07   1.7227936302007017E-06   1.3151503691693632E+07
   9.3000000000000000E+07   1.7232649318316708E-06   1.3147906841885399E+07
   9.4000000000000000E+07   1.7243323288548421E-06   1.3139768018301850E+07
   9.5000000000000000E+07   1.7250874273394296E-06   1.3134016530718548E+07
   9.6000000000000000E+07   1.7258333019211374E-06   1.3128340241429724E+07
   9.7000000000000000E+07   1.7265701519902704E-06   1.3122737446545687E+07
   9.8000000000000000E+07   1.7272981707710006E-06   1.3117206496836286E+07
   9.9000000000000000E+07   1.7280175455699549E-06   1.3111745795461640E+07
   1.0000000000000000E+08   1.7287284580124736E-06   1.3106353795818241E+07
   1.1000000000000000E+08   1.7350962032211137E-06   1.3058253914421966E+07
   1.2000000000000000E+08   1.7414072730001730E-06   1.3010929228850504E+07
   1.3000000000000000E+08   1.7468397763572679E-06   1.2970466492845003E+07
   1.4000000000000000E+08   1.7517949403294403E-06   1.2933777958823131E+07
   1.5000000000000000E+08   1.7563429634618944E-06   1.2900286139417425E+07
   1.6000000000000000E+08   1.7601791011008666E-06   1.2872171231575387E+07
   1.7000000000000000E+08   1.7640708889542906E-06   1.2843773416068135E+07
   1.8000000000000000E+08   1.7680570542804566E-06   1.2814816542688787E+07
   1.9000000000000000E+08   1.7714458754955960E-06   1.2790301471261140E+07
   2.0000000000000000E+08   1.7746251179018934E-06   1.2767387635309782E+07
   2.1000000000000000E+08   1.7772584224100095E-06   1.2748470623021083E+07
   2.2000000000000000E+08   1.7804410819054276E-06   1.2725681864947161E+07
   2.3000000000000000E+08   1.7831133650414235E-06   1.2706610377004519E+07
   2.4000000000000000E+08   1.7856482453262814E-06   1.2688572257673712E+07
   2.5000000000000000E+08   1.7880581359663557E-06   1.2671470984004475E+07
   2.6000000000000000E+08   1.7903539113466908E-06   1.2655222324488977E+07
   2.7000000000000000E+08   1.7925451456075172E-06   1.2639752389573395E+07
   2.8000000000000000E+08   1.7946403072574723E-06   1.2624996048503559E+07
   2.9000000000000000E+08   1.7966469191370973E-06   1.2610895633568767E+07
   3.0000000000000000E+08   1.7985716908310713E-06   1.2597399871862469E+07
   3.1000000000000000E+08   1.8004206289935561E-06   1.2584462998669570E+07
   3.2000000000000000E+08   1.8021991298322421E-06   1.2572044016978225E+07
   3.3000000000000000E+08   1.8039120570781128E-06   1.2560106075409250E+07
   3.4000000000000000E+08   1.8055638080693526E-06   1.2548615942760698E+07
   3.5000000000000000E+08   1.8071583700412431E-06   1.2537543561881471E+07
   3.6000000000000000E+08   1.8083755611781474E-06   1.2529104724711977E+07
   3.7000000000000000E+08   1.8101901076253541E-06   1.2516545467886332E+07
   3.8000000000000000E+08   1.8116336080242551E-06   1.2506572348434515E+07
   3.9000000000000000E+08   1.8130326356925286E-06   1.2496921644742664E+07
   4.0000000000000000E+08   1.8143897299610085E-06   1.2487574424320461E+07
   4.1000000000000000E+08   1.8157072268100390E-06   1.2478513304932296E+07
   4.2000000000000000E+08   1.8169872794645989E-06   1.2469722294526525E+07
   4.3000000000000000E+08   1.8182318764891840E-06   1.2461186650934607E+07
   4.4000000000000000E+08   1.8194428577342488E-06   1.2452892758515075E+07
   4.5000000000000000E+08   1.8206219284300004E-06   1.2444828019373126E+07
   4.6000000000000000E+08   1.8217706716771659E-06   1.2436980757161887E+07
   4.7000000000000000E+08   1.8228905595462843E-06   1.2429340131779600E+07
   4.8000000000000000E+08   1.8239829629654579E-06   1.2421896063532408E+07
   4.9000000000000000E+08   1.8250491605500256E-06   1.2414639165545782E+07
   5.0000000000000000E+08   1.8260903465057194E-06   1.2407560683383657E+07
   5.1000000000000000E+08   1.8271076377181818E-06   1.2400652440984176E+07
   5.2000000000000000E+08   1.8281020801261984E-06   1.2393906792145168E+07
   5.3000000000000000E+08   1.8287960476416439E-06   1.2389203715104785E+07
   5.4000000000000000E+08   1.8300262814367910E-06   1.2380875082199404E+07
   5.5000000000000000E+08   1.8306840516250753E-06   1.2376426597204568E+07
   5.6000000000000000E+08   1.8315986975125259E-06   1.2370246178041877E+07
   5.7000000000000000E+08   1.8327638802794964E-06   1.2362381772907680E+07
   5.8000000000000000E+08   1.8336398794944896E-06   1.2356475794940241E+07
   5.9000000000000000E+08   1.8344987840833368E-06   1.2350690545119235E+07
   6.0000000000000000E+08   1.8353412391567786E-06   1.2345021353097469E+07
   6.1000000000000000E+08   1.8361678548423194E-06   1.2339463806568217E+07
   6.2000000000000000E+08   1.8369792087146020E-06   1.2334013733048683E+07
   6.3000000000000000E+08   1.8377758480218499E-06   1.2328667183214294E+07
   6.4000000000000000E+08   1.8385582917283328E-06   1.2323420415630024E+07
   6.5000000000000000E+08   1.8393270323905257E-06   1.2318269882742744E+07
   6.6000000000000000E+08   1.8400825378828104E-06   1.2313212218012899E+07
   6.7000000000000000E+08   1.8408252529867510E-06   1.2308244224077838E+07
   6.8000000000000000E+08   1.8415556008565612E-06   1.2303362861850174E+07
   6.9000000000000000E+08   1.8422739843719838E-06   1.2298565240465304E+07
   7.0000000000000000E+08   1.8429807873886848E-06   1.2293848608000908E+07
   7.1000000000000000E+08   1.8436763758952721E-06   1.2289210342899041E+07
   7.2000000000000000E+08   1.8441233403553363E-06   1.2286231778425978E+07
   7.3000000000000000E+08   1.8450352903495858E-06   1.2280159033336340E+07
   7.4000000000000000E+08   1.8456992682016797E-06   1.2275741329022964E+07
   7.5000000000000000E+08   1.8463533371320635E-06   1.2271392659221107E+07
   7.6000000000000000E+08   1.8469977884068692E-06   1.2267110946112130E+07
   7.7000000000000000E+08   1.8474041229395205E-06   1.2264412808367727E+07
   7.8000000000000000E+08   1.8482589413338214E-06   1.2258740526508601E+07
   7.9000000000000000E+08   1.8488761658261409E-06   1.2254648097260065E+07
   8.0000000000000000E+08   1.8494848195905168E-06   1.2250615170027308E+07
   8.1000000000000000E+08   1.8500851379498524E-06   1.2246640072314845E+07
   8.2000000000000000E+08   1.8506773467723565E-06   1.2242721199957378E+07
   8.3000000000000000E+08   1.8512616629639400E-06   1.2238857013511294E+07
   8.4000000000000000E+08   1.8518382949294376E-06   1.2235046034877541E+07
   8.5000000000000000E+08   1.8524074430048919E-06   1.2231286844138948E+07
   8.6000000000000000E+08   1.8529692998631306E-06   1.2227578076595431E+07
   8.7000000000000000E+08   1.8535240508944773E-06   1.2223918419983160E+07
   8.8000000000000000E+08   1.8540718745644160E-06   1.2220306611864099E+07
   8.9000000000000000E+08   1.8546129427498846E-06   1.2216741437173503E+07
   9.0000000000000000E+08   1.8549390980329930E-06   1.2214593358691396E+07
   9.1000000000000000E+08   1.8556754691119512E-06   1.2209746350989729E+07
   9.2000000000000000E+08   1.8561972408554845E-06   1.2206314226158688E+07
   9.3000000000000000E+08   1.8567128847935071E-06   1.2202924304115344E+07
   9.4000000000000000E+08   1.8572225442535288E-06   1.2199575574674835E+07
   9.5000000000000000E+08   1.8577263576187955E-06   1.2196267063063372E+07
   9.6000000000000000E+08   1.8582244585506822E-06   1.2192997828304516E+07
   9.7000000000000000E+08   1.8587169761989291E-06   1.2189766961694712E+07
   9.8000000000000000E+08   1.8592040354003737E-06   1.2186573585363168E+07
   9.9000000000000000E+08   1.8596857568670273E-06   1.2183416850909861E+07
   1.0000000000000000E+09   1.8601622573640984E-06   1.2180295938117173E+07
   1.1000000000000000E+09   1.8646632882663973E-06   1.2150894443079654E+07
   1.2000000000000000E+09   1.8687468770604188E-06   1.2124342288267145E+07
   1.3000000000000000E+09   1.8724845919383274E-06   1.2100140575339405E+07
   1.4000000000000000E+09   1.8759310136727725E-06   1.2077910446851337E+07
   1.5000000000000000E+09   1.8791287073770832E-06   1.2057357592730435E+07
   1.6000000000000000E+09   1.8819686122357305E-06   1.2039162949000767E+07
   1.7000000000000000E+09   1.8849067445915535E-06   1.2020396686797623E+07
   1.8000000000000000E+09   1.8874048619574315E-06   1.2004486819066916E+07
   1.9000000000000000E+09   1.8900203542965651E-06   1.1987874488284804E+07
   2.0000000000000000E+09   1.8923729232169213E-06   1.1972971347050715E+07
   2.1000000000000000E+09   1.8946077596193688E-06   1.1958848301224476E+07
   2.2000000000000000E+09   1.8967361689957081E-06   1.1945428762297237E+07
   2.3000000000000000E+09   1.8987678938906564E-06   1.1932646881438980E+07
   2.4000000000000000E+09   1.9007113903317386E-06   1.1920445630441729E+07
   2.5000000000000000E+09   1.9025740456274506E-06   1.1908775292968232E+07
   2.6000000000000000E+09   1.9043623518554913E-06   1.1897592265219338E+07
   2.7000000000000000E+09   1.9060820454430931E-06   1.1886858092902195E+07
   2.8000000000000000E+09   1.9077382205004094E-06   1.1876538690757934E+07
   2.9000000000000000E+09   1.9093354216217477E-06   1.1866603704636751E+07
   3.0000000000000000E+09   1.9108777204682748E-06   1.1857025985973848E+07
   3.1000000000000000E+09   1.9123687794237168E-06   1.1847781155702867E+07
   3.2000000000000000E+09   1.9138119048603180E-06   1.1838847239935253E+07
   3.3000000000000000E+09   1.9152100919891856E-06   1.1830204363678103E+07
   3.4000000000000000E+09   1.9165660628446010E-06   1.1821834491831917E+07
   3.5000000000000000E+09   1.9178822986285220E-06   1.1813721208967341E+07
   3.6000000000000000E+09   1.9191610673931072E-06   1.1805849531111730E+07
   3.7000000000000000E+09   1.9204044478466005E-06   1.1798205744116586E+07
   3.8000000000000000E+09   1.9216143499176084E-06   1.1790777264221754E+07
   3.9000000000000000E+09   1.9227121209463062E-06   1.1784045328876114E+07
   4.0000000000000000E+09   1.9239406194624291E-06   1.1776520833549175E+07
   4.1000000000000000E+09   1.9250601122877059E-06   1.1769672356197363E+07
   4.2000000000000000E+09   1.9261524029350835E-06   1.1762997960641859E+07
   4.3000000000000000E+09   1.9272187838602395E-06   1.1756489183977306E+07
   4.4000000000000000E+09   1.9282604573762396E-06   1.1750138162580147E+07
   4.5000000000000000E+09   1.9292785438626972E-06   1.1743937576918015E+07
   4.6000000000000000E+09   1.9302740890593701E-06   1.1737880602568625E+07
   4.7000000000000000E+09   1.9312480705642636E-06   1.1731960866628017E+07
   4.8000000000000000E+09   1.9322014036383630E-06   1.1726172408811387E+07
   4.9000000000000000E+09   1.9331349464040175E-06   1.1720509646653252E+07
   5.0000000000000000E+09   1.9339795060342955E-06   1.1715391355966633E+07
   5.1000000000000000E+09   1.9349458353384725E-06   1.1709540584451267E+07
   5.2000000000000000E+09   1.9358246517755429E-06   1.1704224743098220E+07
   5.3000000000000000E+09   1.9366866256490687E-06   1.1699015466695515E+07
   5.4000000000000000E+09   1.9374651462424641E-06   1.1694314517890869E+07
   5.5000000000000000E+09   1.9383625459914444E-06   1.1688900424983144E+07
   5.6000000000000000E+09   1.9391776572718016E-06   1.1683987128588848E+07
   5.7000000000000000E+09   1.9399782604942162E-06   1.1679165302521881E+07
   5.8000000000000000E+09   1.9407648633432379E-06   1.1674431671532016E+07
   5.9000000000000000E+09   1.9415379472938256E-06   1.1669783132073864E+07
   6.0000000000000000E+09   1.9422979693866351E-06   1.1665216740542563E+07
   6.1000000000000000E+09   1.9430453638553591E-06   1.1660729702498814E+07
   6.2000000000000000E+09   1.9437805436206538E-06   1.1656319362785319E+07
   6.3000000000000000E+09   1.9445039016636019E-06   1.1651983196447454E+07
   6.4000000000000000E+09   1.9452158122901937E-06   1.1647718800380956E+07
   6.5000000000000000E+09   1.9459166322970206E-06   1.1643523885638095E+07
   6.6000000000000000E+09   1.9466067020473624E-06   1.1639396270330695E+07
   6.7000000000000000E+09   1.9472863464657722E-06   1.1635333873075588E+07
   6.8000000000000000E+09   1.9479558759584851E-06   1.1631334706933411E+07
   6.9000000000000000E+09   1.9486155872661862E-06   1.1627396873796921E+07
   7.0000000000000000E+09   1.9492657642550319E-06   1.1623518559189364E+07
   7.1000000000000000E+09   1.9499066786512151E-06   1.1619698027437538E+07
   7.2000000000000000E+09   1.9505385907238369E-06   1.1615933617187630E+07
   7.3000000000000000E+09   1.9511617499203920E-06   1.1612223737235127E+07
   7.4000000000000000E+09   1.9517763954587858E-06   1.1608566862642562E+07
   7.5000000000000000E+09   1.9523827568793933E-06   1.1604961531121759E+07
   7.6000000000000000E+09   1.9529810545603088E-06   1.1601406339659469E+07
   7.7000000000000000E+09   1.9535715001987997E-06   1.1597899941366438E+07
   7.8000000000000000E+09   1.9541542972614735E-06   1.1594441042533074E+07
   7.9000000000000000E+09   1.9547296414056648E-06   1.1591028399875138E+07
   8.0000000000000000E+09   1.9552977208741549E-06   1.1587660817955330E+07
   8.1000000000000000E+09   1.9558587168652602E-06   1.1584337146767270E+07
   8.2000000000000000E+09   1.9564128038801172E-06   1.1581056279469725E+07
   8.3000000000000000E+09   1.9569601500487990E-06   1.1577817150260223E+07
   8.4000000000000000E+09   1.9575009174368210E-06   1.1574618732377721E+07
   8.5000000000000000E+09   1.9580352623334353E-06   1.1571460036225062E+07
   8.6000000000000000E+09   1.9585633355229682E-06   1.1568340107602866E+07
   8.7000000000000000E+09   1.9590852825404225E-06   1.1565258026046811E+07
   8.8000000000000000E+09   1.9596012439124051E-06   1.1562212903261248E+07
   8.9000000000000000E+09   1.9601113553843817E-06   1.1559203881642560E+07
   9.0000000000000000E+09   1.9606157481351812E-06   1.1556230132886099E+07
   9.1000000000000000E+09   1.9611145489796084E-06   1.1553290856671114E+07
   9.2000000000000000E+09   1.9616078805599322E-06   1.1550385279418521E+07
   9.3000000000000000E+09   1.9620958615269836E-06   1.1547512653116725E+07
   9.4000000000000000E+09   1.9625786067115341E-06   1.1544672254211036E+07
   9.5000000000000000E+09   1.9630562272865686E-06   1.1541863382552654E+07
   9.6000000000000000E+09   1.9635288309210328E-06   1.1539085360403355E+07
   9.7000000000000000E+09   1.9639965219255827E-06   1.1536337531492485E+07
   9.8000000000000000E+09   1.9644594013908295E-06   1.1533619260122916E+07
   9.9000000000000000E+09   1.9649175673185567E-06   1.1530929930322899E+07
   1.0000000000000000E+10   1.9653711147462842E-06   1.1528268945041306E+07
   1.1000000000000000E+10   1.9696715808594418E-06   1.1503098794634869E+07
   1.2000000000000000E+10   1.9735966351725485E-06   1.1480221633854736E+07
   1.3000000000000000E+10   1.9771592184133834E-06   1.1459535770615729E+07
   1.4000000000000000E+10   1.9805483143105499E-06   1.1439926319342563E+07
   1.5000000000000000E+10   1.9836589168671536E-06   1.1421987215117676E+07
   1.6000000000000000E+10   1.9865683150251286E-06   1.1405259318919623E+07
   1.7000000000000000E+10   1.9893009653846103E-06   1.1389592214484371E+07
   1.8000000000000000E+10   1.9918771197215878E-06   1.1374861713747535E+07
   1.9000000000000000E+10   1.9943137368862116E-06   1.1360964109381527E+07
   2.0000000000000000E+10   1.9965822705251735E-06   1.1348055686005417E+07
   2.1000000000000000E+10   1.9988236289133255E-06   1.1335330671435287E+07
   2.2000000000000000E+10   2.0009196710021346E-06   1.1323456466527304E+07
   2.3000000000000000E+10   2.0029224076927522E-06   1.1312134060006198E+07
   2.4000000000000000E+10   2.0048397936007709E-06   1.1301315376884731E+07
   2.5000000000000000E+10   2.0066788075406278E-06   1.1290958325004425E+07
   2.6000000000000000E+10   2.0084456058798193E-06   1.1281025844703192E+07
   2.7000000000000000E+10   2.0101456469025744E-06   1.1271485139658108E+07
   2.8000000000000000E+10   2.0117837925206432E-06   1.1262307049020683E+07
   2.9000000000000000E+10   2.0133643921090907E-06   1.1253465530835291E+07
   3.0000000000000000E+10   2.0148913521092274E-06   1.1244937233907264E+07
   3.1000000000000000E+10   2.0163681942032175E-06   1.1236701140569225E+07
   3.2000000000000000E+10   2.0177981042407762E-06   1.1228738266723631E+07
   3.3000000000000000E+10   2.0191839736278139E-06   1.1221031408496665E+07
   3.4000000000000000E+10   2.0205284345291834E-06   1.1213564927083213E+07
   3.5000000000000000E+10   2.0218338899627955E-06   1.1206324565084687E+07
   3.6000000000000000E+10   2.0231025396497680E-06   1.1199297288971402E+07
   3.7000000000000000E+10   2.0243364023190679E-06   1.1192471153339287E+07
   3.8000000000000000E+10   2.0255373350347465E-06   1.1185835183443870E+07
   3.9000000000000000E+10   2.0266674187616785E-06   1.1179597884617269E+07
   4.0000000000000000E+10   2.0278471292919677E-06   1.1173094095865952E+07
   4.1000000000000000E+10   2.0289590376281934E-06   1.1166971026727429E+07
   4.2000000000000000E+10   2.0300441337858195E-06   1.1161002074057013E+07
   4.3000000000000000E+10   2.0311036805344936E-06   1.1155179819106247E+07
   4.4000000000000000E+10   2.0321388534819874E-06   1.1149497362736013E+07
   4.5000000000000000E+10   2.0331507489158924E-06   1.1143948278154997E+07
   4.6000000000000000E+10   2.0341011026368922E-06   1.1138741706712188E+07
   4.7000000000000000E+10   2.0351087369165690E-06   1.1133226631388424E+07
   4.8000000000000000E+10   2.0360566846098763E-06   1.1128043221425397E+07
   4.9000000000000000E+10   2.0369850756116242E-06   1.1122971424229862E+07
   5.0000000000000000E+10   2.0378947006186126E-06   1.1118006627493102E+07
   5.1000000000000000E+10   2.0387863033223475E-06   1.1113144497139830E+07
   5.2000000000000000E+10   2.0396605840626223E-06   1.1108380955463504E+07
   5.3000000000000000E+10   2.0404791034059713E-06   1.1103924931057198E+07
   5.4000000000000000E+10   2.0413597837763522E-06   1.1099134492449224E+07
   5.5000000000000000E+10   2.0421859149073545E-06   1.1094644528795838E+07
   5.6000000000000000E+10   2.0429581035517064E-06   1.1090451022084484E+07
   5.7000000000000000E+10   2.0437549906030568E-06   1.1086126708821021E+07
   5.8000000000000000E+10   2.0445770359131508E-06   1.1081669406255249E+07
   5.9000000000000000E+10   2.0453466537633925E-06   1.1077499623803047E+07
   6.0000000000000000E+10   2.0461033311790290E-06   1.1073403010665616E+07
   6.1000000000000000E+10   2.0468474961648931E-06   1.1069377093341367E+07
   6.2000000000000000E+10   2.0475795558359853E-06   1.1065419520835308E+07
   6.3000000000000000E+10   2.0482998977552085E-06   1.1061528056727253E+07
   6.4000000000000000E+10   2.0490088911656817E-06   1.1057700571870647E+07
   6.5000000000000000E+10   2.0497068881274734E-06   1.1053935037662674E+07
   6.6000000000000000E+10   2.0503942245675257E-06   1.1050229519832823E+07
   6.7000000000000000E+10   2.0510712212505878E-06   1.1046582172702946E+07
   6.8000000000000000E+10   2.0517381846781695E-06   1.1042991233876547E+07
   6.9000000000000000E+10   2.0523954079218772E-06   1.1039455019319179E+07
   7.0000000000000000E+10   2.0530431713967283E-06   1.1035971918796305E+07
   7.1000000000000000E+10   2.0536817435796283E-06   1.1032540391637513E+07
   7.2000000000000000E+10   2.0542724128963881E-06   1.1029368181830117E+07
   7.3000000000000000E+10   2.0549323322496346E-06   1.1025826219205340E+07
   7.4000000000000000E+10   2.0555448317869124E-06   1.1022540806329427E+07
   7.5000000000000000E+10   2.0561491072531409E-06   1.1019301425021296E+07
   7.6000000000000000E+10   2.0567453765898009E-06   1.1016106828536022E+07
   7.7000000000000000E+10   2.0573338491880282E-06   1.1012955819763046E+07
   7.8000000000000000E+10   2.0579147263301519E-06   1.1009847248634676E+07
   7.9000000000000000E+10   2.0584882016030245E-06   1.1006780009701617E+07
   8.0000000000000000E+10   2.0590544612854058E-06   1.1003753039862050E+07
   8.1000000000000000E+10   2.0595746820097917E-06   1.1000973640587354E+07
   8.2000000000000000E+10   2.0601660446106983E-06   1.0997815854154743E+07
   8.3000000000000000E+10   2.0607117074303629E-06   1.0994903705314372E+07
   8.4000000000000000E+10   2.0612508336344911E-06   1.0992027955986500E+07
   8.5000000000000000E+10   2.0617835779882494E-06   1.0989187725376254E+07
   8.6000000000000000E+10   2.0623100898244669E-06   1.0986382164061116E+07
   8.7000000000000000E+10   2.0627914705328974E-06   1.0983818340957923E+07
   8.8000000000000000E+10   2.0633449876072257E-06   1.0980871799768953E+07
   8.9000000000000000E+10   2.0638536472485512E-06   1.0978165442019913E+07
   9.0000000000000000E+10   2.0643566221964512E-06   1.0975490641487939E+07
   9.1000000000000000E+10   2.0648540381184108E-06   1.0972846685210347E+07
   9.2000000000000000E+10   2.0653069329752023E-06   1.0970440483135127E+07
   9.3000000000000000E+10   2.0658326751244870E-06   1.0967648571172627E+07
   9.4000000000000000E+10   2.0663141276390238E-06   1.0965093102034358E+07
   9.5000000000000000E+10   2.0667904843170153E-06   1.0962565852483140E+07
   9.6000000000000000E+10   2.0672618519083398E-06   1.0960066218362842E+07
   9.7000000000000000E+10   2.0676892043293755E-06   1.0957800979068987E+07
   9.8000000000000000E+10   2.0681900303681633E-06   1.0955147474324455E+07
   9.9000000000000000E+10   2.0686470386759413E-06   1.0952727248295028E+07
   1.0000000000000000E+11   2.0690602940099153E-06   1.0950539649910377E+07
   1.1000000000000000E+11   2.0733897880165131E-06   1.0927673570383359E+07
