   1.0000000000000000E+00   0.0000000000000000E+00   2.2741628377880384E+29   0.0000000000000000E+00
   2.0000000000000000E+00   3.3999336103195127E-01   6.6640497681604884E+01   1.2278282932830550E-02
   3.0000000000000000E+00   4.3621575689719089E-01   5.1940642742418802E+01   1.8998208455465227E-02
   4.0000000000000000E+00   6.5075297274410926E-01   3.4817093023899517E+01   3.7864710885823438E-02
   5.0000000000000000E+00   7.0634159037960120E-01   3.2077010749762486E+01   4.6544231876081359E-02
   6.0000000000000000E+00   8.7690567674941278E-01   2.5837815158865059E+01   7.0718320706148891E-02
   7.0000000000000000E+00   1.0300974750042751E+00   2.1995323100385978E+01   9.8198409550256271E-02
   7.8990000000000000E+00   1.0745851404776903E+00   2.1084719985555388E+01   1.1075253360851527E-01
   7.9010000000000007E+00   1.0744456188543345E+00   2.1087457931812288E+01   1.1074012515469057E-01
   8.0000000000000000E+00   1.0678590841845279E+00   2.1217524974199289E+01   1.1016318174076120E-01
   9.0000000000000000E+00   1.2045549175447121E+00   1.8809708430557944E+01   1.4192304925404092E-01
   1.0000000000000000E+01   1.2394055660076153E+00   1.8280801223601724E+01   1.5577416581974204E-01
   1.1000000000000000E+01   1.3654375286959466E+00   1.6593455439334200E+01   1.9160076760920597E-01
   1.2000000000000000E+01   1.4853907945670468E+00   1.5253444999445298E+01   2.3010026511426557E-01
   1.3000000000000000E+01   1.5178700175087896E+00   1.4927053388140068E+01   2.4719305288230858E-01
   1.4000000000000000E+01   1.6323457194249764E+00   1.3880225566182302E+01   2.8967034871795821E-01
   1.4299000000000001E+01   1.6180501504399016E+00   1.4002858181775714E+01   2.8779483400957673E-01
   1.4301000000000000E+01   1.6179560248922711E+00   1.4003672806323275E+01   2.8778241243236291E-01
   1.5000000000000000E+01   1.6650467151943136E+00   1.3607622285220181E+01   3.0878719822286177E-01
   1.6000000000000000E+01   1.7758288202830885E+00   1.2758733572078725E+01   3.5532317236247918E-01
   1.7000000000000000E+01   1.8840986873204491E+00   1.2025552026594680E+01   4.0455193826096919E-01
   1.8000000000000000E+01   1.9175093520615745E+00   1.1816018922281238E+01   4.2728026399556190E-01
   1.9000000000000000E+01   2.0240785898501952E+00   1.1193896769239430E+01   4.8076454649007933E-01
   2.0000000000000000E+01   2.0585483426888054E+00   1.1006458443437172E+01   5.0578177491805032E-01
   2.1000000000000000E+01   2.1641054069146284E+00   1.0469604075299372E+01   5.6365311557557884E-01
   2.2000000000000000E+01   2.2686107419351194E+00   9.9873135433909450E+00   6.2437130337460467E-01
   2.3000000000000000E+01   2.3046346771650454E+00   9.8312010194525961E+00   6.5338194008128891E-01
   2.4000000000000000E+01   2.4087304597784835E+00   9.4063354808468116E+00   7.1858527339982881E-01
   2.5000000000000000E+01   2.5120233537557115E+00   9.0195526063625024E+00   7.8660467462104666E-01
   2.6000000000000000E+01   2.5493912702998993E+00   8.8873477569198283E+00   8.1960344962776088E-01
   2.7000000000000000E+01   2.6521343488715008E+00   8.5430539358805984E+00   8.9191250864353477E-01
   2.8000000000000000E+01   2.6900003590545971E+00   8.4227969380545868E+00   9.2710050510848085E-01
   2.9000000000000000E+01   2.7917116479379529E+00   8.1159265873129200E+00   1.0033494475662943E+00
   3.0000000000000000E+01   2.8920247693247152E+00   7.8344165748280448E+00   1.0818291390794379E+00
   3.1000000000000000E+01   2.9295230849929434E+00   7.7341349189830240E+00   1.1200680754019574E+00
   3.1998999999999999E+01   3.0275979380544165E+00   7.4835983017516403E+00   1.2014709769643415E+00
   3.2000999999999998E+01   3.0275512439224266E+00   7.4837137218052447E+00   1.2014641926881087E+00
   3.2999000000000002E+01   3.0640578719100784E+00   7.3945492333297977E+00   1.2408777963819109E+00
   3.3000999999999998E+01   3.0640104076130497E+00   7.3946637815962033E+00   1.2408699176423454E+00
   3.4000000000000000E+01   3.1598620638153023E+00   7.1703531135322267E+00   1.3257556001205413E+00
   3.5000000000000000E+01   3.2537528890230223E+00   6.9634442320584240E+00   1.4127643309499147E+00
   3.6000000000000000E+01   3.2888562858659078E+00   6.8891203562108405E+00   1.4556146433737858E+00
   3.7000000000000000E+01   3.3774172980821762E+00   6.7084771551553537E+00   1.5423024463283934E+00
   3.8000000000000000E+01   3.4108272906294386E+00   6.6427657741150501E+00   1.5863908582756459E+00
   3.9000000000000000E+01   3.4946849008623038E+00   6.4833675797266208E+00   1.6739055273926200E+00
   4.0000000000000000E+01   3.5752786612290186E+00   6.3372198182231321E+00   1.7618760255464849E+00
   4.1000000000000000E+01   3.6036896615992471E+00   6.2872580369631272E+00   1.8051136067063791E+00
   4.2000000000000000E+01   3.6755008340755024E+00   6.1644188943055411E+00   1.8874783208168644E+00
   4.3000000000000000E+01   3.7003014765372826E+00   6.1231029231740806E+00   1.9291873735417679E+00
   4.4000000000000000E+01   3.7668502471892502E+00   6.0149263445015508E+00   2.0112191811314668E+00
   4.5000000000000000E+01   3.8297570445851239E+00   5.9161264079782532E+00   2.0925850913220150E+00
   4.6000000000000000E+01   3.8483615881772604E+00   5.8875254490683728E+00   2.1310241175044027E+00
   4.7000000000000000E+01   3.9016938272880042E+00   5.8070488845506087E+00   2.2040146329116941E+00
   4.8000000000000000E+01   3.9165311943375687E+00   5.7850494898057354E+00   2.2399406724158291E+00
   4.9000000000000000E+01   3.9659017359113236E+00   5.7130328223839317E+00   2.3134516371764322E+00
   5.0000000000000000E+01   4.0102066067780529E+00   5.6499150815111063E+00   2.3826474266672335E+00
   5.1000000000000000E+01   4.0192329927316406E+00   5.6372265127660404E+00   2.4143493353408285E+00
   5.2000000000000000E+01   4.0564291105543298E+00   5.5855350038434608E+00   2.4773012458988592E+00
   5.3000000000000000E+01   4.0612760788433819E+00   5.5788688943459919E+00   2.5045291805763634E+00
   5.4000000000000000E+01   4.0947721038176441E+00   5.5332326716026241E+00   2.5666411162256000E+00
   5.5000000000000000E+01   4.1238722184294341E+00   5.4941874014320904E+00   2.6242077245440369E+00
   5.6000000000000000E+01   4.1229630764768492E+00   5.4953989078582577E+00   2.6451891079303373E+00
   5.7000000000000000E+01   4.1481777360955565E+00   5.4619951769320396E+00   2.7004156515264564E+00
   5.8000000000000000E+01   4.1457895878225832E+00   5.4651415146977325E+00   2.7207789467703427E+00
   5.9000000000000000E+01   4.1665904626163703E+00   5.4378578818575205E+00   2.7719964438944045E+00
   6.0000000000000000E+01   4.1847436401778531E+00   5.4142687666879050E+00   2.8208026177899113E+00
   6.1000000000000000E+01   4.1768265017540962E+00   5.4245314661970392E+00   2.8333539734724242E+00
   6.2000000000000000E+01   4.1913001514422916E+00   5.4057991479837266E+00   2.8784721099083357E+00
   6.3000000000000000E+01   4.1846545226300691E+00   5.4143840704370971E+00   2.8950777438371889E+00
   6.4000000000000000E+01   4.1959824859859136E+00   5.3997667681606387E+00   2.9362721649815651E+00
   6.5000000000000000E+01   4.1888205141164816E+00   5.4089991947028437E+00   2.9524441352335096E+00
   6.6000000000000000E+01   4.1971554173185517E+00   5.3982577566989285E+00   2.9890684996823311E+00
   6.7000000000000000E+01   4.1895061208301740E+00   5.4081140196833326E+00   3.0047882092747380E+00
   6.8000000000000000E+01   4.1997455715130254E+00   5.3949284312116399E+00   3.0473094399320164E+00
   6.9000000000000000E+01   4.1905447723196154E+00   5.4067735864015516E+00   3.0602760409380818E+00
   7.0000000000000000E+01   4.1822520261133524E+00   5.4174943657488495E+00   3.0753252193689775E+00
   7.1000000000000000E+01   4.1719783004494930E+00   5.4308352431194757E+00   3.0860157488118385E+00
   7.2000000000000000E+01   4.1793450647616437E+00   5.4212625271474195E+00   3.1250847410369538E+00
   7.3000000000000000E+01   4.1704632079429551E+00   5.4328082176719006E+00   3.1394573049682344E+00
   7.4000000000000000E+01   4.1604331944544644E+00   5.4459056854491168E+00   3.1512396274773815E+00
   7.5000000000000000E+01   4.1513340698284340E+00   5.4578423240573306E+00   3.1652256106137306E+00
   7.6000000000000000E+01   4.1403665997198473E+00   5.4722996724840449E+00   3.1748724712234804E+00
   7.7000000000000000E+01   4.1300596650965664E+00   5.4859562875300600E+00   3.1860565961923690E+00
   7.8000000000000000E+01   4.1358986612301480E+00   5.4782113014519052E+00   3.2255797157448027E+00
   7.9000000000000000E+01   4.1261620487413317E+00   5.4911383799194997E+00   3.2386972845305002E+00
   8.0000000000000000E+01   4.1136349430858949E+00   5.5078603476209587E+00   3.2450216590371026E+00
   8.1000000000000000E+01   4.1037521931095711E+00   5.5211245029984308E+00   3.2577917599029664E+00
   8.2000000000000000E+01   4.0937797661887050E+00   5.5345739345193685E+00   3.2703800348773409E+00
   8.3000000000000000E+01   4.0827274821957484E+00   5.5495564880135886E+00   3.2802697823762244E+00
   8.4000000000000000E+01   4.0725988828896194E+00   5.5633582975239664E+00   3.2924995708343361E+00
   8.5000000000000000E+01   4.0598113066675303E+00   5.5808817396020602E+00   3.2979485509267552E+00
   8.6000000000000000E+01   4.0364013978176052E+00   5.6132491679001815E+00   3.2849689261286992E+00
   8.7000000000000000E+01   4.0263293868514127E+00   5.6272909170327017E+00   3.2968591334526085E+00
   8.8000000000000000E+01   4.0152097950627406E+00   5.6428749539989509E+00   3.3060102736637589E+00
   8.9000000000000000E+01   4.0050061090109041E+00   5.6572514924843302E+00   3.3175651676658306E+00
   9.0000000000000000E+01   3.9932403966557741E+00   5.6739200591543826E+00   3.3249711583331814E+00
   9.1000000000000000E+01   3.9819849554441240E+00   5.6899579082120750E+00   3.3336672850752134E+00
   9.2000000000000000E+01   3.9716625448823031E+00   5.7047461942117819E+00   3.3448678912558805E+00
   9.3000000000000000E+01   3.9496889280473915E+00   5.7364838599610701E+00   3.3322630087732730E+00
   9.4000000000000000E+01   3.9370757643671901E+00   5.7548617663578376E+00   3.3366722739746568E+00
   9.5000000000000000E+01   3.9269001277301436E+00   5.7697741349758642E+00   3.3477489324419833E+00
   9.6000000000000000E+01   3.9157661071632983E+00   5.7861798094024737E+00   3.3561368938249414E+00
   9.7000000000000000E+01   3.9055460512249831E+00   5.8013211188495086E+00   3.3670694367570007E+00
   9.8000000000000000E+01   3.8831309668208820E+00   5.8348088130955693E+00   3.3506621430981132E+00
   9.9000000000000000E+01   3.8721682862056204E+00   5.8513280190652468E+00   3.3589448610723109E+00
   1.0000000000000000E+02   3.8621017412016050E+00   5.8665794704210690E+00   3.3697855283097580E+00
   1.1000000000000000E+02   3.7255258445589772E+00   6.0816453120842446E+00   3.3819096683565837E+00
   1.2000000000000000E+02   3.5916746702914231E+00   6.3082903847113805E+00   3.3783857956518739E+00
   1.2499900000000000E+02   3.5200533122855857E+00   6.4366430782547726E+00   3.3528772156555462E+00
   1.2500100000000000E+02   3.5200176191683554E+00   6.4367083460689765E+00   3.3528447544438427E+00
   1.2999900000000000E+02   3.4601534451467595E+00   6.5480699474152395E+00   3.3539863467700539E+00
   1.3000100000000000E+02   3.4601193892322812E+00   6.5481343962058602E+00   3.3539548915141801E+00
   1.4000000000000000E+02   3.3383884973471876E+00   6.7869053603603016E+00   3.3301289282244682E+00
   1.5000000000000000E+02   3.2225631751125658E+00   7.0308402214083410E+00   3.2986781594130732E+00
   1.6000000000000000E+02   3.1176272422105380E+00   7.2674906354570270E+00   3.2779990569105535E+00
   1.7000000000000000E+02   3.0227628757642089E+00   7.4955686961990420E+00   3.4815600334230443E+00
   1.8000000000000000E+02   2.9309354686947779E+00   7.7304079293498393E+00   3.4346193972475096E+00
   1.8399900000000000E+02   2.8973200573337539E+00   7.8200980006541307E+00   3.4234174772437456E+00
   1.8400100000000000E+02   2.8973009483400509E+00   7.8201495776929404E+00   3.4234000187626603E+00
   1.9000000000000000E+02   2.8473426588046173E+00   7.9573586682829598E+00   3.4015794562482249E+00
   2.0000000000000000E+02   2.7694534205874173E+00   8.1811546708754719E+00   3.3736522493937349E+00
   2.1000000000000000E+02   2.6959173708587150E+00   8.4043105447233692E+00   3.3453555550733776E+00
   2.2000000000000000E+02   2.6273072964570119E+00   8.6237825389381584E+00   3.3217341211491171E+00
   2.3000000000000000E+02   2.5632248122024448E+00   8.8393833735334919E+00   3.3030345342907497E+00
   2.4000000000000000E+02   2.5029017269556988E+00   9.0524236503560616E+00   3.2862235121374264E+00
   2.5000000000000000E+02   2.4485748752175072E+00   9.2532709605615580E+00   3.2871343522869960E+00
   2.6000000000000000E+02   2.3948148509996869E+00   9.4609931027247338E+00   3.2748566317297487E+00
   2.7000000000000000E+02   2.3436631891395163E+00   9.6674841728983747E+00   3.2620989260206321E+00
   2.8000000000000000E+02   2.2951148650624322E+00   9.8719794518844139E+00   3.2507427108283764E+00
   2.9000000000000000E+02   2.2495038449319629E+00   1.0072144059080760E+01   3.2440589928854160E+00
   3.0000000000000000E+02   2.2062147110751829E+00   1.0269774140237201E+01   3.2392723450794607E+00
   3.1000000000000000E+02   2.1637597074100401E+00   1.0471276782730644E+01   3.2269227917255048E+00
   3.2000000000000000E+02   2.1229404167563404E+00   1.0672615495365212E+01   3.2129233898888350E+00
   3.3000000000000000E+02   2.0838208635399775E+00   1.0872972424856483E+01   3.1990049666297469E+00
   3.4000000000000000E+02   2.0465248452918017E+00   1.1071122268432674E+01   3.1872124762256355E+00
   3.5000000000000000E+02   2.0107400654753014E+00   1.1268153043071248E+01   3.1754515331652140E+00
   3.6000000000000000E+02   1.9765057568563240E+00   1.1463324459852714E+01   3.1652649270939324E+00
   3.7000000000000000E+02   1.9423826491275493E+00   1.1664708185993982E+01   3.1449716743130924E+00
   3.8000000000000000E+02   1.9108440491198353E+00   1.1857234920896410E+01   3.1362967377627688E+00
   3.9000000000000000E+02   1.8792512652570665E+00   1.2056571256058971E+01   3.1168023651366790E+00
   4.0000000000000000E+02   1.8489414677257268E+00   1.2254215281071193E+01   3.0990953613031671E+00
   4.1000000000000000E+02   1.8201182930616713E+00   1.2448271562338007E+01   3.0853689438632919E+00
   4.2000000000000000E+02   1.7920116199828406E+00   1.2643515552554149E+01   3.0694954277401072E+00
   4.3000000000000000E+02   1.7642932584586317E+00   1.2842154601557164E+01   3.0478116124735601E+00
   4.4000000000000000E+02   1.7379813495989485E+00   1.3036576481582578E+01   3.0313346186612731E+00
   4.5000000000000000E+02   1.7126996265280217E+00   1.3229013679147961E+01   3.0172548517996978E+00
   4.6000000000000000E+02   1.6874660236213457E+00   1.3426834360189126E+01   2.9949334690478060E+00
   4.7000000000000000E+02   1.6636871875405330E+00   1.3618742127301978E+01   2.9800429103695389E+00
   4.8000000000000000E+02   1.6404037263309101E+00   1.3812042989129527E+01   2.9630515956747576E+00
   4.9000000000000000E+02   1.6175103960105501E+00   1.4007530859457315E+01   2.9423858074262919E+00
   5.0000000000000000E+02   1.5955301634582093E+00   1.4200500439617196E+01   2.9245860745516969E+00
   5.1000000000000000E+02   1.5741120377807283E+00   1.4393719280334313E+01   2.9062769394772410E+00
   5.2000000000000000E+02   1.5534601674115911E+00   1.4585070967968834E+01   2.8897860084227434E+00
   5.3000000000000000E+02   1.5331965450852389E+00   1.4777835796878312E+01   2.8710496186852206E+00
   5.4000000000000000E+02   1.5137819257282312E+00   1.4967365115494491E+01   2.8562519570114331E+00
   5.5000000000000000E+02   1.4943669344223180E+00   1.5161822886806256E+01   2.8347504087657964E+00
   5.6000000000000000E+02   1.4758612609883592E+00   1.5351935433576982E+01   2.8185261064382101E+00
   5.7000000000000000E+02   1.4574877080377158E+00   1.5545466807480269E+01   2.7975752111954684E+00
   5.8000000000000000E+02   1.4400887983043971E+00   1.5733284512932954E+01   2.7834054640188359E+00
   5.9000000000000000E+02   1.4227415719685725E+00   1.5925117557548450E+01   2.7641125391461996E+00
   6.0000000000000000E+02   1.4060997361702379E+00   1.6113598633708623E+01   2.7485923825450640E+00
   6.1000000000000000E+02   1.3896218077956171E+00   1.6304671285745389E+01   2.7296774565502924E+00
   6.2000000000000000E+02   1.3735939221384579E+00   1.6494923588724898E+01   2.7115762739154450E+00
   6.3000000000000000E+02   1.3579279795201342E+00   1.6685219782876459E+01   2.6931218370328751E+00
   6.4000000000000000E+02   1.3430498360534731E+00   1.6870056627376488E+01   2.6808754876817118E+00
   6.5000000000000000E+02   1.3281887196486895E+00   1.7058815853822146E+01   2.6638722207276944E+00
   6.6000000000000000E+02   1.3136701190139832E+00   1.7247348828042899E+01   2.6469248970709871E+00
   6.7000000000000000E+02   1.2994799853308687E+00   1.7435687385244240E+01   2.6299483190753237E+00
   6.8000000000000000E+02   1.2856457787589191E+00   1.7623304305080634E+01   2.6136603339185127E+00
   6.9000000000000000E+02   1.2721592822834209E+00   1.7810133607595713E+01   2.5981325624511253E+00
   7.0000000000000000E+02   1.2589437626995621E+00   1.7997092053600973E+01   2.5822018581150283E+00
   7.1000000000000000E+02   1.2457188906783214E+00   1.8188153809944545E+01   2.5615739521906478E+00
   7.2000000000000000E+02   1.2331042314853495E+00   1.8374218666266895E+01   2.5463460820479682E+00
   7.3000000000000000E+02   1.2207501837057455E+00   1.8560166600861400E+01   2.5310259924348180E+00
   7.4000000000000000E+02   1.2086870319355181E+00   1.8745404053296355E+01   2.5163979971916506E+00
   7.5000000000000000E+02   1.1968853336101406E+00   1.8930240141944068E+01   2.5020554274976932E+00
   7.6000000000000000E+02   1.1851593749887106E+00   1.9117535806377621E+01   2.4849384333018509E+00
   7.7000000000000000E+02   1.1738590631755415E+00   1.9301573330547754E+01   2.4711765942808452E+00
   7.8000000000000000E+02   1.1627946587269253E+00   1.9485234660792955E+01   2.4576735305551036E+00
   7.9000000000000000E+02   1.1517035471494286E+00   1.9672880962891664E+01   2.4398571723219025E+00
   8.0000000000000000E+02   1.1410949292691193E+00   1.9855777294640166E+01   2.4269020033236419E+00
   8.1000000000000000E+02   1.1306822630439419E+00   2.0038632892864495E+01   2.4137988121390554E+00
   8.2000000000000000E+02   1.1203413677606739E+00   2.0223592058283113E+01   2.3984636452998673E+00
   8.3000000000000000E+02   1.1101251447098273E+00   2.0409705063957574E+01   2.3818659580520332E+00
   8.4000000000000000E+02   1.1003080437600732E+00   2.0591803282818976E+01   2.3691796291380123E+00
   8.5000000000000000E+02   1.0906986004332417E+00   2.0773224407376130E+01   2.3571002046840457E+00
   8.6000000000000000E+02   1.0811304366691274E+00   2.0957070506141822E+01   2.3424472631481654E+00
   8.7000000000000000E+02   1.0716865882499287E+00   2.1141747070484822E+01   2.3269430916098983E+00
   8.8000000000000000E+02   1.0626327104875606E+00   2.1321879671119003E+01   2.3158486991312768E+00
   8.9000000000000000E+02   1.0535983075415944E+00   2.1504710690432013E+01   2.3019361942212533E+00
   9.0000000000000000E+02   1.0448452392997671E+00   2.1684863877826782E+01   2.2905409535533194E+00
   9.1000000000000000E+02   1.0360724883060259E+00   2.1868476427412364E+01   2.2757084548273285E+00
   9.2000000000000000E+02   1.0276657260991380E+00   2.2047370280231636E+01   2.2653964690782851E+00
   9.3000000000000000E+02   1.0192722533377923E+00   2.2228925307654816E+01   2.2523642676494968E+00
   9.4000000000000000E+02   1.0109489815098625E+00   2.2411938883178710E+01   2.2378481167814481E+00
   9.5000000000000000E+02   1.0028542921504067E+00   2.2592840221112290E+01   2.2253078235842141E+00
   9.6000000000000000E+02   9.9501358443972832E-01   2.2770871817160842E+01   2.2153717096135601E+00
   9.7000000000000000E+02   9.8714769045698603E-01   2.2952317071341078E+01   2.2021731272699085E+00
   9.8000000000000000E+02   9.7943817324140503E-01   2.3132983180170964E+01   2.1895530037452859E+00
   9.9000000000000000E+02   9.7182698086041763E-01   2.3314156978386105E+01   2.1764300901070963E+00
   1.0000000000000000E+03   9.6452156878111561E-01   2.3490741442146600E+01   2.1675124601245765E+00
   1.1000000000000000E+03   8.9593867967027174E-01   2.5288925795623953E+01   2.0244969936380910E+00
   1.2000000000000000E+03   8.3708103288983571E-01   2.7067065071814408E+01   1.9172771269466065E+00
   1.2199990000000000E+03   8.2629567829946071E-01   2.7420362205258296E+01   1.8972141424853108E+00
   1.2200010000000000E+03   8.2629461104486346E-01   2.7420397621812189E+01   1.8972120480204433E+00
   1.2509990000000000E+03   8.1014177823857403E-01   2.7967113159961709E+01   1.8664452026508265E+00
   1.2510010000000000E+03   8.1014075583466905E-01   2.7967148454674987E+01   1.8664431828762376E+00
   1.3000000000000000E+03   7.8601422464163828E-01   2.8825593834438266E+01   1.8218083502125588E+00
   1.4000000000000000E+03   7.4126325833739504E-01   3.0565830064786564E+01   1.7367001952856613E+00
   1.4129990000000000E+03   7.3585678871594351E-01   3.0790402609653729E+01   1.7266016508215101E+00
   1.4130010000000000E+03   7.3585595973411044E-01   3.0790437296719936E+01   1.7265999730495776E+00
   1.5000000000000000E+03   7.0174573766350978E-01   3.2287088572919970E+01   1.6618206403094617E+00
   1.6000000000000000E+03   6.6654192417779057E-01   3.3992350617044274E+01   1.5943589877735731E+00
   1.7000000000000000E+03   6.3496209424255856E-01   3.5682959649171735E+01   1.5330060850237808E+00
   1.8000000000000000E+03   6.0649429500623242E-01   3.7357856412116739E+01   1.4782322469848190E+00
   1.9000000000000000E+03   5.8066689936685179E-01   3.9019490885938090E+01   1.4281770971642884E+00
   2.0000000000000000E+03   5.5711875352337692E-01   4.0668756246885330E+01   1.3669036853542944E+00
   2.1000000000000000E+03   5.3556575321387623E-01   4.2305406295392238E+01   1.3248611869662885E+00
   2.2000000000000000E+03   5.1575627322487949E-01   4.3930298018366081E+01   1.2862235991294635E+00
   2.3000000000000000E+03   4.9748489677152163E-01   4.5543748030639328E+01   1.2508138325717046E+00
   2.4000000000000000E+03   4.8057371389903814E-01   4.7146412989976376E+01   1.2181503974145684E+00
   2.5000000000000000E+03   4.6487254111048476E-01   4.8738793505607184E+01   1.1879157912717859E+00
   2.6000000000000000E+03   4.5024763023018882E-01   5.0321923462489423E+01   1.1594087594168714E+00
   2.7000000000000000E+03   4.3659645579693984E-01   5.1895352073468693E+01   1.1330695134573705E+00
   2.8000000000000000E+03   4.2382139416190218E-01   5.3459610816521383E+01   1.1085885096909287E+00
   2.9000000000000000E+03   4.1183696500136630E-01   5.5015282048651542E+01   1.0856260995320486E+00
   3.0000000000000000E+03   4.0056994070481361E-01   5.6562723472821311E+01   1.0640217928306936E+00
   3.1000000000000000E+03   3.8995423306996085E-01   5.8102528107563579E+01   1.0434640660475991E+00
   3.2000000000000000E+03   3.7993660003069174E-01   5.9634493717584760E+01   1.0241749021379138E+00
   3.3000000000000000E+03   3.7046497118548372E-01   6.1159160919067766E+01   1.0058769814239701E+00
   3.4000000000000000E+03   3.6149464076159477E-01   6.2676798582342698E+01   9.8847773350333390E-01
   3.5000000000000000E+03   3.5298413631301073E-01   6.4187946303397851E+01   9.7172564898460756E-01
   3.6000000000000000E+03   3.4490100207124147E-01   6.5692261407030614E+01   9.5589359824046849E-01
   3.7000000000000000E+03   3.3721154044693946E-01   6.7190247277957411E+01   9.4074663444434270E-01
   3.8000000000000000E+03   3.2988689110656610E-01   6.8682107105285411E+01   9.2622994122420121E-01
   3.9000000000000000E+03   3.2289772440564712E-01   7.0168740982352205E+01   9.1192702724346741E-01
   4.0000000000000000E+03   3.1622638736411057E-01   7.1649070706811742E+01   8.9845012901777033E-01
   4.1000000000000000E+03   3.0985069347666605E-01   7.3123369624851463E+01   8.8569925049193210E-01
   4.2000000000000000E+03   3.0374323850974660E-01   7.4593682805168882E+01   8.7271091807537737E-01
   4.3000000000000000E+03   2.9789952372101769E-01   7.6056941966880558E+01   8.6101395217503940E-01
   4.4000000000000000E+03   2.9229231210207474E-01   7.7515986050629934E+01   8.4927548402873509E-01
   4.5000000000000000E+03   2.8690892176919292E-01   7.8970450440846662E+01   8.3773549556297522E-01
   4.6000000000000000E+03   2.8174404469409275E-01   8.0418121391745075E+01   8.2741438263125300E-01
   4.7000000000000000E+03   2.7676847867929893E-01   8.1863826746920182E+01   8.1618182691491437E-01
   4.8000000000000000E+03   2.7199107575429865E-01   8.3301728649649320E+01   8.0664918664804830E-01
   4.9000000000000000E+03   2.6738098915514297E-01   8.4737987016961398E+01   7.9616503525312465E-01
   5.0000000000000000E+03   2.6294802983432930E-01   8.6166558471216064E+01   7.8733457744797763E-01
   5.1000000000000000E+03   2.5866367050625488E-01   8.7593772806463420E+01   7.7752251212789003E-01
   5.2000000000000000E+03   2.5452914606365040E-01   8.9016629875247602E+01   7.6802464020793471E-01
   5.3000000000000000E+03   2.5054556924053162E-01   9.0431959568437051E+01   7.6011293056011398E-01
   5.4000000000000000E+03   2.4668737936003732E-01   9.1846315147491580E+01   7.5119116038627576E-01
   5.5000000000000000E+03   2.4295691120494600E-01   9.3256564199971407E+01   7.4254089924893196E-01
   5.6000000000000000E+03   2.3934777790210685E-01   9.4662783110849006E+01   7.3414974645537201E-01
   5.7000000000000000E+03   2.3585498263527488E-01   9.6064651823141645E+01   7.2615586677395560E-01
   5.8000000000000000E+03   2.3247815444363204E-01   9.7460025187460886E+01   7.1934275516378143E-01
   5.9000000000000000E+03   2.2919860572801076E-01   9.8854557669073159E+01   7.1165167010545549E-01
   6.0000000000000000E+03   2.2601875002407706E-01   1.0024534152674143E+02   7.0417661142211740E-01
   6.1000000000000000E+03   2.2293400325377424E-01   1.0163244034970791E+02   6.9690838158010182E-01
   6.2000000000000000E+03   2.1994006112222925E-01   1.0301591566358272E+02   6.8983825729462123E-01
   6.3000000000000000E+03   2.1703287803363347E-01   1.0439582699585088E+02   6.8295797365857092E-01
   6.4000000000000000E+03   2.1420864824425306E-01   1.0577223176244317E+02   6.7625974898075025E-01
   6.5000000000000000E+03   2.1146378768992730E-01   1.0714518563733284E+02   6.6973617947798170E-01
   6.6000000000000000E+03   2.0879491835273770E-01   1.0851474243895899E+02   6.6338027241538422E-01
   6.7000000000000000E+03   2.0619885346687353E-01   1.0988095426656079E+02   6.5718539339391457E-01
   6.8000000000000000E+03   2.0367258401411492E-01   1.1124387161524206E+02   6.5114524918108074E-01
   6.9000000000000000E+03   2.0121326637009590E-01   1.1260354347578998E+02   6.4525385677982039E-01
   7.0000000000000000E+03   1.9881454156564576E-01   1.1396212072410040E+02   6.3884865546556668E-01
   7.1000000000000000E+03   1.9647951136687858E-01   1.1531648582586125E+02   6.3292115946542338E-01
   7.2000000000000000E+03   1.9420560331453041E-01   1.1666669962614611E+02   6.2745249142832704E-01
   7.3000000000000000E+03   1.9198871303532866E-01   1.1801384794657970E+02   6.2211146342866797E-01
   7.4000000000000000E+03   1.8982598104543913E-01   1.1935840743626792E+02   6.1676065937035740E-01
   7.5000000000000000E+03   1.8771674600481303E-01   1.2069955009250945E+02   6.1166232549792920E-01
   7.6000000000000000E+03   1.8565834601783995E-01   1.2203774984311049E+02   6.0667835004989401E-01
   7.7000000000000000E+03   1.8364420154874855E-01   1.2337621659999100E+02   6.0088567925066116E-01
   7.8000000000000000E+03   1.8168209720925230E-01   1.2470863742570756E+02   5.9612755405585938E-01
   7.9000000000000000E+03   1.7976488778013497E-01   1.2603866676857548E+02   5.9134497804704600E-01
   8.0000000000000000E+03   1.7789223858930453E-01   1.2736545993959420E+02   5.8679001401845909E-01
   8.1000000000000000E+03   1.7605907607690599E-01   1.2869161472660258E+02   5.8174098928905427E-01
   8.2000000000000000E+03   1.7426840769474811E-01   1.3001396574012321E+02   5.7708902768258608E-01
   8.3000000000000000E+03   1.7251814810329083E-01   1.3133300488505884E+02   5.7269816667354245E-01
   8.4000000000000000E+03   1.7080669743924548E-01   1.3264893664763832E+02   5.6851798750794313E-01
   8.5000000000000000E+03   1.6912818222471854E-01   1.3396541303510426E+02   5.6357054153723207E-01
   8.6000000000000000E+03   1.6748951048220298E-01   1.3527609414094212E+02   5.5956386939633218E-01
   8.7000000000000000E+03   1.6588487502969812E-01   1.3658464512544916E+02   5.5551706567666193E-01
   8.8000000000000000E+03   1.6431173206410080E-01   1.3789232517354142E+02   5.5111445127231351E-01
   8.9000000000000000E+03   1.6277234794837053E-01   1.3919641187947622E+02   5.4706958914795489E-01
   9.0000000000000000E+03   1.6126510430596389E-01   1.4049739331469797E+02   5.4325632882878616E-01
   9.1000000000000000E+03   1.5978641356788226E-01   1.4179758016776103E+02   5.3909262626059973E-01
   9.2000000000000000E+03   1.5833848022783542E-01   1.4309425450470951E+02   5.3527199965742200E-01
   9.3000000000000000E+03   1.5691984132551826E-01   1.4438790274207520E+02   5.3167210314162261E-01
   9.4000000000000000E+03   1.5552604635531719E-01   1.4568187977882189E+02   5.2746632802766080E-01
   9.5000000000000000E+03   1.5416261098444226E-01   1.4697031039450499E+02   5.2411229431619266E-01
   9.6000000000000000E+03   1.5282265159744268E-01   1.4825895605641978E+02   5.2019544562522524E-01
   9.7000000000000000E+03   1.5150967239065788E-01   1.4954376463299553E+02   5.1671045923193015E-01
   9.8000000000000000E+03   1.5022195728653392E-01   1.5082566621332279E+02   5.1343011031521457E-01
   9.9000000000000000E+03   1.4895655549329645E-01   1.5210694630106735E+02   5.0981467204601372E-01
   1.0000000000000000E+04   1.4771548968333414E-01   1.5338490794826302E+02   5.0650813839902686E-01
   1.1000000000000000E+04   1.3644809046150591E-01   1.6605088946996133E+02   4.7490347786457426E-01
   1.1106999000000000E+04   1.3535397547026276E-01   1.6739313868611572E+02   4.7192221407606150E-01
   1.1107001000000000E+04   1.3535395516319135E-01   1.6739316380000631E+02   4.7192214858489678E-01
   1.2000000000000000E+04   1.2692337880732010E-01   1.7851184707276386E+02   4.4769409870061666E-01
   1.3000000000000000E+04   1.1875905415552204E-01   1.9078399494441652E+02   4.1049399540253168E-01
   1.4000000000000000E+04   1.1167960030624532E-01   2.0287793585829800E+02   3.8302406406070888E-01
   1.5000000000000000E+04   1.0547866367616741E-01   2.1480483348908936E+02   3.6160032405826514E-01
   1.6000000000000000E+04   9.9999986830986820E-02   2.2657329771357547E+02   3.4491411741141859E-01
   1.7000000000000000E+04   9.5122267308507744E-02   2.3819161831085086E+02   3.2993334445526096E-01
   1.8000000000000000E+04   9.0750267428831147E-02   2.4966677707456125E+02   3.1642033207127218E-01
   1.9000000000000000E+04   8.6808003865960909E-02   2.6100504306717710E+02   3.0416571849490848E-01
   2.0000000000000000E+04   8.3234163771137251E-02   2.7221186302670088E+02   2.9303219690760368E-01
   2.1000000000000000E+04   7.9978532784621026E-02   2.8329260363685432E+02   2.8281210239862370E-01
   2.2000000000000000E+04   7.6999815108755351E-02   2.9425170379447474E+02   2.7341915623054069E-01
   2.3000000000000000E+04   7.4263589772581781E-02   3.0509334193235992E+02   2.6475421510128766E-01
   2.4000000000000000E+04   7.1741011003108812E-02   3.1582112477657961E+02   2.5677174359543975E-01
   2.5000000000000000E+04   6.9407535658447150E-02   3.2643900367111399E+02   2.4932405915915551E-01
   2.6000000000000000E+04   6.7242395306653588E-02   3.3695002511858576E+02   2.4238758481440423E-01
   2.7000000000000000E+04   6.5227743599659327E-02   3.4735720626290583E+02   2.3590967773002913E-01
   2.8000000000000000E+04   6.3348236214181106E-02   3.5766310384721874E+02   2.2988267930074330E-01
   2.9000000000000000E+04   6.1590440477904310E-02   3.6787083534074031E+02   2.2419067796893880E-01
   3.0000000000000000E+04   5.9942775509386502E-02   3.7798261083294125E+02   2.1883726603728521E-01
   3.1000000000000000E+04   5.8395061579097338E-02   3.8800073456418875E+02   2.1379207193951541E-01
   3.2000000000000000E+04   5.6938383366816545E-02   3.9792711783972771E+02   2.0906306863880364E-01
   3.3000000000000000E+04   5.5564760123605172E-02   4.0776432287674817E+02   2.0455621386709877E-01
   3.4000000000000000E+04   5.4267222618804928E-02   4.1751402954164604E+02   2.0028600830095361E-01
   3.5000000000000000E+04   5.3039537930350704E-02   4.2717805757213523E+02   1.9623560594055867E-01
   3.6000000000000000E+04   5.1876140337818705E-02   4.3675814430421633E+02   1.9238875022614293E-01
   3.7000000000000000E+04   5.0772044366182732E-02   4.4625594794252487E+02   1.8873022578396648E-01
   3.8000000000000000E+04   4.9722771209649824E-02   4.5567304951847973E+02   1.8524630685028892E-01
   3.9000000000000000E+04   4.8724285672287093E-02   4.6501095860082785E+02   1.8192457748788926E-01
   4.0000000000000000E+04   4.7772942264174792E-02   4.7427111904308350E+02   1.7875377790896907E-01
   4.1000000000000000E+04   4.6865409123002105E-02   4.8345522233988811E+02   1.7568965523744762E-01
   4.2000000000000000E+04   4.5998748656974342E-02   4.9256398161117130E+02   1.7279098796861264E-01
   4.3000000000000000E+04   4.5170201569471609E-02   5.0159897455325529E+02   1.7001521381226131E-01
   4.4000000000000000E+04   4.4377250957704471E-02   5.1056174726111988E+02   1.6732091021391463E-01
   4.5000000000000000E+04   4.3617678301908047E-02   5.1945283815392031E+02   1.6476835282715580E-01
   4.6000000000000000E+04   4.2889344354876083E-02   5.2827403002804101E+02   1.6228400067290222E-01
   4.7000000000000000E+04   4.2190390663689903E-02   5.3702576418924366E+02   1.5992844899155306E-01
   4.8000000000000000E+04   4.1519006138345693E-02   5.4570975789049976E+02   1.5763000337436930E-01
   4.9000000000000000E+04   4.0873597786737839E-02   5.5432670512216009E+02   1.5541677761870348E-01
   5.0000000000000000E+04   4.0252695521736222E-02   5.6287725564554989E+02   1.5331620044499028E-01
   5.1000000000000000E+04   3.9654869388397698E-02   5.7136304159004305E+02   1.5125930487651459E-01
   5.2000000000000000E+04   3.9078865938204671E-02   5.7978465453523597E+02   1.4927447122615642E-01
   5.3000000000000000E+04   3.8523522637857119E-02   5.8814265249319169E+02   1.4738918994740907E-01
   5.4000000000000000E+04   3.7987694210703554E-02   5.9643859040085647E+02   1.4553711186088950E-01
   5.5000000000000000E+04   3.7470380955356576E-02   6.0467297662667147E+02   1.4374653610040525E-01
   5.6000000000000000E+04   3.6970630968801398E-02   6.1284663512318093E+02   1.4201440862168110E-01
   5.7000000000000000E+04   3.6487556979843058E-02   6.2096036739668432E+02   1.4033787682018015E-01
   5.8000000000000000E+04   3.6020330926003624E-02   6.2901495364258665E+02   1.3871427182119697E-01
   5.9000000000000000E+04   3.5568179099326455E-02   6.3701115326535955E+02   1.3714109412863953E-01
   6.0000000000000000E+04   3.5130377731178254E-02   6.4494970594928714E+02   1.3561600139130861E-01
   6.1000000000000000E+04   3.4706248973868176E-02   6.5283133318931925E+02   1.3413679468142695E-01
   6.2000000000000000E+04   3.4295157342983454E-02   6.6065673823906013E+02   1.3270140816971360E-01
   6.3000000000000000E+04   3.3896506407082597E-02   6.6842660761277182E+02   1.3130789961932121E-01
   6.4000000000000000E+04   3.3509735847955663E-02   6.7614161121455288E+02   1.2995444116521390E-01
   6.5000000000000000E+04   3.3134318737098344E-02   6.8380240340486796E+02   1.2863931002378204E-01
   6.6000000000000000E+04   3.2769759068093277E-02   6.9140962374884884E+02   1.2736088266051487E-01
   6.7000000000000000E+04   3.2415589519617524E-02   6.9896389741420137E+02   1.2611762561509976E-01
   6.8000000000000000E+04   3.2071369416696596E-02   7.0646583540692916E+02   1.2490809164406018E-01
   6.9000000000000000E+04   3.1736682817035775E-02   7.1391603584507845E+02   1.2373091130881268E-01
   7.0000000000000000E+04   3.1411136812401250E-02   7.2131508397574441E+02   1.2258478981542290E-01
   7.1000000000000000E+04   3.1094359951714331E-02   7.2866355257978637E+02   1.2146850098385051E-01
   7.2000000000000000E+04   3.0785986675852875E-02   7.3596233981944056E+02   1.2035540987832041E-01
   7.3000000000000000E+04   3.0485712720900792E-02   7.4321131984154329E+02   1.1929564258252817E-01
   7.4000000000000000E+04   3.0193208282706489E-02   7.5041136985061803E+02   1.1826239498526224E-01
   7.5000000000000000E+04   2.9908174284479769E-02   7.5756301846108863E+02   1.1725467465907226E-01
   7.6000000000000000E+04   2.9630326947893887E-02   7.6466678303802109E+02   1.1627153836516840E-01
   7.7000000000000000E+04   2.9359384175779994E-02   7.7172350250799707E+02   1.1528795567326185E-01
   7.8000000000000000E+04   2.9095115333140527E-02   7.7873301164760051E+02   1.1435160326517287E-01
   7.9000000000000000E+04   2.8837263983233774E-02   7.8569613264226314E+02   1.1343726746542475E-01
   8.0000000000000000E+04   2.8585598417703795E-02   7.9261334524235599E+02   1.1254417457995260E-01
   8.1000000000000000E+04   2.8339886438355673E-02   7.9948544737095347E+02   1.1164845439273326E-01
   8.2000000000000000E+04   2.8099941242931942E-02   8.0631224783467701E+02   1.1079591775756291E-01
   8.3000000000000000E+04   2.7865550609601653E-02   8.1309453041289453E+02   1.0996250634151811E-01
   8.4000000000000000E+04   2.7636523442863267E-02   8.1983274178654801E+02   1.0914757871349562E-01
   8.5000000000000000E+04   2.7412666784287047E-02   8.2652764015641071E+02   1.0832833640898572E-01
   8.6000000000000000E+04   2.7193827872430101E-02   8.3317901745570225E+02   1.0754880410702725E-01
   8.7000000000000000E+04   2.6979829478185648E-02   8.3978762007855619E+02   1.0678599329035404E-01
   8.8000000000000000E+04   2.6770502604387333E-02   8.4635418028713309E+02   1.0601784632545484E-01
   8.9000000000000000E+04   2.6565715284762093E-02   8.5287847681657900E+02   1.0528712324844874E-01
   9.0000000000000000E+04   2.6365311756055179E-02   8.5936123180516574E+02   1.0457157842065183E-01
   9.1000000000000000E+04   2.6169143316203188E-02   8.6580315273759948E+02   1.0384985353082883E-01
   9.2000000000000000E+04   2.5977095447816539E-02   8.7220400884022717E+02   1.0316349172672855E-01
   9.3000000000000000E+04   2.5789021619816044E-02   8.7856480643690327E+02   1.0247045585455782E-01
   9.4000000000000000E+04   2.5604817532116849E-02   8.8488530563403037E+02   1.0181153197537560E-01
   9.5000000000000000E+04   2.5424356313382045E-02   8.9116619151868849E+02   1.0116561062245411E-01
   9.6000000000000000E+04   2.5247516598745145E-02   8.9740813513266176E+02   1.0051240557345928E-01
   9.7000000000000000E+04   2.5074207311787985E-02   9.0361089010215892E+02   9.9891560735233101E-02
   9.8000000000000000E+04   2.4904307469775191E-02   9.0977541997939875E+02   9.9263072906622923E-02
   9.9000000000000000E+04   2.4737733742891552E-02   9.1590147355844340E+02   9.8665879304998275E-02
   1.0000000000000000E+05   2.4574381671822330E-02   9.2198970009448192E+02   9.8079910983743079E-02
   1.1000000000000000E+05   2.3099314457789132E-02   9.8086576677476717E+02   9.2686643960702836E-02
   1.2000000000000000E+05   2.1863560662078695E-02   1.0363054370603438E+03   8.7574677143270538E-02
   1.3000000000000000E+05   2.0813522362891305E-02   1.0885868519788289E+03   8.3731397461658946E-02
   1.4000000000000000E+05   1.9910528222831510E-02   1.1379570915466484E+03   8.0416255245951723E-02
   1.5000000000000000E+05   1.9125992990925929E-02   1.1846353179340945E+03   7.7528768831007150E-02
   1.6000000000000000E+05   1.8438309486776973E-02   1.2288180108843217E+03   7.4992533570999012E-02
   1.7000000000000000E+05   1.7830836337095445E-02   1.2706822248418198E+03   7.2748390118877515E-02
   1.8000000000000000E+05   1.7290545216607358E-02   1.3103882210636548E+03   7.0749800270419591E-02
   1.9000000000000000E+05   1.6807088406978157E-02   1.3480816093169165E+03   6.8959639203156134E-02
   2.0000000000000000E+05   1.6372141377206058E-02   1.3838951341548532E+03   6.7347921358884164E-02
   2.1000000000000000E+05   1.5978930400427298E-02   1.4179501518452646E+03   6.5890157204093025E-02
   2.2000000000000000E+05   1.5621886555607239E-02   1.4503579133647145E+03   6.4566144912303100E-02
   2.3000000000000000E+05   1.5296388795833773E-02   1.4812206390688698E+03   6.3359068429177129E-02
   2.4000000000000000E+05   1.4998570109967206E-02   1.5106324550601003E+03   6.2254814559894470E-02
   2.5000000000000000E+05   1.4725169423931362E-02   1.5386802104149706E+03   6.1241449351181712E-02
   2.6000000000000000E+05   1.4473417334641815E-02   1.5654441700773027E+03   6.0308812099890752E-02
   2.7000000000000000E+05   1.4240946579878740E-02   1.5909986503020593E+03   5.9448196939877393E-02
   2.8000000000000000E+05   1.4025721557097380E-02   1.6154125615124312E+03   5.8652100927393390E-02
   2.9000000000000000E+05   1.3825982112403674E-02   1.6387498988071366E+03   5.7914022801097566E-02
   3.0000000000000000E+05   1.3640198353822481E-02   1.6610701838702653E+03   5.7228300871647882E-02
   3.1000000000000000E+05   1.3467034401966397E-02   1.6824288192434167E+03   5.6589981720413289E-02
   3.2000000000000000E+05   1.3305318308665302E-02   1.7028774706468205E+03   5.5994712491777177E-02
   3.3000000000000000E+05   1.3154017857876900E-02   1.7224643475790267E+03   5.5438652625354537E-02
   3.4000000000000000E+05   1.3012220190339735E-02   1.7412345054252605E+03   5.4918400485822902E-02
   3.5000000000000000E+05   1.2879115213512572E-02   1.7592300722520968E+03   5.4430932518318632E-02
   3.6000000000000000E+05   1.2753981190831615E-02   1.7764905286122225E+03   5.3973551892547281E-02
   3.7000000000000000E+05   1.2636173532037219E-02   1.7930528359844359E+03   5.3543845900323100E-02
   3.8000000000000000E+05   1.2525114392826421E-02   1.8089516851508727E+03   5.3139649271057798E-02
   3.9000000000000000E+05   1.2420284333944955E-02   1.8242196537874531E+03   5.2759013325773443E-02
   4.0000000000000000E+05   1.2321215334808230E-02   1.8388873314795817E+03   5.2400179738167553E-02
   4.1000000000000000E+05   1.2227484151020559E-02   1.8529835334703516E+03   5.2061557568327289E-02
   4.2000000000000000E+05   1.2138707676967259E-02   1.8665353339550491E+03   5.1741704260978426E-02
   4.3000000000000000E+05   1.2054537847186100E-02   1.8795682650662316E+03   5.1439308460105367E-02
   4.4000000000000000E+05   1.1974658114093701E-02   1.8921063609276678E+03   5.1153175741404613E-02
   4.5000000000000000E+05   1.1898779390998319E-02   1.9041723560949079E+03   5.0882215486457147E-02
   4.6000000000000000E+05   1.1826637796156062E-02   1.9157876632507484E+03   5.0625430356467452E-02
   4.7000000000000000E+05   1.1757991669431415E-02   1.9269725157669250E+03   5.0381906353782084E-02
   4.8000000000000000E+05   1.1692619065541386E-02   1.9377460824309965E+03   5.0150804173734617E-02
   4.9000000000000000E+05   1.1630316551971949E-02   1.9481264062214364E+03   4.9931352288408642E-02
   5.0000000000000000E+05   1.1570896551512853E-02   1.9581306156132248E+03   4.9722839741922660E-02
   5.1000000000000000E+05   1.1514185766528184E-02   1.9677749905230644E+03   4.9524610318284666E-02
   5.2000000000000000E+05   1.1460024615941745E-02   1.9770748795855795E+03   4.9336057921228950E-02
   5.3000000000000000E+05   1.1408265504786332E-02   1.9860448354839687E+03   4.9156621628116279E-02
   5.4000000000000000E+05   1.1358771501639418E-02   1.9946987034945337E+03   4.8985781437025137E-02
   5.5000000000000000E+05   1.1311415510708234E-02   2.0030496418562009E+03   4.8823054716089512E-02
   5.6000000000000000E+05   1.1266080033083631E-02   2.0111100507963706E+03   4.8667993349287592E-02
   5.7000000000000000E+05   1.1222655164450160E-02   2.0188918268986902E+03   4.8520179957257471E-02
   5.8000000000000000E+05   1.1181039062864606E-02   2.0264061917878628E+03   4.8379226072760642E-02
   5.9000000000000000E+05   1.1141136434837315E-02   2.0336638834045161E+03   4.8244769158413942E-02
   6.0000000000000000E+05   1.1102858386043983E-02   2.0406751126440104E+03   4.8116470730575199E-02
   6.1000000000000000E+05   1.1066122228138582E-02   2.0474495329536912E+03   4.7994014674048437E-02
   6.2000000000000000E+05   1.1030850336677774E-02   2.0539963915814164E+03   4.7877104994413083E-02
   6.3000000000000000E+05   1.0996969634759272E-02   2.0603245748715553E+03   4.7765464175692225E-02
   6.4000000000000000E+05   1.0964412590248173E-02   2.0664423744654036E+03   4.7658832699859828E-02
   6.5000000000000000E+05   1.0933114896407442E-02   2.0723578780879611E+03   4.7556966345467813E-02
   6.6000000000000000E+05   1.0903016791436411E-02   2.0780786841864365E+03   4.7459636146835543E-02
   6.7000000000000000E+05   1.0874061660896436E-02   2.0836121307907842E+03   4.7366626549793990E-02
   6.8000000000000000E+05   1.0846196643871063E-02   2.0889651489413050E+03   4.7277734946647998E-02
   6.9000000000000000E+05   1.0819371780111452E-02   2.0941443965591693E+03   4.7192770453002290E-02
   7.0000000000000000E+05   1.0793540094040941E-02   2.0991562166077279E+03   4.7111553180140285E-02
   7.1000000000000000E+05   1.0768656838618374E-02   2.1040067602820695E+03   4.7033913161735511E-02
   7.2000000000000000E+05   1.0744680437184304E-02   2.1087017822512612E+03   4.6959690391657323E-02
   7.3000000000000000E+05   1.0721571515229757E-02   2.1132468085883274E+03   4.6888733634629684E-02
   7.4000000000000000E+05   1.0699292056544945E-02   2.1176472861819784E+03   4.6820899361176678E-02
   7.5000000000000000E+05   1.0677806905851323E-02   2.1219082708074479E+03   4.6756052356998090E-02
   7.6000000000000000E+05   1.0657082654982542E-02   2.1260346307831014E+03   4.6694064511799221E-02
   7.7000000000000000E+05   1.0637087733438700E-02   2.1300310155744355E+03   4.6634814515401600E-02
   7.8000000000000000E+05   1.0617791805905137E-02   2.1339019639667276E+03   4.6578187087813812E-02
   7.9000000000000000E+05   1.0599166417931846E-02   2.1376517637536817E+03   4.6524073090650764E-02
   8.0000000000000000E+05   1.0581184657516821E-02   2.1412845083953007E+03   4.6472369019469863E-02
   8.1000000000000000E+05   1.0563820566824755E-02   2.1448042064217943E+03   4.6422976292114615E-02
   8.2000000000000000E+05   1.0547049674454929E-02   2.1482146654231751E+03   4.6375801364386321E-02
   8.3000000000000000E+05   1.0530849057384944E-02   2.1515194704763094E+03   4.6330755546551861E-02
   8.4000000000000000E+05   1.0515196346417427E-02   2.1547221793276590E+03   4.6287754061488814E-02
   8.5000000000000000E+05   1.0500070531952711E-02   2.1578261516113062E+03   4.6246716417305878E-02
   8.6000000000000000E+05   1.0485451950322810E-02   2.1608345443720491E+03   4.6207566197814645E-02
   8.7000000000000000E+05   1.0471321219116363E-02   2.1637505252200422E+03   4.6170230145972477E-02
   8.8000000000000000E+05   1.0457659923350571E-02   2.1665771265921539E+03   4.6134638491430936E-02
   8.9000000000000000E+05   1.0444450654671832E-02   2.1693172323501872E+03   4.6100724773949095E-02
   9.0000000000000000E+05   1.0431677856510356E-02   2.1719733967312345E+03   4.6068426298552831E-02
   9.1000000000000000E+05   1.0419324245793414E-02   2.1745485842575854E+03   4.6037681570815302E-02
   9.2000000000000000E+05   1.0407375697758460E-02   2.1770451500555259E+03   4.6008433466148156E-02
   9.3000000000000000E+05   1.0395817731548325E-02   2.1794655670859170E+03   4.5980626763225542E-02
   9.4000000000000000E+05   1.0384635931488303E-02   2.1818123367145909E+03   4.5954208235944115E-02
   9.5000000000000000E+05   1.0373817838938726E-02   2.1840875885216733E+03   4.5929127937821529E-02
   9.6000000000000000E+05   1.0363350200448174E-02   2.1862936549834012E+03   4.5905337156455173E-02
   9.7000000000000000E+05   1.0353221708692842E-02   2.1884324923310687E+03   4.5882790193217164E-02
   9.8000000000000000E+05   1.0343419882873597E-02   2.1905063358325324E+03   4.5861442213861500E-02
   9.9000000000000000E+05   1.0333933851211403E-02   2.1925171105052873E+03   4.5841250948424089E-02
   1.0000000000000000E+06   1.0324753426408649E-02   2.1944666232568711E+03   4.5822176094405198E-02
   1.1000000000000000E+06   1.0247688072275395E-02   2.2109695989780425E+03   4.5684986472028045E-02
   1.2000000000000000E+06   1.0192137586516478E-02   2.2230201069484128E+03   4.5625046487648147E-02
   1.3000000000000000E+06   1.0152433991840560E-02   2.2317137748268383E+03   4.5620832241389034E-02
   1.4000000000000000E+06   1.0124616218794744E-02   2.2378454943853644E+03   4.5657373379882862E-02
   1.5000000000000000E+06   1.0105846665852769E-02   2.2420018368346077E+03   4.5724014972140417E-02
   1.6000000000000000E+06   1.0094048488831853E-02   2.2446223448083365E+03   4.5813025060063725E-02
   1.7000000000000000E+06   1.0087677370524867E-02   2.2460399907131373E+03   4.5918702795605316E-02
   1.8000000000000000E+06   1.0085567944774301E-02   2.2465097564833113E+03   4.6036786996132555E-02
   1.9000000000000000E+06   1.0086825018187133E-02   2.2462297845712919E+03   4.6164052370916302E-02
   2.0000000000000000E+06   1.0090758612536742E-02   2.2453541559760802E+03   4.6298037339542797E-02
   2.1000000000000000E+06   1.0096823239293864E-02   2.2440054907007934E+03   4.6436841628401664E-02
   2.2000000000000000E+06   1.0104593320902664E-02   2.2422799283511172E+03   4.6578994910943521E-02
   2.3000000000000000E+06   1.0113725833950300E-02   2.2402551897890553E+03   4.6723347310773100E-02
   2.4000000000000000E+06   1.0123948173990274E-02   2.2379931621756409E+03   4.6868999545424915E-02
   2.5000000000000000E+06   1.0135040014843456E-02   2.2355438907421781E+03   4.7015244769813419E-02
   2.6000000000000000E+06   1.0146822095236964E-02   2.2329480673802700E+03   4.7161526258192879E-02
   2.7000000000000000E+06   1.0159145111678624E-02   2.2302395072164759E+03   4.7307403216486243E-02
   2.8000000000000000E+06   1.0171894456492770E-02   2.2274441486313813E+03   4.7452534145626279E-02
   2.9000000000000000E+06   1.0184964107514613E-02   2.2245858255792873E+03   4.7596643031167264E-02
   3.0000000000000000E+06   1.0198280554290893E-02   2.2216810634884728E+03   4.7739524166850622E-02
   3.1000000000000000E+06   1.0211768892984094E-02   2.2187465291324129E+03   4.7881008278672199E-02
   3.2000000000000000E+06   1.0225381455386016E-02   2.2157928177512149E+03   4.8020975712114986E-02
   3.3000000000000000E+06   1.0239066700843234E-02   2.2128312520656659E+03   4.8159328263630979E-02
   3.4000000000000000E+06   1.0252784523225988E-02   2.2098705708955822E+03   4.8295995522788446E-02
   3.5000000000000000E+06   1.0266511988258880E-02   2.2069157288787533E+03   4.8430934568132716E-02
   3.6000000000000000E+06   1.0280207569883210E-02   2.2039756136819137E+03   4.8564102344369836E-02
   3.7000000000000000E+06   1.0293863993503072E-02   2.2010516946708135E+03   4.8695489862849474E-02
   3.8000000000000000E+06   1.0307452614248707E-02   2.1981499828861697E+03   4.8825081302422454E-02
   3.9000000000000000E+06   1.0320957345824005E-02   2.1952737549853600E+03   4.8952876385254654E-02
   4.0000000000000000E+06   1.0334377314010931E-02   2.1924230264839384E+03   4.9078890047606134E-02
   4.1000000000000000E+06   1.0347688803403988E-02   2.1896026463568769E+03   4.9203126373848549E-02
   4.2000000000000000E+06   1.0360894198622093E-02   2.1868119057353201E+03   4.9325610043912463E-02
   4.3000000000000000E+06   1.0373980741966309E-02   2.1840532917083742E+03   4.9446357871160036E-02
   4.4000000000000000E+06   1.0386951209840751E-02   2.1813260050884728E+03   4.9565399702284879E-02
   4.5000000000000000E+06   1.0399785085048081E-02   2.1786341354481988E+03   4.9682750172612068E-02
   4.6000000000000000E+06   1.0412490574681273E-02   2.1759757307923751E+03   4.9798445192355725E-02
   4.7000000000000000E+06   1.0425065552931486E-02   2.1733510137247681E+03   4.9912513778407615E-02
   4.8000000000000000E+06   1.0437510556564198E-02   2.1707596523925431E+03   5.0024987660490024E-02
   4.9000000000000000E+06   1.0449812446032323E-02   2.1682041572156190E+03   5.0135888701503831E-02
   5.0000000000000000E+06   1.0461984200259809E-02   2.1656816100953524E+03   5.0245257635702603E-02
   5.1000000000000000E+06   1.0474013617614759E-02   2.1631943221370893E+03   5.0353116613157466E-02
   5.2000000000000000E+06   1.0485913359125845E-02   2.1607394617553491E+03   5.0459505564294654E-02
   5.3000000000000000E+06   1.0497666194653824E-02   2.1583203702123392E+03   5.0564442965271475E-02
   5.4000000000000000E+06   1.0509292877584703E-02   2.1559325685876229E+03   5.0667973090724502E-02
   5.5000000000000000E+06   1.0520779192081334E-02   2.1535787771940190E+03   5.0770115754962368E-02
   5.6000000000000000E+06   1.0532148722071210E-02   2.1512539734774177E+03   5.0870916067796444E-02
   5.7000000000000000E+06   1.0543383529678662E-02   2.1489616425156587E+03   5.0970389828862879E-02
   5.8000000000000000E+06   1.0554470011936308E-02   2.1467043595734394E+03   5.1068555815050244E-02
   5.9000000000000000E+06   1.0565445461326815E-02   2.1444743499499814E+03   5.1165466749109510E-02
   6.0000000000000000E+06   1.0576295243541619E-02   2.1422744227423518E+03   5.1261138853941124E-02
   6.1000000000000000E+06   1.0587010804479772E-02   2.1401061362876490E+03   5.1355592507316222E-02
   6.2000000000000000E+06   1.0597608232566030E-02   2.1379660665305341E+03   5.1448863594907183E-02
   6.3000000000000000E+06   1.0608091154657663E-02   2.1358533271711863E+03   5.1540979334931306E-02
   6.4000000000000000E+06   1.0618447987158677E-02   2.1337700966291145E+03   5.1631955517048737E-02
   6.5000000000000000E+06   1.0628677636292688E-02   2.1317164338717998E+03   5.1721814711209471E-02
   6.6000000000000000E+06   1.0638815426406850E-02   2.1296851086797242E+03   5.1810603969674920E-02
   6.7000000000000000E+06   1.0648808363321220E-02   2.1276865931451775E+03   5.1898308879185277E-02
   6.8000000000000000E+06   1.0658726931630613E-02   2.1257066564275515E+03   5.1984998983589215E-02
   6.9000000000000000E+06   1.0668512198481441E-02   2.1237569368703403E+03   5.2070655228223017E-02
   7.0000000000000000E+06   1.0678183789903319E-02   2.1218333785408595E+03   5.2155310760847479E-02
   7.1000000000000000E+06   1.0687770115644462E-02   2.1199302139223250E+03   5.2239005822106568E-02
   7.2000000000000000E+06   1.0697229440607693E-02   2.1180556062115907E+03   5.2321729466763153E-02
   7.3000000000000000E+06   1.0706599534914540E-02   2.1162019475674401E+03   5.2403527427912773E-02
   7.4000000000000000E+06   1.0715891613548348E-02   2.1143669238838347E+03   5.2484424735608860E-02
   7.5000000000000000E+06   1.0725028743282256E-02   2.1125656005166866E+03   5.2564386754126287E-02
   7.6000000000000000E+06   1.0734101797736432E-02   2.1107799436361502E+03   5.2643493082493657E-02
   7.7000000000000000E+06   1.0743109124287562E-02   2.1090102060294707E+03   5.2721758496768620E-02
   7.8000000000000000E+06   1.0751977896552918E-02   2.1072705883142426E+03   5.2799149491515346E-02
   7.9000000000000000E+06   1.0760775376053855E-02   2.1055477877579860E+03   5.2875729247492335E-02
   8.0000000000000000E+06   1.0769466931265858E-02   2.1038484942863952E+03   5.2951486619947315E-02
   8.1000000000000000E+06   1.0778072639732690E-02   2.1021686849730427E+03   5.3026452573749480E-02
   8.2000000000000000E+06   1.0786609953100823E-02   2.1005048746661600E+03   5.3100652901154143E-02
   8.3000000000000000E+06   1.0795044553053888E-02   2.0988636662181357E+03   5.3174078123481697E-02
   8.4000000000000000E+06   1.0803411566776812E-02   2.0972381407080456E+03   5.3246765881142258E-02
   8.5000000000000000E+06   1.0811666639641844E-02   2.0956368285104068E+03   5.3318699156903487E-02
   8.6000000000000000E+06   1.0819883439095814E-02   2.0940453670454890E+03   5.3389941687555731E-02
   8.7000000000000000E+06   1.0827983093040143E-02   2.0924789587244695E+03   5.3460451610180787E-02
   8.8000000000000000E+06   1.0836006846918586E-02   2.0909295377617655E+03   5.3530269708049930E-02
   8.9000000000000000E+06   1.0843975825515056E-02   2.0893929636305370E+03   5.3599422892901968E-02
   9.0000000000000000E+06   1.0851841883954260E-02   2.0878784477234558E+03   5.3667888517810416E-02
   9.1000000000000000E+06   1.0859623950822170E-02   2.0863822624258960E+03   5.3735691590670820E-02
   9.2000000000000000E+06   1.0867398242253060E-02   2.0848897116439362E+03   5.3802897443344939E-02
   9.3000000000000000E+06   1.0875038546474713E-02   2.0834249635791380E+03   5.3869427069558010E-02
   9.4000000000000000E+06   1.0882639876366808E-02   2.0819697283941550E+03   5.3935357444983040E-02
   9.5000000000000000E+06   1.0890125230937665E-02   2.0805386813407613E+03   5.4000646357418670E-02
   9.6000000000000000E+06   1.0897601056605012E-02   2.0791114181848534E+03   5.4065377306894855E-02
   9.7000000000000000E+06   1.0904964302244063E-02   2.0777075614037817E+03   5.4129487514266467E-02
   9.8000000000000000E+06   1.0912322363868698E-02   2.0763065855376908E+03   5.4193061271093128E-02
   9.9000000000000000E+06   1.0919540060441386E-02   2.0749341695894609E+03   5.4256014604366479E-02
   1.0000000000000000E+07   1.0926722355128147E-02   2.0735702849608169E+03   5.4318430040118569E-02
   1.1000000000000000E+07   1.0995326618377550E-02   2.0606324463105461E+03   5.4913889896629473E-02
   1.2000000000000000E+07   1.1058468074825436E-02   2.0488666815605429E+03   5.5462580689955687E-02
   1.3000000000000000E+07   1.1116991685257557E-02   2.0380807532362455E+03   5.5971230134321523E-02
   1.4000000000000000E+07   1.1171495884095255E-02   2.0281372362914979E+03   5.6445182271521607E-02
   1.5000000000000000E+07   1.1222489784258589E-02   2.0189215782928559E+03   5.6888812810395518E-02
   1.6000000000000000E+07   1.1270314670749336E-02   2.0103544088626913E+03   5.7305675519855000E-02
   1.7000000000000000E+07   1.1315411051547354E-02   2.0023423527784673E+03   5.7698833227694257E-02
   1.8000000000000000E+07   1.1358042235683267E-02   1.9948267771384812E+03   5.8070800844966318E-02
   1.9000000000000000E+07   1.1398458050672635E-02   1.9877536669333767E+03   5.8423720633286672E-02
   2.0000000000000000E+07   1.1436875002245269E-02   1.9810767174742004E+03   5.8759442845022408E-02
   2.1000000000000000E+07   1.1473477454824219E-02   1.9747567271406576E+03   5.9079545416151028E-02
   2.2000000000000000E+07   1.1508426704034864E-02   1.9687597071515536E+03   5.9385411746472286E-02
   2.3000000000000000E+07   1.1541865161026617E-02   1.9630559248012819E+03   5.9678248497475814E-02
   2.4000000000000000E+07   1.1573914742705808E-02   1.9576199834969457E+03   5.9959112958287604E-02
   2.5000000000000000E+07   1.1604688472634248E-02   1.9524286964738851E+03   6.0228947630406711E-02
   2.6000000000000000E+07   1.1634277932642375E-02   1.9474630844120529E+03   6.0488568374446987E-02
   2.7000000000000000E+07   1.1662774649121577E-02   1.9427046709950207E+03   6.0738731956899127E-02
   2.8000000000000000E+07   1.1690255679345512E-02   1.9381378311204983E+03   6.0980100325341235E-02
   2.9000000000000000E+07   1.1716786811991422E-02   1.9337491712678768E+03   6.1213252365591594E-02
   3.0000000000000000E+07   1.1742432918976115E-02   1.9295257587544656E+03   6.1438742626250292E-02
   3.1000000000000000E+07   1.1767251965555198E-02   1.9254560753804501E+03   6.1657052789183486E-02
   3.2000000000000000E+07   1.1791297545898501E-02   1.9215295602045048E+03   6.1868633421576717E-02
   3.3000000000000000E+07   1.1814606748063849E-02   1.9177385477789032E+03   6.2073861091530853E-02
   3.4000000000000000E+07   1.1837232994892522E-02   1.9140728916451071E+03   6.2273132120653579E-02
   3.5000000000000000E+07   1.1859211345435754E-02   1.9105255929460191E+03   6.2466765625393821E-02
   3.6000000000000000E+07   1.1880575578799167E-02   1.9070899921753532E+03   6.2655076693299089E-02
   3.7000000000000000E+07   1.1901364077244103E-02   1.9037588162631323E+03   6.2838356260128389E-02
   3.8000000000000000E+07   1.1921598422600266E-02   1.9005275957507822E+03   6.3016838818724635E-02
   3.9000000000000000E+07   1.1941316078382891E-02   1.8973894199674419E+03   6.3190802129031970E-02
   4.0000000000000000E+07   1.1960540060564266E-02   1.8943397767058595E+03   6.3360459077295331E-02
   4.1000000000000000E+07   1.1979292060774473E-02   1.8913744378769227E+03   6.3526007300948761E-02
   4.2000000000000000E+07   1.1997597533033071E-02   1.8884886516011406E+03   6.3687652187551957E-02
   4.3000000000000000E+07   1.2015475470455714E-02   1.8856787518165083E+03   6.3845567668850259E-02
   4.4000000000000000E+07   1.2032945236764375E-02   1.8829410706853093E+03   6.3999919795354229E-02
   4.5000000000000000E+07   1.2050022422738751E-02   1.8802725831327707E+03   6.4150855628517939E-02
   4.6000000000000000E+07   1.2066731187323975E-02   1.8776689756221788E+03   6.4298552594501970E-02
   4.7000000000000000E+07   1.2083081855766264E-02   1.8751281385053530E+03   6.4443123773724492E-02
   4.8000000000000000E+07   1.2099089343347004E-02   1.8726472831667711E+03   6.4584698706695975E-02
   4.9000000000000000E+07   1.2114765652876152E-02   1.8702241080686322E+03   6.4723389587082542E-02
   5.0000000000000000E+07   1.2130130980007807E-02   1.8678550812809292E+03   6.4859341462510198E-02
   5.1000000000000000E+07   1.2145199151086025E-02   1.8655376915400172E+03   6.4992667572749740E-02
   5.2000000000000000E+07   1.2159963831278483E-02   1.8632725476806486E+03   6.5123390527082811E-02
   5.3000000000000000E+07   1.2174463592473716E-02   1.8610533938938895E+03   6.5251727410112592E-02
   5.4000000000000000E+07   1.2188681082452128E-02   1.8588825677152413E+03   6.5377645539310303E-02
   5.5000000000000000E+07   1.2202644539591346E-02   1.8567554528118351E+03   6.5501311439108229E-02
   5.6000000000000000E+07   1.2216353795190161E-02   1.8546717922111482E+03   6.5622764537692682E-02
   5.7000000000000000E+07   1.2229827548901397E-02   1.8526284771403914E+03   6.5742124433397664E-02
   5.8000000000000000E+07   1.2243073338021410E-02   1.8506241171689680E+03   6.5859461143141243E-02
   5.9000000000000000E+07   1.2256078604065364E-02   1.8486603684228435E+03   6.5974753214030277E-02
   6.0000000000000000E+07   1.2268880910312223E-02   1.8467313321597978E+03   6.6088198384448238E-02
   6.1000000000000000E+07   1.2281456484435654E-02   1.8448403751073442E+03   6.6199722264065897E-02
   6.2000000000000000E+07   1.2293845125657852E-02   1.8429813094296969E+03   6.6309529243706686E-02
   6.3000000000000000E+07   1.2306021354847978E-02   1.8411577661276287E+03   6.6417536042883044E-02
   6.4000000000000000E+07   1.2318020948419623E-02   1.8393642032665721E+03   6.6523925795555508E-02
   6.5000000000000000E+07   1.2329826632713939E-02   1.8376030306456678E+03   6.6628650141233814E-02
   6.6000000000000000E+07   1.2341451271939552E-02   1.8358721586598326E+03   6.6731788178683069E-02
   6.7000000000000000E+07   1.2352898762425572E-02   1.8341708471317454E+03   6.6833380148959592E-02
   6.8000000000000000E+07   1.2364186694384036E-02   1.8324963337784307E+03   6.6933525912342973E-02
   6.9000000000000000E+07   1.2375299657624100E-02   1.8308507603411620E+03   6.7032179991567714E-02
   7.0000000000000000E+07   1.2386262471756400E-02   1.8292303137669539E+03   6.7129471196520324E-02
   7.1000000000000000E+07   1.2397068349253595E-02   1.8276358691669998E+03   6.7225389109077688E-02
   7.2000000000000000E+07   1.2407720753038490E-02   1.8260667884601060E+03   6.7319966369417478E-02
   7.3000000000000000E+07   1.2418230461630132E-02   1.8245213645871240E+03   6.7413272368623253E-02
   7.4000000000000000E+07   1.2428594216240787E-02   1.8229999622969303E+03   6.7505306435376708E-02
   7.5000000000000000E+07   1.2438817578611899E-02   1.8215016535469788E+03   6.7596110469732504E-02
   7.6000000000000000E+07   1.2448916839771097E-02   1.8200239490094796E+03   6.7685771575398485E-02
   7.7000000000000000E+07   1.2458874281978154E-02   1.8185693406012433E+03   6.7774229320152563E-02
   7.8000000000000000E+07   1.2468705005156394E-02   1.8171355227540414E+03   6.7861562857946617E-02
   7.9000000000000000E+07   1.2478425243124347E-02   1.8157200404830783E+03   6.7947857953317065E-02
   8.0000000000000000E+07   1.2488000922752880E-02   1.8143277637279493E+03   6.8032977812337636E-02
   8.1000000000000000E+07   1.2497465619631156E-02   1.8129537201543021E+03   6.8117085329555113E-02
   8.2000000000000000E+07   1.2506806916664698E-02   1.8115996303917543E+03   6.8200138259569151E-02
   8.3000000000000000E+07   1.2516044146112952E-02   1.8102626135788582E+03   6.8282232272872417E-02
   8.4000000000000000E+07   1.2525170778043746E-02   1.8089435416983235E+03   6.8363351363858238E-02
   8.5000000000000000E+07   1.2534201242390229E-02   1.8076402595950442E+03   6.8443569609862032E-02
   8.6000000000000000E+07   1.2543115622536460E-02   1.8063555714101799E+03   6.8522810426966688E-02
   8.7000000000000000E+07   1.2551921015979212E-02   1.8050883811941544E+03   6.8601119785705961E-02
   8.8000000000000000E+07   1.2560619542521988E-02   1.8038383147350344E+03   6.8678509902741297E-02
   8.9000000000000000E+07   1.2569246633620744E-02   1.8026002232310439E+03   6.8755152100564515E-02
   9.0000000000000000E+07   1.2577762995371273E-02   1.8013796885780798E+03   6.8830879866848244E-02
   9.1000000000000000E+07   1.2586182461172487E-02   1.8001746643596741E+03   6.8905764635199138E-02
   9.2000000000000000E+07   1.2594507146167054E-02   1.7989847895323328E+03   6.8979828109287114E-02
   9.3000000000000000E+07   1.2602758692586433E-02   1.7978069199197603E+03   6.9053167260871573E-02
   9.4000000000000000E+07   1.2610904797701737E-02   1.7966456135439196E+03   6.9125654686370247E-02
   9.5000000000000000E+07   1.2618960471602278E-02   1.7954986734920735E+03   6.9197359342487164E-02
   9.6000000000000000E+07   1.2626960342022972E-02   1.7943611268189709E+03   6.9268448165847929E-02
   9.7000000000000000E+07   1.2634844732150539E-02   1.7932414103955803E+03   6.9338659023616772E-02
   9.8000000000000000E+07   1.2642669397570956E-02   1.7921315566445146E+03   6.9408246302752580E-02
   9.9000000000000000E+07   1.2650424886097605E-02   1.7910328697742355E+03   6.9477180944876316E-02
   1.0000000000000000E+08   1.2658077310087272E-02   1.7899501032084145E+03   6.9545316083340525E-02
   1.1000000000000000E+08   1.2730741754076317E-02   1.7797334377909319E+03   7.0192093261998281E-02
   1.2000000000000000E+08   1.2797087967904392E-02   1.7705064499389457E+03   7.0782930300359120E-02
   1.3000000000000000E+08   1.2858126221537576E-02   1.7621017555154656E+03   7.1326731088252396E-02
   1.4000000000000000E+08   1.2914642006820815E-02   1.7543906192401173E+03   7.1830426192456401E-02
   1.5000000000000000E+08   1.2967260359322745E-02   1.7472716795819890E+03   7.2299534529897819E-02
   1.6000000000000000E+08   1.3016484607697101E-02   1.7406640479728862E+03   7.2738505829278141E-02
   1.7000000000000000E+08   1.3062725268853628E-02   1.7345022819728329E+03   7.3150973257731552E-02
   1.8000000000000000E+08   1.3106324343255770E-02   1.7287323428150751E+03   7.3539960923576078E-02
   1.9000000000000000E+08   1.3147565422561094E-02   1.7233096820139074E+03   7.3907986112609750E-02
   2.0000000000000000E+08   1.3186692406071128E-02   1.7181963520419579E+03   7.4257204471047500E-02
   2.1000000000000000E+08   1.3223910564444833E-02   1.7133605583003277E+03   7.4589443006829723E-02
   2.2000000000000000E+08   1.3259397605820206E-02   1.7087749731304064E+03   7.4906272837193255E-02
   2.3000000000000000E+08   1.3293307433720081E-02   1.7044160680537450E+03   7.5209060749173218E-02
   2.4000000000000000E+08   1.3325774366247049E-02   1.7002634267168526E+03   7.5499003194343536E-02
   2.5000000000000000E+08   1.3356916035568255E-02   1.6962992600444888E+03   7.5777137947600590E-02
   2.6000000000000000E+08   1.3386827267833450E-02   1.6925090863055343E+03   7.6043819005374408E-02
   2.7000000000000000E+08   1.3415562460331069E-02   1.6888838507223995E+03   7.6297510566006005E-02
   2.8000000000000000E+08   1.3443252730761836E-02   1.6854051055489456E+03   7.6541998701886521E-02
   2.9000000000000000E+08   1.3469971492709478E-02   1.6820619702034194E+03   7.6777932751824360E-02
   3.0000000000000000E+08   1.3495784484010618E-02   1.6788447395892022E+03   7.7005883771027989E-02
   3.1000000000000000E+08   1.3520751171058432E-02   1.6757446757920875E+03   7.7226378515585739E-02
   3.2000000000000000E+08   1.3544925278543465E-02   1.6727539149663901E+03   7.7439888738302542E-02
   3.3000000000000000E+08   1.3568355575068313E-02   1.6698653467811062E+03   7.7646843018754783E-02
   3.4000000000000000E+08   1.3591086404627969E-02   1.6670725292347227E+03   7.7847628841944627E-02
   3.5000000000000000E+08   1.3613158396903149E-02   1.6643695847074769E+03   7.8042607305554443E-02
   3.6000000000000000E+08   1.3634608754980335E-02   1.6617511506763792E+03   7.8232109543778239E-02
   3.7000000000000000E+08   1.3655471200692187E-02   1.6592123738990649E+03   7.8416417272800673E-02
   3.8000000000000000E+08   1.3675777615712760E-02   1.6567487000942972E+03   7.8595834484979504E-02
   3.9000000000000000E+08   1.3695556446442835E-02   1.6543560589314804E+03   7.8770591743706792E-02
   4.0000000000000000E+08   1.3714834464375100E-02   1.6520306421826840E+03   7.8940928021104501E-02
   4.1000000000000000E+08   1.3733636463666207E-02   1.6497689339275264E+03   7.9107064823736750E-02
   4.2000000000000000E+08   1.3751985748976455E-02   1.6475676459523061E+03   7.9269223072184813E-02
   4.3000000000000000E+08   1.3769902960689315E-02   1.6454238531886201E+03   7.9427553753751032E-02
   4.4000000000000000E+08   1.3787408474492545E-02   1.6433347013347784E+03   7.9582260839911767E-02
   4.5000000000000000E+08   1.3804520413311080E-02   1.6412976408628697E+03   7.9733486555693248E-02
   4.6000000000000000E+08   1.3821256368293136E-02   1.6393102178169697E+03   7.9881398087485178E-02
   4.7000000000000000E+08   1.3837632317011543E-02   1.6373701995070796E+03   8.0026128569573377E-02
   4.8000000000000000E+08   1.3853663687569403E-02   1.6354754452384127E+03   8.0167826650430291E-02
   4.9000000000000000E+08   1.3869364423981265E-02   1.6336240144093720E+03   8.0306601561162400E-02
   5.0000000000000000E+08   1.3884748055613077E-02   1.6318140377384307E+03   8.0442582168933269E-02
   5.1000000000000000E+08   1.3899826901511612E-02   1.6300438090453347E+03   8.0575863423455560E-02
   5.2000000000000000E+08   1.3914612977369992E-02   1.6283116766854748E+03   8.0706562145626395E-02
   5.3000000000000000E+08   1.3929117511372839E-02   1.6266160989101827E+03   8.0834780114825672E-02
   5.4000000000000000E+08   1.3943350992167838E-02   1.6249556365853314E+03   8.0960607359858508E-02
   5.5000000000000000E+08   1.3957323340045515E-02   1.6233289317446531E+03   8.1084130566569407E-02
   5.6000000000000000E+08   1.3971043558115164E-02   1.6217347468257055E+03   8.1205410255743557E-02
   5.7000000000000000E+08   1.3984520981225476E-02   1.6201718184004123E+03   8.1324548116355144E-02
   5.8000000000000000E+08   1.3997764284803052E-02   1.6186389716684380E+03   8.1441631336164097E-02
   5.9000000000000000E+08   1.4010781329413606E-02   1.6171351372135848E+03   8.1556722045759034E-02
   6.0000000000000000E+08   1.4023579588294911E-02   1.6156593004629315E+03   8.1669880417051713E-02
   6.1000000000000000E+08   1.4036166069799062E-02   1.6142105098315612E+03   8.1781156898121973E-02
   6.2000000000000000E+08   1.4048547592251031E-02   1.6127878443539773E+03   8.1890609323556365E-02
   6.3000000000000000E+08   1.4060731403086607E-02   1.6113903422290730E+03   8.1998333324043937E-02
   6.4000000000000000E+08   1.4072723675092250E-02   1.6100171729878211E+03   8.2104382834172693E-02
   6.5000000000000000E+08   1.4084529619169906E-02   1.6086676232888028E+03   8.2208767455064280E-02
   6.6000000000000000E+08   1.4096155578927603E-02   1.6073408569270709E+03   8.2311573606228358E-02
   6.7000000000000000E+08   1.4107606187936463E-02   1.6060362393008447E+03   8.2412805520634319E-02
   6.8000000000000000E+08   1.4118887889045388E-02   1.6047529356182683E+03   8.2512581086900516E-02
   6.9000000000000000E+08   1.4130004122885821E-02   1.6034904583582961E+03   8.2610858848324226E-02
   7.0000000000000000E+08   1.4140960738294690E-02   1.6022480513826201E+03   8.2707740921155418E-02
   7.1000000000000000E+08   1.4151761933278164E-02   1.6010251511037382E+03   8.2803250872669557E-02
   7.2000000000000000E+08   1.4162412384659373E-02   1.5998211443237635E+03   8.2897443913352881E-02
   7.3000000000000000E+08   1.4172915367478660E-02   1.5986355806230647E+03   8.2990306831774149E-02
   7.4000000000000000E+08   1.4183276424383884E-02   1.5974677577783320E+03   8.3081962478578908E-02
   7.5000000000000000E+08   1.4193497271851749E-02   1.5963174088562616E+03   8.3172324759500413E-02
   7.6000000000000000E+08   1.4203582791680139E-02   1.5951839137997288E+03   8.3261495186119000E-02
   7.7000000000000000E+08   1.4213537133551259E-02   1.5940667389630871E+03   8.3349536314216682E-02
   7.8000000000000000E+08   1.4223363000919193E-02   1.5929655163934549E+03   8.3436440978866849E-02
   7.9000000000000000E+08   1.4233063234197124E-02   1.5918798655494684E+03   8.3522213989094360E-02
   8.0000000000000000E+08   1.4242642153060866E-02   1.5908092434058346E+03   8.3606948254863714E-02
   8.1000000000000000E+08   1.4252101218067718E-02   1.5897534294022264E+03   8.3690582508304620E-02
   8.2000000000000000E+08   1.4261444586653994E-02   1.5887119043195498E+03   8.3773212269674838E-02
   8.3000000000000000E+08   1.4270674534264697E-02   1.5876843616052822E+03   8.3854831138631264E-02
   8.4000000000000000E+08   1.4279793836335477E-02   1.5866704412747456E+03   8.3935468454993750E-02
   8.5000000000000000E+08   1.4288806008870444E-02   1.5856697035109307E+03   8.4015195875832421E-02
   8.6000000000000000E+08   1.4297712901671948E-02   1.5846818958689048E+03   8.4093996822257155E-02
   8.7000000000000000E+08   1.4306515939699897E-02   1.5837068146506451E+03   8.4171840196463787E-02
   8.8000000000000000E+08   1.4315218437060784E-02   1.5827440487357892E+03   8.4248798351701085E-02
   8.9000000000000000E+08   1.4323823022822448E-02   1.5817932650738846E+03   8.4324909992414779E-02
   9.0000000000000000E+08   1.4332330647941221E-02   1.5808543177075971E+03   8.4400126175986565E-02
   9.1000000000000000E+08   1.4340745559428193E-02   1.5799266986307382E+03   8.4474585444547598E-02
   9.2000000000000000E+08   1.4349067061152063E-02   1.5790104465364234E+03   8.4548150262278826E-02
   9.3000000000000000E+08   1.4357299893669882E-02   1.5781050027101817E+03   8.4620991879764462E-02
   9.4000000000000000E+08   1.4365444249687250E-02   1.5772103106455670E+03   8.4693032208090963E-02
   9.5000000000000000E+08   1.4373502933956067E-02   1.5763260279500114E+03   8.4764338956221597E-02
   9.6000000000000000E+08   1.4381476165853545E-02   1.5754520972893524E+03   8.4834839590902072E-02
   9.7000000000000000E+08   1.4389367290154637E-02   1.5745881198760692E+03   8.4904638677516159E-02
   9.8000000000000000E+08   1.4397176596690445E-02   1.5737340328810833E+03   8.4973673292109447E-02
   9.9000000000000000E+08   1.4404907353431660E-02   1.5728894488316980E+03   8.5042049691462535E-02
   1.0000000000000000E+09   1.4412560706079302E-02   1.5720542136591873E+03   8.5109754396285098E-02
   1.1000000000000000E+09   1.4485137291970349E-02   1.5641775656603959E+03   8.5751709254948918E-02
   1.2000000000000000E+09   1.4551395291833000E-02   1.5570552743026142E+03   8.6337840436462754E-02
   1.3000000000000000E+09   1.4612346865058155E-02   1.5505604265246566E+03   8.6877059589886840E-02
   1.4000000000000000E+09   1.4668778890409538E-02   1.5445952902340209E+03   8.7376300850675118E-02
   1.5000000000000000E+09   1.4721315931170723E-02   1.5390829796429052E+03   8.7841099685007792E-02
   1.6000000000000000E+09   1.4770461106329826E-02   1.5339620492891104E+03   8.8275904329680424E-02
   1.7000000000000000E+09   1.4816625868283563E-02   1.5291826215380806E+03   8.8684351173084611E-02
   1.8000000000000000E+09   1.4860151183609276E-02   1.5247036525847595E+03   8.9069454399711034E-02
   1.9000000000000000E+09   1.4901322644083941E-02   1.5204909878658398E+03   8.9433738117648875E-02
   2.0000000000000000E+09   1.4940381775880938E-02   1.5165159182336117E+03   8.9779340588750978E-02
   2.1000000000000000E+09   1.4977534854785675E-02   1.5127540684955409E+03   9.0108082152862229E-02
   2.2000000000000000E+09   1.5012959216754950E-02   1.5091845958206889E+03   9.0421532683409300E-02
   2.3000000000000000E+09   1.5046808658575793E-02   1.5057895200054572E+03   9.0721052397216839E-02
   2.4000000000000000E+09   1.5079217274106153E-02   1.5025532410437299E+03   9.1007825666350517E-02
   2.5000000000000000E+09   1.5110302676374971E-02   1.4994621400295071E+03   9.1282893579429619E-02
   2.6000000000000000E+09   1.5140168719497677E-02   1.4965042469066041E+03   9.1547176019406290E-02
   2.7000000000000000E+09   1.5168907537705010E-02   1.4936689891010278E+03   9.1801484518727564E-02
   2.8000000000000000E+09   1.5196601070298708E-02   1.4909470007667603E+03   9.2046546611983984E-02
   2.9000000000000000E+09   1.5223322681177013E-02   1.4883299304708044E+03   9.2283009803541857E-02
   3.0000000000000000E+09   1.5249138221533926E-02   1.4858103099633179E+03   9.2511458590659928E-02
   3.1000000000000000E+09   1.5274107255172193E-02   1.4833814120257975E+03   9.2732416272678544E-02
   3.2000000000000000E+09   1.5298283518772049E-02   1.4810371869372595E+03   9.2946362187737705E-02
   3.3000000000000000E+09   1.5321715755432123E-02   1.4787721655505800E+03   9.3153722575646136E-02
   3.4000000000000000E+09   1.5344448453817909E-02   1.4765813744171005E+03   9.3354895879569744E-02
   3.5000000000000000E+09   1.5366522034443178E-02   1.4744603064262492E+03   9.3550237014885185E-02
   3.6000000000000000E+09   1.5387973837264451E-02   1.4724048160741243E+03   9.3740074331796430E-02
   3.7000000000000000E+09   1.5408837814129148E-02   1.4704111407308826E+03   9.3924714523197284E-02
   3.8000000000000000E+09   1.5429145388752594E-02   1.4684758109886852E+03   9.4104427454507769E-02
   3.9000000000000000E+09   1.5448925472201981E-02   1.4665956430678141E+03   9.4279475623546563E-02
   4.0000000000000000E+09   1.5468204647704853E-02   1.4647677156878487E+03   9.4450090923249547E-02
   4.1000000000000000E+09   1.5487007726999517E-02   1.4629893125261890E+03   9.4616496253957363E-02
   4.2000000000000000E+09   1.5505357700525305E-02   1.4612579229206169E+03   9.4778887633176018E-02
   4.3000000000000000E+09   1.5523275894708283E-02   1.4595712233224199E+03   9.4937460874725432E-02
   4.4000000000000000E+09   1.5540782185183948E-02   1.4579270539684628E+03   9.5092391857890410E-02
   4.5000000000000000E+09   1.5557894952551974E-02   1.4563234201484502E+03   9.5243838990567334E-02
   4.6000000000000000E+09   1.5574631639629931E-02   1.4547584374296744E+03   9.5391957273517972E-02
   4.7000000000000000E+09   1.5591008427057849E-02   1.4532303598970234E+03   9.5536892698648679E-02
   4.8000000000000000E+09   1.5607040300760440E-02   1.4517375716974886E+03   9.5678775218030795E-02
   4.9000000000000000E+09   1.5622741614182357E-02   1.4502785328691882E+03   9.5817730593191486E-02
   5.0000000000000000E+09   1.5638125815326552E-02   1.4488518032899376E+03   9.5953882180211419E-02
   5.1000000000000000E+09   1.5653205180840395E-02   1.4474560657611189E+03   9.6087338219627810E-02
   5.2000000000000000E+09   1.5667991903214506E-02   1.4460900240165643E+03   9.6218202577803683E-02
   5.3000000000000000E+09   1.5682496779739728E-02   1.4447525228815525E+03   9.6346574932111351E-02
   5.4000000000000000E+09   1.5696730576961922E-02   1.4434424211157029E+03   9.6472539631031043E-02
   5.5000000000000000E+09   1.5710703355252764E-02   1.4421586529437895E+03   9.6596199997093957E-02
   5.6000000000000000E+09   1.5724424079842952E-02   1.4409002627101042E+03   9.6717630473294347E-02
   5.7000000000000000E+09   1.5737902198269853E-02   1.4396662593380222E+03   9.6836918385741516E-02
   5.8000000000000000E+09   1.5751145796803322E-02   1.4384557847346623E+03   9.6954124196770353E-02
   5.9000000000000000E+09   1.5764163085641748E-02   1.4372679770261614E+03   9.7069329173942787E-02
   6.0000000000000000E+09   1.5776961419285054E-02   1.4361020595458576E+03   9.7182602396208059E-02
   6.1000000000000000E+09   1.5789548379140254E-02   1.4349572415600971E+03   9.7294000825135535E-02
   6.2000000000000000E+09   1.5801930526607513E-02   1.4338328313404540E+03   9.7403590164593074E-02
   6.3000000000000000E+09   1.5814114610932573E-02   1.4327281257938648E+03   9.7511421049161551E-02
   6.4000000000000000E+09   1.5826106705893628E-02   1.4316424884948635E+03   9.7617554700689946E-02
   6.5000000000000000E+09   1.5837912893172202E-02   1.4305752873144340E+03   9.7722040404383856E-02
   6.6000000000000000E+09   1.5849539087668528E-02   1.4295259100145668E+03   9.7824932335918643E-02
   6.7000000000000000E+09   1.5860990240857353E-02   1.4284938357282588E+03   9.7926281946153701E-02
   6.8000000000000000E+09   1.5872271620089536E-02   1.4274785191385852E+03   9.8026135087205313E-02
   6.9000000000000000E+09   1.5883388430365825E-02   1.4264794245221990E+03   9.8124521242631449E-02
   7.0000000000000000E+09   1.5894345400351218E-02   1.4254960627136077E+03   9.8221488116440270E-02
   7.1000000000000000E+09   1.5905146876460458E-02   1.4245279822686539E+03   9.8317090762847253E-02
   7.2000000000000000E+09   1.5915797244434551E-02   1.4235747314218668E+03   9.8411355678028029E-02
   7.3000000000000000E+09   1.5926300586066203E-02   1.4226358886779722E+03   9.8504307055053933E-02
   7.4000000000000000E+09   1.5936661215519832E-02   1.4217110146977386E+03   9.8596003257619025E-02
   7.5000000000000000E+09   1.5946882675788938E-02   1.4207997417582981E+03   9.8686464321169648E-02
   7.6000000000000000E+09   1.5956968694330269E-02   1.4199016881985399E+03   9.8775736600979186E-02
   7.7000000000000000E+09   1.5966922994614483E-02   1.4190164752001963E+03   9.8863839565488609E-02
   7.8000000000000000E+09   1.5976748737751297E-02   1.4181437762787139E+03   9.8950800819144397E-02
   7.9000000000000000E+09   1.5986449195660519E-02   1.4172832572326993E+03   9.9036659890451378E-02
   8.0000000000000000E+09   1.5996027845304440E-02   1.4164345678018906E+03   9.9121428767319567E-02
   8.1000000000000000E+09   1.6005487580907137E-02   1.4155974113927405E+03   9.9205150351614702E-02
   8.2000000000000000E+09   1.6014830947781958E-02   1.4147715240633763E+03   9.9287854688319549E-02
   8.3000000000000000E+09   1.6024061395104996E-02   1.4139565637543128E+03   9.9369546588859381E-02
   8.4000000000000000E+09   1.6033180987130868E-02   1.4131523124323769E+03   9.9450261547096352E-02
   8.5000000000000000E+09   1.6042192924492257E-02   1.4123584533769665E+03   9.9530018562916087E-02
   8.6000000000000000E+09   1.6051099302918686E-02   1.4115747688066986E+03   9.9608839283895939E-02
   8.7000000000000000E+09   1.6059902796914334E-02   1.4108009913960414E+03   9.9686763564492423E-02
   8.8000000000000000E+09   1.6068605335148999E-02   1.4100369207556187E+03   9.9763786411480523E-02
   8.9000000000000000E+09   1.6077209909979073E-02   1.4092822644274534E+03   9.9839944875250469E-02
   9.0000000000000000E+09   1.6085718333222861E-02   1.4085368348651971E+03   9.9915251618535733E-02
   9.1000000000000000E+09   1.6094132710012185E-02   1.4078004199328891E+03   9.9989709604262636E-02
   9.2000000000000000E+09   1.6102455071071050E-02   1.4070728151458061E+03   1.0006337113719384E-01
   9.3000000000000000E+09   1.6110687312285193E-02   1.4063538288855914E+03   1.0013623131012057E-01
   9.4000000000000000E+09   1.6118831663916769E-02   1.4056432413976352E+03   1.0020832593274359E-01
   9.5000000000000000E+09   1.6126889949120812E-02   1.4049408695100574E+03   1.0027963691452493E-01
   9.6000000000000000E+09   1.6134863603311837E-02   1.4042465647469228E+03   1.0035021404873384E-01
   9.7000000000000000E+09   1.6142754735175832E-02   1.4035601208906062E+03   1.0042006180337706E-01
   9.8000000000000000E+09   1.6150564866621989E-02   1.4028813836992283E+03   1.0048918922498973E-01
   9.9000000000000000E+09   1.6158295841612668E-02   1.4022101717720188E+03   1.0055759410503259E-01
   1.0000000000000000E+10   1.6165949075011392E-02   1.4015463417878441E+03   1.0062535389391397E-01
   1.1000000000000000E+10   1.6238526781782191E-02   1.3952821639602050E+03   1.0126770728297255E-01
   1.2000000000000000E+10   1.6304785020268234E-02   1.3896121144465146E+03   1.0185413989172828E-01
   1.3000000000000000E+10   1.6365736531107983E-02   1.3844367312490804E+03   1.0239361097686150E-01
   1.4000000000000000E+10   1.6422168743261821E-02   1.3796793311423821E+03   1.0289308518116404E-01
   1.5000000000000000E+10   1.6474706136273748E-02   1.3752795710100258E+03   1.0335808641559821E-01
   1.6000000000000000E+10   1.6523851196048874E-02   1.3711892293624951E+03   1.0379306710882666E-01
   1.7000000000000000E+10   1.6570016511501369E-02   1.3673689927758483E+03   1.0420167014550960E-01
   1.8000000000000000E+10   1.6613541790404165E-02   1.3637866671330414E+03   1.0458691198853683E-01
   1.9000000000000000E+10   1.6654713414635584E-02   1.3604152904666814E+03   1.0495132038757442E-01
   2.0000000000000000E+10   1.6693772532664262E-02   1.3572322698945256E+03   1.0529703336445709E-01
   2.1000000000000000E+10   1.6730925913192262E-02   1.3542183442307635E+03   1.0562587619903514E-01
   2.2000000000000000E+10   1.6766350087070656E-02   1.3513571331832657E+03   1.0593941852250319E-01
   2.3000000000000000E+10   1.6800200031832635E-02   1.3486343462982709E+03   1.0623902181098775E-01
   2.4000000000000000E+10   1.6832608488416820E-02   1.3460377696779560E+03   1.0652587205263561E-01
   2.5000000000000000E+10   1.6863693818534073E-02   1.3435565796806168E+03   1.0680101128997600E-01
   2.6000000000000000E+10   1.6893559822859641E-02   1.3411813155538644E+03   1.0706535813958282E-01
   2.7000000000000000E+10   1.6922299006797543E-02   1.3389035838753084E+03   1.0731972780449883E-01
   2.8000000000000000E+10   1.6949992432895116E-02   1.3367160414561231E+03   1.0756484547057922E-01
   2.9000000000000000E+10   1.6976713647140040E-02   1.3346120608818619E+03   1.0780136080268800E-01
   3.0000000000000000E+10   1.7002529157458202E-02   1.3325856746243016E+03   1.0802985742808011E-01
   3.1000000000000000E+10   1.7027498822409892E-02   1.3306315286771005E+03   1.0825086167508377E-01
   3.2000000000000000E+10   1.7051674914585955E-02   1.3287449415441170E+03   1.0846484834710868E-01
   3.3000000000000000E+10   1.7075107013335276E-02   1.3269215103551580E+03   1.0867224991290145E-01
   3.4000000000000000E+10   1.7097839758032030E-02   1.3251572776594246E+03   1.0887345982105284E-01
   3.5000000000000000E+10   1.7119913318318074E-02   1.3234486861196765E+03   1.0906883653944045E-01
   3.6000000000000000E+10   1.7141365816925828E-02   1.3217923839673481E+03   1.0925870973439052E-01
   3.7000000000000000E+10   1.7162229806400597E-02   1.3201854912326619E+03   1.0944337985750559E-01
   3.8000000000000000E+10   1.7182536613523591E-02   1.3186252587279955E+03   1.0962312445035045E-01
   3.9000000000000000E+10   1.7202317367278137E-02   1.3171089861828186E+03   1.0979820093513093E-01
   4.0000000000000000E+10   1.7221596011687990E-02   1.3156345539770925E+03   1.0996884378490568E-01
   4.1000000000000000E+10   1.7240398707823946E-02   1.3141996987186017E+03   1.1013527291019048E-01
   4.2000000000000000E+10   1.7258748745125042E-02   1.3128024008119742E+03   1.1029769172510395E-01
   4.3000000000000000E+10   1.7276667202302955E-02   1.3114408307055087E+03   1.1045628877944200E-01
   4.4000000000000000E+10   1.7294173897003114E-02   1.3101132741319934E+03   1.1061123978511388E-01
   4.5000000000000000E+10   1.7311287012739436E-02   1.3088181584036588E+03   1.1076270843940360E-01
   4.6000000000000000E+10   1.7328023563147620E-02   1.3075540153233214E+03   1.1091084772432902E-01
   4.7000000000000000E+10   1.7344400256945593E-02   1.3063194144483398E+03   1.1105580090432883E-01
   4.8000000000000000E+10   1.7360431618361764E-02   1.3051131035040987E+03   1.1119770187527246E-01
   4.9000000000000000E+10   1.7376133003500736E-02   1.3039337799178950E+03   1.1133667731749337E-01
   5.0000000000000000E+10   1.7391516903860545E-02   1.3027803677424686E+03   1.1147284488300863E-01
   5.1000000000000000E+10   1.7406597200655780E-02   1.3016516971368308E+03   1.1160631657788973E-01
   5.2000000000000000E+10   1.7421383684780675E-02   1.3005469139287854E+03   1.1173719585458297E-01
   5.3000000000000000E+10   1.7435888925822318E-02   1.2994649647059637E+03   1.1186558244058474E-01
   5.4000000000000000E+10   1.7450121724303064E-02   1.2984050853957986E+03   1.1199156836663335E-01
   5.5000000000000000E+10   1.7464095094816827E-02   1.2973662056120659E+03   1.1211524322076877E-01
   5.6000000000000000E+10   1.7477815042144240E-02   1.2963477833457564E+03   1.1223668878326445E-01
   5.7000000000000000E+10   1.7491294080394047E-02   1.2953487994354489E+03   1.1235598601565475E-01
   5.8000000000000000E+10   1.7504537160249658E-02   1.2943688016534595E+03   1.1247320776416814E-01
   5.9000000000000000E+10   1.7517553900596256E-02   1.2934069971287258E+03   1.1258842513232874E-01
   6.0000000000000000E+10   1.7530353569152654E-02   1.2924626247972456E+03   1.1270170763557530E-01
   6.1000000000000000E+10   1.7542939162862228E-02   1.2915353908070060E+03   1.1281311585184210E-01
   6.2000000000000000E+10   1.7555321821685316E-02   1.2906244053938790E+03   1.1292271342516454E-01
   6.3000000000000000E+10   1.7567506040191465E-02   1.2897292726568410E+03   1.1303055741164081E-01
   6.4000000000000000E+10   1.7579498450741204E-02   1.2888494430656242E+03   1.1313670298573758E-01
   6.5000000000000000E+10   1.7591305332735997E-02   1.2879843967830714E+03   1.1324120299343726E-01
   6.6000000000000000E+10   1.7602929545879890E-02   1.2871338676075045E+03   1.1334410607913997E-01
   6.7000000000000000E+10   1.7614382276041535E-02   1.2862969834842575E+03   1.1344546376576572E-01
   6.8000000000000000E+10   1.7625664231440793E-02   1.2854736417362637E+03   1.1354531909226417E-01
   6.9000000000000000E+10   1.7636781593368067E-02   1.2846633422126520E+03   1.1364371709104570E-01
   7.0000000000000000E+10   1.7647736305623822E-02   1.2838658961824224E+03   1.1374069700145814E-01
   7.1000000000000000E+10   1.7658538639724133E-02   1.2830805113533879E+03   1.1383630362146843E-01
   7.2000000000000000E+10   1.7669188189187529E-02   1.2823071747843917E+03   1.1393057152974677E-01
   7.3000000000000000E+10   1.7679691564130982E-02   1.2815453655073131E+03   1.1402353998077813E-01
   7.4000000000000000E+10   1.7690052144400600E-02   1.2807947993970431E+03   1.1411524337187513E-01
   7.5000000000000000E+10   1.7700273836952017E-02   1.2800551560004785E+03   1.1420571612468261E-01
   7.6000000000000000E+10   1.7710359504971213E-02   1.2793261921787077E+03   1.1429499010685748E-01
   7.7000000000000000E+10   1.7720314611255426E-02   1.2786074787419143E+03   1.1438309785879340E-01
   7.8000000000000000E+10   1.7730141529348053E-02   1.2778988114734991E+03   1.1447006927049319E-01
   7.9000000000000000E+10   1.7739842375473762E-02   1.2772000059558425E+03   1.1455593147247167E-01
   8.0000000000000000E+10   1.7749418830208058E-02   1.2765109102642775E+03   1.1464071232416820E-01
   8.1000000000000000E+10   1.7758879851293381E-02   1.2758308506693716E+03   1.1472444247650486E-01
   8.2000000000000000E+10   1.7768223430420206E-02   1.2751599436114795E+03   1.1480714429070500E-01
   8.3000000000000000E+10   1.7777454164534127E-02   1.2744978317993348E+03   1.1488884391503359E-01
   8.4000000000000000E+10   1.7786571586441105E-02   1.2738445223970382E+03   1.1496956320591178E-01
   8.5000000000000000E+10   1.7795585710356925E-02   1.2731992729199339E+03   1.1504933027501561E-01
   8.6000000000000000E+10   1.7804492638116214E-02   1.2725623385136817E+03   1.1512816329045214E-01
   8.7000000000000000E+10   1.7813293575711989E-02   1.2719336090942518E+03   1.1520608268296063E-01
   8.8000000000000000E+10   1.7821998051188521E-02   1.2713123816159220E+03   1.1528311470271699E-01
   8.9000000000000000E+10   1.7830602323971323E-02   1.2706989015817187E+03   1.1535927521170014E-01
   9.0000000000000000E+10   1.7839110581980944E-02   1.2700928492756063E+03   1.1543458440139798E-01
   9.1000000000000000E+10   1.7847524768372442E-02   1.2694940660769832E+03   1.1550906121146801E-01
   9.2000000000000000E+10   1.7855847051546223E-02   1.2689023781511837E+03   1.1558272448950728E-01
   9.3000000000000000E+10   1.7864079209986755E-02   1.2683176401806606E+03   1.1565559088522924E-01
   9.4000000000000000E+10   1.7872222335601706E-02   1.2677397562628294E+03   1.1572767784020981E-01
   9.5000000000000000E+10   1.7880282724436702E-02   1.2671682622023300E+03   1.1579900378339268E-01
   9.6000000000000000E+10   1.7888255808654760E-02   1.2666034648637267E+03   1.1586958108780934E-01
   9.7000000000000000E+10   1.7896145406372348E-02   1.2660450769215990E+03   1.1593942636158887E-01
   9.8000000000000000E+10   1.7903957335201191E-02   1.2654926708892422E+03   1.1600855810571825E-01
   9.9000000000000000E+10   1.7911687895143531E-02   1.2649464930523925E+03   1.1607698557371110E-01
   1.0000000000000000E+11   1.7919340376566915E-02   1.2644062957384160E+03   1.1614472567330408E-01
   1.1000000000000000E+11   1.7991916968920434E-02   1.2593058775643240E+03   1.1678712750853297E-01
