   1.0000000000000000E+00   0.0000000000000000E+00   2.2741628377880384E+29   0.0000000000000000E+00
   2.0000000000000000E+00   2.2939730836838268E-01   9.8768930414937728E+01   8.2280867979735803E-03
   3.0000000000000000E+00   2.9415001069744884E-01   7.7026435368432601E+01   1.2659659908649996E-02
   4.0000000000000000E+00   4.4011887084972590E-01   5.1480016623388352E+01   2.5174423390335220E-02
   5.0000000000000000E+00   5.6463959920671225E-01   4.0127059489704770E+01   4.0330025844600659E-02
   6.0000000000000000E+00   5.9436924774482958E-01   3.8119951315748231E+01   4.6933836975841393E-02
   7.0000000000000000E+00   6.9995635659878708E-01   3.2369627868952854E+01   6.5270094137442877E-02
   7.8990000000000000E+00   8.0194932285165510E-01   2.8252816159309809E+01   8.6112050174943638E-02
   7.9010000000000007E+00   8.0185394264532228E-01   2.8256176820511858E+01   8.6103729055584846E-02
   8.0000000000000000E+00   7.9706198935293171E-01   2.8426053544473245E+01   8.5673821589020968E-02
   9.0000000000000000E+00   8.1994674969678316E-01   2.7632680775903427E+01   9.4385432294985791E-02
   1.0000000000000000E+01   9.0898845466834033E-01   2.4925868608394708E+01   1.1757839186486944E-01
   1.1000000000000000E+01   9.9358953759993940E-01   2.2803507817061561E+01   1.4263491875739021E-01
   1.2000000000000000E+01   1.0147468319944968E+00   2.2328058657820648E+01   1.5348828798632536E-01
   1.3000000000000000E+01   1.0953600534413144E+00   2.0684821138426425E+01   1.8126904557427331E-01
   1.4000000000000000E+01   1.1735089154536127E+00   1.9307332470373904E+01   2.1089265211356648E-01
   1.4299000000000001E+01   1.1630309156438607E+00   1.9481276450048252E+01   2.0948030431443712E-01
   1.4301000000000000E+01   1.1629628239404100E+00   1.9482417082639056E+01   2.0947127232452492E-01
   1.5000000000000000E+01   1.1948250055010241E+00   1.8962883002360616E+01   2.2405018864983731E-01
   1.6000000000000000E+01   1.2711578120601517E+00   1.7824165160807468E+01   2.5652593800172191E-01
   1.7000000000000000E+01   1.3462265766003445E+00   1.6830247732018368E+01   2.9093780046405676E-01
   1.8000000000000000E+01   1.3686780651217443E+00   1.6554168116660382E+01   3.0665462948170830E-01
   1.9000000000000000E+01   1.4433038942227914E+00   1.5698237133775352E+01   3.4417195138159545E-01
   2.0000000000000000E+01   1.5174694566820215E+00   1.4930993627477363E+01   3.8378958003088681E-01
   2.1000000000000000E+01   1.5416763046424651E+00   1.4696552524925348E+01   4.0238989786069429E-01
   2.2000000000000000E+01   1.6163248152063914E+00   1.4017805440125997E+01   4.4543923447666672E-01
   2.3000000000000000E+01   1.6910614791473142E+00   1.3398286855327891E+01   4.9078841410017698E-01
   2.4000000000000000E+01   1.7174173329623892E+00   1.3192673878823015E+01   5.1262357783499746E-01
   2.5000000000000000E+01   1.7932203694054845E+00   1.2634992984784407E+01   5.6173797140483228E-01
   2.6000000000000000E+01   1.8694318046831495E+00   1.2119900138026695E+01   6.1333322251009681E-01
   2.7000000000000000E+01   1.8980720807005227E+00   1.1937021263833483E+01   6.3870011860240272E-01
   2.8000000000000000E+01   1.9755757724598650E+00   1.1468720715986153E+01   6.9430037025927049E-01
   2.9000000000000000E+01   2.0535488189146767E+00   1.1033254519649281E+01   7.5246390413083719E-01
   3.0000000000000000E+01   2.0842704117560880E+00   1.0870627275527566E+01   7.8148469286651423E-01
   3.1000000000000000E+01   2.1633174246934845E+00   1.0473417598816349E+01   8.4364777542792269E-01
   3.1998999999999999E+01   2.2426011831344677E+00   1.0103145828159610E+01   9.0825665625158503E-01
   3.2000999999999998E+01   2.2425706416059517E+00   1.0103283422717697E+01   9.0825373335339921E-01
   3.2999000000000002E+01   2.2747560272454423E+00   9.9603326757846240E+00   9.4071798021404274E-01
   3.3000999999999998E+01   2.2747257072277631E+00   9.9604654379285762E+00   9.4071476164280932E-01
   3.4000000000000000E+01   2.3553780015922521E+00   9.6194015450147621E+00   1.0103629086373196E+00
   3.5000000000000000E+01   2.4365644843103764E+00   9.2988824771545211E+00   1.0833709767286743E+00
   3.6000000000000000E+01   2.4708608370622982E+00   9.1698109613283467E+00   1.1212688924337981E+00
   3.7000000000000000E+01   2.5507039702975676E+00   8.8827739523875735E+00   1.1963036081952256E+00
   3.8000000000000000E+01   2.6308506956101780E+00   8.6121674732118727E+00   1.2748918032473879E+00
   3.9000000000000000E+01   2.6646266275339729E+00   8.5030024670208437E+00   1.3154723334858140E+00
   4.0000000000000000E+01   2.7428390576034940E+00   8.2605381911861908E+00   1.3961209250791153E+00
   4.1000000000000000E+01   2.8191310550290245E+00   8.0369895351947473E+00   1.4774563621546744E+00
   4.2000000000000000E+01   2.8489295109220851E+00   7.9529264240298909E+00   1.5163151808258490E+00
   4.3000000000000000E+01   2.9216463313826542E+00   7.7549861337557360E+00   1.5977743907285094E+00
   4.4000000000000000E+01   2.9907817955233651E+00   7.5757204425694091E+00   1.6774571309641422E+00
   4.5000000000000000E+01   3.0191247484688035E+00   7.5046010599932371E+00   1.7192634534733122E+00
   4.6000000000000000E+01   3.0843854572528135E+00   7.3458155932920031E+00   1.7988939414018050E+00
   4.7000000000000000E+01   3.1436707547443294E+00   7.2072836359905281E+00   1.8725623739415853E+00
   4.8000000000000000E+01   3.1672359527041709E+00   7.1536592555619620E+00   1.9120274692620203E+00
   4.9000000000000000E+01   3.2239208113641307E+00   7.0278794403836047E+00   1.9876172558860803E+00
   5.0000000000000000E+01   3.2762365512820262E+00   6.9156565568334045E+00   2.0596314510401443E+00
   5.1000000000000000E+01   3.2946670791173456E+00   6.8769700377984133E+00   2.0958205348769656E+00
   5.2000000000000000E+01   3.3405718316169062E+00   6.7824695679853662E+00   2.1624765669802679E+00
   5.3000000000000000E+01   3.3841107962814974E+00   6.6952083284350339E+00   2.2286057706218614E+00
   5.4000000000000000E+01   3.3975081418980797E+00   6.6688072084951280E+00   2.2609428409896259E+00
   5.5000000000000000E+01   3.4358972636586738E+00   6.5942969329311154E+00   2.3231485675316019E+00
   5.6000000000000000E+01   3.4701660722908541E+00   6.5291765049888255E+00   2.3810043318686658E+00
   5.7000000000000000E+01   3.4789306772426731E+00   6.5127272974489152E+00   2.4093491039561297E+00
   5.8000000000000000E+01   3.5095611336283565E+00   6.4558860566667331E+00   2.4651504932724797E+00
   5.9000000000000000E+01   3.5384157930604840E+00   6.4032403518111654E+00   2.5205486783361426E+00
   6.0000000000000000E+01   3.5430686042204069E+00   6.3948315199491219E+00   2.5450219925123907E+00
   6.1000000000000000E+01   3.5648384877202743E+00   6.3557793335260566E+00   2.5905959941886385E+00
   6.2000000000000000E+01   3.5872040971845482E+00   6.3161521267757310E+00   2.6399835842342054E+00
   6.3000000000000000E+01   3.5883453438475663E+00   6.3141433213662523E+00   2.6608159885954477E+00
   6.4000000000000000E+01   3.6061720347860904E+00   6.2829300901488416E+00   2.7045660711058339E+00
   6.5000000000000000E+01   3.6236576791444848E+00   6.2526123585051243E+00   2.7494025662456036E+00
   6.6000000000000000E+01   3.6197072507295500E+00   6.2594362522118958E+00   2.7618042285514379E+00
   6.7000000000000000E+01   3.6360967799907482E+00   6.2312221479617627E+00   2.8062533703051238E+00
   6.8000000000000000E+01   3.6344213099362350E+00   6.2340947445105970E+00   2.8244490964132249E+00
   6.9000000000000000E+01   3.6486105133075810E+00   6.2098507650988530E+00   2.8661523270133014E+00
   7.0000000000000000E+01   3.6462346978446947E+00   6.2138969828255020E+00   2.8837778956494238E+00
   7.1000000000000000E+01   3.6417614921279209E+00   6.2215295638078381E+00   2.8969825259594182E+00
   7.2000000000000000E+01   3.6543446545580225E+00   6.2001067029489336E+00   2.9377735727154675E+00
   7.3000000000000000E+01   3.6510805813961404E+00   6.2056496104358345E+00   2.9545772039339702E+00
   7.4000000000000000E+01   3.6465612145850450E+00   6.2133405842712710E+00   2.9687347243159943E+00
   7.5000000000000000E+01   3.6585362979486407E+00   6.1930031418069769E+00   3.0109061427968720E+00
   7.6000000000000000E+01   3.6526472896934661E+00   6.2029878580234410E+00   3.0227248297864859E+00
   7.7000000000000000E+01   3.6473203323156258E+00   6.2120474000774211E+00   3.0360268743490861E+00
   7.8000000000000000E+01   3.6428288143450986E+00   6.2197067011187839E+00   3.0515343982874557E+00
   7.9000000000000000E+01   3.6381446258129726E+00   6.2277147056922848E+00   3.0668078857212913E+00
   8.0000000000000000E+01   3.6305795797636744E+00   6.2406914074820072E+00   3.0752437407837276E+00
   8.1000000000000000E+01   3.6255710172672018E+00   6.2493126406027235E+00   3.0900824593719438E+00
   8.2000000000000000E+01   3.6203873814622556E+00   6.2582603462891369E+00   3.1046982325695418E+00
   8.3000000000000000E+01   3.6140407732259119E+00   6.2692504621044298E+00   3.1165758254260996E+00
   8.4000000000000000E+01   3.6085370474425220E+00   6.2788122969857616E+00   3.1307554024244615E+00
   8.5000000000000000E+01   3.6002951579977314E+00   6.2931859176266673E+00   3.1381168396735517E+00
   8.6000000000000000E+01   3.5945185735194429E+00   6.3032994055242009E+00   3.1518982244583400E+00
   8.7000000000000000E+01   3.5885917303303345E+00   6.3137098032394903E+00   3.1654709791622935E+00
   8.8000000000000000E+01   3.5815467539966810E+00   6.3261290006412123E+00   3.1762703748783778E+00
   8.9000000000000000E+01   3.5753481209789628E+00   6.3370967024623654E+00   3.1894392202389481E+00
   9.0000000000000000E+01   3.5675206310097165E+00   6.3510009138189876E+00   3.1984274079898731E+00
   9.1000000000000000E+01   3.5601377642625982E+00   6.3641713573698597E+00   3.2086741438114568E+00
   9.2000000000000000E+01   3.5536242043711876E+00   6.3758364656962945E+00   3.2213953877016248E+00
   9.3000000000000000E+01   3.5470151563130896E+00   6.3877163725349684E+00   3.2340046583381232E+00
   9.4000000000000000E+01   3.5378550032482061E+00   6.4042553374314268E+00   3.2397105404861875E+00
   9.5000000000000000E+01   3.5199571083272061E+00   6.4368189981662223E+00   3.2288349561107275E+00
   9.6000000000000000E+01   3.5123785365819997E+00   6.4507075623060040E+00   3.2386198521196947E+00
   9.7000000000000000E+01   3.5056579263655538E+00   6.4630740544330552E+00   3.2509242275851999E+00
   9.8000000000000000E+01   3.4973162959645170E+00   6.4784894674109497E+00   3.2587521938641526E+00
   9.9000000000000000E+01   3.4895260871519014E+00   6.4929524014830822E+00   3.2681926496507563E+00
   1.0000000000000000E+02   3.4723792650341347E+00   6.5250149993013711E+00   3.2577334501662256E+00
   1.1000000000000000E+02   3.3662428931658570E+00   6.7307462671840126E+00   3.2817910853111782E+00
   1.2000000000000000E+02   3.2657636516842987E+00   6.9378342109740290E+00   3.3076640158670418E+00
   1.2499900000000000E+02   3.2051912918875645E+00   7.0689468191671345E+00   3.2858462307029446E+00
   1.2500100000000000E+02   3.2051598461171933E+00   7.0690161724877543E+00   3.2858151598230432E+00
   1.2999900000000000E+02   3.1555758767353232E+00   7.1800925322865261E+00   3.2903025798576273E+00
   1.3000100000000000E+02   3.1555457887762568E+00   7.1801609940819100E+00   3.2902724141031539E+00
   1.4000000000000000E+02   3.0524069894709873E+00   7.4227738521649558E+00   3.2723436306007736E+00
   1.5000000000000000E+02   2.9577837794390804E+00   7.6602376905006819E+00   3.2618310362427287E+00
   1.6000000000000000E+02   2.8667611481849256E+00   7.9034581593782827E+00   3.2445001597588767E+00
   1.7000000000000000E+02   2.7830490079522412E+00   8.1411885751454989E+00   3.2337435037980296E+00
   1.8000000000000000E+02   2.6998993776163962E+00   8.3919152600471350E+00   3.4044088380626749E+00
   1.8399900000000000E+02   2.6705900490781906E+00   8.4840152817282632E+00   3.3949429856524231E+00
   1.8400100000000000E+02   2.6705730488899997E+00   8.4840692888098008E+00   3.3949263672367538E+00
   1.9000000000000000E+02   2.6267493899201173E+00   8.6256141809934199E+00   3.3755075698494368E+00
   2.0000000000000000E+02   2.5583067429574333E+00   8.8563761362793656E+00   3.3511142523619379E+00
   2.1000000000000000E+02   2.4933634791424324E+00   9.0870532825015786E+00   3.3258584502517512E+00
   2.2000000000000000E+02   2.4326080933096739E+00   9.3140061689034663E+00   3.3048717580053522E+00
   2.3000000000000000E+02   2.3757373141972433E+00   9.5369663355507246E+00   3.2884691259450989E+00
   2.4000000000000000E+02   2.3220619543247896E+00   9.7574169997540441E+00   3.2736717236980324E+00
   2.5000000000000000E+02   2.2738850831577269E+00   9.9641476851357620E+00   3.2763566832898379E+00
   2.6000000000000000E+02   2.2258332905319840E+00   1.0179255959549243E+01   3.2656492102948120E+00
   2.7000000000000000E+02   2.1799958097707974E+00   1.0393289145813988E+01   3.2542870942201407E+00
   2.8000000000000000E+02   2.1364085269100852E+00   1.0605334374123839E+01   3.2441759578771077E+00
   2.9000000000000000E+02   2.0954407176311856E+00   1.0812678496208678E+01   3.2386069146682042E+00
   3.0000000000000000E+02   2.0565076154531976E+00   1.1017380445059890E+01   3.2348213937941637E+00
   3.1000000000000000E+02   2.0181482131736366E+00   1.1226790301977401E+01   3.2233736399316673E+00
   3.2000000000000000E+02   1.9811875516994748E+00   1.1436235185394340E+01   3.2101887767841797E+00
   3.3000000000000000E+02   1.9457103213445714E+00   1.1644758492083032E+01   3.1970079260799773E+00
   3.4000000000000000E+02   1.9118586028500568E+00   1.1850942718166994E+01   3.1858848694328672E+00
   3.5000000000000000E+02   1.8793363388752313E+00   1.2056025480341129E+01   3.1747328262539725E+00
   3.6000000000000000E+02   1.8481972392123607E+00   1.2259149784936692E+01   3.1651011669752522E+00
   3.7000000000000000E+02   1.8170149843621004E+00   1.2469532162699865E+01   3.1453146261173650E+00
   3.8000000000000000E+02   1.7882745043685788E+00   1.2669937826805214E+01   3.1371031547349082E+00
   3.9000000000000000E+02   1.7593475713449451E+00   1.2878255074004651E+01   3.1180333677561194E+00
   4.0000000000000000E+02   1.7315808025522990E+00   1.3084764369190610E+01   3.1007159069558830E+00
   4.1000000000000000E+02   1.7051863870601913E+00   1.3287302173853808E+01   3.0873473719696105E+00
   4.2000000000000000E+02   1.6794019663054627E+00   1.3491306573526847E+01   3.0718030680627417E+00
   4.3000000000000000E+02   1.6539064133731545E+00   1.3699279840992341E+01   3.0504224465695406E+00
   4.4000000000000000E+02   1.6297243108939745E+00   1.3902551883258262E+01   3.0342249862293675E+00
   4.5000000000000000E+02   1.6064852796218072E+00   1.4103662868883990E+01   3.0204031951115988E+00
   4.6000000000000000E+02   1.5832126466354894E+00   1.4310981431180611E+01   2.9983201098113215E+00
   4.7000000000000000E+02   1.5613180078965534E+00   1.4511666856475523E+01   2.9836498543132715E+00
   4.8000000000000000E+02   1.5398465225101370E+00   1.4714016271359698E+01   2.9668623609126241E+00
   4.9000000000000000E+02   1.5186971390202777E+00   1.4918923731052265E+01   2.9463852732893487E+00
   5.0000000000000000E+02   1.4983966933067117E+00   1.5121046975624228E+01   2.9287603480930908E+00
   5.1000000000000000E+02   1.4785977709044218E+00   1.5323522890036466E+01   2.9106132372852178E+00
   5.2000000000000000E+02   1.4595078315384855E+00   1.5523950127576517E+01   2.8942725517317083E+00
   5.3000000000000000E+02   1.4407519384796239E+00   1.5726042896406096E+01   2.8756755400720397E+00
   5.4000000000000000E+02   1.4227936981539799E+00   1.5924534116933335E+01   2.8610072172122623E+00
   5.5000000000000000E+02   1.4047863874964468E+00   1.6128663396283169E+01   2.8396257223562529E+00
   5.6000000000000000E+02   1.3876421658855123E+00   1.6327931901054775E+01   2.8235128752959988E+00
   5.7000000000000000E+02   1.3705861387533602E+00   1.6531122084905334E+01   2.8026654648128346E+00
   5.8000000000000000E+02   1.3544629788973419E+00   1.6727904077567302E+01   2.7885918058571120E+00
   5.9000000000000000E+02   1.3383517363901691E+00   1.6929276640476164E+01   2.7693880983332564E+00
   6.0000000000000000E+02   1.3229079994458028E+00   1.7126910410325198E+01   2.7539507703058899E+00
   6.1000000000000000E+02   1.3075920474649245E+00   1.7327519566624293E+01   2.7351127268405255E+00
   6.2000000000000000E+02   1.2926916689832917E+00   1.7527247472269160E+01   2.7170828877940147E+00
   6.3000000000000000E+02   1.2781203167121986E+00   1.7727068798885760E+01   2.6986946303668007E+00
   6.4000000000000000E+02   1.2643053059518692E+00   1.7920771732071923E+01   2.6865096418277687E+00
   6.5000000000000000E+02   1.2504772375549982E+00   1.8118943797738897E+01   2.6695632358761525E+00
   6.6000000000000000E+02   1.2369628932670265E+00   1.8316900944190007E+01   2.6526685679755397E+00
   6.7000000000000000E+02   1.2237494431858902E+00   1.8514677913662677E+01   2.6357407129247874E+00
   6.8000000000000000E+02   1.2108654975527873E+00   1.8711679235556929E+01   2.6194977701345512E+00
   6.9000000000000000E+02   1.1983039254368792E+00   1.8907829897453073E+01   2.6040115942204674E+00
   7.0000000000000000E+02   1.1859890201503593E+00   1.9104162351130629E+01   2.5881192554853141E+00
   7.1000000000000000E+02   1.1736414233816492E+00   1.9305152609838490E+01   2.5675266865800213E+00
   7.2000000000000000E+02   1.1618816196487796E+00   1.9500546703251739E+01   2.5523313120322295E+00
   7.3000000000000000E+02   1.1503608784599137E+00   1.9695842593277423E+01   2.5370410506922823E+00
   7.4000000000000000E+02   1.1391103101689846E+00   1.9890371095183603E+01   2.5224403784983984E+00
   7.5000000000000000E+02   1.1281012557206265E+00   2.0084479715553012E+01   2.5081227776761983E+00
   7.6000000000000000E+02   1.1171487453268107E+00   2.0281387668732172E+01   2.4910285390370897E+00
   7.7000000000000000E+02   1.1066033929761510E+00   2.0474658700146513E+01   2.4772873737261998E+00
   7.8000000000000000E+02   1.0962761313412988E+00   2.0667536344049978E+01   2.4638030246578411E+00
   7.9000000000000000E+02   1.0859049854078546E+00   2.0864925653786312E+01   2.4460035368056916E+00
   8.0000000000000000E+02   1.0759997648193720E+00   2.1056999758187015E+01   2.4330635012721160E+00
   8.1000000000000000E+02   1.0662745075203419E+00   2.1249056061840204E+01   2.4199738071273309E+00
   8.2000000000000000E+02   1.0566055856559133E+00   2.1443504648468917E+01   2.4046505950297274E+00
   8.3000000000000000E+02   1.0470464278285263E+00   2.1639276144229743E+01   2.3880634084481356E+00
   8.4000000000000000E+02   1.0378719871433182E+00   2.1830560096311846E+01   2.3753862088665767E+00
   8.5000000000000000E+02   1.0288912796540373E+00   2.2021108775680638E+01   2.3633146200604376E+00
   8.6000000000000000E+02   1.0199383864048832E+00   2.2214407350108853E+01   2.3486682934014911E+00
   8.7000000000000000E+02   1.0110967820465355E+00   2.2408662741217189E+01   2.3331695844763995E+00
   8.8000000000000000E+02   1.0026325416362618E+00   2.2597837040711667E+01   2.3220795667508938E+00
   8.9000000000000000E+02   9.9417557099408382E-01   2.2790065908535215E+01   2.3081704093125590E+00
   9.0000000000000000E+02   9.8598811455674862E-01   2.2979310250404399E+01   2.2967775458472115E+00
   9.1000000000000000E+02   9.7776952321378663E-01   2.3172461658591537E+01   2.2819465077376524E+00
   9.2000000000000000E+02   9.6990582149880677E-01   2.3360336937248370E+01   2.2716351165930617E+00
   9.3000000000000000E+02   9.6204464851229421E-01   2.3551221684615250E+01   2.2586026914252497E+00
   9.4000000000000000E+02   9.5424324037995434E-01   2.3743764512902658E+01   2.2440855434262579E+00
   9.5000000000000000E+02   9.4666029017313735E-01   2.3933957115140998E+01   2.2315435221151354E+00
   9.6000000000000000E+02   9.3932149616686877E-01   2.4120949941068702E+01   2.2216049890760114E+00
   9.7000000000000000E+02   9.3194797771329352E-01   2.4311793500753911E+01   2.2084033345070333E+00
   9.8000000000000000E+02   9.2472157388677112E-01   2.4501782403948877E+01   2.1957795213072853E+00
   9.9000000000000000E+02   9.1758449810021170E-01   2.4692360032804672E+01   2.1826523342897586E+00
   1.0000000000000000E+03   9.1074446099343143E-01   2.4877809043050782E+01   2.1737298791284347E+00
   1.1000000000000000E+03   8.4638429409530080E-01   2.6769550127143120E+01   2.0306417181804699E+00
   1.2000000000000000E+03   7.9109606822611334E-01   2.8640423960664691E+01   1.9233189024096879E+00
   1.2199990000000000E+03   7.8095958867066773E-01   2.9012162877950711E+01   1.9032330219274241E+00
   1.2200010000000000E+03   7.8095858532467877E-01   2.9012200151677899E+01   1.9032309251433406E+00
   1.2509990000000000E+03   7.6577358944527218E-01   2.9587500927034853E+01   1.8724275009968476E+00
   1.2510010000000000E+03   7.6577262805718760E-01   2.9587538072618006E+01   1.8724254788240056E+00
   1.3000000000000000E+03   7.4308883793389302E-01   3.0490737622446208E+01   1.8277306694150033E+00
   1.4000000000000000E+03   7.0099155099693822E-01   3.2321825784330692E+01   1.7424948738002706E+00
   1.4129990000000000E+03   6.9590448762519475E-01   3.2558098403604127E+01   1.7323794290761914E+00
   1.4130010000000000E+03   6.9590370736857210E-01   3.2558134908183177E+01   1.7323777487006307E+00
   1.5000000000000000E+03   6.6379904180008331E-01   3.4132810324897278E+01   1.6674846106136125E+00
   1.6000000000000000E+03   6.3065019875281014E-01   3.5926931970240403E+01   1.5998923485588348E+00
   1.7000000000000000E+03   6.0090063529030335E-01   3.7705612969879347E+01   1.5384108863288102E+00
   1.8000000000000000E+03   5.7407403031481530E-01   3.9467604509449409E+01   1.4835117197946772E+00
   1.9000000000000000E+03   5.4972716265080124E-01   4.1215585343020848E+01   1.4333351583257017E+00
   2.0000000000000000E+03   5.2752181211258931E-01   4.2950502268093956E+01   1.3719446166750608E+00
   2.1000000000000000E+03   5.0719260037300906E-01   4.4672037350205279E+01   1.3297894264792398E+00
   2.2000000000000000E+03   4.8850334858983618E-01   4.6381108446883239E+01   1.2910436056396957E+00
   2.3000000000000000E+03   4.7126149870196332E-01   4.8078034912713761E+01   1.2555299986455069E+00
   2.4000000000000000E+03   4.5529993500091320E-01   4.9763518607937769E+01   1.2227669946650783E+00
   2.5000000000000000E+03   4.4047760445666578E-01   5.1438090287379929E+01   1.1924369373080945E+00
   2.6000000000000000E+03   4.2666853608290367E-01   5.3102876991164806E+01   1.1638383993575150E+00
   2.7000000000000000E+03   4.1377687153468501E-01   5.4757354376950822E+01   1.1374114112275069E+00
   2.8000000000000000E+03   4.0171073657859868E-01   5.6402094155075361E+01   1.1128462458504289E+00
   2.9000000000000000E+03   3.9038963616238131E-01   5.8037726130072159E+01   1.0898030734136508E+00
   3.0000000000000000E+03   3.7974468740376111E-01   5.9664631367233703E+01   1.0681212274579810E+00
   3.1000000000000000E+03   3.6971360655650548E-01   6.1283453964921769E+01   1.0474890147828080E+00
   3.2000000000000000E+03   3.6024649767246120E-01   6.2893954372905554E+01   1.0281282563348328E+00
   3.3000000000000000E+03   3.5129424553361993E-01   6.4496720557417802E+01   1.0097614785884645E+00
   3.4000000000000000E+03   3.4281476441910730E-01   6.6092039022890930E+01   9.9229596562355271E-01
   3.5000000000000000E+03   3.3476891327786862E-01   6.7680498065853911E+01   9.7548007080484034E-01
   3.6000000000000000E+03   3.2712631799555686E-01   6.9261705772992997E+01   9.5958653532622740E-01
   3.7000000000000000E+03   3.1985514565867745E-01   7.0836211626211565E+01   9.4438029094480380E-01
   3.8000000000000000E+03   3.1292821134918353E-01   7.2404231916081329E+01   9.2980640727564245E-01
   3.9000000000000000E+03   3.0631769513432672E-01   7.3966757871023717E+01   9.1544828598187467E-01
   4.0000000000000000E+03   3.0000730815233456E-01   7.5522582856901934E+01   9.0191806318890588E-01
   4.1000000000000000E+03   2.9397609966241139E-01   7.7072002838426087E+01   8.8911564865922421E-01
   4.2000000000000000E+03   2.8819778768009041E-01   7.8617282145001141E+01   8.7607748043540878E-01
   4.3000000000000000E+03   2.8266889501240350E-01   8.0155005334480109E+01   8.6433229599258543E-01
   4.4000000000000000E+03   2.7736311661414376E-01   8.1688319139890353E+01   8.5254714871116954E-01
   4.5000000000000000E+03   2.7226862264508828E-01   8.3216812012691676E+01   8.4096194739227037E-01
   4.6000000000000000E+03   2.6738088563797080E-01   8.4738019823482958E+01   8.3059701917444562E-01
   4.7000000000000000E+03   2.6267141985763420E-01   8.6257297424633748E+01   8.1932198113172028E-01
   4.8000000000000000E+03   2.5814973618577897E-01   8.7768157823354585E+01   8.0974813071937124E-01
   4.9000000000000000E+03   2.5378559480861956E-01   8.9277434381950457E+01   7.9922398414608575E-01
   5.0000000000000000E+03   2.4958936676853283E-01   9.0778413683877105E+01   7.9035469223733479E-01
   5.1000000000000000E+03   2.4553304247232816E-01   9.2278116865530663E+01   7.8050490309125364E-01
   5.2000000000000000E+03   2.4161833606845845E-01   9.3773209253420390E+01   7.7097036971168487E-01
   5.3000000000000000E+03   2.3784680463364899E-01   9.5260168924739006E+01   7.6302301575139375E-01
   5.4000000000000000E+03   2.3419330005918848E-01   9.6746263799538823E+01   7.5406657570339974E-01
   5.5000000000000000E+03   2.3066054073098238E-01   9.8228013841499958E+01   7.4538257876718672E-01
   5.6000000000000000E+03   2.2724249692296206E-01   9.9705500046903239E+01   7.3695858607548048E-01
   5.7000000000000000E+03   2.2393450477201102E-01   1.0117836378399279E+02   7.2893272627277206E-01
   5.8000000000000000E+03   2.2073650409283499E-01   1.0264422226276551E+02   7.2208846010463978E-01
   5.9000000000000000E+03   2.1763009772085640E-01   1.0410934436408817E+02   7.1436701363355670E-01
   6.0000000000000000E+03   2.1461797092625587E-01   1.0557050134164210E+02   7.0686235594102609E-01
   6.1000000000000000E+03   2.1169579415722672E-01   1.0702776064971408E+02   6.9956526032445465E-01
   6.2000000000000000E+03   2.0885950178680296E-01   1.0848118756281755E+02   6.9246697580547745E-01
   6.3000000000000000E+03   2.0610527224894176E-01   1.0993084524419356E+02   6.8555921116579266E-01
   6.4000000000000000E+03   2.0342951030519374E-01   1.1137679461361972E+02   6.7883415970228711E-01
   6.5000000000000000E+03   2.0082882988652589E-01   1.1281909475055372E+02   6.7228439384291261E-01
   6.6000000000000000E+03   1.9830003937320373E-01   1.1425780276810416E+02   6.6590289820805926E-01
   6.7000000000000000E+03   1.9584012765067457E-01   1.1569297395488476E+02   6.5968301683655117E-01
   6.8000000000000000E+03   1.9344625136637755E-01   1.1712466190259202E+02   6.5361843594804181E-01
   6.9000000000000000E+03   1.9111572328665627E-01   1.1855291860851689E+02   6.4770315295815184E-01
   7.0000000000000000E+03   1.8884233219434515E-01   1.1998012587714307E+02   6.4127458845488328E-01
   7.1000000000000000E+03   1.8662931956468337E-01   1.2140282588212541E+02   6.3532423882976297E-01
   7.2000000000000000E+03   1.8447424514822797E-01   1.2282108415407951E+02   6.2983320970045342E-01
   7.3000000000000000E+03   1.8237312978119252E-01   1.2423610218673437E+02   6.2447029686936861E-01
   7.4000000000000000E+03   1.8032323264577377E-01   1.2564840622682692E+02   6.1909806868370487E-01
   7.5000000000000000E+03   1.7832400495371248E-01   1.2705707677153146E+02   6.1397875651114053E-01
   7.6000000000000000E+03   1.7637289163443812E-01   1.2846263718673870E+02   6.0897423435389475E-01
   7.7000000000000000E+03   1.7446341461260989E-01   1.2986864230486734E+02   6.0316143480690132E-01
   7.8000000000000000E+03   1.7260345493289711E-01   1.3126809539484171E+02   5.9838358577289252E-01
   7.9000000000000000E+03   1.7078595908793892E-01   1.3266504406222518E+02   5.9358167832475406E-01
   8.0000000000000000E+03   1.6901067968302319E-01   1.3405855079752507E+02   5.8900776326381532E-01
   8.1000000000000000E+03   1.6727262627201422E-01   1.3545149193010258E+02   5.8394015640875552E-01
   8.2000000000000000E+03   1.6557488549767432E-01   1.3684035908893350E+02   5.7926997054628571E-01
   8.3000000000000000E+03   1.6391544752212175E-01   1.3822569580913358E+02   5.7486123255653987E-01
   8.4000000000000000E+03   1.6229278451007284E-01   1.3960772720739507E+02   5.7066351351298461E-01
   8.5000000000000000E+03   1.6070109173030062E-01   1.4099049697581302E+02   5.6569885499121553E-01
   8.6000000000000000E+03   1.5914734286221169E-01   1.4236698131509056E+02   5.6167528823171842E-01
   8.7000000000000000E+03   1.5762579346069053E-01   1.4374123860167083E+02   5.5761189879238637E-01
   8.8000000000000000E+03   1.5613395970110042E-01   1.4511466199272414E+02   5.5319299887752549E-01
   8.9000000000000000E+03   1.5467416531991388E-01   1.4648423504176318E+02   5.4913214309136338E-01
   9.0000000000000000E+03   1.5324484684843850E-01   1.4785049711994063E+02   5.4530317291141894E-01
   9.1000000000000000E+03   1.5184246928469869E-01   1.4921600586677235E+02   5.4112403652912366E-01
   9.2000000000000000E+03   1.5046928748857180E-01   1.5057775022249399E+02   5.3728824469537118E-01
   9.3000000000000000E+03   1.4912388676145677E-01   1.5193626775470364E+02   5.3367344433394881E-01
   9.4000000000000000E+03   1.4780186287822042E-01   1.5329527210546078E+02   5.2945301982352999E-01
   9.5000000000000000E+03   1.4650877590156960E-01   1.5464825672171946E+02   5.2608458447642181E-01
   9.6000000000000000E+03   1.4523778481843630E-01   1.5600159983116674E+02   5.2215357545571228E-01
   9.7000000000000000E+03   1.4399243473086093E-01   1.5735081381157320E+02   5.1865466381180314E-01
   9.8000000000000000E+03   1.4277104885052139E-01   1.5869692749356065E+02   5.1536061871199756E-01
   9.9000000000000000E+03   1.4157071413975797E-01   1.6004247012022267E+02   5.1173170752268304E-01
   1.0000000000000000E+04   1.4039348956300682E-01   1.6138445492119831E+02   5.0841191861128032E-01
   1.1000000000000000E+04   1.2970415025830923E-01   1.7468467078723495E+02   4.7668556870184742E-01
   1.1106999000000000E+04   1.2866606668747371E-01   1.7609403451062835E+02   4.7369234622795681E-01
   1.1107001000000000E+04   1.2866604741730475E-01   1.7609406088403347E+02   4.7369228051435075E-01
   1.2000000000000000E+04   1.2066625495437976E-01   1.8776854221734857E+02   4.4937128985065555E-01
   1.3000000000000000E+04   1.1291779206235561E-01   2.0065329275211957E+02   4.1207973178791357E-01
   1.4000000000000000E+04   1.0619789672468263E-01   2.1335005199161120E+02   3.8452929055741747E-01
   1.5000000000000000E+04   1.0031106714752797E-01   2.2587065846172845E+02   3.6303407754339079E-01
   1.6000000000000000E+04   9.5109259393445028E-02   2.3822419533184120E+02   3.4628395204954110E-01
   1.7000000000000000E+04   9.0477505091930185E-02   2.5041944696186849E+02   3.3124564383794197E-01
   1.8000000000000000E+04   8.6325531767330210E-02   2.6246379632711904E+02   3.1768054265299422E-01
   1.9000000000000000E+04   8.2581304710604778E-02   2.7436387529853636E+02   3.0537852713780711E-01
   2.0000000000000000E+04   7.9186691611485754E-02   2.8612543757699348E+02   2.9420166791403202E-01
   2.1000000000000000E+04   7.6094069419577623E-02   2.9775417401689759E+02   2.8394178471944265E-01
   2.2000000000000000E+04   7.3264275369201964E-02   3.0925477217147557E+02   2.7451216834419334E-01
   2.3000000000000000E+04   7.0664660669722934E-02   3.2063165057153651E+02   2.6581331295523358E-01
   2.4000000000000000E+04   6.8267864407035223E-02   3.3188861237141452E+02   2.5779937554043691E-01
   2.5000000000000000E+04   6.6050597159475921E-02   3.4302985532297009E+02   2.5032241075447537E-01
   2.6000000000000000E+04   6.3993156559285586E-02   3.5405859010283746E+02   2.4335861569516848E-01
   2.7000000000000000E+04   6.2078608659403296E-02   3.6497800573980493E+02   2.3685515217419431E-01
   2.8000000000000000E+04   6.0292394699293879E-02   3.7579079253052379E+02   2.3080419173933658E-01
   2.9000000000000000E+04   5.8621762127741270E-02   3.8650026824916603E+02   2.2508967443146230E-01
   3.0000000000000000E+04   5.7055721933080825E-02   3.9710875649220583E+02   2.1971506228439786E-01
   3.1000000000000000E+04   5.5584611924322867E-02   4.0761869163462387E+02   2.1464986888217866E-01
   3.2000000000000000E+04   5.4199971362716967E-02   4.1803208042276395E+02   2.0990196552856166E-01
   3.3000000000000000E+04   5.2894220437097753E-02   4.2835165355268038E+02   2.0537721961694655E-01
   3.4000000000000000E+04   5.1660744939281120E-02   4.3857917291438281E+02   2.0109005126563873E-01
   3.5000000000000000E+04   5.0493627467154377E-02   4.4871655937868951E+02   1.9702354239253733E-01
   3.6000000000000000E+04   4.9387583688133035E-02   4.5876564706393913E+02   1.9316137173759418E-01
   3.7000000000000000E+04   4.8337879892883316E-02   4.6872818662753537E+02   1.8948826567625326E-01
   3.8000000000000000E+04   4.7340263254918455E-02   4.7860584690045630E+02   1.8599044586722985E-01
   3.9000000000000000E+04   4.6390901963064821E-02   4.8840022135482423E+02   1.8265544876018736E-01
   4.0000000000000000E+04   4.5486334111821167E-02   4.9811283388789343E+02   1.7947197135993723E-01
   4.1000000000000000E+04   4.4623393978661018E-02   5.0774548431805920E+02   1.7639572148192637E-01
   4.2000000000000000E+04   4.3799294718754982E-02   5.1729889563515894E+02   1.7348544179134318E-01
   4.3000000000000000E+04   4.3011414089245650E-02   5.2677474729378673E+02   1.7069853723024617E-01
   4.4000000000000000E+04   4.2257360140093708E-02   5.3617468560497161E+02   1.6799355526361398E-01
   4.5000000000000000E+04   4.1535028458261486E-02   5.4549924795113895E+02   1.6543074401690142E-01
   4.6000000000000000E+04   4.0842384242217741E-02   5.5475034594553597E+02   1.6293653720733828E-01
   4.7000000000000000E+04   4.0177664832678150E-02   5.6392841350955439E+02   1.6057150677816978E-01
   4.8000000000000000E+04   3.9539147141237713E-02   5.7303529352002977E+02   1.5826393681593076E-01
   4.9000000000000000E+04   3.8925319188935395E-02   5.8207170190787269E+02   1.5604192125345118E-01
   5.0000000000000000E+04   3.8334785581856212E-02   5.9103830747222116E+02   1.5393287042098014E-01
   5.1000000000000000E+04   3.7766185358845003E-02   5.9993686342230365E+02   1.5186780030007133E-01
   5.2000000000000000E+04   3.7218328864913615E-02   6.0876797746204738E+02   1.4987507536292768E-01
   5.3000000000000000E+04   3.6690112704022518E-02   6.1753222102059033E+02   1.4798217136016317E-01
   5.4000000000000000E+04   3.6180446432132501E-02   6.2623126638615565E+02   1.4612272540022114E-01
   5.5000000000000000E+04   3.5688381322472186E-02   6.3486563267984309E+02   1.4432502385408363E-01
   5.6000000000000000E+04   3.5213012876539468E-02   6.4343618840710326E+02   1.4258600075077069E-01
   5.7000000000000000E+04   3.4753497991524100E-02   6.5194377823885839E+02   1.4090279234410563E-01
   5.8000000000000000E+04   3.4309049812555115E-02   6.6038922416672528E+02   1.3927271934066404E-01
   5.9000000000000000E+04   3.3878933102963617E-02   6.6877332644305773E+02   1.3769327247661614E-01
   6.0000000000000000E+04   3.3462460061806844E-02   6.7709686453899633E+02   1.3616210023946390E-01
   6.1000000000000000E+04   3.3058986530647899E-02   6.8536059829317333E+02   1.3467699511583739E-01
   6.2000000000000000E+04   3.2667908574162421E-02   6.9356526868484150E+02   1.3323588319428883E-01
   6.3000000000000000E+04   3.2288659358489097E-02   7.0171159898758401E+02   1.3183681463599919E-01
   6.4000000000000000E+04   3.1920706364562859E-02   7.0980029479435620E+02   1.3047795442343968E-01
   6.5000000000000000E+04   3.1563548796483445E-02   7.1783204523995403E+02   1.2915757303347472E-01
   6.6000000000000000E+04   3.1216715228779595E-02   7.2580752399990990E+02   1.2787404056853929E-01
   6.7000000000000000E+04   3.0879761492695005E-02   7.3372738947386870E+02   1.2662581756329097E-01
   6.8000000000000000E+04   3.0552268749558457E-02   7.4159228479352271E+02   1.2541145111017157E-01
   6.9000000000000000E+04   3.0233841619051668E-02   7.4940284046911938E+02   1.2422956638344160E-01
   7.0000000000000000E+04   2.9924106662670889E-02   7.5715967206716653E+02   1.2307886353130787E-01
   7.1000000000000000E+04   2.9622710784391704E-02   7.6486338311580243E+02   1.2195811154999919E-01
   7.2000000000000000E+04   2.9329305831946522E-02   7.7251493497441174E+02   1.2084067096449005E-01
   7.3000000000000000E+04   2.9043603961004132E-02   7.8011416276134435E+02   1.1977666351282452E-01
   7.4000000000000000E+04   2.8765290938074672E-02   7.8766200683966747E+02   1.1873928096975075E-01
   7.5000000000000000E+04   2.8494082500299042E-02   7.9515902248731868E+02   1.1772752703888772E-01
   7.6000000000000000E+04   2.8229708835763465E-02   8.0260575549779810E+02   1.1674045474102372E-01
   7.7000000000000000E+04   2.7971901164348407E-02   8.1000310470454201E+02   1.1575303013011204E-01
   7.8000000000000000E+04   2.7720441506027114E-02   8.1735086299706063E+02   1.1481292654497463E-01
   7.9000000000000000E+04   2.7475085414815834E-02   8.2464991265843082E+02   1.1389492709770761E-01
   8.0000000000000000E+04   2.7235612589832064E-02   8.3190075908443180E+02   1.1299825503497735E-01
   8.1000000000000000E+04   2.7001801753374140E-02   8.3910425661796978E+02   1.1209903726740481E-01
   8.2000000000000000E+04   2.6773476414869993E-02   8.4626017318494053E+02   1.1124308184447294E-01
   8.3000000000000000E+04   2.6550434260155711E-02   8.5336934852371496E+02   1.1040632781394824E-01
   8.4000000000000000E+04   2.6332493570957544E-02   8.6043225365484818E+02   1.0958813119241126E-01
   8.5000000000000000E+04   2.6119470372417831E-02   8.6744970187209253E+02   1.0876569110309955E-01
   8.6000000000000000E+04   2.5911220492383730E-02   8.7442144202626935E+02   1.0798302992744180E-01
   8.7000000000000000E+04   2.5707574873149088E-02   8.8134827572848212E+02   1.0721715692743669E-01
   8.8000000000000000E+04   2.5508372333602165E-02   8.8823098907664598E+02   1.0644601234881801E-01
   8.9000000000000000E+04   2.5313488394196802E-02   8.9506931777941236E+02   1.0571235420683940E-01
   9.0000000000000000E+04   2.5122774453457751E-02   9.0186403693531463E+02   1.0499393492662459E-01
   9.1000000000000000E+04   2.4936088631631412E-02   9.0861590694179677E+02   1.0426939431714795E-01
   9.2000000000000000E+04   2.4753323003318950E-02   9.1532465295964016E+02   1.0358027376666878E-01
   9.3000000000000000E+04   2.4574337290480034E-02   9.2199136521122489E+02   1.0288453438849846E-01
   9.4000000000000000E+04   2.4399033221670943E-02   9.2861576037721125E+02   1.0222296060551303E-01
   9.5000000000000000E+04   2.4227289698924192E-02   9.3519857438353472E+02   1.0157444137351472E-01
   9.6000000000000000E+04   2.4058990895287652E-02   9.4174052794743807E+02   1.0091868895315699E-01
   9.7000000000000000E+04   2.3894051056272399E-02   9.4824133146158385E+02   1.0029534579925353E-01
   9.8000000000000000E+04   2.3732354258505135E-02   9.5470203001419191E+02   9.9664407277499673E-02
   9.9000000000000000E+04   2.3573822145776833E-02   9.6112232660030384E+02   9.9064809308598373E-02
   1.0000000000000000E+05   2.3418354911428057E-02   9.6750292124721875E+02   9.8476481609175576E-02
   1.1000000000000000E+05   2.2014430535790889E-02   1.0292034014132093E+03   9.3061842388867014E-02
   1.2000000000000000E+05   2.0838201258039105E-02   1.0872976274221317E+03   8.7931876698035177E-02
   1.3000000000000000E+05   1.9838687072662863E-02   1.1420779361368093E+03   8.4073236254628481E-02
   1.4000000000000000E+05   1.8979100900652048E-02   1.1938040113814025E+03   8.0744836584817944E-02
   1.5000000000000000E+05   1.8232248810407373E-02   1.2427060985849148E+03   7.7845797371321898E-02
   1.6000000000000000E+05   1.7577573815495302E-02   1.2889905640810052E+03   7.5299410660405033E-02
   1.7000000000000000E+05   1.6999242045565573E-02   1.3328433542436205E+03   7.3046281902156479E-02
   1.8000000000000000E+05   1.6484856631780686E-02   1.3744327471996562E+03   7.1039687776693575E-02
   1.9000000000000000E+05   1.6024570857871599E-02   1.4139116103992924E+03   6.9242355719908458E-02
   2.0000000000000000E+05   1.5610462777541533E-02   1.4514192891326356E+03   6.7624180736609432E-02
   2.1000000000000000E+05   1.5236085799484714E-02   1.4870831712156066E+03   6.6160575592671619E-02
   2.2000000000000000E+05   1.4896139898804108E-02   1.5210200052853811E+03   6.4831257961755553E-02
   2.3000000000000000E+05   1.4586226779524413E-02   1.5533370713402242E+03   6.3619344603628586E-02
   2.4000000000000000E+05   1.4302665803447240E-02   1.5841331328702315E+03   6.2510665995123324E-02
   2.5000000000000000E+05   1.4042352940943820E-02   1.6134993104715356E+03   6.1493240521324891E-02
   2.6000000000000000E+05   1.3802651952403384E-02   1.6415198228385088E+03   6.0556866799631667E-02
   2.7000000000000000E+05   1.3581309485100902E-02   1.6682726221993951E+03   5.9692804211120894E-02
   2.8000000000000000E+05   1.3376387670132207E-02   1.6938300045087481E+03   5.8893519731719211E-02
   2.9000000000000000E+05   1.3186210863462956E-02   1.7182590982517127E+03   5.8152486062826012E-02
   3.0000000000000000E+05   1.3009322688176256E-02   1.7416223219832420E+03   5.7464018905870523E-02
   3.1000000000000000E+05   1.2844451258215990E-02   1.7639777933773526E+03   5.6823144933545733E-02
   3.2000000000000000E+05   1.2690480914766371E-02   1.7853796825971522E+03   5.6225493919294128E-02
   3.3000000000000000E+05   1.2546428852597545E-02   1.8058785534753938E+03   5.5667209865333883E-02
   3.4000000000000000E+05   1.2411425883480372E-02   1.8255216604699499E+03   5.5144877452551783E-02
   3.5000000000000000E+05   1.2284700687308569E-02   1.8443531807834997E+03   5.4655460987718292E-02
   3.6000000000000000E+05   1.2165566267859584E-02   1.8624144810644427E+03   5.4196252963132789E-02
   3.7000000000000000E+05   1.2053408630495789E-02   1.8797443513436122E+03   5.3764830807241558E-02
   3.8000000000000000E+05   1.1947677677891302E-02   1.8963791456759232E+03   5.3359020639920318E-02
   3.9000000000000000E+05   1.1847878836921205E-02   1.9123530126763635E+03   5.2976865980269128E-02
   4.0000000000000000E+05   1.1753566293173482E-02   1.9276980469128137E+03   5.2616601320825358E-02
   4.1000000000000000E+05   1.1664337317292111E-02   1.9424444073665318E+03   5.2276629545871416E-02
   4.2000000000000000E+05   1.1579826758038545E-02   1.9566205316398555E+03   5.1955502048681310E-02
   4.3000000000000000E+05   1.1499703401495413E-02   1.9702531444997492E+03   5.1651902375262841E-02
   4.4000000000000000E+05   1.1423665695150411E-02   1.9833674577180000E+03   5.1364631216654272E-02
   4.5000000000000000E+05   1.1351438409930973E-02   1.9959872898388548E+03   5.1092593610314346E-02
   4.6000000000000000E+05   1.1282770294687924E-02   2.0081350763897203E+03   5.0834788239113436E-02
   4.7000000000000000E+05   1.1217431048983763E-02   2.0198320532278581E+03   5.0590297304628599E-02
   4.8000000000000000E+05   1.1155209585996854E-02   2.0310982606774655E+03   5.0358278326687406E-02
   4.9000000000000000E+05   1.1095911958593312E-02   2.0419526463585235E+03   5.0137956520548907E-02
   5.0000000000000000E+05   1.1039359309191617E-02   2.0524132019822750E+03   4.9928617903114703E-02
   5.1000000000000000E+05   1.0985387059465057E-02   2.0624969029278900E+03   4.9729603954801110E-02
   5.2000000000000000E+05   1.0933842989218456E-02   2.0722198782214568E+03   4.9540305960739155E-02
   5.3000000000000000E+05   1.0884586586798084E-02   2.0815973677026809E+03   4.9360160782181736E-02
   5.4000000000000000E+05   1.0837487313464036E-02   2.0906439040959517E+03   4.9188646224075934E-02
   5.5000000000000000E+05   1.0792424471410520E-02   2.0993732082750071E+03   4.9025277965718921E-02
   5.6000000000000000E+05   1.0749285785396709E-02   2.1077983449273993E+03   4.8869605816505943E-02
   5.7000000000000000E+05   1.0707966867948372E-02   2.1159317232695084E+03   4.8721210922758509E-02
   5.8000000000000000E+05   1.0668370473886774E-02   2.1237851500442061E+03   4.8579703069164204E-02
   5.9000000000000000E+05   1.0630405760522366E-02   2.1313698929303564E+03   4.8444718190601699E-02
   6.0000000000000000E+05   1.0593988544523817E-02   2.1386965534640581E+03   4.8315916798153329E-02
   6.1000000000000000E+05   1.0559039707011228E-02   2.1457753182390520E+03   4.8192981235261390E-02
   6.2000000000000000E+05   1.0525485344940896E-02   2.1526158694906267E+03   4.8075614335422526E-02
   6.3000000000000000E+05   1.0493255956493733E-02   2.1592274963605887E+03   4.7963537528777064E-02
   6.4000000000000000E+05   1.0462287088444171E-02   2.1656189125833034E+03   4.7856490164027668E-02
   6.5000000000000000E+05   1.0432517617518960E-02   2.1717985646689108E+03   4.7754227119744440E-02
   6.6000000000000000E+05   1.0403890556239942E-02   2.1777744263199324E+03   4.7656518461847742E-02
   6.7000000000000000E+05   1.0376352064384491E-02   2.1835541669195281E+03   4.7563147822992001E-02
   6.8000000000000000E+05   1.0349851769056506E-02   2.1891450518499787E+03   4.7473911764813789E-02
   6.9000000000000000E+05   1.0324342091603187E-02   2.1945540535738410E+03   4.7388618637008648E-02
   7.0000000000000000E+05   1.0299778100566986E-02   2.1997878562416363E+03   4.7307087686102096E-02
   7.1000000000000000E+05   1.0276117451323917E-02   2.2048528439787110E+03   4.7229148458588444E-02
   7.2000000000000000E+05   1.0253320353809735E-02   2.2097550847703901E+03   4.7154640168002894E-02
   7.3000000000000000E+05   1.0231348990298563E-02   2.2145004348003999E+03   4.7083410737931354E-02
   7.4000000000000000E+05   1.0210167821108486E-02   2.2190944541351296E+03   4.7015316548407390E-02
   7.5000000000000000E+05   1.0189743490746601E-02   2.2235424089120725E+03   4.6950221941630510E-02
   7.6000000000000000E+05   1.0170043331099894E-02   2.2278495823439525E+03   4.6887997656817101E-02
   7.7000000000000000E+05   1.0151037933592764E-02   2.2320206993445527E+03   4.6828522394445002E-02
   7.8000000000000000E+05   1.0132698039753234E-02   2.2360605930148276E+03   4.6771680130052895E-02
   7.9000000000000000E+05   1.0114996583079020E-02   2.2399737460626880E+03   4.6717361313604565E-02
   8.0000000000000000E+05   1.0097908044341269E-02   2.2437644201273611E+03   4.6665462112399844E-02
   8.1000000000000000E+05   1.0081407479105298E-02   2.2474368618241378E+03   4.6615883375821850E-02
   8.2000000000000000E+05   1.0065472276113228E-02   2.2509949027806479E+03   4.6568531704562377E-02
   8.3000000000000000E+05   1.0050079819887125E-02   2.2544424714693728E+03   4.6523317471683284E-02
   8.4000000000000000E+05   1.0035209259532206E-02   2.2577831913259947E+03   4.6480155893438943E-02
   8.5000000000000000E+05   1.0020840373032087E-02   2.2610206274301909E+03   4.6438965996128803E-02
   8.6000000000000000E+05   1.0006954335361879E-02   2.2641581072820450E+03   4.6399670991804982E-02
   8.7000000000000000E+05   9.9935326721021910E-03   2.2671989506634309E+03   4.6362197311596340E-02
   8.8000000000000000E+05   9.9805583878238985E-03   2.2701462089788815E+03   4.6326475306810055E-02
   8.9000000000000000E+05   9.9680145885978899E-03   2.2730029722797385E+03   4.6292438013401077E-02
   9.0000000000000000E+05   9.9558857393608445E-03   2.2757720790260264E+03   4.6260021968985009E-02
   9.1000000000000000E+05   9.9441566650067710E-03   2.2784563388207011E+03   4.6229166361740792E-02
   9.2000000000000000E+05   9.9328127509701828E-03   2.2810584831972956E+03   4.6199812988960233E-02
   9.3000000000000000E+05   9.9218409746593544E-03   2.2835809246971621E+03   4.6171906982720827E-02
   9.4000000000000000E+05   9.9112277972717572E-03   2.2860262372183224E+03   4.6145395032596133E-02
   9.5000000000000000E+05   9.9009600157932073E-03   2.2883969586251915E+03   4.6120226004896410E-02
   9.6000000000000000E+05   9.8910266926339578E-03   2.2906951413329170E+03   4.6096352241204536E-02
   9.7000000000000000E+05   9.8814153181503682E-03   2.2929232360058181E+03   4.6073726572005126E-02
   9.8000000000000000E+05   9.8721155194549243E-03   2.2950832314472141E+03   4.6052305096969184E-02
   9.9000000000000000E+05   9.8631167569206684E-03   2.2971771850630075E+03   4.6032045243285302E-02
   1.0000000000000000E+06   9.8544082824951456E-03   2.2992072317379107E+03   4.6012905772175330E-02
   1.1000000000000000E+06   9.7813568198734224E-03   2.3163787197269430E+03   4.5875285272532831E-02
   1.2000000000000000E+06   9.7287841044939594E-03   2.3288960412992242E+03   4.5815221413665626E-02
   1.3000000000000000E+06   9.6912924778517449E-03   2.3379055827064690E+03   4.5811103999903784E-02
   1.4000000000000000E+06   9.6651089619918060E-03   2.3442391468850578E+03   4.5847901979276344E-02
   1.5000000000000000E+06   9.6475318138314961E-03   2.3485101915007308E+03   4.5914917958268096E-02
   1.6000000000000000E+06   9.6365830712323557E-03   2.3511784851674934E+03   4.6004388627423440E-02
   1.7000000000000000E+06   9.6307935667099085E-03   2.3525918846323111E+03   4.6110591201388287E-02
   1.8000000000000000E+06   9.6290531231379116E-03   2.3530171137146290E+03   4.6229246946243488E-02
   1.9000000000000000E+06   9.6305092337726217E-03   2.3526613429905929E+03   4.6357117389451301E-02
   2.0000000000000000E+06   9.6345054121670139E-03   2.3516855114324612E+03   4.6491731369306045E-02
   2.1000000000000000E+06   9.6405229323039843E-03   2.3502176123340164E+03   4.6631181281426036E-02
   2.2000000000000000E+06   9.6481567792897453E-03   2.3483580652675437E+03   4.6773990976389394E-02
   2.3000000000000000E+06   9.6570824046605871E-03   2.3461875790431482E+03   4.6919007332965543E-02
   2.4000000000000000E+06   9.6670394656290497E-03   2.3437710033323474E+03   4.7065326767548606E-02
   2.5000000000000000E+06   9.6778151443214291E-03   2.3411613519922676E+03   4.7212237207357004E-02
   2.6000000000000000E+06   9.6892424816015683E-03   2.3384002238187040E+03   4.7359182363804889E-02
   2.7000000000000000E+06   9.7011819138379165E-03   2.3355223094303633E+03   4.7505721437711187E-02
   2.8000000000000000E+06   9.7135150691172231E-03   2.3325569195487878E+03   4.7651504632723808E-02
   2.9000000000000000E+06   9.7261573055214112E-03   2.3295250195828662E+03   4.7796266786973830E-02
   3.0000000000000000E+06   9.7390232807110563E-03   2.3264475435114232E+03   4.7939789927143227E-02
   3.1000000000000000E+06   9.7520531291971323E-03   2.3233391458641622E+03   4.8081912434822426E-02
   3.2000000000000000E+06   9.7651898940124306E-03   2.3202136398292923E+03   4.8222505586566530E-02
   3.3000000000000000E+06   9.7783946423925551E-03   2.3170804223204327E+03   4.8361478196988245E-02
   3.4000000000000000E+06   9.7916286390465779E-03   2.3139487436501649E+03   4.8498759043787948E-02
   3.5000000000000000E+06   9.8048584898708172E-03   2.3108264959680532E+03   4.8634296496599720E-02
   3.6000000000000000E+06   9.8180690926130843E-03   2.3077171869423605E+03   4.8768065253540258E-02
   3.7000000000000000E+06   9.8312243776382709E-03   2.3046292015413965E+03   4.8900034697759616E-02
   3.8000000000000000E+06   9.8443166943302778E-03   2.3015641909062142E+03   4.9030203369493833E-02
   3.9000000000000000E+06   9.8573346541734157E-03   2.2985246603165797E+03   4.9158573855658166E-02
   4.0000000000000000E+06   9.8702583239979394E-03   2.2955150760870329E+03   4.9285147042158688E-02
   4.1000000000000000E+06   9.8830803991628718E-03   2.2925369290256863E+03   4.9409938120019009E-02
   4.2000000000000000E+06   9.8957948815782508E-03   2.2895913929854260E+03   4.9532965866868207E-02
   4.3000000000000000E+06   9.9083998550253925E-03   2.2866786887006124E+03   4.9654254657321886E-02
   4.4000000000000000E+06   9.9208741473579137E-03   2.2838034684317413E+03   4.9773816724377112E-02
   4.5000000000000000E+06   9.9332365458946817E-03   2.2809611633556510E+03   4.9891695106800395E-02
   4.6000000000000000E+06   9.9454664860039628E-03   2.2781562654196218E+03   5.0007904788486296E-02
   4.7000000000000000E+06   9.9575655476246590E-03   2.2753881638284192E+03   5.0122477572167728E-02
   4.8000000000000000E+06   9.9695382918448486E-03   2.2726555758499517E+03   5.0235448370580790E-02
   4.9000000000000000E+06   9.9813819216779329E-03   2.2699589060311159E+03   5.0346846118730401E-02
   5.0000000000000000E+06   9.9930835083053768E-03   2.2673008555147180E+03   5.0456693007617542E-02
   5.1000000000000000E+06   1.0004660304300961E-02   2.2646772702388021E+03   5.0565032638815829E-02
   5.2000000000000000E+06   1.0016107762409361E-02   2.2620889596100560E+03   5.0671892902365165E-02
   5.3000000000000000E+06   1.0027421882652009E-02   2.2595366040007971E+03   5.0777301219314286E-02
   5.4000000000000000E+06   1.0038595769321184E-02   2.2570215305265651E+03   5.0881282469586932E-02
   5.5000000000000000E+06   1.0049661219659795E-02   2.2545363761404292E+03   5.0983890193648101E-02
   5.6000000000000000E+06   1.0060586060642161E-02   2.2520881637550046E+03   5.1085129179158313E-02
   5.7000000000000000E+06   1.0071389594858510E-02   2.2496723589342105E+03   5.1185042129236885E-02
   5.8000000000000000E+06   1.0082059307311660E-02   2.2472915598879063E+03   5.1283647842323150E-02
   5.9000000000000000E+06   1.0092611051213226E-02   2.2449420345874896E+03   5.1380985315107985E-02
   6.0000000000000000E+06   1.0103044533184230E-02   2.2426236678647770E+03   5.1477080674345789E-02
   6.1000000000000000E+06   1.0113351636451988E-02   2.2403380800036680E+03   5.1571954132154048E-02
   6.2000000000000000E+06   1.0123538062193887E-02   2.2380838248856944E+03   5.1665634826218144E-02
   6.3000000000000000E+06   1.0133610473161735E-02   2.2358592574302502E+03   5.1758152512544481E-02
   6.4000000000000000E+06   1.0143577571417909E-02   2.2336622979503345E+03   5.1849537527674613E-02
   6.5000000000000000E+06   1.0153422906180237E-02   2.2314964122906395E+03   5.1939800883955979E-02
   6.6000000000000000E+06   1.0163154006382378E-02   2.2293597807710266E+03   5.2028970986638584E-02
   6.7000000000000000E+06   1.0172766825295261E-02   2.2272531334613759E+03   5.2117066906597023E-02
   6.8000000000000000E+06   1.0182285648433629E-02   2.2251710048122882E+03   5.2204127910757916E-02
   6.9000000000000000E+06   1.0191696738208274E-02   2.2231162650934625E+03   5.2290165235456362E-02
   7.0000000000000000E+06   1.0201009291250722E-02   2.2210867709966410E+03   5.2375205450928095E-02
   7.1000000000000000E+06   1.0210222639187151E-02   2.2190825399488626E+03   5.2459268730038408E-02
   7.2000000000000000E+06   1.0219334186861282E-02   2.2171040082768509E+03   5.2542370985793882E-02
   7.3000000000000000E+06   1.0228338155007035E-02   2.2151522998405617E+03   5.2624527589346430E-02
   7.4000000000000000E+06   1.0237251530016919E-02   2.2132236099871775E+03   5.2705768642717428E-02
   7.5000000000000000E+06   1.0246067171611362E-02   2.2113193685072793E+03   5.2786107129212084E-02
   7.6000000000000000E+06   1.0254785754950240E-02   2.2094393124374678E+03   5.2865560590866389E-02
   7.7000000000000000E+06   1.0263407685045528E-02   2.2075832396898786E+03   5.2944145293661683E-02
   7.8000000000000000E+06   1.0271944285634427E-02   2.2057486058698396E+03   5.3021886361230258E-02
   7.9000000000000000E+06   1.0280390375587589E-02   2.2039364226298449E+03   5.3098796791472898E-02
   8.0000000000000000E+06   1.0288764788129703E-02   2.2021425559024237E+03   5.3174903469870846E-02
   8.1000000000000000E+06   1.0297030862647209E-02   2.2003747575236407E+03   5.3250195990930921E-02
   8.2000000000000000E+06   1.0305245726219457E-02   2.1986207208979172E+03   5.3324731042181606E-02
   8.3000000000000000E+06   1.0313333171531661E-02   2.1968966202074025E+03   5.3398465593101581E-02
   8.4000000000000000E+06   1.0321394731157169E-02   2.1951807268077041E+03   5.3471489297533412E-02
   8.5000000000000000E+06   1.0329329956507949E-02   2.1934943392272653E+03   5.3543740315222146E-02
   8.6000000000000000E+06   1.0337213399418278E-02   2.1918215201870389E+03   5.3615287619792673E-02
   8.7000000000000000E+06   1.0344986666138027E-02   2.1901745762297046E+03   5.3686099843647091E-02
   8.8000000000000000E+06   1.0352711222152006E-02   2.1885404027430263E+03   5.3756235506011288E-02
   8.9000000000000000E+06   1.0360365308360021E-02   2.1869235411349896E+03   5.3825690655729896E-02
   9.0000000000000000E+06   1.0367930448401974E-02   2.1853278144919473E+03   5.3894461943212013E-02
   9.1000000000000000E+06   1.0375427646074544E-02   2.1837487147995303E+03   5.3962577125361261E-02
   9.2000000000000000E+06   1.0382861862099449E-02   2.1821851324360600E+03   5.4030052719956582E-02
   9.3000000000000000E+06   1.0390255797543459E-02   2.1806322413128282E+03   5.4096913764954138E-02
   9.4000000000000000E+06   1.0397540606022371E-02   2.1791044292231400E+03   5.4163120101012222E-02
   9.5000000000000000E+06   1.0404727137538419E-02   2.1775993246249741E+03   5.4228690721995619E-02
   9.6000000000000000E+06   1.0411907654718940E-02   2.1760975547398298E+03   5.4293705013128642E-02
   9.7000000000000000E+06   1.0418999447010392E-02   2.1746163729869518E+03   5.4358109154026446E-02
   9.8000000000000000E+06   1.0426043564675577E-02   2.1731471432150897E+03   5.4421944280205165E-02
   9.9000000000000000E+06   1.0433000732428820E-02   2.1716979964532347E+03   5.4485190043089875E-02
   1.0000000000000000E+07   1.0439931823150415E-02   2.1702562019963070E+03   5.4547902337538763E-02
   1.1000000000000000E+07   1.0505784324744492E-02   2.1566525722639790E+03   5.5145934319619394E-02
   1.2000000000000000E+07   1.0566542852853245E-02   2.1442516349131852E+03   5.5697107618650266E-02
   1.3000000000000000E+07   1.0622723020730012E-02   2.1329113771860116E+03   5.6207959228517235E-02
   1.4000000000000000E+07   1.0675049345659531E-02   2.1224563984636993E+03   5.6683968181517809E-02
   1.5000000000000000E+07   1.0724075207872203E-02   2.1127534401268254E+03   5.7129577390268818E-02
   1.6000000000000000E+07   1.0770087281836274E-02   2.1037273138744495E+03   5.7548322904707835E-02
   1.7000000000000000E+07   1.0813385716823613E-02   2.0953036709270646E+03   5.7943191251135485E-02
   1.8000000000000000E+07   1.0854344801726623E-02   2.0873970010614235E+03   5.8316798306802309E-02
   1.9000000000000000E+07   1.0893174890606334E-02   2.0799562125041448E+03   5.8671273489191059E-02
   2.0000000000000000E+07   1.0930084168455532E-02   2.0729325079673545E+03   5.9008475188850738E-02
   2.1000000000000000E+07   1.0965249804989708E-02   2.0662845982132249E+03   5.9329988360997593E-02
   2.2000000000000000E+07   1.0998826835717360E-02   2.0599766798795185E+03   5.9637202499689887E-02
   2.3000000000000000E+07   1.1030952193135900E-02   2.0539774256033406E+03   5.9931329589967303E-02
   2.4000000000000000E+07   1.1061742974337367E-02   2.0482601015205782E+03   6.0213431598053396E-02
   2.5000000000000000E+07   1.1091307943493722E-02   2.0428002633270883E+03   6.0484455157298389E-02
   2.6000000000000000E+07   1.1119734900006787E-02   2.0375779630858801E+03   6.0745219795587800E-02
   2.7000000000000000E+07   1.1147111995672029E-02   2.0325737102495891E+03   6.0996485548084206E-02
   2.8000000000000000E+07   1.1173513264212048E-02   2.0277710556965619E+03   6.1238917287237980E-02
   2.9000000000000000E+07   1.1199001780015599E-02   2.0231559234183139E+03   6.1473096529933477E-02
   3.0000000000000000E+07   1.1223639965292838E-02   2.0187146823735131E+03   6.1699580196915370E-02
   3.1000000000000000E+07   1.1247483567175583E-02   2.0144351980858598E+03   6.1918852116147588E-02
   3.2000000000000000E+07   1.1270584168736027E-02   2.0103063380211440E+03   6.2131364804858064E-02
   3.3000000000000000E+07   1.1292977024411583E-02   2.0063200995302966E+03   6.2337496605304278E-02
   3.4000000000000000E+07   1.1314713883955088E-02   2.0024657291370120E+03   6.2537645459757832E-02
   3.5000000000000000E+07   1.1335828275767431E-02   1.9987358873497851E+03   6.2732131969107013E-02
   3.6000000000000000E+07   1.1356352571988573E-02   1.9951235789823099E+03   6.2921272581825852E-02
   3.7000000000000000E+07   1.1376323864192095E-02   1.9916211122405346E+03   6.3105359488189156E-02
   3.8000000000000000E+07   1.1395762542711046E-02   1.9882238422125486E+03   6.3284628336557902E-02
   3.9000000000000000E+07   1.1414704970458271E-02   1.9849244326724959E+03   6.3459357954810225E-02
   4.0000000000000000E+07   1.1433173143497236E-02   1.9817181549898460E+03   6.3629762216991237E-02
   4.1000000000000000E+07   1.1451187807284144E-02   1.9786005756711445E+03   6.3796039676808566E-02
   4.2000000000000000E+07   1.1468773542679219E-02   1.9755666726956599E+03   6.3958396577535340E-02
   4.3000000000000000E+07   1.1485948521232605E-02   1.9726126010165458E+03   6.4117007641333212E-02
   4.4000000000000000E+07   1.1502731347854681E-02   1.9697345006528826E+03   6.4272039660614483E-02
   4.5000000000000000E+07   1.1519136900793678E-02   1.9669292050908512E+03   6.4423640387058667E-02
   4.6000000000000000E+07   1.1535188675553663E-02   1.9641921276613452E+03   6.4571987894524924E-02
   4.7000000000000000E+07   1.1550896374363614E-02   1.9615210848828247E+03   6.4717195868824795E-02
   4.8000000000000000E+07   1.1566274326013998E-02   1.9589131425537462E+03   6.4859394416834165E-02
   4.9000000000000000E+07   1.1581333989396932E-02   1.9563658908683819E+03   6.4998696269110937E-02
   5.0000000000000000E+07   1.1596095043104625E-02   1.9538755678864072E+03   6.5135246974103389E-02
   5.1000000000000000E+07   1.1610570824866242E-02   1.9514395226017507E+03   6.5269160241924029E-02
   5.2000000000000000E+07   1.1624754547514970E-02   1.9490585108701734E+03   6.5400459131055716E-02
   5.3000000000000000E+07   1.1638684347939712E-02   1.9467257733148867E+03   6.5529361144226195E-02
   5.4000000000000000E+07   1.1652342468684275E-02   1.9444439475154866E+03   6.5655833998110896E-02
   5.5000000000000000E+07   1.1665756761794866E-02   1.9422080581872851E+03   6.5780044592345599E-02
   5.6000000000000000E+07   1.1678926695444571E-02   1.9400178953472168E+03   6.5902032712259959E-02
   5.7000000000000000E+07   1.1691870619332358E-02   1.9378701257733046E+03   6.6021918290466108E-02
   5.8000000000000000E+07   1.1704595747001612E-02   1.9357632913904758E+03   6.6139771666632430E-02
   5.9000000000000000E+07   1.1717089205558088E-02   1.9336992652461097E+03   6.6255571689550430E-02
   6.0000000000000000E+07   1.1729388266028571E-02   1.9316716501944477E+03   6.6369516388643440E-02
   6.1000000000000000E+07   1.1741468874604057E-02   1.9296841842860863E+03   6.6481531647896164E-02
   6.2000000000000000E+07   1.1753370559731203E-02   1.9277301496166706E+03   6.6591822117302996E-02
   6.3000000000000000E+07   1.1765067593947447E-02   1.9258135668737580E+03   6.6700304769926888E-02
   6.4000000000000000E+07   1.1776595502203700E-02   1.9239284208556746E+03   6.6807162971056946E-02
   6.5000000000000000E+07   1.1787936789538869E-02   1.9220773908219378E+03   6.6912348594112880E-02
   6.6000000000000000E+07   1.1799104087628114E-02   1.9202582348068286E+03   6.7015940945977751E-02
   6.7000000000000000E+07   1.1810101090826364E-02   1.9184701818691585E+03   6.7117980480922407E-02
   6.8000000000000000E+07   1.1820945183437759E-02   1.9167102491394528E+03   6.7218567254072450E-02
   6.9000000000000000E+07   1.1831620763400243E-02   1.9149808162968363E+03   6.7317655978074334E-02
   7.0000000000000000E+07   1.1842152461818710E-02   1.9132777474924610E+03   6.7415375641184036E-02
   7.1000000000000000E+07   1.1852533321787276E-02   1.9116020324500753E+03   6.7511716004081693E-02
   7.2000000000000000E+07   1.1862766630947982E-02   1.9099530061142407E+03   6.7606709869172901E-02
   7.3000000000000000E+07   1.1872863004238260E-02   1.9083288318514924E+03   6.7700426786197268E-02
   7.4000000000000000E+07   1.1882819031762241E-02   1.9067299373194849E+03   6.7792866240490690E-02
   7.5000000000000000E+07   1.1892640120402077E-02   1.9051553362605900E+03   6.7884070275310446E-02
   7.6000000000000000E+07   1.1902342421493319E-02   1.9036023318146240E+03   6.7974126138515320E-02
   7.7000000000000000E+07   1.1911908077978837E-02   1.9020736761305836E+03   6.8062973532830723E-02
   7.8000000000000000E+07   1.1921352052997160E-02   1.9005668725230287E+03   6.8150691739765776E-02
   7.9000000000000000E+07   1.1930690460202382E-02   1.8990792580856601E+03   6.8237366655085729E-02
   8.0000000000000000E+07   1.1939889096406069E-02   1.8976161842600948E+03   6.8322861600604426E-02
   8.1000000000000000E+07   1.1948981419487113E-02   1.8961722336148148E+03   6.8407339587955765E-02
   8.2000000000000000E+07   1.1957954902055873E-02   1.8947493089905731E+03   6.8490758486594486E-02
   8.3000000000000000E+07   1.1966828760887734E-02   1.8933442802878390E+03   6.8573214071300112E-02
   8.4000000000000000E+07   1.1975596366957972E-02   1.8919581199417285E+03   6.8654690445702451E-02
   8.5000000000000000E+07   1.1984272039935996E-02   1.8905884906574438E+03   6.8735261782054427E-02
   8.6000000000000000E+07   1.1992835769750933E-02   1.8892384772547707E+03   6.8814851597453763E-02
   8.7000000000000000E+07   1.2001294558092160E-02   1.8879068985381712E+03   6.8893505955903142E-02
   8.8000000000000000E+07   1.2009650431145290E-02   1.8865933623556855E+03   6.8971237163457169E-02
   8.9000000000000000E+07   1.2017938729908121E-02   1.8852922532568125E+03   6.9048216629253048E-02
   9.0000000000000000E+07   1.2026120079806513E-02   1.8840096920082749E+03   6.9124277929474218E-02
   9.1000000000000000E+07   1.2034208224094220E-02   1.8827434564616865E+03   6.9199492574498672E-02
   9.2000000000000000E+07   1.2042205202306026E-02   1.8814931656597271E+03   6.9273882350748786E-02
   9.3000000000000000E+07   1.2050132578724013E-02   1.8802553946680298E+03   6.9347544306552336E-02
   9.4000000000000000E+07   1.2057957971289019E-02   1.8790351435591122E+03   6.9420351109804573E-02
   9.5000000000000000E+07   1.2065696323303444E-02   1.8778300216168125E+03   6.9492371793374128E-02
   9.6000000000000000E+07   1.2073382185218522E-02   1.8766346032970146E+03   6.9563773358944481E-02
   9.7000000000000000E+07   1.2080955817736251E-02   1.8754581284327855E+03   6.9634293745726092E-02
   9.8000000000000000E+07   1.2088472900936556E-02   1.8742918955342507E+03   6.9704187399215467E-02
   9.9000000000000000E+07   1.2095923928134009E-02   1.8731373413247036E+03   6.9773425331821029E-02
   1.0000000000000000E+08   1.2103274947614030E-02   1.8719996765897924E+03   6.9841860737431677E-02
   1.1000000000000000E+08   1.2173080803865848E-02   1.8612647983422103E+03   7.0491486504483988E-02
   1.2000000000000000E+08   1.2236816980055317E-02   1.8515702918936995E+03   7.1084925715584543E-02
   1.3000000000000000E+08   1.2295453974427210E-02   1.8427401570315992E+03   7.1631121505146250E-02
   1.4000000000000000E+08   1.2349746363790999E-02   1.8346390379353256E+03   7.2137035011705000E-02
   1.5000000000000000E+08   1.2400294641266985E-02   1.8271603573200109E+03   7.2608209405118362E-02
   1.6000000000000000E+08   1.2447582347333860E-02   1.8202190718958175E+03   7.3049113992821615E-02
   1.7000000000000000E+08   1.2492003834180011E-02   1.8137463843564417E+03   7.3463397991208906E-02
   1.8000000000000000E+08   1.2533887675711598E-02   1.8076854822559635E+03   7.3854098792498768E-02
   1.9000000000000000E+08   1.2573506234861790E-02   1.8019895456678760E+03   7.4223744833018801E-02
   2.0000000000000000E+08   1.2611093902928455E-02   1.7966186725760153E+03   7.4574501195361187E-02
   2.1000000000000000E+08   1.2646847823398763E-02   1.7915394495133401E+03   7.4908202938504406E-02
   2.2000000000000000E+08   1.2680938732886136E-02   1.7867231491981252E+03   7.5226428125837019E-02
   2.3000000000000000E+08   1.2713514472762434E-02   1.7821450422817466E+03   7.5530549553153636E-02
   2.4000000000000000E+08   1.2744704084708689E-02   1.7777836689668964E+03   7.5821768923990215E-02
   2.5000000000000000E+08   1.2774620562306587E-02   1.7736203339349745E+03   7.6101128617124647E-02
   2.6000000000000000E+08   1.2803354665562681E-02   1.7696398623208070E+03   7.6368986712801706E-02
   2.7000000000000000E+08   1.2830957126468505E-02   1.7658329432706032E+03   7.6623810988134616E-02
   2.8000000000000000E+08   1.2857555860881765E-02   1.7621799222777768E+03   7.6869390751273428E-02
   2.9000000000000000E+08   1.2883221395804492E-02   1.7586693647125644E+03   7.7106378220902605E-02
   3.0000000000000000E+08   1.2908016848844139E-02   1.7552910763081063E+03   7.7335347020288187E-02
   3.1000000000000000E+08   1.2931999368011666E-02   1.7520358718587254E+03   7.7556826253466368E-02
   3.2000000000000000E+08   1.2955220535222932E-02   1.7488954916675928E+03   7.7771289765049892E-02
   3.3000000000000000E+08   1.2977727233325994E-02   1.7458624596014163E+03   7.7979168077611113E-02
   3.4000000000000000E+08   1.2999562023196005E-02   1.7429300115789893E+03   7.8180850395552642E-02
   3.5000000000000000E+08   1.3020763944365072E-02   1.7400919703652330E+03   7.8376699415979773E-02
   3.6000000000000000E+08   1.3041368735579211E-02   1.7373427012915845E+03   7.8567047730743494E-02
   3.7000000000000000E+08   1.3061408802083976E-02   1.7346771034374005E+03   7.8752178413553989E-02
   3.8000000000000000E+08   1.3080914741282691E-02   1.7320903954908788E+03   7.8932396654164849E-02
   3.9000000000000000E+08   1.3099913885628740E-02   1.7295782999357743E+03   7.9107934169263816E-02
   4.0000000000000000E+08   1.3118431970169583E-02   1.7271368132359119E+03   7.9279030993181288E-02
   4.1000000000000000E+08   1.3136492813950284E-02   1.7247622412239193E+03   7.9445909604296691E-02
   4.2000000000000000E+08   1.3154118779033701E-02   1.7224511324714679E+03   7.9608791798125869E-02
   4.3000000000000000E+08   1.3171329697606269E-02   1.7202004131540721E+03   7.9767829423490352E-02
   4.4000000000000000E+08   1.3188145155793817E-02   1.7180070828729831E+03   7.9923227227656796E-02
   4.5000000000000000E+08   1.3204582549035287E-02   1.7158684648660949E+03   8.0075128164548329E-02
   4.6000000000000000E+08   1.3220658771339551E-02   1.7137819816307915E+03   8.0223700091082858E-02
   4.7000000000000000E+08   1.3236389177501202E-02   1.7117452867072700E+03   8.0369076787948995E-02
   4.8000000000000000E+08   1.3251788600466264E-02   1.7097561295849227E+03   8.0511407500806959E-02
   4.9000000000000000E+08   1.3266870401603532E-02   1.7078124758701399E+03   8.0650802005192868E-02
   5.0000000000000000E+08   1.3281647642433569E-02   1.7059123534660605E+03   8.0787389736011739E-02
   5.1000000000000000E+08   1.3296132061098542E-02   1.7040539822781234E+03   8.0921266075781456E-02
   5.2000000000000000E+08   1.3310335275264991E-02   1.7022356175892587E+03   8.1052548359614909E-02
   5.3000000000000000E+08   1.3324268041453565E-02   1.7004556435761313E+03   8.1181338782983739E-02
   5.4000000000000000E+08   1.3337940457649869E-02   1.6987125455801445E+03   8.1307727807863162E-02
   5.5000000000000000E+08   1.3351362013590941E-02   1.6970049021625591E+03   8.1431802482371446E-02
   5.6000000000000000E+08   1.3364541390796281E-02   1.6953314090683393E+03   8.1553623734954436E-02
   5.7000000000000000E+08   1.3377487524521359E-02   1.6936907432041478E+03   8.1673293569639649E-02
   5.8000000000000000E+08   1.3390208777221014E-02   1.6920816668784662E+03   8.1790899521966734E-02
   5.9000000000000000E+08   1.3402712699993609E-02   1.6905030567148995E+03   8.1906504042457043E-02
   6.0000000000000000E+08   1.3415006475691044E-02   1.6889538464754007E+03   8.2020167609656400E-02
   6.1000000000000000E+08   1.3427096802392870E-02   1.6874330408918327E+03   8.2131940938018608E-02
   6.2000000000000000E+08   1.3438990214418784E-02   1.6859396744929243E+03   8.2241882123861146E-02
   6.3000000000000000E+08   1.3450693736635030E-02   1.6844727291574629E+03   8.2350087082656037E-02
   6.4000000000000000E+08   1.3462213301643707E-02   1.6830313322137299E+03   8.2456609996723412E-02
   6.5000000000000000E+08   1.3473553863869515E-02   1.6816147407380286E+03   8.2561460687448851E-02
   6.6000000000000000E+08   1.3484721539767063E-02   1.6802220736107383E+03   8.2664725795259186E-02
   6.7000000000000000E+08   1.3495720721374598E-02   1.6788526715528426E+03   8.2766409746187083E-02
   6.8000000000000000E+08   1.3506557718964141E-02   1.6775056427440686E+03   8.2866630684966122E-02
   6.9000000000000000E+08   1.3517235757993063E-02   1.6761804849200018E+03   8.2965347335239636E-02
   7.0000000000000000E+08   1.3527760467859386E-02   1.6748764025976334E+03   8.3062661978077851E-02
   7.1000000000000000E+08   1.3538135887718057E-02   1.6735928029918634E+03   8.3158598370955863E-02
   7.2000000000000000E+08   1.3548366505345237E-02   1.6723290426688568E+03   8.3253211885390796E-02
   7.3000000000000000E+08   1.3558455450278792E-02   1.6710846505119371E+03   8.3346489486994718E-02
   7.4000000000000000E+08   1.3568408114448266E-02   1.6698588807543485E+03   8.3438554188822484E-02
   7.5000000000000000E+08   1.3578226024369875E-02   1.6686514679418337E+03   8.3529320019671699E-02
   7.6000000000000000E+08   1.3587913965966484E-02   1.6674617490484843E+03   8.3618888672217145E-02
   7.7000000000000000E+08   1.3597475912279517E-02   1.6662891652670312E+03   8.3707322815406646E-02
   7.8000000000000000E+08   1.3606914453215381E-02   1.6651333309629770E+03   8.3794615432083469E-02
   7.9000000000000000E+08   1.3616232300695837E-02   1.6639938484637141E+03   8.3880771461324652E-02
   8.0000000000000000E+08   1.3625433635763540E-02   1.6628701436804681E+03   8.3965883926679932E-02
   8.1000000000000000E+08   1.3634519804778096E-02   1.6617619917696506E+03   8.4049891683925390E-02
   8.2000000000000000E+08   1.3643494877626493E-02   1.6606688382143041E+03   8.4132890387800835E-02
   8.3000000000000000E+08   1.3652360940980579E-02   1.6595903730906957E+03   8.4214873691948092E-02
   8.4000000000000000E+08   1.3661120778394743E-02   1.6585262040464268E+03   8.4295871127965188E-02
   8.5000000000000000E+08   1.3669777714378330E-02   1.6574758756888243E+03   8.4375954391355673E-02
   8.6000000000000000E+08   1.3678333501568055E-02   1.6564391257906832E+03   8.4455107005100200E-02
   8.7000000000000000E+08   1.3686789531238107E-02   1.6554157376277869E+03   8.4533298011197813E-02
   8.8000000000000000E+08   1.3695148967216086E-02   1.6544052818884034E+03   8.4610599814739951E-02
   8.9000000000000000E+08   1.3703414375810536E-02   1.6534074038953274E+03   8.4687051229328583E-02
   9.0000000000000000E+08   1.3711586597139978E-02   1.6524219591288411E+03   8.4762603382356694E-02
   9.1000000000000000E+08   1.3719669815048140E-02   1.6514484016779743E+03   8.4837394912224917E-02
   9.2000000000000000E+08   1.3727663263475777E-02   1.6504867837116567E+03   8.4911288374561356E-02
   9.3000000000000000E+08   1.3735571584264599E-02   1.6495365080814634E+03   8.4984455082806207E-02
   9.4000000000000000E+08   1.3743394889939593E-02   1.6485975240510891E+03   8.5056817019932993E-02
   9.5000000000000000E+08   1.3751135927544447E-02   1.6476694657803982E+03   8.5128441981054292E-02
   9.6000000000000000E+08   1.3758794841803146E-02   1.6467522808590313E+03   8.5199257501628961E-02
   9.7000000000000000E+08   1.3766374894045497E-02   1.6458455448144880E+03   8.5269368204954066E-02
   9.8000000000000000E+08   1.3773876314547137E-02   1.6449491973208371E+03   8.5338711239277248E-02
   9.9000000000000000E+08   1.3781302343380326E-02   1.6440628195414320E+03   8.5407392951491967E-02
   1.0000000000000000E+09   1.3788653986879102E-02   1.6431862609048628E+03   8.5475399872968455E-02
   1.1000000000000000E+09   1.3858369608581530E-02   1.6349200827765978E+03   8.6120220997265282E-02
   1.2000000000000000E+09   1.3922015699828472E-02   1.6274458581374788E+03   8.6708968988694679E-02
   1.3000000000000000E+09   1.3980564620201117E-02   1.6206303109441128E+03   8.7250595543363257E-02
   1.4000000000000000E+09   1.4034772110899062E-02   1.6143708361331830E+03   8.7752065781462857E-02
   1.5000000000000000E+09   1.4085238175956197E-02   1.6085866993919449E+03   8.8218939833447543E-02
   1.6000000000000000E+09   1.4132445982149130E-02   1.6032134010085410E+03   8.8655685701326259E-02
   1.7000000000000000E+09   1.4176790998016638E-02   1.5981985479492930E+03   8.9065956189357420E-02
   1.8000000000000000E+09   1.4218600537526504E-02   1.5934990738232186E+03   8.9452778780333919E-02
   1.9000000000000000E+09   1.4258149030450864E-02   1.5890791111259934E+03   8.9818688927417484E-02
   2.0000000000000000E+09   1.4295668483398116E-02   1.5849085206419879E+03   9.0165834427604924E-02
   2.1000000000000000E+09   1.4331356920982708E-02   1.5809617269693381E+03   9.0496043673968671E-02
   2.2000000000000000E+09   1.4365384901243478E-02   1.5772168266545762E+03   9.0810893700813633E-02
   2.3000000000000000E+09   1.4397899971479538E-02   1.5736549658278059E+03   9.1111750656326707E-02
   2.4000000000000000E+09   1.4429031076087152E-02   1.5702597539733756E+03   9.1399804309502480E-02
   2.5000000000000000E+09   1.4458891130626463E-02   1.5670169021204269E+03   9.1676100347223705E-02
   2.6000000000000000E+09   1.4487579869499884E-02   1.5639138483930196E+03   9.1941562733671184E-02
   2.7000000000000000E+09   1.4515185790077503E-02   1.5609394957313752E+03   9.2197006635104550E-02
   2.8000000000000000E+09   1.4541787539347610E-02   1.5580840200218795E+03   9.2443162775116550E-02
   2.9000000000000000E+09   1.4567455823362248E-02   1.5553386303238069E+03   9.2680681731372172E-02
   3.0000000000000000E+09   1.4592253808361043E-02   1.5526954975679389E+03   9.2910150535161787E-02
   3.1000000000000000E+09   1.4616238516448219E-02   1.5501475815486749E+03   9.3132094691535397E-02
   3.2000000000000000E+09   1.4639461757228626E-02   1.5476885122790213E+03   9.3346995804253180E-02
   3.3000000000000000E+09   1.4661970290841654E-02   1.5453125561005472E+03   9.3555281992729750E-02
   3.4000000000000000E+09   1.4683806767621399E-02   1.5430145020412178E+03   9.3757353393193479E-02
   3.5000000000000000E+09   1.4705010320224544E-02   1.5407895876447658E+03   9.3953566747583095E-02
   3.6000000000000000E+09   1.4725616436045634E-02   1.5386335021024845E+03   9.4144251594196829E-02
   3.7000000000000000E+09   1.4745657977129088E-02   1.5365422704604248E+03   9.4329716153050844E-02
   3.8000000000000000E+09   1.4765164967193718E-02   1.5345122684340097E+03   9.4510231410793427E-02
   3.9000000000000000E+09   1.4784165272251733E-02   1.5325401448356461E+03   9.4686061077257702E-02
   4.0000000000000000E+09   1.4802684526437437E-02   1.5306228236604688E+03   9.4857438170485267E-02
   4.1000000000000000E+09   1.4820746491592228E-02   1.5287574617421765E+03   9.5024586516127343E-02
   4.2000000000000000E+09   1.4838373077976728E-02   1.5269414422015745E+03   9.5187702909423813E-02
   4.3000000000000000E+09   1.4855584975314393E-02   1.5251723055847751E+03   9.5346984159734000E-02
   4.4000000000000000E+09   1.4872401112229242E-02   1.5234478021830778E+03   9.5502606807827531E-02
   4.5000000000000000E+09   1.4888839234773200E-02   1.5217658294472101E+03   9.5654730056885462E-02
   4.6000000000000000E+09   1.4904916339367089E-02   1.5201243852518601E+03   9.5803509776507367E-02
   4.7000000000000000E+09   1.4920647417751053E-02   1.5185216936803588E+03   9.5949092183646972E-02
   4.8000000000000000E+09   1.4936047316391171E-02   1.5169560130374064E+03   9.6091608163112574E-02
   4.9000000000000000E+09   1.4951129829128955E-02   1.5154257267880873E+03   9.6231184046642770E-02
   5.0000000000000000E+09   1.4965907340921047E-02   1.5139293777169946E+03   9.6367943320784355E-02
   5.1000000000000000E+09   1.4980392470136022E-02   1.5124655000046921E+03   9.6501995332735110E-02
   5.2000000000000000E+09   1.4994596115090811E-02   1.5110328156693790E+03   9.6633443817438464E-02
   5.3000000000000000E+09   1.5008529414823731E-02   1.5096300351207262E+03   9.6762389457399400E-02
   5.4000000000000000E+09   1.5022202114298083E-02   1.5082560210027818E+03   9.6888916577723361E-02
   5.5000000000000000E+09   1.5035624055108252E-02   1.5069096370438397E+03   9.7013129029041592E-02
   5.6000000000000000E+09   1.5048804081953504E-02   1.5055898571223624E+03   9.7135101787077405E-02
   5.7000000000000000E+09   1.5061750661532515E-02   1.5042957021906670E+03   9.7254922090223767E-02
   5.8000000000000000E+09   1.5074472320201208E-02   1.5030261959649397E+03   9.7372651294084525E-02
   5.9000000000000000E+09   1.5086976415228798E-02   1.5017804869596328E+03   9.7488370589807249E-02
   6.0000000000000000E+09   1.5099270197322774E-02   1.5005577416336412E+03   9.7602149489388779E-02
   6.1000000000000000E+09   1.5111360834554626E-02   1.4993571416679479E+03   9.7714045165895685E-02
   6.2000000000000000E+09   1.5123254928021981E-02   1.4981779316322234E+03   9.7824123808043034E-02
   6.3000000000000000E+09   1.5134958709471369E-02   1.4970193987666432E+03   9.7932436127441708E-02
   6.4000000000000000E+09   1.5146478178267277E-02   1.4958808589656414E+03   9.8039043710478571E-02
   6.5000000000000000E+09   1.5157819181129309E-02   1.4947616485502072E+03   9.8143996086053731E-02
   6.6000000000000000E+09   1.5168986783632850E-02   1.4936611858649501E+03   9.8247347198498841E-02
   6.7000000000000000E+09   1.5179986462788907E-02   1.4925788532915553E+03   9.8349149238065620E-02
   6.8000000000000000E+09   1.5190823300154553E-02   1.4915140766188940E+03   9.8449448280106794E-02
   6.9000000000000000E+09   1.5201502037219053E-02   1.4904663191924756E+03   9.8548273821431748E-02
   7.0000000000000000E+09   1.5212026839245102E-02   1.4894351046737420E+03   9.8645673468484005E-02
   7.1000000000000000E+09   1.5222402382177869E-02   1.4884199102592120E+03   9.8741702822078836E-02
   7.2000000000000000E+09   1.5232633080772088E-02   1.4874202422830488E+03   9.8836388705360850E-02
   7.3000000000000000E+09   1.5242722458826156E-02   1.4864356973508552E+03   9.8929755175812262E-02
   7.4000000000000000E+09   1.5252674524388918E-02   1.4854658277393839E+03   9.9021860661387878E-02
   7.5000000000000000E+09   1.5262493159313084E-02   1.4845102009946152E+03   9.9112725699731050E-02
   7.6000000000000000E+09   1.5272181625110943E-02   1.4835684477689160E+03   9.9202396552553251E-02
   7.7000000000000000E+09   1.5281743381356946E-02   1.4826401819606356E+03   9.9290892747183113E-02
   7.8000000000000000E+09   1.5291181952208232E-02   1.4817250136990758E+03   9.9378242380714146E-02
   7.9000000000000000E+09   1.5300500137741485E-02   1.4808226256423054E+03   9.9464484853426835E-02
   8.0000000000000000E+09   1.5309701105749154E-02   1.4799326669481770E+03   9.9549632160195287E-02
   8.1000000000000000E+09   1.5318787696407238E-02   1.4790548205668192E+03   9.9633727360949470E-02
   8.2000000000000000E+09   1.5327763096784800E-02   1.4781887379485579E+03   9.9716801160931803E-02
   8.3000000000000000E+09   1.5336629436508466E-02   1.4773341744618017E+03   9.9798857617710623E-02
   8.4000000000000000E+09   1.5345389687032118E-02   1.4764908060143796E+03   9.9879933051057468E-02
   8.5000000000000000E+09   1.5354046114559965E-02   1.4756583781603513E+03   9.9960045977761369E-02
   8.6000000000000000E+09   1.5362601574733254E-02   1.4748365813818359E+03   1.0003921876338479E-01
   8.7000000000000000E+09   1.5371058065595617E-02   1.4740251901281754E+03   1.0011749093546057E-01
   8.8000000000000000E+09   1.5379417614950508E-02   1.4732239773231304E+03   1.0019485771503510E-01
   8.9000000000000000E+09   1.5387683144410988E-02   1.4724326316688062E+03   1.0027135629746164E-01
   9.0000000000000000E+09   1.5395855872278269E-02   1.4716510063209619E+03   1.0034699903116588E-01
   9.1000000000000000E+09   1.5403938697176938E-02   1.4708787948995916E+03   1.0042178962084905E-01
   9.2000000000000000E+09   1.5411932956525865E-02   1.4701158415055929E+03   1.0049577998735662E-01
   9.3000000000000000E+09   1.5419840643442245E-02   1.4693619286686026E+03   1.0056896543067069E-01
   9.4000000000000000E+09   1.5427663940685985E-02   1.4686168220101476E+03   1.0064138187463423E-01
   9.5000000000000000E+09   1.5435404591705598E-02   1.4678803301201440E+03   1.0071301129878923E-01
   9.6000000000000000E+09   1.5443064066387938E-02   1.4671522885749605E+03   1.0078390362188377E-01
   9.7000000000000000E+09   1.5450643907873450E-02   1.4664325268712532E+03   1.0085406302893825E-01
   9.8000000000000000E+09   1.5458146368447613E-02   1.4657208081466865E+03   1.0092349922513974E-01
   9.9000000000000000E+09   1.5465572685504763E-02   1.4650169927975942E+03   1.0099220967206191E-01
   1.0000000000000000E+10   1.5472924010250673E-02   1.4643209501061679E+03   1.0106027171520468E-01
   1.1000000000000000E+10   1.5542640601799173E-02   1.4577527312178893E+03   1.0170549297540124E-01
   1.2000000000000000E+10   1.5606286867549092E-02   1.4518076580229522E+03   1.0229454377473302E-01
   1.3000000000000000E+10   1.5664835554278819E-02   1.4463814005006900E+03   1.0283642333074980E-01
   1.4000000000000000E+10   1.5719043543061265E-02   1.4413934744529824E+03   1.0333812776904777E-01
   1.5000000000000000E+10   1.5769509872550727E-02   1.4367806590520220E+03   1.0380520505354883E-01
   1.6000000000000000E+10   1.5816717636422076E-02   1.4324923355422657E+03   1.0424212778461678E-01
   1.7000000000000000E+10   1.5861062822893391E-02   1.4284872987772219E+03   1.0465255489063642E-01
   1.8000000000000000E+10   1.5902872801714825E-02   1.4247316865395312E+03   1.0503951705391791E-01
   1.9000000000000000E+10   1.5942421076634693E-02   1.4211973626024414E+03   1.0540555214496944E-01
   2.0000000000000000E+10   1.5979940964315410E-02   1.4178604813501233E+03   1.0575280897090082E-01
   2.1000000000000000E+10   1.6015629329594726E-02   1.4147009974652144E+03   1.0608311966484026E-01
   2.2000000000000000E+10   1.6049657058835071E-02   1.4117016148415657E+03   1.0639806182449900E-01
   2.3000000000000000E+10   1.6082172271126259E-02   1.4088474122547173E+03   1.0669900248017186E-01
   2.4000000000000000E+10   1.6113304174262863E-02   1.4061254316666125E+03   1.0698713414885883E-01
   2.5000000000000000E+10   1.6143163529041417E-02   1.4035245784911028E+03   1.0726350134105211E-01
   2.6000000000000000E+10   1.6171852933608965E-02   1.4010346792434327E+03   1.0752902894705278E-01
   2.7000000000000000E+10   1.6199458572902725E-02   1.3986471637706661E+03   1.0778453381394772E-01
   2.8000000000000000E+10   1.6226060268142196E-02   1.3963541619585610E+03   1.0803074580473454E-01
   2.9000000000000000E+10   1.6251728525138804E-02   1.3941487363983201E+03   1.0826831738056808E-01
   3.0000000000000000E+10   1.6276526239711563E-02   1.3920247142373246E+03   1.0849783405240729E-01
   3.1000000000000000E+10   1.6300511564181042E-02   1.3899764248748063E+03   1.0871982499992340E-01
   3.2000000000000000E+10   1.6323735142442626E-02   1.3879989224218959E+03   1.0893476742705312E-01
   3.3000000000000000E+10   1.6346242817010175E-02   1.3860877414614938E+03   1.0914309441893918E-01
   3.4000000000000000E+10   1.6368079998051784E-02   1.3842385173036544E+03   1.0934520308263979E-01
   3.5000000000000000E+10   1.6389283028519660E-02   1.3824477097737504E+03   1.0954145179945543E-01
   3.6000000000000000E+10   1.6409889084143311E-02   1.3807117568822764E+03   1.0973217214509723E-01
   3.7000000000000000E+10   1.6429930886004911E-02   1.3790275165984060E+03   1.0991766696218316E-01
   3.8000000000000000E+10   1.6449437818887330E-02   1.3773921660468870E+03   1.1009821449682680E-01
   3.9000000000000000E+10   1.6468437754948776E-02   1.3758030436616405E+03   1.1027407186484138E-01
   4.0000000000000000E+10   1.6486957694044287E-02   1.3742575924602199E+03   1.1044547750592106E-01
   4.1000000000000000E+10   1.6505019261083449E-02   1.3727537320137301E+03   1.1061264972447998E-01
   4.2000000000000000E+10   1.6522646059048230E-02   1.3712892418465296E+03   1.1077579377532873E-01
   4.3000000000000000E+10   1.6539858385682477E-02   1.3698621994988682E+03   1.1093509908158877E-01
   4.4000000000000000E+10   1.6556673780586492E-02   1.3684709312916234E+03   1.1109074101498415E-01
   4.5000000000000000E+10   1.6573112002734283E-02   1.3671135984522837E+03   1.1124288571432811E-01
   4.6000000000000000E+10   1.6589189615843179E-02   1.3657886438269634E+03   1.1139168699723657E-01
   4.7000000000000000E+10   1.6604921474860299E-02   1.3644946663502014E+03   1.1153728789697888E-01
   4.8000000000000000E+10   1.6620320924433125E-02   1.3632304027476885E+03   1.1167982242606851E-01
   4.9000000000000000E+10   1.6635402730593749E-02   1.3619944857687324E+03   1.1181941787588304E-01
   5.0000000000000000E+10   1.6650180861695008E-02   1.3607856260429990E+03   1.1195619387533547E-01
   5.1000000000000000E+10   1.6664665748820653E-02   1.3596028344711472E+03   1.1209026079262513E-01
   5.2000000000000000E+10   1.6678869009472370E-02   1.3584450345370005E+03   1.1222172414188809E-01
   5.3000000000000000E+10   1.6692802210227460E-02   1.3573111633545238E+03   1.1235068375344778E-01
   5.4000000000000000E+10   1.6706475372615971E-02   1.3562002925374090E+03   1.1247723319629736E-01
   5.5000000000000000E+10   1.6719898046944619E-02   1.3551115397950159E+03   1.1260146034532700E-01
   5.6000000000000000E+10   1.6733076990387376E-02   1.3540442562134099E+03   1.1272344797241091E-01
   5.7000000000000000E+10   1.6746023532279865E-02   1.3529974291470587E+03   1.1284327699402294E-01
   5.8000000000000000E+10   1.6758745998363682E-02   1.3519702959769816E+03   1.1296102314818239E-01
   5.9000000000000000E+10   1.6771248714174666E-02   1.3509624222829254E+03   1.1307675423740673E-01
   6.0000000000000000E+10   1.6783542977845317E-02   1.3499728166763730E+03   1.1319054190908330E-01
   6.1000000000000000E+10   1.6795634539403515E-02   1.3490009403607480E+03   1.1330244905572134E-01
   6.2000000000000000E+10   1.6807528291390351E-02   1.3480463275029560E+03   1.1341253537530377E-01
   6.3000000000000000E+10   1.6819232890133443E-02   1.3471082144835582E+03   1.1352086136226866E-01
   6.4000000000000000E+10   1.6830751146085031E-02   1.3461863104595354E+03   1.1362747978505833E-01
   6.5000000000000000E+10   1.6842092615935417E-02   1.3452797882237751E+03   1.1373244638161464E-01
   6.6000000000000000E+10   1.6853259616510016E-02   1.3443884033813215E+03   1.1383580960171467E-01
   6.7000000000000000E+10   1.6864259399046462E-02   1.3435115205172835E+03   1.1393761875461522E-01
   6.8000000000000000E+10   1.6875096674654214E-02   1.3426487103710219E+03   1.1403791995840283E-01
   6.9000000000000000E+10   1.6885774852341946E-02   1.3417996500449829E+03   1.1413675657610231E-01
   7.0000000000000000E+10   1.6896298948923996E-02   1.3409638913292124E+03   1.1423417032442892E-01
   7.1000000000000000E+10   1.6906674818519034E-02   1.3401409224948650E+03   1.1433020334352070E-01
   7.2000000000000000E+10   1.6916906696623824E-02   1.3393303630463727E+03   1.1442489370744827E-01
   7.3000000000000000E+10   1.6926995767234124E-02   1.3385320761684704E+03   1.1451827703088034E-01
   7.4000000000000000E+10   1.6936946708798369E-02   1.3377456502145583E+03   1.1461038893223884E-01
   7.5000000000000000E+10   1.6946766626520310E-02   1.3369704845143690E+03   1.1470126649508217E-01
   7.6000000000000000E+10   1.6956455475840428E-02   1.3362065450466923E+03   1.1479093961145456E-01
   7.7000000000000000E+10   1.6966017040044717E-02   1.3354534970778909E+03   1.1487943992684782E-01
   7.8000000000000000E+10   1.6975455521098259E-02   1.3347109748808052E+03   1.1496679886698527E-01
   7.9000000000000000E+10   1.6984773019220085E-02   1.3339787798148152E+03   1.1505304372422985E-01
   8.0000000000000000E+10   1.6993974379047403E-02   1.3332564991710228E+03   1.1513820484035805E-01
   8.1000000000000000E+10   1.7003060423183211E-02   1.3325440375850310E+03   1.1522230733963273E-01
   8.2000000000000000E+10   1.7012035971218142E-02   1.3318409875186990E+03   1.1530537861256202E-01
   8.3000000000000000E+10   1.7020902328782152E-02   1.3311472182821658E+03   1.1538744263495926E-01
   8.4000000000000000E+10   1.7029662797640479E-02   1.3304624440802231E+03   1.1546852408472921E-01
   8.5000000000000000E+10   1.7038318782549307E-02   1.3297865286342978E+03   1.1554864525448361E-01
   8.6000000000000000E+10   1.7046874033011299E-02   1.3291191536779618E+03   1.1562782982389869E-01
   8.7000000000000000E+10   1.7055332401777892E-02   1.3284599944383929E+03   1.1570610030387728E-01
   8.8000000000000000E+10   1.7063691584169524E-02   1.3278092068090737E+03   1.1578347466801539E-01
   8.9000000000000000E+10   1.7071955695802832E-02   1.3271664472033010E+03   1.1585997445748490E-01
   9.0000000000000000E+10   1.7080128822393743E-02   1.3265313759170713E+03   1.1593562007576312E-01
   9.1000000000000000E+10   1.7088211143057853E-02   1.3259039578765633E+03   1.1601042926863579E-01
   9.2000000000000000E+10   1.7096205229092380E-02   1.3252839729050011E+03   1.1608442132228869E-01
   9.3000000000000000E+10   1.7104113275441778E-02   1.3246712309922766E+03   1.1615761334199971E-01
   9.4000000000000000E+10   1.7111938251635275E-02   1.3240654830814146E+03   1.1623002423890529E-01
   9.5000000000000000E+10   1.7119677904779262E-02   1.3234668849281097E+03   1.1630166645282618E-01
   9.6000000000000000E+10   1.7127337625879643E-02   1.3228750015049197E+03   1.1637255954322800E-01
   9.7000000000000000E+10   1.7134915527046685E-02   1.3222899612109113E+03   1.1644271609273577E-01
   9.8000000000000000E+10   1.7142419558043853E-02   1.3217111336526093E+03   1.1651215656248375E-01
   9.9000000000000000E+10   1.7149845272775494E-02   1.3211388457001506E+03   1.1658088945756451E-01
   1.0000000000000000E+11   1.7157196361365753E-02   1.3205727970002217E+03   1.1664893216989976E-01
   1.1000000000000000E+11   1.7226913519781131E-02   1.3152284512018996E+03   1.1729420323079823E-01
