   0.0000000000000000E+00   0.0000000000000000E+00   1.0000000000000000E+30
   1.0000000000000001E-01   1.7496530974040987E+00   1.2949610880709274E+01
   2.0000000000000001E-01   1.9444608662367640E+00   1.1652241081848530E+01
   3.0000000000000004E-01   1.7677934670040500E+00   1.2816727299037410E+01
   4.0000000000000002E-01   1.6186371144743363E+00   1.3997780345577288E+01
   5.0000000000000000E-01   1.5037615137566362E+00   1.5067101119651069E+01
   5.9999999999999998E-01   1.4078423035070462E+00   1.6093653906527468E+01
   6.9999999999999996E-01   1.3288021655330509E+00   1.7050940595451078E+01
   7.9999999999999993E-01   1.2592456697071877E+00   1.7992777209930217E+01
   8.9999999999999991E-01   1.1977974273922933E+00   1.8915825221746989E+01
   9.9999999999999989E-01   1.1424619260274715E+00   1.9832019143424812E+01
   1.0999999999999999E+00   1.0906216097040355E+00   2.0774690860709583E+01
   1.2000000000000000E+00   1.0382115314582061E+00   2.1823420469803253E+01
   1.3000000000000000E+00   9.9136691505052155E-01   2.2854632773836464E+01
   1.4000000000000001E+00   9.5238206722076557E-01   2.3790165278656755E+01
   1.5000000000000002E+00   9.1969110666224407E-01   2.4635800676423948E+01
   1.6000000000000003E+00   8.9142881230354887E-01   2.5416866130972153E+01
   1.7000000000000004E+00   8.6671804886061499E-01   2.6141519514213485E+01
   1.8000000000000005E+00   8.4478580661267433E-01   2.6820202955894302E+01
   1.9000000000000006E+00   8.2525389466393229E-01   2.7454977109605199E+01
   2.0000000000000004E+00   8.0755999411823998E-01   2.8056524533944902E+01
   2.1000000000000005E+00   7.9136164583193813E-01   2.8630812356077399E+01
   2.2000000000000006E+00   7.7658677176291702E-01   2.9175525017219606E+01
   2.3000000000000007E+00   7.6291360872561054E-01   2.9698417394150496E+01
   2.4000000000000008E+00   7.5022651900982740E-01   3.0200647689066834E+01
   2.5000000000000009E+00   7.3845716542322226E-01   3.0681978384792984E+01
   2.6000000000000010E+00   7.2746858368799561E-01   3.1145436786763444E+01
   2.7000000000000011E+00   7.1713321247312922E-01   3.1594306878458465E+01
   2.8000000000000012E+00   7.0737473082899216E-01   3.2030161384275132E+01
   2.9000000000000012E+00   6.9892704888406132E-01   3.2417298520334157E+01
   3.0000000000000013E+00   6.9273084197601753E-01   3.2707258598419962E+01
   3.1000000000000014E+00   6.8743261958171553E-01   3.2959341966340176E+01
   3.2000000000000015E+00   6.8297139942148022E-01   3.3174634848257163E+01
   3.3000000000000016E+00   6.7902335217277876E-01   3.3367522214236899E+01
   3.4000000000000017E+00   6.7552603657127841E-01   3.3540271671260896E+01
   3.5000000000000018E+00   6.7229840515239081E-01   3.3701294862472615E+01
   3.6000000000000019E+00   6.6936822870568335E-01   3.3848823137933955E+01
   3.7000000000000020E+00   6.6620266493731350E-01   3.4009660993689877E+01
   3.8000000000000020E+00   6.6265413131335638E-01   3.4191783793311302E+01
   3.9000000000000021E+00   6.5848272061674273E-01   3.4408384727832612E+01
   4.0000000000000018E+00   6.5446643894128442E-01   3.4619539581377225E+01
   4.1000000000000014E+00   6.5332478291447826E-01   3.4680035688431396E+01
   4.2000000000000011E+00   6.5438977153733924E-01   3.4623595558932088E+01
   4.3000000000000007E+00   6.5756447420937758E-01   3.4456433819440790E+01
   4.4000000000000004E+00   6.6075083705979887E-01   3.4290273302461635E+01
   4.5000000000000000E+00   6.6375438208049997E-01   3.4135106899923898E+01
   4.5999999999999996E+00   6.6702860671627429E-01   3.3967548856938706E+01
   4.6999999999999993E+00   6.7011195979416904E-01   3.3811255651324601E+01
   4.7999999999999989E+00   6.7314304208418485E-01   3.3659007627055324E+01
   4.8999999999999986E+00   6.7622499331225971E-01   3.3505603921309593E+01
   4.9999999999999982E+00   6.7937004098467557E-01   3.3350494459207212E+01
   5.0999999999999979E+00   6.8240074424630737E-01   3.3202377017679233E+01
   5.1999999999999975E+00   6.8537180214916338E-01   3.3058446111384796E+01
   5.2999999999999972E+00   6.8827801602635275E-01   3.2918858746090329E+01
   5.3999999999999968E+00   6.9118069311589370E-01   3.2780612961669824E+01
   5.4999999999999964E+00   6.9409789389839016E-01   3.2642840421768568E+01
   5.5999999999999961E+00   6.9675491964869907E-01   3.2518359251822048E+01
   5.6999999999999957E+00   6.9939962223868946E-01   3.2395394660190938E+01
   5.7999999999999954E+00   7.0192683820046053E-01   3.2278758347091696E+01
   5.8999999999999950E+00   7.0441447564299464E-01   3.2164766016384071E+01
   5.9999999999999947E+00   7.0672910339484962E-01   3.2059422314397246E+01
   6.0999999999999943E+00   7.0903258274773795E-01   3.1955268825314199E+01
   6.1999999999999940E+00   7.1107880295691683E-01   3.1863313451889766E+01
   6.2999999999999936E+00   7.1300930110369032E-01   3.1777042392769332E+01
   6.3999999999999932E+00   7.1481727445936893E-01   3.1696669340772445E+01
   6.4999999999999929E+00   7.1647990354874747E-01   3.1623115561774096E+01
   6.5999999999999925E+00   7.1790835368880934E-01   3.1560193820271440E+01
   6.6999999999999922E+00   7.1913134910452270E-01   3.1506520770960925E+01
   6.7999999999999918E+00   7.2007769398192967E-01   3.1465114080008405E+01
   6.8999999999999915E+00   7.2070482362582755E-01   3.1437734346806501E+01
   6.9999999999999911E+00   7.2098784773763969E-01   3.1425393449704270E+01
   7.0999999999999908E+00   7.2078501451073362E-01   3.1434236743934687E+01
   7.1999999999999904E+00   7.1994026181246351E-01   3.1471120576824728E+01
   7.2999999999999901E+00   7.1772941300461557E-01   3.1568062248920395E+01
   7.3999999999999897E+00   7.1420179993704280E-01   3.1723984439143187E+01
   7.4999999999999893E+00   7.1342603746843680E-01   3.1758480343679913E+01
   7.5999999999999890E+00   7.1355099407609124E-01   3.1752918818293569E+01
   7.6999999999999886E+00   7.1423403899272986E-01   3.1722552483726453E+01
   7.7999999999999883E+00   7.1507492695112029E-01   3.1685248543415319E+01
   7.8999999999999879E+00   7.1634549751961951E-01   3.1629048924105582E+01
   7.9999999999999876E+00   7.1785800451781634E-01   3.1562407391179924E+01
   8.0999999999999872E+00   7.1960010140969510E-01   3.1485997213209316E+01
   8.1999999999999869E+00   7.2159888334426836E-01   3.1398783050501468E+01
   8.2999999999999865E+00   7.2382559283994474E-01   3.1302190764924884E+01
   8.3999999999999861E+00   7.2640364041109862E-01   3.1191097520915754E+01
   8.4999999999999858E+00   7.2982985164999514E-01   3.1044669845152601E+01
   8.5999999999999854E+00   7.3379108080271649E-01   3.0877081202493297E+01
   8.6999999999999851E+00   7.3776232566568423E-01   3.0710875304139524E+01
   8.7999999999999847E+00   7.4157567891756959E-01   3.0552952897109900E+01
   8.8999999999999844E+00   7.4402172835548841E-01   3.0452506861177696E+01
   8.9999999999999840E+00   7.4602187647948381E-01   3.0370861099317768E+01
   9.0999999999999837E+00   7.4778076760889878E-01   3.0299424335370098E+01
   9.1999999999999833E+00   7.4932590873874960E-01   3.0236945664600281E+01
   9.2999999999999829E+00   7.5054598885266777E-01   3.0187792785684231E+01
   9.3999999999999826E+00   7.5152312687044542E-01   3.0148542310284324E+01
   9.4999999999999822E+00   7.5229473408699232E-01   3.0117619811746280E+01
   9.5999999999999819E+00   7.5285750060119294E-01   3.0095106669612552E+01
   9.6999999999999815E+00   7.5319820909896729E-01   3.0081493176563985E+01
   9.7999999999999812E+00   7.5333106480790857E-01   3.0076188074612556E+01
   9.8999999999999808E+00   7.5330852445935204E-01   3.0077088008358750E+01
   9.9999999999999805E+00   7.5305676310448089E-01   3.0087143357169833E+01
   1.0099999999999980E+01   7.5264503728511345E-01   3.0103602183226588E+01
   1.0199999999999980E+01   7.5200831739071283E-01   3.0129090681106092E+01
   1.0299999999999979E+01   7.5122106323145077E-01   3.0160664944814112E+01
   1.0399999999999979E+01   7.5023631912957367E-01   3.0200253186753070E+01
   1.0499999999999979E+01   7.4929637634114421E-01   3.0238137408655014E+01
   1.0599999999999978E+01   7.4910730520854429E-01   3.0245769371189375E+01
   1.0699999999999978E+01   7.4930888640524618E-01   3.0237632568736299E+01
   1.0799999999999978E+01   7.4977891077531478E-01   3.0218677081997161E+01
   1.0899999999999977E+01   7.5049773684823340E-01   3.0189733659640062E+01
   1.0999999999999977E+01   7.5143535964020136E-01   3.0152063643184785E+01
   1.1099999999999977E+01   7.5238352793443997E-01   3.0114065428589605E+01
   1.1199999999999976E+01   7.5347213611419028E-01   3.0070556961083209E+01
   1.1299999999999976E+01   7.5474617291311974E-01   3.0019796854563090E+01
   1.1399999999999975E+01   7.5616644047199488E-01   2.9963412252821247E+01
   1.1499999999999975E+01   7.5773918196476142E-01   2.9901221062453228E+01
   1.1599999999999975E+01   7.5931146642820213E-01   2.9839305462079704E+01
   1.1699999999999974E+01   7.6103816969562255E-01   2.9771603698501227E+01
   1.1799999999999974E+01   7.6293121636765782E-01   2.9697731986224298E+01
   1.1899999999999974E+01   7.6490607186810455E-01   2.9621057566291203E+01
   1.1999999999999973E+01   7.6695476416350461E-01   2.9541933691907488E+01
   1.2099999999999973E+01   7.6919101405501455E-01   2.9456047163325664E+01
   1.2199999999999973E+01   7.7158287818613802E-01   2.9364735050723752E+01
   1.2299999999999972E+01   7.7410089667271720E-01   2.9269216564659416E+01
   1.2399999999999972E+01   7.7683422118661150E-01   2.9166231571263449E+01
   1.2499999999999972E+01   7.7980741487810878E-01   2.9055028658777697E+01
