   1.0000000000000000E+00   7.3896984055780838E-04   3.0660692147473852E+04
   2.0000000000000000E+00   2.9921458260873980E-03   7.5722668962421758E+03
   3.0000000000000000E+00   6.8680591277915370E-03   3.2989417193466111E+03
   4.0000000000000000E+00   1.2545546489451552E-02   1.8060055659322102E+03
   5.0000000000000000E+00   2.0266270912897268E-02   1.1179820345336391E+03
   6.0000000000000000E+00   3.0314215296424932E-02   7.4741590920490898E+02
   7.0000000000000000E+00   4.2969840609024465E-02   5.2728440381629764E+02
   7.8990000000000000E+00   5.6733223219115697E-02   3.9936611216506100E+02
   7.9010000000000007E+00   5.6766392241197547E-02   3.9913275959727997E+02
   8.0000000000000000E+00   5.8422250643439311E-02   3.8782016334653429E+02
   9.0000000000000000E+00   7.6624419927563928E-02   2.9569328954176308E+02
   1.0000000000000000E+01   9.7096214899449418E-02   2.3334922799075329E+02
   1.1000000000000000E+01   1.1873136072368928E-01   1.9082849425383711E+02
   1.2000000000000000E+01   1.3973988358306963E-01   1.6213929915106840E+02
   1.3000000000000000E+01   1.5788912845456546E-01   1.4350150013102848E+02
   1.4000000000000000E+01   1.7108303306303829E-01   1.3243468029504916E+02
   1.4299000000000001E+01   1.7384519119042249E-01   1.3033047754995388E+02
   1.4301000000000000E+01   1.7386172530126581E-01   1.3031808322591081E+02
   1.5000000000000000E+01   1.7804446993686829E-01   1.2725656009223272E+02
   1.6000000000000000E+01   1.6283335876241664E-01   1.3914425741637598E+02
   1.7000000000000000E+01   1.5452079127820151E-01   1.4662963216916367E+02
   1.8000000000000000E+01   1.4271112720110518E-01   1.5876356127215382E+02
   1.9000000000000000E+01   1.2899882202163221E-01   1.7563979602706235E+02
   2.0000000000000000E+01   1.1467251673446421E-01   1.9758288588080896E+02
   2.1000000000000000E+01   1.0060433431812579E-01   2.2521223306309031E+02
   2.2000000000000000E+01   8.7346511472775626E-02   2.5939589807971544E+02
   2.3000000000000000E+01   7.5176801003985994E-02   3.0138721633565484E+02
   2.4000000000000000E+01   6.4229303327036233E-02   3.5275685106292576E+02
   2.5000000000000000E+01   5.4518573962143282E-02   4.1558913120771723E+02
   2.6000000000000000E+01   4.6014449411832373E-02   4.9239591209331275E+02
   2.7000000000000000E+01   3.8651927297592731E-02   5.8618879760290542E+02
   2.8000000000000000E+01   3.2337435287519610E-02   7.0065317753740430E+02
   2.9000000000000000E+01   2.6981652220897129E-02   8.3973088831316397E+02
   3.0000000000000000E+01   2.2477727187668221E-02   1.0079901138777550E+03
   3.1000000000000000E+01   1.8726757304776673E-02   1.2098905549350795E+03
   3.1998999999999999E+01   1.5627859924955068E-02   1.4498035493286484E+03
   3.2000999999999998E+01   2.9450654970817669E-02   7.6933184712060563E+02
   3.2999000000000002E+01   2.6259031475993476E-02   8.6283939330833948E+02
   3.3000999999999998E+01   3.2546483127623149E-02   6.9615284388072223E+02
   3.4000000000000000E+01   2.9869690101128256E-02   7.5853906454673847E+02
   3.5000000000000000E+01   2.7634474307679294E-02   8.1989353353881597E+02
   3.6000000000000000E+01   2.5773311791294291E-02   8.7910032560363436E+02
   3.7000000000000000E+01   2.4202546091622878E-02   9.3615467983565100E+02
   3.8000000000000000E+01   2.2874019229813483E-02   9.9052670018217646E+02
   3.9000000000000000E+01   2.1773475707966568E-02   1.0405930174630248E+03
   4.0000000000000000E+01   2.0960461621653145E-02   1.0809555245770309E+03
   4.1000000000000000E+01   2.0429193453421309E-02   1.1090661429815939E+03
   4.2000000000000000E+01   2.0129790454993204E-02   1.1255619793096573E+03
   4.3000000000000000E+01   2.0133295014317758E-02   1.1253660551587845E+03
   4.4000000000000000E+01   2.0399605840069893E-02   1.1106747338767782E+03
   4.5000000000000000E+01   2.0958512100371536E-02   1.0810560730219561E+03
   4.6000000000000000E+01   2.1753325044283942E-02   1.0415569455008167E+03
   4.7000000000000000E+01   2.2782483910009116E-02   9.9450643209525856E+02
   4.8000000000000000E+01   2.4020882411756244E-02   9.4323457395228354E+02
   4.9000000000000000E+01   2.5453763088380349E-02   8.9013662572957151E+02
   5.0000000000000000E+01   2.7043614125872605E-02   8.3780691005846563E+02
   5.1000000000000000E+01   2.8793717887842209E-02   7.8688437790027717E+02
   5.2000000000000000E+01   3.0681943861703805E-02   7.3845799632959142E+02
   5.3000000000000000E+01   3.2657417852069597E-02   6.9378806647369208E+02
   5.4000000000000000E+01   3.4747612606040798E-02   6.5205420137761848E+02
   5.5000000000000000E+01   3.6865017445856373E-02   6.1460236173460657E+02
   5.6000000000000000E+01   3.9053844542754089E-02   5.8015611658429054E+02
   5.7000000000000000E+01   4.1248147042645282E-02   5.4929320253309891E+02
   5.8000000000000000E+01   4.3428640431829861E-02   5.2171393261034984E+02
   5.9000000000000000E+01   4.5586074070507562E-02   4.9702298891909231E+02
   6.0000000000000000E+01   4.7680133881241205E-02   4.7519427785258114E+02
   6.1000000000000000E+01   4.9738797437308059E-02   4.5552622811535855E+02
   6.2000000000000000E+01   5.1708839302337939E-02   4.3817125066635140E+02
   6.3000000000000000E+01   5.3593006594412573E-02   4.2276648069177327E+02
   6.4000000000000000E+01   5.5426539816519627E-02   4.0878118790410019E+02
   6.5000000000000000E+01   5.7099988207475368E-02   3.9680090134667603E+02
   6.6000000000000000E+01   5.8740050807574822E-02   3.8572194739554129E+02
   6.7000000000000000E+01   6.0240523697145963E-02   3.7611437280191245E+02
   6.8000000000000000E+01   6.1673425760659581E-02   3.6737584313118407E+02
   6.9000000000000000E+01   6.3000563219241856E-02   3.5963689259036209E+02
   7.0000000000000000E+01   6.4240151440659560E-02   3.5269728167655416E+02
   7.1000000000000000E+01   6.5391738620791298E-02   3.4648607401313080E+02
   7.2000000000000000E+01   6.6474984079843022E-02   3.4083989791403508E+02
   7.3000000000000000E+01   6.7448870613107240E-02   3.3591854958662327E+02
   7.4000000000000000E+01   6.8423297446475698E-02   3.3113468121489689E+02
   7.5000000000000000E+01   6.9252184910012282E-02   3.2717129166469186E+02
   7.6000000000000000E+01   7.0059827611266237E-02   3.2339969366363817E+02
   7.7000000000000000E+01   7.0826555347012279E-02   3.1989875374571028E+02
   7.8000000000000000E+01   7.1479098580030057E-02   3.1697835084256138E+02
   7.9000000000000000E+01   7.2132840800980078E-02   3.1410556600874861E+02
   8.0000000000000000E+01   7.2786853134924251E-02   3.1128323058026899E+02
   8.1000000000000000E+01   7.3292934800994247E-02   3.0913384556274372E+02
   8.2000000000000000E+01   7.3799293723178866E-02   3.0701278622798787E+02
   8.3000000000000000E+01   7.4305705407554393E-02   3.0492041847041412E+02
   8.4000000000000000E+01   7.4812120056251250E-02   3.0285636566073453E+02
   8.5000000000000000E+01   7.5208949483676596E-02   3.0125838671005988E+02
   8.6000000000000000E+01   7.5589471251577486E-02   2.9974183457643863E+02
   8.7000000000000000E+01   7.5970299735275193E-02   2.9823927069607640E+02
   8.8000000000000000E+01   7.6351129394700706E-02   2.9675169139257520E+02
   8.9000000000000000E+01   7.6625467127381150E-02   2.9568924845763831E+02
   9.0000000000000000E+01   7.6887801371693598E-02   2.9468038340802576E+02
   9.1000000000000000E+01   7.7150204078583029E-02   2.9367811865452336E+02
   9.2000000000000000E+01   7.7412638862374913E-02   2.9268252730527968E+02
   9.3000000000000000E+01   7.7675101376751515E-02   2.9169355927473862E+02
   9.4000000000000000E+01   7.7858668099705972E-02   2.9100583583828819E+02
   9.5000000000000000E+01   7.8005403566259165E-02   2.9045842661867988E+02
   9.6000000000000000E+01   7.8152215388836543E-02   2.8991278973836012E+02
   9.7000000000000000E+01   7.8299054023452372E-02   2.8936909992328145E+02
   9.8000000000000000E+01   7.8445923528028191E-02   2.8882733185639012E+02
   9.9000000000000000E+01   7.8525657088326137E-02   2.8853406170324308E+02
   1.0000000000000000E+02   7.8567590699314835E-02   2.8838006340709120E+02
   1.1000000000000000E+02   7.8073860527139535E-02   2.9020374597378600E+02
   1.2000000000000000E+02   7.5730230559473588E-02   2.9918470629529128E+02
   1.2499900000000000E+02   7.4046276871968922E-02   3.0598873764830699E+02
   1.2500100000000000E+02   7.6866579727430259E-02   2.9476173999095488E+02
   1.2999900000000000E+02   7.5039738859545457E-02   3.0193770836568768E+02
   1.3000100000000000E+02   7.6305109723791634E-02   2.9693066256801848E+02
   1.4000000000000000E+02   7.2400482623002554E-02   3.1294441648393484E+02
   1.5000000000000000E+02   6.8370770399061587E-02   3.3138908126040042E+02
   1.6000000000000000E+02   6.4446809174296099E-02   3.5156630836965354E+02
   1.7000000000000000E+02   6.0726271014022830E-02   3.7310584709505383E+02
   1.8000000000000000E+02   5.7170613270912579E-02   3.9631071789006779E+02
   1.8399900000000000E+02   5.5797151758091156E-02   4.0606601006878913E+02
   1.8400100000000000E+02   5.8196164904045215E-02   3.8932680228961084E+02
   1.9000000000000000E+02   5.6100561136929482E-02   4.0386987809817276E+02
   2.0000000000000000E+02   5.2730002340936367E-02   4.2968567763595621E+02
   2.1000000000000000E+02   4.9511937238247920E-02   4.5761341711566155E+02
   2.2000000000000000E+02   4.6469872507744273E-02   4.8757023776716670E+02
   2.3000000000000000E+02   4.3605280453896528E-02   5.1960052892140413E+02
   2.4000000000000000E+02   4.0966808735398423E-02   5.5306545681780574E+02
   2.5000000000000000E+02   3.8502399982292546E-02   5.8846531120218538E+02
   2.6000000000000000E+02   3.6238105229106525E-02   6.2523486380883912E+02
   2.7000000000000000E+02   3.4111243325174311E-02   6.6421873197713535E+02
   2.8000000000000000E+02   3.2156603618126674E-02   7.0459327908743660E+02
   2.9000000000000000E+02   3.0311687798019037E-02   7.4747823145273776E+02
   3.0000000000000000E+02   2.8605292815661085E-02   7.9206764054539451E+02
   3.1000000000000000E+02   2.6999285984780633E-02   8.3918244357953120E+02
   3.2000000000000000E+02   2.5518998578516337E-02   8.8786112503197160E+02
   3.3000000000000000E+02   2.4128880330872942E-02   9.3901277128971105E+02
   3.4000000000000000E+02   2.2843873411881342E-02   9.9183384442265742E+02
   3.5000000000000000E+02   2.1653881219548341E-02   1.0463402176214297E+03
   3.6000000000000000E+02   2.0530833426594720E-02   1.1035755985561461E+03
   3.7000000000000000E+02   1.9496149680690387E-02   1.1621436621432665E+03
   3.8000000000000000E+02   1.8534613945848002E-02   1.2224331649856856E+03
   3.9000000000000000E+02   1.7622196766015803E-02   1.2857265804286778E+03
   4.0000000000000000E+02   1.6770067791666975E-02   1.3510575549890859E+03
   4.1000000000000000E+02   1.5980296210227049E-02   1.4178289619632078E+03
   4.2000000000000000E+02   1.5233533965750945E-02   1.4873322788100597E+03
   4.3000000000000000E+02   1.4531993773318071E-02   1.5591340831160762E+03
   4.4000000000000000E+02   1.3873232093868133E-02   1.6331685820801033E+03
   4.5000000000000000E+02   1.3253224261232738E-02   1.7095709195751092E+03
   4.6000000000000000E+02   1.2673304179002667E-02   1.7877994931384842E+03
   4.7000000000000000E+02   1.2123831332431376E-02   1.8688256349296296E+03
   4.8000000000000000E+02   1.1610486780344842E-02   1.9514536484350449E+03
   4.9000000000000000E+02   1.1123735968335938E-02   2.0368450718450697E+03
   5.0000000000000000E+02   1.0668287584528150E-02   2.1238016512106346E+03
   5.1000000000000000E+02   1.0235714532949840E-02   2.2135559481142704E+03
   5.2000000000000000E+02   9.8246782051288773E-03   2.3061647734968833E+03
   5.3000000000000000E+02   9.4352753939253922E-03   2.4013423924221665E+03
   5.4000000000000000E+02   9.0720050517760567E-03   2.4974993574518680E+03
   5.5000000000000000E+02   8.7250082722613136E-03   2.5968258230359893E+03
   5.6000000000000000E+02   8.3950698727478668E-03   2.6988848372973248E+03
   5.7000000000000000E+02   8.0782090911638363E-03   2.8047462663963474E+03
   5.8000000000000000E+02   7.7826215929451921E-03   2.9112718017986722E+03
   5.9000000000000000E+02   7.4987636512320009E-03   3.0214749845980732E+03
   6.0000000000000000E+02   7.2331824050935111E-03   3.1324146853611505E+03
   6.1000000000000000E+02   6.9770910788917520E-03   3.2473887084773032E+03
   6.2000000000000000E+02   6.7326926107910247E-03   3.3652697512576310E+03
   6.3000000000000000E+02   6.5004035540471182E-03   3.4855261829866645E+03
   6.4000000000000000E+02   6.2784942120537209E-03   3.6087198653639434E+03
   6.5000000000000000E+02   6.0686058966718517E-03   3.7335307603409451E+03
   6.6000000000000000E+02   5.8685595327225108E-03   3.8607986612857508E+03
   6.7000000000000000E+02   5.6774591180417805E-03   3.9907511998828036E+03
   6.8000000000000000E+02   5.4914356373791011E-03   4.1259386950448661E+03
   6.9000000000000000E+02   5.3181630966043858E-03   4.2603670432893196E+03
   7.0000000000000000E+02   5.1500481295335679E-03   4.3994398144902070E+03
   7.1000000000000000E+02   4.9900384279886164E-03   4.5405114839453272E+03
   7.2000000000000000E+02   4.8354434711751285E-03   4.6856771095918793E+03
   7.3000000000000000E+02   4.6882842944577351E-03   4.8327544501503899E+03
   7.4000000000000000E+02   4.5468397586597214E-03   4.9830933110098285E+03
   7.5000000000000000E+02   4.4110063965493804E-03   5.1365436253583894E+03
   7.6000000000000000E+02   4.2809553491685139E-03   5.2925865699607239E+03
   7.7000000000000000E+02   4.1572583707258854E-03   5.4500646260421572E+03
   7.8000000000000000E+02   4.0371157623499063E-03   5.6122559077727628E+03
   7.9000000000000000E+02   3.9222795068588022E-03   5.7765711872370239E+03
   8.0000000000000000E+02   3.8119643611530555E-03   5.9437404553166753E+03
   8.1000000000000000E+02   3.7050064382583049E-03   6.1153272376665118E+03
   8.2000000000000000E+02   3.6016596023506074E-03   6.2908018217000845E+03
   8.3000000000000000E+02   3.5036015987704259E-03   6.4668673503181099E+03
   8.4000000000000000E+02   3.4092466480922438E-03   6.6458455859418254E+03
   8.5000000000000000E+02   3.3171739385546425E-03   6.8303101396856628E+03
   8.6000000000000000E+02   3.2305286883264764E-03   7.0135042816623518E+03
   8.7000000000000000E+02   3.1456813681643263E-03   7.2026769834074348E+03
   8.8000000000000000E+02   3.0635639758067384E-03   7.3957413543630573E+03
   8.9000000000000000E+02   2.9849093158150317E-03   7.5906248365954807E+03
   9.0000000000000000E+02   2.9079950909873943E-03   7.7913910026297972E+03
   9.1000000000000000E+02   2.8355773316124633E-03   7.9903751997927757E+03
   9.2000000000000000E+02   2.7646428200091724E-03   8.1953902412376101E+03
   9.3000000000000000E+02   2.6953801454909681E-03   8.4059856363910894E+03
   9.4000000000000000E+02   2.6292550710659262E-03   8.6173939671913595E+03
   9.5000000000000000E+02   2.5657812153243083E-03   8.8305762986681511E+03
   9.6000000000000000E+02   2.5034394938620785E-03   9.0504790881353165E+03
   9.7000000000000000E+02   2.4434911731967390E-03   9.2725224613637401E+03
   9.8000000000000000E+02   2.3855493402986862E-03   9.4977397469272037E+03
   9.9000000000000000E+02   2.3293676279973028E-03   9.7268144861662149E+03
   1.0000000000000000E+03   2.2752049962913349E-03   9.9583671908874367E+03
   1.1000000000000000E+03   1.8166403053187839E-03   1.2472103982981318E+04
   1.2000000000000000E+03   1.4772920848189646E-03   1.5337066393601746E+04
   1.2199990000000000E+03   1.4192558719393945E-03   1.5964229731633846E+04
   1.2200010000000000E+03   2.2841034986734320E-03   9.9195709830004580E+03
   1.2509990000000000E+03   6.0925252762833188E-03   3.7188728417443131E+03
   1.2510010000000000E+03   6.4133907720880408E-03   3.5328155717906052E+03
   1.3000000000000000E+03   8.1451025765565989E-03   2.7817116573612689E+03
   1.4000000000000000E+03   6.8578185612523119E-03   3.3038679261110883E+03
   1.4129990000000000E+03   6.6962462381986981E-03   3.3835862633548641E+03
   1.4130010000000000E+03   7.6168982510135871E-03   2.9746132928316024E+03
   1.5000000000000000E+03   6.5893740401054782E-03   3.4384642076333125E+03
   1.6000000000000000E+03   5.6417772274918506E-03   4.0159910386400538E+03
   1.7000000000000000E+03   4.8726787363958289E-03   4.6498708438081294E+03
   1.8000000000000000E+03   4.2375583347716095E-03   5.3467881732020942E+03
   1.9000000000000000E+03   3.7106522094646783E-03   6.1060227444165366E+03
   2.0000000000000000E+03   3.2674733381458129E-03   6.9342040294866219E+03
   2.1000000000000000E+03   2.8905208471037376E-03   7.8384927790135580E+03
   2.2000000000000000E+03   2.5680492875927133E-03   8.8227772329283271E+03
   2.3000000000000000E+03   2.2941024529709569E-03   9.8763360626150898E+03
   2.4000000000000000E+03   2.0582538330008791E-03   1.1008033326276876E+04
   2.5000000000000000E+03   1.8546230073101706E-03   1.2216675140071498E+04
   2.6000000000000000E+03   1.6759473225206405E-03   1.3519116312996024E+04
   2.7000000000000000E+03   1.5194736289836416E-03   1.4911299778704302E+04
   2.8000000000000000E+03   1.3822176036550110E-03   1.6392011451523853E+04
   2.9000000000000000E+03   1.2613683522605626E-03   1.7962498224254196E+04
   3.0000000000000000E+03   1.1541978824843662E-03   1.9630365928970328E+04
   3.1000000000000000E+03   1.0591524724077601E-03   2.1391940610877431E+04
   3.2000000000000000E+03   9.7427147289302408E-04   2.3255660683907347E+04
   3.3000000000000000E+03   8.9806765695979668E-04   2.5228975358395619E+04
   3.4000000000000000E+03   8.2969294774307611E-04   2.7308086502655078E+04
   3.5000000000000000E+03   7.6804178746388816E-04   2.9500122463943546E+04
   3.6000000000000000E+03   7.1275941242138446E-04   3.1788183211273754E+04
   3.7000000000000000E+03   6.6252303673829799E-04   3.4198549380495926E+04
   3.8000000000000000E+03   6.1717446208608365E-04   3.6711380945717989E+04
   3.9000000000000000E+03   5.7558425136068636E-04   3.9364049197052693E+04
   4.0000000000000000E+03   5.3768189227768937E-04   4.2138906132083903E+04
   4.1000000000000000E+03   5.0331269470633327E-04   4.5016402379500127E+04
   4.2000000000000000E+03   4.7172060238560929E-04   4.8031242801410459E+04
   4.3000000000000000E+03   4.4268901946933816E-04   5.1181135720896520E+04
   4.4000000000000000E+03   4.1607383866401197E-04   5.4455062256166144E+04
   4.5000000000000000E+03   3.9135581999809858E-04   5.7894441911508766E+04
   4.6000000000000000E+03   3.6873832553651438E-04   6.1445543407087891E+04
   4.7000000000000000E+03   3.4797560706579145E-04   6.5111824873767655E+04
   4.8000000000000000E+03   3.2873809612814480E-04   6.8922120844731035E+04
   4.9000000000000000E+03   3.1084285947126388E-04   7.2889970276783453E+04
   5.0000000000000000E+03   2.9413411872917904E-04   7.7030597081028536E+04
   5.1000000000000000E+03   2.7865442927657667E-04   8.1309767249823315E+04
   5.2000000000000000E+03   2.6426076440636584E-04   8.5738519823433176E+04
   5.3000000000000000E+03   2.5084378071003248E-04   9.0324451032740399E+04
   5.4000000000000000E+03   2.3838502589399520E-04   9.5045092294035436E+04
   5.5000000000000000E+03   2.2676139283033520E-04   9.9917038367122776E+04
   5.6000000000000000E+03   2.1586833900977999E-04   1.0495900830822765E+05
   5.7000000000000000E+03   2.0562660309898635E-04   1.1018674843694139E+05
   5.8000000000000000E+03   1.9594862448485422E-04   1.1562891470749819E+05
   5.9000000000000000E+03   1.8695614040047036E-04   1.2119059977959299E+05
   6.0000000000000000E+03   1.7854649318192335E-04   1.2689874992125976E+05
   6.1000000000000000E+03   1.7058385775202208E-04   1.3282222061449554E+05
   6.2000000000000000E+03   1.6309120323925285E-04   1.3892427266216665E+05
   6.3000000000000000E+03   1.5611460652879735E-04   1.4513265152694963E+05
   6.4000000000000000E+03   1.4947736879886519E-04   1.5157697094667357E+05
   6.5000000000000000E+03   1.4317359942287550E-04   1.5825073113298242E+05
   6.6000000000000000E+03   1.3728109804108323E-04   1.6504330975579965E+05
   6.7000000000000000E+03   1.3164345877291739E-04   1.7211129970912024E+05
   6.8000000000000000E+03   1.2637320111225621E-04   1.7928901529909411E+05
   6.9000000000000000E+03   1.2137175396910961E-04   1.8667709781451564E+05
   7.0000000000000000E+03   1.1663112882799051E-04   1.9426483319925843E+05
   7.1000000000000000E+03   1.1212725518439985E-04   2.0206796956145496E+05
   7.2000000000000000E+03   1.0788082222916381E-04   2.1002182148261159E+05
   7.3000000000000000E+03   1.0383571281131695E-04   2.1820360427228079E+05
   7.4000000000000000E+03   9.9978348833902625E-05   2.2662233425411113E+05
   7.5000000000000000E+03   9.6300980889464335E-05   2.3527617868832726E+05
   7.6000000000000000E+03   9.2797935424579389E-05   2.4415766023184126E+05
   7.7000000000000000E+03   8.9495697285745998E-05   2.5316666023920054E+05
   7.8000000000000000E+03   8.6301436073170221E-05   2.6253707723242178E+05
   7.9000000000000000E+03   8.3306450136226218E-05   2.7197566035475745E+05
   8.0000000000000000E+03   8.0442105913372934E-05   2.8166004022831254E+05
   8.1000000000000000E+03   7.7710785294014169E-05   2.9155961687799374E+05
   8.2000000000000000E+03   7.5077405977556097E-05   3.0178622306668479E+05
   8.3000000000000000E+03   7.2586495447166880E-05   3.1214245360698341E+05
   8.4000000000000000E+03   7.0224270409104543E-05   3.2264239493862068E+05
   8.5000000000000000E+03   6.7932495883742325E-05   3.3352707703226275E+05
   8.6000000000000000E+03   6.5738862693829161E-05   3.4465650696049567E+05
   8.7000000000000000E+03   6.3641968042367738E-05   3.5601235292609682E+05
   8.8000000000000000E+03   6.1617030781554853E-05   3.6771208382201538E+05
   8.9000000000000000E+03   5.9709154880636562E-05   3.7946152198778611E+05
   9.0000000000000000E+03   5.7868879986867299E-05   3.9152869025204272E+05
   9.1000000000000000E+03   5.6090263330282513E-05   4.0394402597461792E+05
   9.2000000000000000E+03   5.4402120981284607E-05   4.1647873977938032E+05
   9.3000000000000000E+03   5.2775445880999401E-05   4.2931568666799372E+05
   9.4000000000000000E+03   5.1203389885397172E-05   4.4249661669514782E+05
   9.5000000000000000E+03   4.9716117621261360E-05   4.5573403297930240E+05
   9.6000000000000000E+03   4.8269919014343434E-05   4.6938812515674956E+05
   9.7000000000000000E+03   4.6893887891522227E-05   4.8316161884514877E+05
   9.8000000000000000E+03   4.5564909766897030E-05   4.9725384958561644E+05
   9.9000000000000000E+03   4.4283605112470157E-05   5.1164142418094486E+05
   1.0000000000000000E+04   4.3047042936809859E-05   5.2633875039617054E+05
   1.1000000000000000E+04   3.2887340042757643E-05   6.8893765072375722E+05
   1.1106999000000000E+04   3.2002698732596105E-05   7.0798175419291598E+05
   1.1107001000000000E+04   2.3753817812767659E-04   9.5383937715614302E+04
   1.2000000000000000E+04   1.9500824924356463E-04   1.1618650429147681E+05
   1.3000000000000000E+04   1.5861826164740932E-04   1.4284185535947623E+05
   1.4000000000000000E+04   1.3066521685922808E-04   1.7339983304065248E+05
   1.5000000000000000E+04   1.0873664235438619E-04   2.0836882854785753E+05
   1.6000000000000000E+04   9.1535711756893587E-05   2.4752445086990291E+05
   1.7000000000000000E+04   7.7854458240232777E-05   2.9102157152899168E+05
   1.8000000000000000E+04   6.6654675258317960E-05   3.3992104379479896E+05
   1.9000000000000000E+04   5.7490754570022473E-05   3.9410383386105456E+05
   2.0000000000000000E+04   4.9976048244750850E-05   4.5336371288601385E+05
   2.1000000000000000E+04   4.3742241481956951E-05   5.1797361131931527E+05
   2.2000000000000000E+04   3.8476366226476488E-05   5.8886347671833320E+05
   2.3000000000000000E+04   3.3991656163046681E-05   6.6655554171680042E+05
   2.4000000000000000E+04   3.0170028238667041E-05   7.5098792113731999E+05
   2.5000000000000000E+04   2.6906345877635523E-05   8.4208115403896233E+05
   2.6000000000000000E+04   2.4115120724635599E-05   9.3954855322223040E+05
   2.7000000000000000E+04   2.1709171478851601E-05   1.0436753337032167E+06
   2.8000000000000000E+04   1.9594106733352776E-05   1.1563337434027477E+06
   2.9000000000000000E+04   1.7722646907560371E-05   1.2784392142883197E+06
   3.0000000000000000E+04   1.6088139307878681E-05   1.4083248754885569E+06
   3.1000000000000000E+04   1.4664224360707266E-05   1.5450750227418111E+06
   3.2000000000000000E+04   1.3388444025977249E-05   1.6923047027458439E+06
   3.3000000000000000E+04   1.2266693104489147E-05   1.8470607028816163E+06
   3.4000000000000000E+04   1.1265307329999924E-05   2.0112479956293346E+06
   3.5000000000000000E+04   1.0361754762985800E-05   2.1866302866525245E+06
   3.6000000000000000E+04   9.5506760258384089E-06   2.3723270191883426E+06
   3.7000000000000000E+04   8.8203952588347161E-06   2.5687427969757575E+06
   3.8000000000000000E+04   8.1722288194184223E-06   2.7724782661216785E+06
   3.9000000000000000E+04   7.5775539827898551E-06   2.9900581162562659E+06
   4.0000000000000000E+04   7.0417126424810035E-06   3.2175875299035143E+06
   4.1000000000000000E+04   6.5577289769680045E-06   3.4550569057043460E+06
   4.2000000000000000E+04   6.1160994532113671E-06   3.7045386460670070E+06
   4.3000000000000000E+04   5.7072071382187145E-06   3.9699499665754926E+06
   4.4000000000000000E+04   5.3351709631165577E-06   4.2467855190108940E+06
   4.5000000000000000E+04   4.9951185792680127E-06   4.5358936786103314E+06
   4.6000000000000000E+04   4.6828056382736888E-06   4.8384085391943362E+06
   4.7000000000000000E+04   4.3983130145584148E-06   5.1513675158214197E+06
   4.8000000000000000E+04   4.1342332804488849E-06   5.4804180728647038E+06
   4.9000000000000000E+04   3.8934702196276757E-06   5.8193142645322382E+06
   5.0000000000000000E+04   3.6678081635940682E-06   6.1773478265583534E+06
   5.1000000000000000E+04   3.4628651009163388E-06   6.5429423692003619E+06
   5.2000000000000000E+04   3.2678930470281994E-06   6.9333134412753265E+06
   5.3000000000000000E+04   3.0904645745955602E-06   7.3313659615644990E+06
   5.4000000000000000E+04   2.9238958926138189E-06   7.7490196709282510E+06
   5.5000000000000000E+04   2.7686338612134256E-06   8.1835764219399672E+06
   5.6000000000000000E+04   2.6244873124896453E-06   8.6330487024216447E+06
   5.7000000000000000E+04   2.4901403881031708E-06   9.0988150290071387E+06
   5.8000000000000000E+04   2.3647658632387122E-06   9.5812135737531353E+06
   5.9000000000000000E+04   2.2491631643505969E-06   1.0073669686010828E+07
   6.0000000000000000E+04   2.1392258381375185E-06   1.0591367392671840E+07
   6.1000000000000000E+04   2.0374690435646394E-06   1.1120329341529937E+07
   6.2000000000000000E+04   1.9411565108568227E-06   1.1672076239545414E+07
   6.3000000000000000E+04   1.8520818576454852E-06   1.2233437034157123E+07
   6.4000000000000000E+04   1.7661537857700835E-06   1.2828626232982134E+07
   6.5000000000000000E+04   1.6860415202743911E-06   1.3438178428680381E+07
   6.6000000000000000E+04   1.6107256715745286E-06   1.4066533604982305E+07
   6.7000000000000000E+04   1.5398574152324712E-06   1.4713912186596990E+07
   6.8000000000000000E+04   1.4735768818730361E-06   1.5375734423039738E+07
   6.9000000000000000E+04   1.4104878858834453E-06   1.6063467835755005E+07
   7.0000000000000000E+04   1.3511664818467280E-06   1.6768715840733070E+07
   7.1000000000000000E+04   1.2945292399783355E-06   1.7502367724030692E+07
   7.2000000000000000E+04   1.2414285422789723E-06   1.8251011649866894E+07
   7.3000000000000000E+04   1.1912820905332820E-06   1.9019279285453003E+07
   7.4000000000000000E+04   1.1437974038596082E-06   1.9808863624935981E+07
   7.5000000000000000E+04   1.0992000615490575E-06   2.0612559606010903E+07
   7.6000000000000000E+04   1.0561076209286959E-06   2.1453615463627577E+07
   7.7000000000000000E+04   1.0156169540750153E-06   2.2308929263834730E+07
   7.8000000000000000E+04   9.7684970121634607E-07   2.3194281330483623E+07
   7.9000000000000000E+04   9.4035353734559351E-07   2.4094477117156744E+07
   8.0000000000000000E+04   9.0579452289652498E-07   2.5013759980749078E+07
   8.1000000000000000E+04   8.7271728748183019E-07   2.5961817317710143E+07
   8.2000000000000000E+04   8.4099929424651799E-07   2.6940958146594316E+07
   8.3000000000000000E+04   8.1112583525223812E-07   2.7933183487571921E+07
   8.4000000000000000E+04   7.8183115357076606E-07   2.8979820878370780E+07
   8.5000000000000000E+04   7.5476626904437361E-07   3.0018997558406722E+07
   8.6000000000000000E+04   7.2829723673448547E-07   3.1109999660579462E+07
   8.7000000000000000E+04   7.0352338562928813E-07   3.2205506242474452E+07
   8.8000000000000000E+04   6.7956818161591430E-07   3.3340770507728852E+07
   8.9000000000000000E+04   6.5669364914787061E-07   3.4502125636529416E+07
   9.0000000000000000E+04   6.3498606574885793E-07   3.5681612573482767E+07
   9.1000000000000000E+04   6.1387544493966016E-07   3.6908670927272327E+07
   9.2000000000000000E+04   5.9419682707177015E-07   3.8131012747522011E+07
   9.3000000000000000E+04   5.7497670732663803E-07   3.9405642870223992E+07
   9.4000000000000000E+04   5.5674814144529024E-07   4.0695828330550894E+07
   9.5000000000000000E+04   5.3926390270787390E-07   4.2015285417471312E+07
   9.6000000000000000E+04   5.2229166537317202E-07   4.3380601854755566E+07
   9.7000000000000000E+04   5.0635088813043415E-07   4.4746296133234695E+07
   9.8000000000000000E+04   4.9081271109013518E-07   4.6162876950124264E+07
   9.9000000000000000E+04   4.7597258847700392E-07   4.7602167301500939E+07
   1.0000000000000000E+05   4.6178769257383968E-07   4.9064379913043924E+07
   1.1000000000000000E+05   3.4616211894040608E-07   6.5452935338402525E+07
   1.2000000000000000E+05   2.6612529621557719E-07   8.5137817072665751E+07
   1.3000000000000000E+05   2.0895574228803443E-07   1.0843122347113521E+08
   1.4000000000000000E+05   1.6708764204959356E-07   1.3560145148787150E+08
   1.5000000000000000E+05   1.3567999440751400E-07   1.6699091775873503E+08
   1.6000000000000000E+05   1.1161418212551743E-07   2.0299684463154656E+08
   1.7000000000000000E+05   9.2902963737316604E-08   2.4388163602266186E+08
   1.8000000000000000E+05   7.8267348837228872E-08   2.8948631995611370E+08
   1.9000000000000000E+05   6.6603509297957548E-08   3.4018217698186070E+08
   2.0000000000000000E+05   5.7118307069166127E-08   3.9667364020741057E+08
   2.1000000000000000E+05   4.9387327309950405E-08   4.5876802859598905E+08
   2.2000000000000000E+05   4.2975282646539789E-08   5.2721763284167916E+08
   2.3000000000000000E+05   3.7673083160791020E-08   6.0141949866189468E+08
   2.4000000000000000E+05   3.3231955111412287E-08   6.8179337362639785E+08
   2.5000000000000000E+05   2.9464632699051283E-08   7.6896688375621021E+08
   2.6000000000000000E+05   2.6262570154883938E-08   8.6272313235105491E+08
   2.7000000000000000E+05   2.3523316740659294E-08   9.6318589072298384E+08
   2.8000000000000000E+05   2.1172596269175239E-08   1.0701251041468707E+09
   2.9000000000000000E+05   1.9130198224584811E-08   1.1843749093249419E+09
   3.0000000000000000E+05   1.7345929092934386E-08   1.3062042780308571E+09
   3.1000000000000000E+05   1.5790156629587388E-08   1.4349019657699785E+09
   3.2000000000000000E+05   1.4426781462980803E-08   1.5705046094826915E+09
   3.3000000000000000E+05   1.3219339780095760E-08   1.7139529783269308E+09
   3.4000000000000000E+05   1.2147874142237115E-08   1.8651268956461463E+09
   3.5000000000000000E+05   1.1201520527009847E-08   2.0227010014379704E+09
   3.6000000000000000E+05   1.0354127196829528E-08   2.1882411097430363E+09
   3.7000000000000000E+05   9.5927524303902128E-09   2.3619213517729812E+09
   3.8000000000000000E+05   8.9088200612077996E-09   2.5432466512898755E+09
   3.9000000000000000E+05   8.2962373296720620E-09   2.7310364792211666E+09
   4.0000000000000000E+05   7.7403115317061474E-09   2.9271853845676661E+09
   4.1000000000000000E+05   7.2368926436035309E-09   3.1308087467121572E+09
   4.2000000000000000E+05   6.7786482539314317E-09   3.3424550056082592E+09
   4.3000000000000000E+05   6.3626987303124409E-09   3.5609617472016015E+09
   4.4000000000000000E+05   5.9834535617687977E-09   3.7866637642814693E+09
   4.5000000000000000E+05   5.6357559128871347E-09   4.0202817754759192E+09
   4.6000000000000000E+05   5.3175823800153893E-09   4.2608323046882873E+09
   4.7000000000000000E+05   5.0225785668869759E-09   4.5110945475271969E+09
   4.8000000000000000E+05   4.7554052314967733E-09   4.7645417550418434E+09
   4.9000000000000000E+05   4.5064979667398566E-09   5.0277015444881754E+09
   5.0000000000000000E+05   4.2781768097655103E-09   5.2960239361525278E+09
   5.1000000000000000E+05   4.0619171188754231E-09   5.5779884533645229E+09
   5.2000000000000000E+05   3.8657936784141215E-09   5.8609767288215952E+09
   5.3000000000000000E+05   3.6821502922815358E-09   6.1532867995922718E+09
   5.4000000000000000E+05   3.5110103212594706E-09   6.4532213563767471E+09
   5.5000000000000000E+05   3.3527739229499563E-09   6.7577854362681360E+09
   5.6000000000000000E+05   3.2059770540606991E-09   7.0672142705803118E+09
   5.7000000000000000E+05   3.0662901742626332E-09   7.3891658975358801E+09
   5.8000000000000000E+05   2.9344816530552012E-09   7.7210660915263815E+09
   5.9000000000000000E+05   2.8141735288054774E-09   8.0511477191060343E+09
   6.0000000000000000E+05   2.7004190375856421E-09   8.3903003468187618E+09
   6.1000000000000000E+05   2.5939079390850192E-09   8.7348230236740761E+09
   6.2000000000000000E+05   2.4927854227609116E-09   9.0891604952168045E+09
   6.3000000000000000E+05   2.3983408151885428E-09   9.4470838523546619E+09
   6.4000000000000000E+05   2.3075812295404217E-09   9.8186475507617283E+09
   6.5000000000000000E+05   2.2245823273831620E-09   1.0184980123555708E+10
   6.6000000000000000E+05   2.1455749424688030E-09   1.0560025818319902E+10
   6.7000000000000000E+05   2.0709925891547544E-09   1.0940322484136971E+10
   6.8000000000000000E+05   1.9993123179887387E-09   1.1332559992629637E+10
   6.9000000000000000E+05   1.9322496172289030E-09   1.1725879816762157E+10
   7.0000000000000000E+05   1.8667279670998097E-09   1.2137455048049517E+10
   7.1000000000000000E+05   1.8080505149368717E-09   1.2531357171954836E+10
   7.2000000000000000E+05   1.7509794672530908E-09   1.2939801529000944E+10
   7.3000000000000000E+05   1.6966419747518618E-09   1.3354217993412838E+10
   7.4000000000000000E+05   1.6456369800015567E-09   1.3768119617480501E+10
   7.5000000000000000E+05   1.5956646126586852E-09   1.4199303918797398E+10
   7.6000000000000000E+05   1.5488508543997941E-09   1.4628475507017683E+10
   7.7000000000000000E+05   1.5034688557978510E-09   1.5070034008511044E+10
   7.8000000000000000E+05   1.4617822230882173E-09   1.5499796364840216E+10
   7.9000000000000000E+05   1.4207803122049042E-09   1.5947100753704119E+10
   8.0000000000000000E+05   1.3820979115045942E-09   1.6393431029025534E+10
   8.1000000000000000E+05   1.3452456439822777E-09   1.6842520092121767E+10
   8.2000000000000000E+05   1.3094733523823408E-09   1.7302625323676918E+10
   8.3000000000000000E+05   1.2747721391312812E-09   1.7773628785965691E+10
   8.4000000000000000E+05   1.2421627373192637E-09   1.8240224172645874E+10
   8.5000000000000000E+05   1.2096790245049378E-09   1.8730031957761135E+10
   8.6000000000000000E+05   1.1801542079623781E-09   1.9198615430715889E+10
   8.7000000000000000E+05   1.1510347648068712E-09   1.9684311439031475E+10
   8.8000000000000000E+05   1.1232854819866079E-09   2.0170586329968189E+10
   8.9000000000000000E+05   1.0961635593475141E-09   2.0669658824543903E+10
   9.0000000000000000E+05   1.0709596842178752E-09   2.1156096836789433E+10
   9.1000000000000000E+05   1.0459225484685229E-09   2.1662528282602249E+10
   9.2000000000000000E+05   1.0216641285847043E-09   2.2176883922701340E+10
   9.3000000000000000E+05   9.9877064785332078E-10   2.2685214905252453E+10
   9.4000000000000000E+05   9.7593750326393483E-10   2.3215960767810867E+10
   9.5000000000000000E+05   9.5460653811564035E-10   2.3734728270702572E+10
   9.6000000000000000E+05   9.3419846220288630E-10   2.4253226379953251E+10
   9.7000000000000000E+05   9.1480163903721466E-10   2.4767475068646095E+10
   9.8000000000000000E+05   8.9600611657331040E-10   2.5287022452772507E+10
   9.9000000000000000E+05   8.7721436436877457E-10   2.5828722952929012E+10
   1.0000000000000000E+06   8.5956732828222293E-10   2.6358990206025711E+10
   1.1000000000000000E+06   7.1015567553594482E-10   3.1904732396191330E+10
   1.2000000000000000E+06   5.9908142455528020E-10   3.7820112356897316E+10
   1.3000000000000000E+06   5.1536321983135466E-10   4.3963802451841812E+10
   1.4000000000000000E+06   4.4941896120821144E-10   5.0414710422317680E+10
   1.5000000000000000E+06   3.9729558268828738E-10   5.7028891774483749E+10
   1.6000000000000000E+06   3.5459575015972039E-10   6.3896216402495720E+10
   1.7000000000000000E+06   3.1950833403694809E-10   7.0913101080457870E+10
   1.8000000000000000E+06   2.9008060953131773E-10   7.8107002133710922E+10
   1.9000000000000000E+06   2.6521382755869777E-10   8.5430412871652496E+10
   2.0000000000000000E+06   2.4394888338583346E-10   9.2877353948677887E+10
   2.1000000000000000E+06   2.2568560252875962E-10   1.0039331943969942E+11
   2.2000000000000000E+06   2.0948973213880646E-10   1.0815483201151936E+11
   2.3000000000000000E+06   1.9553715286907820E-10   1.1587223427959494E+11
   2.4000000000000000E+06   1.8316942717037161E-10   1.2369600723016136E+11
   2.5000000000000000E+06   1.7201509037847366E-10   1.3171708794710599E+11
   2.6000000000000000E+06   1.6221305257261542E-10   1.3967634803905896E+11
   2.7000000000000000E+06   1.5345845431127122E-10   1.4764469568847119E+11
   2.8000000000000000E+06   1.4540880611771921E-10   1.5581811990993182E+11
   2.9000000000000000E+06   1.3806631720126714E-10   1.6410466540207574E+11
   3.0000000000000000E+06   1.3152013095390431E-10   1.7227269029675638E+11
   3.1000000000000000E+06   1.2554020234560173E-10   1.8047865436154916E+11
   3.2000000000000000E+06   1.1995478810925932E-10   1.8888222091621432E+11
   3.3000000000000000E+06   1.1480089366448027E-10   1.9736193738900345E+11
   3.4000000000000000E+06   1.1018125642632216E-10   2.0563685260534018E+11
   3.5000000000000000E+06   1.0584011326831803E-10   2.1407126360656494E+11
   3.6000000000000000E+06   1.0184300042241147E-10   2.2247308792588214E+11
   3.7000000000000000E+06   9.8032388707550746E-11   2.3112082737473547E+11
   3.8000000000000000E+06   9.4531583910884284E-11   2.3967996568184082E+11
   3.9000000000000000E+06   9.1265199663745065E-11   2.4825811887870535E+11
   4.0000000000000000E+06   8.8202038313717634E-11   2.5687985471518311E+11
   4.1000000000000000E+06   8.5356678865415858E-11   2.6544292829545547E+11
   4.2000000000000000E+06   8.2698373816311518E-11   2.7397548152442438E+11
   4.3000000000000000E+06   8.0112464967648155E-11   2.8281899448182648E+11
   4.4000000000000000E+06   7.7737534636523513E-11   2.9145929175075336E+11
   4.5000000000000000E+06   7.5416374057948729E-11   3.0042980812364795E+11
   4.6000000000000000E+06   7.3322612254076675E-11   3.0900872310848517E+11
   4.7000000000000000E+06   7.1296657630878366E-11   3.1778946644194415E+11
   4.8000000000000000E+06   6.9395497611159235E-11   3.2649563109361377E+11
   4.9000000000000000E+06   6.7576316237135822E-11   3.3528502364797028E+11
   5.0000000000000000E+06   6.5870506526761832E-11   3.4396770242544885E+11
   5.1000000000000000E+06   6.4174240765640406E-11   3.5305952228330505E+11
   5.2000000000000000E+06   6.2627340197848753E-11   3.6178012216442615E+11
   5.3000000000000000E+06   6.1106817718314701E-11   3.7078230602769604E+11
   5.4000000000000000E+06   5.9652457722087121E-11   3.7982218424542163E+11
   5.5000000000000000E+06   5.8328969950549857E-11   3.8844037202815735E+11
   5.6000000000000000E+06   5.7017359672388225E-11   3.9737593809667505E+11
   5.7000000000000000E+06   5.5771164670302344E-11   4.0625522026574475E+11
   5.8000000000000000E+06   5.4570858510118319E-11   4.1519095367374084E+11
   5.9000000000000000E+06   5.3418860234580243E-11   4.2414470634743665E+11
   6.0000000000000000E+06   5.2304551930139376E-11   4.3318078353626050E+11
   6.1000000000000000E+06   5.1256480352364856E-11   4.4203828729269043E+11
   6.2000000000000000E+06   5.0231660343183664E-11   4.5105669676884082E+11
   6.3000000000000000E+06   4.9234010062967201E-11   4.6019665590175378E+11
   6.4000000000000000E+06   4.8291956980560151E-11   4.6917392055019574E+11
   6.5000000000000000E+06   4.7358189860929414E-11   4.7842467911348810E+11
   6.6000000000000000E+06   4.6498023782079407E-11   4.8727504837190649E+11
   6.7000000000000000E+06   4.5674856116160755E-11   4.9605688368209540E+11
   6.8000000000000000E+06   4.4854551265829769E-11   5.0512882524077710E+11
   6.9000000000000000E+06   4.4053696076993280E-11   5.1431159710214246E+11
   7.0000000000000000E+06   4.3309027529625966E-11   5.2315482660311023E+11
   7.1000000000000000E+06   4.2565189909360292E-11   5.3229709149326135E+11
   7.2000000000000000E+06   4.1850250507354736E-11   5.4139046990003119E+11
   7.3000000000000000E+06   4.1160679951584629E-11   5.5046045921159583E+11
   7.4000000000000000E+06   4.0489939127396410E-11   5.5957917635594421E+11
   7.5000000000000000E+06   3.9855832622751800E-11   5.6848208396672180E+11
   7.6000000000000000E+06   3.9222868589898932E-11   5.7765603593424426E+11
   7.7000000000000000E+06   3.8594483677279319E-11   5.8706127479428442E+11
   7.8000000000000000E+06   3.8014538233675223E-11   5.9601741439909912E+11
   7.9000000000000000E+06   3.7439448608526119E-11   6.0517255541127356E+11
   8.0000000000000000E+06   3.6864974901754756E-11   6.1460307101775134E+11
   8.1000000000000000E+06   3.6326098744947249E-11   6.2372034351093933E+11
   8.2000000000000000E+06   3.5809348537623282E-11   6.3272099920515894E+11
   8.3000000000000000E+06   3.5304931259186641E-11   6.4176096594764429E+11
   8.4000000000000000E+06   3.4828915863571071E-11   6.5053207157989624E+11
   8.5000000000000000E+06   3.4354952022968484E-11   6.5950686737862207E+11
   8.6000000000000000E+06   3.3881071990264823E-11   6.6873110727196045E+11
   8.7000000000000000E+06   3.3408752128784810E-11   6.7818536592659387E+11
   8.8000000000000000E+06   3.2976750187444591E-11   6.8706972818192505E+11
   8.9000000000000000E+06   3.2545906617755072E-11   6.9616517535419763E+11
   9.0000000000000000E+06   3.2115227259399386E-11   7.0550105732101025E+11
   9.1000000000000000E+06   3.1703233201750492E-11   7.1466927815929443E+11
   9.2000000000000000E+06   3.1302935565609856E-11   7.2380837062779102E+11
   9.3000000000000000E+06   3.0905762709907400E-11   7.3311009989562830E+11
   9.4000000000000000E+06   3.0533287016071590E-11   7.4205331301817664E+11
   9.5000000000000000E+06   3.0163729285521593E-11   7.5114474649811218E+11
   9.6000000000000000E+06   2.9794273204080805E-11   7.6045912019453174E+11
   9.7000000000000000E+06   2.9426317322553117E-11   7.6996813903877869E+11
   9.8000000000000000E+06   2.9086099560524641E-11   7.7897439429661768E+11
   9.9000000000000000E+06   2.8746369754837308E-11   7.8818045481371191E+11
   1.0000000000000000E+07   2.8409363185672543E-11   7.9753025928569153E+11
   1.1000000000000000E+07   2.5491577155813979E-11   8.8881620188193188E+11
   1.2000000000000000E+07   2.3096251118879971E-11   9.8099586253154419E+11
   1.3000000000000000E+07   2.1091134852520955E-11   1.0742583054938195E+12
   1.4000000000000000E+07   1.9416529642220706E-11   1.1669091853748711E+12
   1.5000000000000000E+07   1.7987164577072048E-11   1.2596385989869539E+12
   1.6000000000000000E+07   1.6753857740636325E-11   1.3523647591119067E+12
   1.7000000000000000E+07   1.5669286643614537E-11   1.4459705347750461E+12
   1.8000000000000000E+07   1.4718453994340141E-11   1.5393822473694238E+12
   1.9000000000000000E+07   1.3880460832697261E-11   1.6323180520230618E+12
   2.0000000000000000E+07   1.3135265873912750E-11   1.7249233479627778E+12
   2.1000000000000000E+07   1.2459792357347023E-11   1.8184353428852058E+12
   2.2000000000000000E+07   1.1855829642161643E-11   1.9110705426330459E+12
   2.3000000000000000E+07   1.1301826832364532E-11   2.0047490661180576E+12
   2.4000000000000000E+07   1.0796988748380745E-11   2.0984857274218037E+12
   2.5000000000000000E+07   1.0337757882473123E-11   2.1917060783581089E+12
   2.6000000000000000E+07   9.9160704830930887E-12   2.2849098164682842E+12
   2.7000000000000000E+07   9.5285273952707206E-12   2.3778413859476626E+12
   2.8000000000000000E+07   9.1707015850445343E-12   2.4706208764398228E+12
   2.9000000000000000E+07   8.8406281014377928E-12   2.5628639195812271E+12
   3.0000000000000000E+07   8.5276326566256573E-12   2.6569304401271187E+12
   3.1000000000000000E+07   8.2351627972092378E-12   2.7512906964375981E+12
   3.2000000000000000E+07   7.9640093352897836E-12   2.8449648705473770E+12
   3.3000000000000000E+07   7.7111497960335557E-12   2.9382553039321357E+12
   3.4000000000000000E+07   7.4725513528108814E-12   3.0320737480228892E+12
   3.5000000000000000E+07   7.2447121351221358E-12   3.1274295465473081E+12
   3.6000000000000000E+07   7.0400335666265903E-12   3.2183549372574414E+12
   3.7000000000000000E+07   6.8386718213567523E-12   3.3131180117246392E+12
   3.8000000000000000E+07   6.6539951849746222E-12   3.4050711125810972E+12
   3.9000000000000000E+07   6.4737019902543084E-12   3.4999026556551060E+12
   4.0000000000000000E+07   6.3081353413713228E-12   3.5917629476043130E+12
   4.1000000000000000E+07   6.1463109411094273E-12   3.6863294103895571E+12
   4.2000000000000000E+07   5.9952750582718375E-12   3.7791972123697471E+12
   4.3000000000000000E+07   5.8503668889439674E-12   3.8728044270913428E+12
   4.4000000000000000E+07   5.7114359962399551E-12   3.9670105385978125E+12
   4.5000000000000000E+07   5.5834983371315068E-12   4.0579087553289902E+12
   4.6000000000000000E+07   5.4566651521480980E-12   4.1522296413389785E+12
   4.7000000000000000E+07   5.3350107669704471E-12   4.2469130386548491E+12
   4.8000000000000000E+07   5.2200415703785812E-12   4.3404494930042456E+12
   4.9000000000000000E+07   5.1085412081013320E-12   4.4351852837518252E+12
   5.0000000000000000E+07   5.0024905517705853E-12   4.5292093114681543E+12
   5.1000000000000000E+07   4.9022567091017432E-12   4.6218156518699277E+12
   5.2000000000000000E+07   4.8048632755528612E-12   4.7154987537088203E+12
   5.3000000000000000E+07   4.7087263608628700E-12   4.8117739386875020E+12
   5.4000000000000000E+07   4.6205698888808487E-12   4.9035784183536387E+12
   5.5000000000000000E+07   4.5326050397226492E-12   4.9987427955993281E+12
   5.6000000000000000E+07   4.4484387155869125E-12   5.0933211034742705E+12
   5.7000000000000000E+07   4.3692021385995173E-12   5.1856897595663242E+12
   5.8000000000000000E+07   4.2909827971695971E-12   5.2802185090455137E+12
   5.9000000000000000E+07   4.2178333577196832E-12   5.3717927822212939E+12
   6.0000000000000000E+07   4.1447338528836215E-12   5.4665335801591670E+12
   6.1000000000000000E+07   4.0759739136303672E-12   5.5587516671397168E+12
   6.2000000000000000E+07   4.0083716548650664E-12   5.6525014989842588E+12
   6.3000000000000000E+07   3.9432639603539693E-12   5.7458306152999590E+12
   6.4000000000000000E+07   3.8802227444199524E-12   5.8391819954650059E+12
   6.5000000000000000E+07   3.8189711907051493E-12   5.9328352208457646E+12
   6.6000000000000000E+07   3.7599721734297198E-12   6.0259293799356904E+12
   6.7000000000000000E+07   3.7029697009346811E-12   6.1186908393800186E+12
   6.8000000000000000E+07   3.6488790038852075E-12   6.2093938339654502E+12
   6.9000000000000000E+07   3.5948879196552749E-12   6.3026517916540449E+12
   7.0000000000000000E+07   3.5413027743711560E-12   6.3980202290480957E+12
   7.1000000000000000E+07   3.4893229231786832E-12   6.4933304501867549E+12
   7.2000000000000000E+07   3.4409683999972595E-12   6.5845785702736611E+12
   7.3000000000000000E+07   3.3928614204908533E-12   6.6779405285385674E+12
   7.4000000000000000E+07   3.3449516087057729E-12   6.7735888102660361E+12
   7.5000000000000000E+07   3.2992019643924408E-12   6.8675173669712646E+12
   7.6000000000000000E+07   3.2556220671761310E-12   6.9594462502410068E+12
   7.7000000000000000E+07   3.2121351346721450E-12   7.0536655021281914E+12
   7.8000000000000000E+07   3.1688602764902322E-12   7.1499923665632920E+12
   7.9000000000000000E+07   3.1288726076212214E-12   7.2413708159362920E+12
   8.0000000000000000E+07   3.0889249236981366E-12   7.3350202246045176E+12
   8.1000000000000000E+07   3.0490227178994790E-12   7.4310127814396201E+12
   8.2000000000000000E+07   3.0116747268581887E-12   7.5231652958907568E+12
   8.3000000000000000E+07   2.9745947408294032E-12   7.6169457562119141E+12
   8.4000000000000000E+07   2.9377745294330258E-12   7.7124117459019365E+12
   8.5000000000000000E+07   2.9040792927012599E-12   7.8018967472943369E+12
   8.6000000000000000E+07   2.8703914908648943E-12   7.8934622192542061E+12
   8.7000000000000000E+07   2.8367354164360570E-12   7.9871131640737988E+12
   8.8000000000000000E+07   2.8030992201368905E-12   8.0829556887766250E+12
   8.9000000000000000E+07   2.7695890683352551E-12   8.1807539777840293E+12
   9.0000000000000000E+07   2.7385874685948171E-12   8.2733624715066660E+12
   9.1000000000000000E+07   2.7083563797138413E-12   8.3657110110467520E+12
   9.2000000000000000E+07   2.6781400561585682E-12   8.4600977964198359E+12
   9.3000000000000000E+07   2.6479578545700977E-12   8.5565284766548037E+12
   9.4000000000000000E+07   2.6191375485019306E-12   8.6506822830172178E+12
   9.5000000000000000E+07   2.5913131586924250E-12   8.7435695340827402E+12
   9.6000000000000000E+07   2.5634932520217755E-12   8.8384577450092461E+12
   9.7000000000000000E+07   2.5363455243734269E-12   8.9330600148447910E+12
   9.8000000000000000E+07   2.5106722823758439E-12   9.0244063100781191E+12
   9.9000000000000000E+07   2.4851592979978823E-12   9.1170520963642910E+12
   1.0000000000000000E+08   2.4596528966560686E-12   9.2115951882534902E+12
   1.1000000000000000E+08   2.2316985292934739E-12   1.0152503346759748E+13
   1.2000000000000000E+08   2.0430844789205889E-12   1.1089765020182236E+13
   1.3000000000000000E+08   1.8839744420869348E-12   1.2026345093361566E+13
   1.4000000000000000E+08   1.7484613821577202E-12   1.2958437068624369E+13
   1.5000000000000000E+08   1.6306136937960947E-12   1.3894969037616863E+13
   1.6000000000000000E+08   1.5269450602156186E-12   1.4838337919251254E+13
   1.7000000000000000E+08   1.4362445043447786E-12   1.5775396681463494E+13
   1.8000000000000000E+08   1.3556206244256327E-12   1.6713619119811311E+13
   1.9000000000000000E+08   1.2834473654348686E-12   1.7653491212655887E+13
   2.0000000000000000E+08   1.2189245743620505E-12   1.8587964558405086E+13
   2.1000000000000000E+08   1.1602328474153185E-12   1.9528258347524922E+13
   2.2000000000000000E+08   1.1070622223871313E-12   2.0466172839639812E+13
   2.3000000000000000E+08   1.0585838301613385E-12   2.1403431775599293E+13
   2.4000000000000000E+08   1.0141478100022131E-12   2.2341247068867957E+13
   2.5000000000000000E+08   9.7328042639711322E-13   2.3279340848848293E+13
   2.6000000000000000E+08   9.3584433822186923E-13   2.4210572060157316E+13
   2.7000000000000000E+08   9.0150291940200989E-13   2.5132837953137176E+13
   2.8000000000000000E+08   8.6896730925992672E-13   2.6073854040501664E+13
   2.9000000000000000E+08   8.3858601012144213E-13   2.7018488877878633E+13
   3.0000000000000000E+08   8.1077207568035704E-13   2.7945371414769027E+13
   3.1000000000000000E+08   7.8440913802340660E-13   2.8884577817009969E+13
   3.2000000000000000E+08   7.5961755088495224E-13   2.9827281848892352E+13
   3.3000000000000000E+08   7.3647266946753517E-13   3.0764653906290773E+13
   3.4000000000000000E+08   7.1477672741829083E-13   3.1698467393373348E+13
   3.5000000000000000E+08   6.9466575015437488E-13   3.2616156450171449E+13
   3.6000000000000000E+08   6.7492862339395397E-13   3.3569959848014598E+13
   3.7000000000000000E+08   6.5676098041138727E-13   3.4498588471895086E+13
   3.8000000000000000E+08   6.3926845148910511E-13   3.5442585559842766E+13
   3.9000000000000000E+08   6.2277527599356730E-13   3.6381223951871898E+13
   4.0000000000000000E+08   6.0735061146805541E-13   3.7305184780903938E+13
   4.1000000000000000E+08   5.9232066007732089E-13   3.8251792170567102E+13
   4.2000000000000000E+08   5.7831386922179102E-13   3.9178252491332547E+13
   4.3000000000000000E+08   5.6463328760475726E-13   4.0127508039290281E+13
   4.4000000000000000E+08   5.5188983275483246E-13   4.1054075365936172E+13
   4.5000000000000000E+08   5.3948715210920073E-13   4.1997898743332070E+13
   4.6000000000000000E+08   5.2773508887877722E-13   4.2933144422419250E+13
   4.7000000000000000E+08   5.1644624659614990E-13   4.3871607039344703E+13
   4.8000000000000000E+08   5.0559133038873871E-13   4.4813519191854125E+13
   4.9000000000000000E+08   4.9527571381323741E-13   4.5746896437071438E+13
   5.0000000000000000E+08   4.8522247272892054E-13   4.6694718528151891E+13
   5.1000000000000000E+08   4.7576877693618647E-13   4.7622559289235922E+13
   5.2000000000000000E+08   4.6661332895748819E-13   4.8556964367546055E+13
   5.3000000000000000E+08   4.5802208779171394E-13   4.9467760161632742E+13
   5.4000000000000000E+08   4.4945469486284898E-13   5.0410702227784453E+13
   5.5000000000000000E+08   4.4094549117577963E-13   5.1383509392952672E+13
   5.6000000000000000E+08   4.3326563395281758E-13   5.2294308645947609E+13
   5.7000000000000000E+08   4.2565994788147211E-13   5.3228702630767336E+13
   5.8000000000000000E+08   4.1806553835459107E-13   5.4195633719977922E+13
   5.9000000000000000E+08   4.1109570698354106E-13   5.5114481622445953E+13
   6.0000000000000000E+08   4.0422433648451771E-13   5.6051367378467086E+13
   6.1000000000000000E+08   3.9739536580807127E-13   5.7014572229696141E+13
   6.2000000000000000E+08   3.9110236802725096E-13   5.7931960120558766E+13
   6.3000000000000000E+08   3.8481256271166430E-13   5.8878864629447352E+13
   6.4000000000000000E+08   3.7875726988022349E-13   5.9820176639185961E+13
   6.5000000000000000E+08   3.7293423748846519E-13   6.0754214845483547E+13
   6.6000000000000000E+08   3.6719071266312697E-13   6.1704520311213281E+13
   6.7000000000000000E+08   3.6176635948354055E-13   6.2629722730318297E+13
   6.8000000000000000E+08   3.5634746924723682E-13   6.3582117856689367E+13
   6.9000000000000000E+08   3.5132024154395293E-13   6.4491948109901867E+13
   7.0000000000000000E+08   3.4635224245755899E-13   6.5417006186663172E+13
   7.1000000000000000E+08   3.4139910305697810E-13   6.6366099338665766E+13
   7.2000000000000000E+08   3.3646300196633557E-13   6.7339727266291680E+13
   7.3000000000000000E+08   3.3193460105731596E-13   6.8258406069870688E+13
   7.4000000000000000E+08   3.2744075032758033E-13   6.9195195664998375E+13
   7.5000000000000000E+08   3.2295322037116373E-13   7.0156683254531984E+13
   7.6000000000000000E+08   3.1885016972512078E-13   7.1059478522917438E+13
   7.7000000000000000E+08   3.1478061400754272E-13   7.1978151701133312E+13
   7.8000000000000000E+08   3.1073499048809462E-13   7.2915273403942203E+13
   7.9000000000000000E+08   3.0668991441275402E-13   7.3876986894058000E+13
   8.0000000000000000E+08   3.0268152658245770E-13   7.4855334064923188E+13
   8.1000000000000000E+08   2.9909789021540504E-13   7.5752211997528281E+13
   8.2000000000000000E+08   2.9551450485021683E-13   7.6670777290931266E+13
   8.3000000000000000E+08   2.9193274719844672E-13   7.7611460190894797E+13
   8.4000000000000000E+08   2.8837470204912060E-13   7.8569051399492875E+13
   8.5000000000000000E+08   2.8481716173497539E-13   7.9550426840829281E+13
   8.6000000000000000E+08   2.8156479865328621E-13   8.0469316107624031E+13
   8.7000000000000000E+08   2.7837000852694717E-13   8.1392844392636828E+13
   8.8000000000000000E+08   2.7517521920611383E-13   8.2337816802609094E+13
   8.9000000000000000E+08   2.7200911248468046E-13   8.3296204971393594E+13
   9.0000000000000000E+08   2.6904849822333357E-13   8.4212797830981594E+13
   9.1000000000000000E+08   2.6609919749328660E-13   8.5146167297939406E+13
   9.2000000000000000E+08   2.6316576159594744E-13   8.6095268055416016E+13
   9.3000000000000000E+08   2.6031877216285445E-13   8.7036853313968688E+13
   9.4000000000000000E+08   2.5758553837800362E-13   8.7960399214498797E+13
   9.5000000000000000E+08   2.5486870858672612E-13   8.8898032690038984E+13
   9.6000000000000000E+08   2.5216391572747028E-13   8.9851582143489656E+13
   9.7000000000000000E+08   2.4960457920263507E-13   9.0772881090522906E+13
   9.8000000000000000E+08   2.4707397550178430E-13   9.1702603406918422E+13
   9.9000000000000000E+08   2.4454697681093800E-13   9.2650201949245250E+13
   1.0000000000000000E+09   2.4207221236053844E-13   9.3597388013562438E+13
   1.1000000000000000E+09   2.2005647665935703E-13   1.0296141759410192E+14
   1.2000000000000000E+09   2.0176726714415008E-13   1.1229436324487439E+14
   1.3000000000000000E+09   1.8620852138692840E-13   1.2167717470099258E+14
   1.4000000000000000E+09   1.7298601641566201E-13   1.3097779379558812E+14
   1.5000000000000000E+09   1.6133331595786500E-13   1.4043799108132231E+14
   1.6000000000000000E+09   1.5130299640011536E-13   1.4974803755831978E+14
   1.7000000000000000E+09   1.4234678788393003E-13   1.5916991963377247E+14
   1.8000000000000000E+09   1.3447066217700327E-13   1.6849271373250947E+14
   1.9000000000000000E+09   1.2738447426196955E-13   1.7786568511493328E+14
   2.0000000000000000E+09   1.2099311689306692E-13   1.8726128700060869E+14
   2.1000000000000000E+09   1.1530222914561933E-13   1.9650380530801403E+14
   2.2000000000000000E+09   1.0999086583726058E-13   2.0599280326726356E+14
   2.3000000000000000E+09   1.0522876629250343E-13   2.1531495223112697E+14
   2.4000000000000000E+09   1.0084924098200811E-13   2.2466531792393909E+14
   2.5000000000000000E+09   9.6806237766444756E-14   2.3404821125549769E+14
   2.6000000000000000E+09   9.3072741635075469E-14   2.4343676128556356E+14
   2.7000000000000000E+09   8.9619932726024802E-14   2.5281570849730531E+14
   2.8000000000000000E+09   8.6463433723801702E-14   2.6204518848959012E+14
   2.9000000000000000E+09   8.3440784739475606E-14   2.7153779603527244E+14
   3.0000000000000000E+09   8.0639528286812023E-14   2.8097047774169869E+14
   3.1000000000000000E+09   7.8039622816529166E-14   2.9033106478330994E+14
   3.2000000000000000E+09   7.5626051961350151E-14   2.9959684791148656E+14
   3.3000000000000000E+09   7.3334998407674744E-14   3.0895653207295406E+14
   3.4000000000000000E+09   7.1149225954854808E-14   3.1844797302485338E+14
   3.5000000000000000E+09   6.9142049891701722E-14   3.2769243641314262E+14
   3.6000000000000000E+09   6.7212755267827454E-14   3.3709861613806094E+14
   3.7000000000000000E+09   6.5377722457852548E-14   3.4656035627759038E+14
   3.8000000000000000E+09   6.3671027018855511E-14   3.5584987157347200E+14
   3.9000000000000000E+09   6.2035797250952645E-14   3.6522988003128894E+14
   4.0000000000000000E+09   6.0476276005744422E-14   3.7464818080826712E+14
   4.1000000000000000E+09   5.9001222091694966E-14   3.8401453367183819E+14
   4.2000000000000000E+09   5.7631919312134733E-14   3.9313850827869562E+14
   4.3000000000000000E+09   5.6292044534455734E-14   4.0249607160284438E+14
   4.4000000000000000E+09   5.4976942809262430E-14   4.1212416751179419E+14
   4.5000000000000000E+09   5.3783046625702640E-14   4.2127265391438388E+14
   4.6000000000000000E+09   5.2596593902769087E-14   4.3077555230088662E+14
   4.7000000000000000E+09   5.1480439198580178E-14   4.4011525815101606E+14
   4.8000000000000000E+09   5.0407626897150361E-14   4.4948211574887019E+14
   4.9000000000000000E+09   4.9368908777498661E-14   4.5893918558591981E+14
   5.0000000000000000E+09   4.8386907297608597E-14   4.6825325388652356E+14
   5.1000000000000000E+09   4.7428317383904113E-14   4.7771728025291669E+14
   5.2000000000000000E+09   4.6520742678654095E-14   4.8703708244982619E+14
   5.3000000000000000E+09   4.5640423994284666E-14   4.9643111971194812E+14
   5.4000000000000000E+09   4.4794883954315413E-14   5.0580166276841212E+14
   5.5000000000000000E+09   4.3991520183471220E-14   5.1503850499178156E+14
   5.6000000000000000E+09   4.3217260288846506E-14   5.2426569005481806E+14
   5.7000000000000000E+09   4.2445167627633170E-14   5.3380226899752312E+14
   5.8000000000000000E+09   4.1706372218937978E-14   5.4325815414179294E+14
   5.9000000000000000E+09   4.1004837415919518E-14   5.5255253319976412E+14
   6.0000000000000000E+09   4.0306289787044392E-14   5.6212881183853150E+14
   6.1000000000000000E+09   3.9652477931586722E-14   5.7139750072371212E+14
   6.2000000000000000E+09   3.9006708822258697E-14   5.8085717743717150E+14
   6.3000000000000000E+09   3.8402992691889576E-14   5.8998857118747050E+14
   6.4000000000000000E+09   3.7800358453630809E-14   5.9939449556818988E+14
   6.5000000000000000E+09   3.7205048629683279E-14   6.0898527544280962E+14
   6.6000000000000000E+09   3.6655247843098717E-14   6.1811959053160838E+14
   6.7000000000000000E+09   3.6108487097706713E-14   6.2747926065974088E+14
   6.8000000000000000E+09   3.5562726809081219E-14   6.3710881646525138E+14
   6.9000000000000000E+09   3.5058119659813455E-14   6.4627900775815200E+14
   7.0000000000000000E+09   3.4559466032580733E-14   6.5560407577625012E+14
   7.1000000000000000E+09   3.4060965909297125E-14   6.6519918571734800E+14
   7.2000000000000000E+09   3.3595136489305392E-14   6.7442282292329688E+14
   7.3000000000000000E+09   3.3135723000974494E-14   6.8377342443816500E+14
   7.4000000000000000E+09   3.2677928791920587E-14   6.9335259685163038E+14
   7.5000000000000000E+09   3.2249567825977364E-14   7.0256218346467538E+14
   7.6000000000000000E+09   3.1824822025933859E-14   7.1193883721164188E+14
   7.7000000000000000E+09   3.1403511767249540E-14   7.2149022553713038E+14
   7.8000000000000000E+09   3.1007480097368784E-14   7.3070519489048850E+14
   7.9000000000000000E+09   3.0614428138326848E-14   7.4008655935812225E+14
   8.0000000000000000E+09   3.0228009647867581E-14   7.4954742477426550E+14
   8.1000000000000000E+09   2.9858782842509401E-14   7.5881615493562512E+14
   8.2000000000000000E+09   2.9490696334491605E-14   7.6828727713395288E+14
   8.3000000000000000E+09   2.9141882663227389E-14   7.7748328923858075E+14
   8.4000000000000000E+09   2.8806272354227515E-14   7.8654143476101950E+14
   8.5000000000000000E+09   2.8470903284333326E-14   7.9580639087339538E+14
   8.6000000000000000E+09   2.8136601626417564E-14   8.0526166906872462E+14
   8.7000000000000000E+09   2.7804198720686761E-14   8.1488867977171350E+14
   8.8000000000000000E+09   2.7479249522510448E-14   8.2452494814497662E+14
   8.9000000000000000E+09   2.7180169542779847E-14   8.3359769893817700E+14
   9.0000000000000000E+09   2.6882511773087342E-14   8.4282774537063675E+14
   9.1000000000000000E+09   2.6586004627409632E-14   8.5222759512542762E+14
   9.2000000000000000E+09   2.6289505826307522E-14   8.6183920448356038E+14
   9.3000000000000000E+09   2.6000128903725861E-14   8.7143132526408238E+14
   9.4000000000000000E+09   2.5731581231630934E-14   8.8052601912232825E+14
   9.5000000000000000E+09   2.5463476104394105E-14   8.8979708405565800E+14
   9.6000000000000000E+09   2.5195405682292221E-14   8.9926421798140650E+14
   9.7000000000000000E+09   2.4927751328079272E-14   9.0891980144590875E+14
   9.8000000000000000E+09   2.4676039253875207E-14   9.1819139021885850E+14
   9.9000000000000000E+09   2.4430498870056047E-14   9.2741973498467575E+14
   1.0000000000000000E+10   2.4184974627251129E-14   9.3683483802711925E+14
   1.1000000000000000E+10   2.1988039921049108E-14   1.0304386779797040E+15
   1.2000000000000000E+10   2.0145662166644995E-14   1.1246752080020655E+15
   1.3000000000000000E+10   1.8573590434092631E-14   1.2198679015782698E+15
   1.4000000000000000E+10   1.7253302011558486E-14   1.3132168423431065E+15
   1.5000000000000000E+10   1.6099944467806624E-14   1.4072922321512530E+15
   1.6000000000000000E+10   1.5090786995554364E-14   1.5014012718014960E+15
   1.7000000000000000E+10   1.4213671396110905E-14   1.5940516813840382E+15
   1.8000000000000000E+10   1.3420909477055127E-14   1.6882109834915872E+15
   1.9000000000000000E+10   1.2712346334113453E-14   1.7823088037501065E+15
   2.0000000000000000E+10   1.2074338844971901E-14   1.8764859160007720E+15
   2.1000000000000000E+10   1.1496168466326808E-14   1.9708589739247398E+15
   2.2000000000000000E+10   1.0977234389159464E-14   2.0640286965163082E+15
   2.3000000000000000E+10   1.0495353967303372E-14   2.1587958689336392E+15
   2.4000000000000000E+10   1.0057677849270911E-14   2.2527393626206915E+15
   2.5000000000000000E+10   9.6580802236463834E-15   2.3459451840271195E+15
   2.6000000000000000E+10   9.2837052906422491E-15   2.4405478285107605E+15
   2.7000000000000000E+10   8.9420362266136524E-15   2.5337994851974700E+15
   2.8000000000000000E+10   8.6235345782449027E-15   2.6273828419230520E+15
   2.9000000000000000E+10   8.3254836618559829E-15   2.7214427062559210E+15
   3.0000000000000000E+10   8.0473627684348946E-15   2.8154971311200565E+15
   3.1000000000000000E+10   7.7869696687212885E-15   2.9096462104662850E+15
   3.2000000000000000E+10   7.5432735708953612E-15   3.0036464374076060E+15
   3.3000000000000000E+10   7.3150291237054448E-15   3.0973665865780830E+15
   3.4000000000000000E+10   7.1041104967333886E-15   3.1893263481795630E+15
   3.5000000000000000E+10   6.8960365836002481E-15   3.2855578001852735E+15
   3.6000000000000000E+10   6.7079100176138785E-15   3.3777028505326325E+15
   3.7000000000000000E+10   6.5232576007083954E-15   3.4733147415718060E+15
   3.8000000000000000E+10   6.3535935766679510E-15   3.5660648598636210E+15
   3.9000000000000000E+10   6.1892889038708113E-15   3.6607318125739450E+15
   4.0000000000000000E+10   6.0340665145391763E-15   3.7549017288784640E+15
   4.1000000000000000E+10   5.8874028054479409E-15   3.8484417554451545E+15
   4.2000000000000000E+10   5.7474318208661654E-15   3.9421653868694755E+15
   4.3000000000000000E+10   5.6171456421493543E-15   4.0336014465420125E+15
   4.4000000000000000E+10   5.4870585697004395E-15   4.1292299872147630E+15
   4.5000000000000000E+10   5.3646028627239745E-15   4.2234863171411220E+15
   4.6000000000000000E+10   5.2479687629672255E-15   4.3173516861408000E+15
   4.7000000000000000E+10   5.1350695272946316E-15   4.4122726415249965E+15
   4.8000000000000000E+10   5.0279480365143750E-15   4.5062770384790990E+15
   4.9000000000000000E+10   4.9267225792761807E-15   4.5988639350055600E+15
   5.0000000000000000E+10   4.8286868248335848E-15   4.6922336464410610E+15
   5.1000000000000000E+10   4.7313805994398455E-15   4.7887347702049650E+15
   5.2000000000000000E+10   4.6429415433217325E-15   4.8799509053049390E+15
   5.3000000000000000E+10   4.5545942756968834E-15   4.9746092442326440E+15
   5.4000000000000000E+10   4.4689235272645974E-15   5.0699741558296970E+15
   5.5000000000000000E+10   4.3883864469649304E-15   5.1630199531039310E+15
   5.6000000000000000E+10   4.3092514630405485E-15   5.2578335197974500E+15
   5.7000000000000000E+10   4.2344822498224571E-15   5.3506722784257210E+15
   5.8000000000000000E+10   4.1602777580722285E-15   5.4461091554881310E+15
   5.9000000000000000E+10   4.0907631389978623E-15   5.5386552625389340E+15
   6.0000000000000000E+10   4.0216039987137140E-15   5.6339029886725820E+15
   6.1000000000000000E+10   3.9564727332144998E-15   5.7266480310613670E+15
   6.2000000000000000E+10   3.8922210606690998E-15   5.8211818996004940E+15
   6.3000000000000000E+10   3.8326825313349429E-15   5.9116106284229960E+15
   6.4000000000000000E+10   3.7733324381375961E-15   6.0045933293897040E+15
   6.5000000000000000E+10   3.7140156299260651E-15   6.1004931172198220E+15
   6.6000000000000000E+10   3.6567616238173046E-15   6.1960086870411720E+15
   6.7000000000000000E+10   3.6036198079082706E-15   6.2873799111350480E+15
   6.8000000000000000E+10   3.5505008409153286E-15   6.3814452672456440E+15
   6.9000000000000000E+10   3.4976232758166245E-15   6.4779208625093480E+15
   7.0000000000000000E+10   3.4483944907725504E-15   6.5703987314209050E+15
   7.1000000000000000E+10   3.4002281319422390E-15   6.6634725401994550E+15
   7.2000000000000000E+10   3.3521697113524171E-15   6.7590034928362290E+15
   7.3000000000000000E+10   3.3062310185564093E-15   6.8529170104706130E+15
   7.4000000000000000E+10   3.2620475728395343E-15   6.9457376944040520E+15
   7.5000000000000000E+10   3.2179390084453616E-15   7.0409435132696690E+15
   7.6000000000000000E+10   3.1756249098859899E-15   7.1347616392215030E+15
   7.7000000000000000E+10   3.1346638747313310E-15   7.2279924397165990E+15
   7.8000000000000000E+10   3.0938573615448025E-15   7.3233262364421690E+15
   7.9000000000000000E+10   3.0560736603696197E-15   7.4138680233481310E+15
   8.0000000000000000E+10   3.0188983243282985E-15   7.5051639218926100E+15
   8.1000000000000000E+10   2.9817560438276266E-15   7.5986520877563130E+15
   8.2000000000000000E+10   2.9446186514725512E-15   7.6944859315756470E+15
   8.3000000000000000E+10   2.9075708135471950E-15   7.7925279350184370E+15
   8.4000000000000000E+10   2.8737031115717237E-15   7.8843658888683020E+15
   8.5000000000000000E+10   2.8403466901998543E-15   7.9769581881627870E+15
   8.6000000000000000E+10   2.8070052829707467E-15   8.0717079248357530E+15
   8.7000000000000000E+10   2.7737225388099623E-15   8.1685628142646510E+15
   8.8000000000000000E+10   2.7427925584913079E-15   8.2606782337464190E+15
   8.9000000000000000E+10   2.7120515177218810E-15   8.3543128290729950E+15
   9.0000000000000000E+10   2.6813374336996062E-15   8.4500095000535210E+15
   9.1000000000000000E+10   2.6528014536812168E-15   8.5409055985587900E+15
   9.2000000000000000E+10   2.6246021474710682E-15   8.6326709781298610E+15
   9.3000000000000000E+10   2.5964033387241918E-15   8.7264279974096970E+15
   9.4000000000000000E+10   2.5682051073813455E-15   8.8222419317253070E+15
   9.5000000000000000E+10   2.5402115281929201E-15   8.9194645942454190E+15
   9.6000000000000000E+10   2.5147839261825300E-15   9.0096515059267440E+15
   9.7000000000000000E+10   2.4893684823497409E-15   9.1016363982500140E+15
   9.8000000000000000E+10   2.4639530414730522E-15   9.1955189105654880E+15
   9.9000000000000000E+10   2.4385376034336311E-15   9.2913583763103360E+15
   1.0000000000000000E+11   2.4131221681185561E-15   9.3892166285456180E+15
   1.1000000000000000E+11   2.4131214112649225E-15   9.3892195733882140E+15
