   1.0000000000000000E+00   4.7796633052179203E-03   3.4718002743090328E+03   8.5946439673851153E-05
   2.0000000000000000E+00   8.6186285812927723E-03   1.9253685453134278E+03   3.1068703130301777E-04
   3.0000000000000000E+00   1.1781125704137519E-02   1.4085272316831820E+03   6.3130697034569278E-04
   4.0000000000000000E+00   1.4663071862349433E-02   1.1316889482598203E+03   1.0437579337567032E-03
   5.0000000000000000E+00   1.7218663965875080E-02   9.6372380615867723E+02   1.5215307117531149E-03
   5.9889999999999999E+00   1.9623570348221927E-02   8.4561759555971764E+02   2.0688057300554041E-03
   5.9910000000000005E+00   1.9619931180317993E-02   8.4577444342959438E+02   2.0684714767280755E-03
   6.0000000000000000E+00   1.9670140244190528E-02   8.4361555983625271E+02   2.0789819468204004E-03
   7.0000000000000000E+00   2.1928502008822789E-02   7.5673369605839457E+02   2.6904526702600513E-03
   8.0000000000000000E+00   2.4159267003228214E-02   6.8686009273141713E+02   3.3799616824257790E-03
   9.0000000000000000E+00   2.6267551316969076E-02   6.3173137739110462E+02   4.1202677211898270E-03
   9.0690000000000008E+00   2.6452525058053369E-02   6.2731388923147074E+02   4.1849740235792620E-03
   9.0709999999999997E+00   2.6449611894945324E-02   6.2738298165091840E+02   4.1845973912034602E-03
   1.0000000000000000E+01   2.8392955820363129E-02   5.8444201720834315E+02   4.9427340065417947E-03
   1.1000000000000000E+01   3.0442197295379218E-02   5.4509982354917543E+02   5.8179459175360902E-03
   1.2000000000000000E+01   3.2541413717858791E-02   5.0993593941659509E+02   6.7840928304641248E-03
   1.3000000000000000E+01   3.4600276058105950E-02   4.7959260054148746E+02   7.8094109302830469E-03
   1.4000000000000000E+01   3.6738309844144813E-02   4.5168208457485918E+02   8.9393101618092507E-03
   1.5000000000000000E+01   3.8868055516571048E-02   4.2693250674929385E+02   1.0139674225735189E-02
   1.6000000000000000E+01   4.1107292481027728E-02   4.0367621832109359E+02   1.1464294456681776E-02
   1.7000000000000000E+01   4.3371043418404281E-02   3.8260634437765918E+02   1.2876853144841924E-02
   1.8000000000000000E+01   4.5779766380667879E-02   3.6247533978608971E+02   1.4441610729881699E-02
   1.9000000000000000E+01   4.8250904213004604E-02   3.4391140735737685E+02   1.6120540803848799E-02
   2.0000000000000000E+01   5.0912543338605655E-02   3.2593218264108151E+02   1.7991828446706767E-02
   2.1000000000000000E+01   5.3685157836054181E-02   3.0909914477360593E+02   2.0016916783052032E-02
   2.2000000000000000E+01   5.6711249520393490E-02   2.9260572663265236E+02   2.2293756323043486E-02
   2.3000000000000000E+01   5.9916514744978118E-02   2.7695263058589740E+02   2.4786010822097557E-02
   2.4000000000000000E+01   6.3468615394514399E-02   2.6145262931944507E+02   2.7621735079210941E-02
   2.5000000000000000E+01   6.7304298343093844E-02   2.4655240129790502E+02   3.0773312732981280E-02
   2.6000000000000000E+01   7.1635948089700557E-02   2.3164398345620836E+02   3.4418804411106847E-02
   2.7000000000000000E+01   7.5055274749335252E-02   2.2109087508612933E+02   3.7446475740234658E-02
   2.8000000000000000E+01   7.4694065365777301E-02   2.2216003765358462E+02   3.7501769236080826E-02
   2.9000000000000000E+01   7.6263475443946530E-02   2.1758825279811663E+02   3.9234748640830271E-02
   3.0000000000000000E+01   7.9942900710184922E-02   2.0757360849737438E+02   4.2889242035107800E-02
   3.1000000000000000E+01   8.5903748517133144E-02   1.9317010794762680E+02   4.8720373909034546E-02
   3.2000000000000000E+01   9.4767775277238467E-02   1.7510209905862368E+02   5.7439750058913677E-02
   3.3000000000000000E+01   1.0757951349738833E-01   1.5424903715114166E+02   7.0205993851319801E-02
   3.4000000000000000E+01   1.2811619991828332E-01   1.2952332636110509E+02   9.1023236704671537E-02
   3.5000000000000000E+01   1.6022239699772720E-01   1.0356876869340427E+02   1.2424794227989219E-01
   3.6000000000000000E+01   2.3997918452326958E-01   6.9147815495436674E+01   2.0894347308656222E-01
   3.7000000000000000E+01   5.1987433864740273E-01   3.1919321921782835E+01   5.1437263810671774E-01
   3.8000000000000000E+01   9.4651321573771141E-01   1.7531753490865970E+01   9.8873798223348519E-01
   3.9000000000000000E+01   1.3337142952550243E+00   1.2441972342350423E+01   1.4262534097203530E+00
   4.0000000000000000E+01   1.6560021283461115E+00   1.0020540487307981E+01   1.7951517233471490E+00
   4.1000000000000000E+01   1.9564506198518958E+00   8.4817046777375715E+00   2.1449334100171868E+00
   4.2000000000000000E+01   2.2341949337225873E+00   7.4273001534882290E+00   2.4746084953873408E+00
   4.3000000000000000E+01   2.4489026183123355E+00   6.7761111650883850E+00   2.7318967143813162E+00
   4.4000000000000000E+01   2.6454523523094085E+00   6.2726649979820088E+00   2.9718515838365591E+00
   4.5000000000000000E+01   2.7896301308164957E+00   5.9484718747655254E+00   3.1478689508107576E+00
   4.6000000000000000E+01   2.9218405637143765E+00   5.6793093299606001E+00   3.3120042553840769E+00
   4.7000000000000000E+01   3.0759375683860504E+00   5.3947897202826898E+00   3.5115956774697739E+00
   4.8000000000000000E+01   3.1542596545636945E+00   5.2608339805353550E+00   3.6089498436105854E+00
   4.9000000000000000E+01   3.2562402879005390E+00   5.0960724353851052E+00   3.7436741531228011E+00
   5.0000000000000000E+01   3.3497218083500835E+00   4.9538550732169142E+00   3.8702996502572096E+00
   5.1000000000000000E+01   3.4074932077418572E+00   4.8698663100658823E+00   3.9469393306464946E+00
   5.2000000000000000E+01   3.4870374179212908E+00   4.7587778349830590E+00   4.0601433284653714E+00
   5.3000000000000000E+01   3.5340694894329903E+00   4.6954471109799147E+00   4.1260984927679996E+00
   5.4000000000000000E+01   3.5768343599279060E+00   4.6393080317241369E+00   4.1877746962768860E+00
   5.5000000000000000E+01   3.6155774241247873E+00   4.5895950847124425E+00   4.2454603557122503E+00
   5.6000000000000000E+01   3.6507191400557009E+00   4.5454157763303629E+00   4.2995613234191374E+00
   5.7000000000000000E+01   3.6824560972387488E+00   4.5062414692746131E+00   4.3503068019656741E+00
   5.8000000000000000E+01   3.7110883200983760E+00   4.4714743877937435E+00   4.3979917017529218E+00
   5.9000000000000000E+01   3.7367402219914587E+00   4.4407786970314920E+00   4.4427796797261578E+00
   6.0000000000000000E+01   3.7395199097224947E+00   4.4374777444069879E+00   4.4487990862463596E+00
   6.1000000000000000E+01   3.7606207428058713E+00   4.4125790684702935E+00   4.4890640280428897E+00
   6.2000000000000000E+01   3.7793887138487787E+00   4.3906667534236492E+00   4.5270662585313364E+00
   6.3000000000000000E+01   3.7776030184721296E+00   4.3927422476679236E+00   4.5284751586527205E+00
   6.4000000000000000E+01   3.7926951352614582E+00   4.3752623879209969E+00   4.5628597980891774E+00
   6.5000000000000000E+01   3.7886085907424132E+00   4.3799817206529221E+00   4.5619851958635049E+00
   6.6000000000000000E+01   3.8005087578550785E+00   4.3662671056507962E+00   4.5932393197038417E+00
   6.7000000000000000E+01   3.7944973494984917E+00   4.3731843366167027E+00   4.5904607814065423E+00
   6.8000000000000000E+01   3.7878562083771388E+00   4.3808517169847665E+00   4.5870972089752513E+00
   6.9000000000000000E+01   3.7958747256660916E+00   4.3715974771133972E+00   4.6145413246823557E+00
   7.0000000000000000E+01   3.7876925318477852E+00   4.3810410255409966E+00   4.6096731267672721E+00
   7.1000000000000000E+01   3.7790128313206517E+00   4.3911034745974327E+00   4.6043584544163840E+00
   7.2000000000000000E+01   3.7839161104857268E+00   4.3854133891013465E+00   4.6287324902227143E+00
   7.3000000000000000E+01   3.7739840064239663E+00   4.3969546097478176E+00   4.6222120133668820E+00
   7.4000000000000000E+01   3.7637249130232844E+00   4.4089397492206510E+00   4.6154066926098842E+00
   7.5000000000000000E+01   3.7531135242388287E+00   4.4214053923471033E+00   4.6082995424935529E+00
   7.6000000000000000E+01   3.7422263200429891E+00   4.4342685222655831E+00   4.6009572574429507E+00
   7.6998999999999995E+01   3.7310485775791329E+00   4.4475530213887833E+00   4.5933908486460497E+00
   7.7001000000000005E+01   3.7310010360530814E+00   4.4476096934335754E+00   4.5933188429883733E+00
   7.8000000000000000E+01   3.7195741149444022E+00   4.4612732160623807E+00   4.5855491137251105E+00
   7.9000000000000000E+01   3.7078849045702893E+00   4.4753375040597430E+00   4.5775485541933385E+00
   8.0000000000000000E+01   3.6960365836617921E+00   4.4896840165256444E+00   4.5694173639838347E+00
   8.1000000000000000E+01   3.6839392474961983E+00   4.5044272609648299E+00   4.5610928293164017E+00
   8.2000000000000000E+01   3.6722551606809173E+00   4.5187590861969120E+00   4.5553181892635877E+00
   8.3000000000000000E+01   3.6599293437094302E+00   4.5339772481350487E+00   4.5470967210351700E+00
   8.4000000000000000E+01   3.6474224241592412E+00   4.5495241418288561E+00   4.5387113337428895E+00
   8.5000000000000000E+01   3.6348496284485736E+00   4.5652607591481207E+00   4.5302634215866338E+00
   8.6000000000000000E+01   3.6227773346767211E+00   4.5804737197962977E+00   4.5249059106141596E+00
   8.7000000000000000E+01   3.6100032714497821E+00   4.5966818106223517E+00   4.5165193797337553E+00
   8.8000000000000000E+01   3.5971622087426613E+00   4.6130909342452515E+00   4.5080652505843473E+00
   8.9000000000000000E+01   3.5841897944278243E+00   4.6297872952928962E+00   4.4995006873962309E+00
   9.0000000000000000E+01   3.5719217794266980E+00   4.6456886233448769E+00   4.4945889728004156E+00
   9.1000000000000000E+01   3.5501193910409516E+00   4.6742192434533196E+00   4.4623879909708970E+00
   9.2000000000000000E+01   3.5372299393475446E+00   4.6912518153177301E+00   4.4541630499714353E+00
   9.3000000000000000E+01   3.5242706622939464E+00   4.7085022588359733E+00   4.4458737179214731E+00
   9.4000000000000000E+01   3.5121326898672063E+00   4.7247748987490041E+00   4.4416867488647549E+00
   9.5000000000000000E+01   3.4991509701381696E+00   4.7423036375893082E+00   4.4335481383376472E+00
   9.6000000000000000E+01   3.4782656917432129E+00   4.7707788434769958E+00   4.4028404058506574E+00
   9.7000000000000000E+01   3.4654165905381458E+00   4.7884679779822665E+00   4.3948708930894531E+00
   9.8000000000000000E+01   3.4534444827670367E+00   4.8050682317222586E+00   4.3913822023982476E+00
   9.9000000000000000E+01   3.4405875391793175E+00   4.8230240286572004E+00   4.3835602642660625E+00
   1.0000000000000000E+02   3.4204674998553060E+00   4.8513942538154113E+00   4.3540861645825162E+00
   1.1000000000000000E+02   3.2782508103707957E+00   5.0618568663706007E+00   4.2304723795542438E+00
   1.2000000000000000E+02   3.1419749914220922E+00   5.2814030727373025E+00   4.1106587557077372E+00
   1.2099900000000000E+02   3.1306491920611763E+00   5.3005096886103402E+00   4.1049864412333550E+00
   1.2100100000000000E+02   3.1306173481143542E+00   5.3005636042218054E+00   4.1049398808012345E+00
   1.3000000000000000E+02   3.0117114957742417E+00   5.5098359844372977E+00   3.9861676081656947E+00
   1.4000000000000000E+02   2.8941805507296650E+00   5.7335871357358128E+00   3.8868271490065291E+00
   1.5000000000000000E+02   2.7856996960585874E+00   5.9568647681725562E+00   3.7954547701770904E+00
   1.6000000000000000E+02   2.6831475374030225E+00   6.1845411565483683E+00   3.7509721266837870E+00
   1.7000000000000000E+02   2.5899734875743730E+00   6.4070294363134428E+00   3.6735204991779229E+00
   1.8000000000000000E+02   2.5030098647529120E+00   6.6296328303917793E+00   3.5981342044423070E+00
   1.9000000000000000E+02   2.4239600718518965E+00   6.8458373414883082E+00   3.5423237225804143E+00
   2.0000000000000000E+02   2.3491788134100355E+00   7.0637604423448392E+00   3.4814331820490847E+00
   2.1000000000000000E+02   2.2800130757487698E+00   7.2780443895966771E+00   3.4299916370236039E+00
   2.2000000000000000E+02   2.2159654808751070E+00   7.4884002108224372E+00   3.3878073825837878E+00
   2.3000000000000000E+02   2.1556504615220358E+00   7.6979253688670299E+00   3.3462543311691939E+00
   2.4000000000000000E+02   2.0995341636112919E+00   7.9036753303494329E+00   3.3125393114217205E+00
   2.5000000000000000E+02   2.0461757390389494E+00   8.1097806300617687E+00   3.2762663809935431E+00
   2.6000000000000000E+02   1.9960959143200672E+00   8.3132459994102277E+00   3.2443497838582216E+00
   2.7000000000000000E+02   1.9491808525454453E+00   8.5133384890838428E+00   3.2185047750288329E+00
   2.8000000000000000E+02   1.9043928683144329E+00   8.7135572970548267E+00   3.1903670562597730E+00
   2.9000000000000000E+02   1.8622560781015645E+00   8.9107167211272138E+00   3.1673696578478614E+00
   3.0000000000000000E+02   1.8217227753285741E+00   9.1089800264298830E+00   3.1401999406466334E+00
   3.1000000000000000E+02   1.7838979725361916E+00   9.3021218868074804E+00   3.1224740598396377E+00
   3.2000000000000000E+02   1.7469231291454994E+00   9.4990077681765559E+00   3.0947235147221637E+00
   3.3000000000000000E+02   1.7119027901063044E+00   9.6933286574817448E+00   3.0710347016852286E+00
   3.4000000000000000E+02   1.6786742440710261E+00   9.8852034173810122E+00   3.0510342308347349E+00
   3.5000000000000000E+02   1.6465934431952385E+00   1.0077798161250678E+01   3.0280508174100058E+00
   3.6000000000000000E+02   1.6162373354733253E+00   1.0267078980266675E+01   3.0107394232950520E+00
   3.7000000000000000E+02   1.5865566720069810E+00   1.0459151360265674E+01   2.9861971936917309E+00
   3.8000000000000000E+02   1.5581065380794230E+00   1.0650129479987159E+01   2.9627384179501286E+00
   3.9000000000000000E+02   1.5310305078222757E+00   1.0838475320628071E+01   2.9433956544028241E+00
   4.0000000000000000E+02   1.5048056104222294E+00   1.1027362111910469E+01   2.9219016898275534E+00
   4.1000000000000000E+02   1.4795918254934504E+00   1.1215279841537521E+01   2.9012874212684117E+00
   4.2000000000000000E+02   1.4552420264485624E+00   1.1402939217373500E+01   2.8803710218517349E+00
   4.3000000000000000E+02   1.4318721783705044E+00   1.1589048676848167E+01   2.8613232262301960E+00
   4.4000000000000000E+02   1.4089422533408682E+00   1.1777655425417755E+01   2.8368035212524489E+00
   4.5000000000000000E+02   1.3872169263320073E+00   1.1962106328991613E+01   2.8191697791811579E+00
   4.6000000000000000E+02   1.3660497636243782E+00   1.2147461107224528E+01   2.7991157851011028E+00
   4.7000000000000000E+02   1.3455159200297704E+00   1.2332842835329101E+01   2.7784369680956296E+00
   4.8000000000000000E+02   1.3257470144236889E+00   1.2516744291047063E+01   2.7595905172361803E+00
   4.9000000000000000E+02   1.3064449160883305E+00   1.2701673197095172E+01   2.7383069120037868E+00
   5.0000000000000000E+02   1.2879354008056814E+00   1.2884214816814435E+01   2.7205769356699179E+00
   5.1000000000000000E+02   1.2698382461479711E+00   1.3067834761236774E+01   2.7004059863108214E+00
   5.2000000000000000E+02   1.2521376985894221E+00   1.3252565107539029E+01   2.6778658821670644E+00
   5.3000000000000000E+02   1.2353797026183881E+00   1.3432336907421520E+01   2.6632307521857230E+00
   5.4000000000000000E+02   1.2188818639378920E+00   1.3614146592147462E+01   2.6445575317976013E+00
   5.5000000000000000E+02   1.2027173567952709E+00   1.3797120562370887E+01   2.6235341235483869E+00
   5.6000000000000000E+02   1.1870227948445817E+00   1.3979543144605806E+01   2.6030160765271071E+00
   5.7000000000000000E+02   1.1720649223895268E+00   1.4157949834664105E+01   2.5885114031783871E+00
   5.8000000000000000E+02   1.1573815171556836E+00   1.4337568146881225E+01   2.5716196524711026E+00
   5.9000000000000000E+02   1.1430308545189647E+00   1.4517575189292561E+01   2.5537997145719702E+00
   6.0000000000000000E+02   1.1290061022931597E+00   1.4697915574110477E+01   2.5350099353052964E+00
   6.1000000000000000E+02   1.1153580683040774E+00   1.4877766024853289E+01   2.5166414326324933E+00
   6.2000000000000000E+02   1.1020711546292992E+00   1.5057137013754879E+01   2.4986798889956674E+00
   6.3000000000000000E+02   1.0891317076805058E+00   1.5236023574688009E+01   2.4811355456208841E+00
   6.4000000000000000E+02   1.0765256881079370E+00   1.5414436048735148E+01   2.4639937029513077E+00
   6.5000000000000000E+02   1.0642398069248347E+00   1.5592384598081853E+01   2.4472402351423943E+00
   6.6000000000000000E+02   1.0523171164617435E+00   1.5769045390001187E+01   2.4321548571238019E+00
   6.7000000000000000E+02   1.0406336147746023E+00   1.5946089131240113E+01   2.4161348058487073E+00
   6.8000000000000000E+02   1.0292344258181945E+00   1.6122698539712072E+01   2.4004637611213897E+00
   6.9000000000000000E+02   1.0181088253407198E+00   1.6298882753135000E+01   2.3851298359141020E+00
   7.0000000000000000E+02   1.0072466134199636E+00   1.6474650947514920E+01   2.3701214401765980E+00
   7.1000000000000000E+02   9.9663811550674342E-01   1.6650011790611796E+01   2.3554277057923647E+00
   7.2000000000000000E+02   9.8622340686609533E-01   1.6825839113767312E+01   2.3397685823663283E+00
   7.3000000000000000E+02   9.7609598817594001E-01   1.7000414482975359E+01   2.3256777788486671E+00
   7.4000000000000000E+02   9.6610195521668651E-01   1.7176278636594343E+01   2.3095864867733806E+00
   7.5000000000000000E+02   9.5623983981863725E-01   1.7353425033313464E+01   2.2915567914040071E+00
   7.6000000000000000E+02   9.4677815755623784E-01   1.7526847489798289E+01   2.2783671648528125E+00
   7.7000000000000000E+02   9.3752098246867543E-01   1.7699909318792063E+01   2.2654342291053879E+00
   7.8000000000000000E+02   9.2846142390919739E-01   1.7872618018197034E+01   2.2527496700881202E+00
   7.9000000000000000E+02   9.1950888748390014E-01   1.8046629673768049E+01   2.2381416730106007E+00
   8.0000000000000000E+02   9.1061837555007696E-01   1.8222821787597294E+01   2.2204477211105234E+00
   8.1000000000000000E+02   9.0212047777022231E-01   1.8394479210998512E+01   2.2085391044051299E+00
   8.2000000000000000E+02   8.9379544549211609E-01   1.8565809948856767E+01   2.1968483124985712E+00
   8.3000000000000000E+02   8.8563779555190147E-01   1.8736820467129586E+01   2.1853687379110713E+00
   8.4000000000000000E+02   8.7741657711189558E-01   1.8912380740265164E+01   2.1679352139024344E+00
   8.5000000000000000E+02   8.6954284357451239E-01   1.9083632850045333E+01   2.1557378296395520E+00
   8.6000000000000000E+02   8.6186311633836643E-01   1.9253679684844059E+01   2.1449266156767690E+00
   8.7000000000000000E+02   8.5426025148166307E-01   1.9425036275981515E+01   2.1323119522134957E+00
   8.8000000000000000E+02   8.4673484538310739E-01   1.9597677436615218E+01   2.1179487479906260E+00
   8.9000000000000000E+02   8.3945139437755578E-01   1.9767715540534301E+01   2.1065832861636133E+00
   9.0000000000000000E+02   8.3227532400213811E-01   1.9938157356828910E+01   2.0946233067442819E+00
   9.1000000000000000E+02   8.2516821408792729E-01   2.0109883161825461E+01   2.0809555472620804E+00
   9.2000000000000000E+02   8.1828459690179467E-01   2.0279052590002387E+01   2.0701729991954756E+00
   9.3000000000000000E+02   8.1149906673981131E-01   2.0448620404243663E+01   2.0588159362567611E+00
   9.4000000000000000E+02   8.0477517723678105E-01   2.0619468447245730E+01   2.0457913705089696E+00
   9.5000000000000000E+02   7.9825810049405588E-01   2.0787808308979336E+01   2.0355460784712784E+00
   9.6000000000000000E+02   7.9171276612499852E-01   2.0959667551376164E+01   2.0211051006945215E+00
   9.7000000000000000E+02   7.8545903064874034E-01   2.1126546040797002E+01   2.0123167818593957E+00
   9.8000000000000000E+02   7.7927886906853061E-01   2.1294092567908574E+01   2.0025679503950125E+00
   9.9000000000000000E+02   7.7307008019311063E-01   2.1465112671305629E+01   1.9887455478005873E+00
   1.0000000000000000E+03   7.6713357911781399E-01   2.1631221505442582E+01   1.9804060916792807E+00
   1.1000000000000000E+03   7.1199783060762001E-01   2.3306301874542260E+01   1.8742722861632413E+00
   1.2000000000000000E+03   6.6486146901444543E-01   2.4958637471890938E+01   1.7007028451369064E+00
   1.3000000000000000E+03   6.2389403806616517E-01   2.6597523556396876E+01   1.6130226173747495E+00
   1.4000000000000000E+03   5.8807100059127115E-01   2.8217743023335718E+01   1.5358858231256489E+00
   1.5000000000000000E+03   5.5642708298724763E-01   2.9822481474254026E+01   1.4660252352897127E+00
   1.5639990000000000E+03   5.3803822062385898E-01   3.0841742720283886E+01   1.4043130975162299E+00
   1.5640010000000000E+03   5.3803766619110149E-01   3.0841774501836621E+01   1.4043118346975385E+00
   1.6000000000000000E+03   5.2825535475905172E-01   3.1412907081139345E+01   1.3819824275019403E+00
   1.7000000000000000E+03   5.0300188056214135E-01   3.2990008617095718E+01   1.3239801104540176E+00
   1.8000000000000000E+03   4.8023521229110760E-01   3.4553976779406746E+01   1.2712139562478755E+00
   1.9000000000000000E+03   4.5959688199614196E-01   3.6105633054098249E+01   1.2229627996884511E+00
   2.0000000000000000E+03   4.4079591389146833E-01   3.7645622046864389E+01   1.1787407358317616E+00
   2.1000000000000000E+03   4.2359123657010761E-01   3.9174645133183617E+01   1.1379822842777314E+00
   2.2000000000000000E+03   4.0778428754317142E-01   4.0693172545064314E+01   1.1004013933770223E+00
   2.3000000000000000E+03   3.9320657804931997E-01   4.2201827997086575E+01   1.0655273738171029E+00
   2.4000000000000000E+03   3.7971810003115603E-01   4.3700935964861429E+01   1.0332191699451565E+00
   2.5000000000000000E+03   3.6719797082795186E-01   4.5190980594866687E+01   1.0031536890812935E+00
   2.6000000000000000E+03   3.5554232610047415E-01   4.6672463884007499E+01   9.7500106728754199E-01
   2.7000000000000000E+03   3.4466413858775913E-01   4.8145526372872666E+01   9.4877725556293568E-01
   2.8000000000000000E+03   3.3448467849006153E-01   4.9610751825971768E+01   9.2407806118715208E-01
   2.9000000000000000E+03   3.2493894028302683E-01   5.1068167944742903E+01   9.0100293923505625E-01
   3.0000000000000000E+03   3.1596733895475165E-01   5.2518201498468038E+01   8.7929090455947012E-01
   3.1000000000000000E+03   3.0751722393846864E-01   5.3961323406980000E+01   8.5866112152599805E-01
   3.2000000000000000E+03   2.9954532933879685E-01   5.5397413175459420E+01   8.3930845324727332E-01
   3.3000000000000000E+03   2.9200910720078466E-01   5.6827119308817934E+01   8.2081623124071179E-01
   3.4000000000000000E+03   2.8487501849947577E-01   5.8250233599163188E+01   8.0342623961754089E-01
   3.5000000000000000E+03   2.7810881432763562E-01   5.9667423394251799E+01   7.8672542712736859E-01
   3.6000000000000000E+03   2.7168430524050197E-01   6.1078376829574047E+01   7.7100825191567024E-01
   3.7000000000000000E+03   2.6557346489558070E-01   6.2483789111554920E+01   7.5585742560593117E-01
   3.8000000000000000E+03   2.5975432459979569E-01   6.3883580763195681E+01   7.4139568721961080E-01
   3.9000000000000000E+03   2.5420599497535379E-01   6.5277911230100017E+01   7.2757521434080263E-01
   4.0000000000000000E+03   2.4891081745474911E-01   6.6666593858168170E+01   7.1456176751311906E-01
   4.1000000000000000E+03   2.4384784112414384E-01   6.8050782396356382E+01   7.0168855491021898E-01
   4.2000000000000000E+03   2.3900521292759713E-01   6.9429600178583982E+01   6.8954695277600042E-01
   4.3000000000000000E+03   2.3436741862506277E-01   7.0803512158433890E+01   6.7789495971222435E-01
   4.4000000000000000E+03   2.2992142774255719E-01   7.2172639745177307E+01   6.6670242290740012E-01
   4.5000000000000000E+03   2.2565530523867550E-01   7.3537098348336613E+01   6.5594166848039648E-01
   4.6000000000000000E+03   2.2155689147549226E-01   7.4897405644436759E+01   6.4536493327837863E-01
   4.7000000000000000E+03   2.1761854847160172E-01   7.6252858456713057E+01   6.3539267018260936E-01
   4.8000000000000000E+03   2.1382860276390370E-01   7.7604381077504883E+01   6.2555932135954384E-01
   4.9000000000000000E+03   2.1018086194942415E-01   7.8951224294405179E+01   6.1628994163296336E-01
   5.0000000000000000E+03   2.0666508861758603E-01   8.0294337496286431E+01   6.0712183673666087E-01
   5.1000000000000000E+03   2.0327624886333517E-01   8.1632932853442938E+01   5.9848175489553057E-01
   5.2000000000000000E+03   2.0000530811691031E-01   8.2967979852117651E+01   5.8991143294013870E-01
   5.3000000000000000E+03   1.9684709597515782E-01   8.4299116997156872E+01   5.8161817228897528E-01
   5.4000000000000000E+03   1.9379680416963413E-01   8.5625954696524886E+01   5.7380593636022226E-01
   5.5000000000000000E+03   1.9084685516887778E-01   8.6949488161471450E+01   5.6602561392624762E-01
   5.6000000000000000E+03   1.8799323245843202E-01   8.8269328406965798E+01   5.5848422666881437E-01
   5.7000000000000000E+03   1.8523217319538851E-01   8.9585065531010670E+01   5.5138378291647760E-01
   5.8000000000000000E+03   1.8255725083041463E-01   9.0897711806447603E+01   5.4428591800864612E-01
   5.9000000000000000E+03   1.7996531750493863E-01   9.2206857433544229E+01   5.3739559546935178E-01
   6.0000000000000000E+03   1.7745248400645269E-01   9.3512561782775535E+01   5.3070361002257982E-01
   6.1000000000000000E+03   1.7501510318471999E-01   9.4814882099896224E+01   5.2420129062355136E-01
   6.2000000000000000E+03   1.7264975128560445E-01   9.6113873611725310E+01   5.1788046885455363E-01
   6.3000000000000000E+03   1.7035321098422726E-01   9.7409589630199662E+01   5.1173343948031513E-01
   6.4000000000000000E+03   1.6812245599260223E-01   9.8702081623709873E+01   5.0575293749777450E-01
   6.5000000000000000E+03   1.6595463690795303E-01   9.9991399356706765E+01   4.9993209109996795E-01
   6.6000000000000000E+03   1.6384706845325336E-01   1.0127759093166064E+02   4.9426440830615437E-01
   6.7000000000000000E+03   1.6179721773873712E-01   1.0256070287287450E+02   4.8874374993683029E-01
   6.8000000000000000E+03   1.5980269349561535E-01   1.0384078022199108E+02   4.8336429963414540E-01
   6.9000000000000000E+03   1.5786123627829246E-01   1.0511786658573286E+02   4.7812054907290763E-01
   7.0000000000000000E+03   1.5597070941406121E-01   1.0639200421989231E+02   4.7300727538507231E-01
   7.1000000000000000E+03   1.5412909073431108E-01   1.0766323407931682E+02   4.6801951578893919E-01
   7.2000000000000000E+03   1.5233446497598019E-01   1.0893159585899957E+02   4.6315257018744160E-01
   7.3000000000000000E+03   1.5058501669697544E-01   1.1019712809510678E+02   4.5840196395890453E-01
   7.4000000000000000E+03   1.4887902387860061E-01   1.1145986816579047E+02   4.5376344656660716E-01
   7.5000000000000000E+03   1.4721418394538691E-01   1.1272036382252682E+02   4.4905276728100496E-01
   7.6000000000000000E+03   1.4559029544800134E-01   1.1397762689537971E+02   4.4462829630430678E-01
   7.7000000000000000E+03   1.4400519893564864E-01   1.1523220339826581E+02   4.4030434047983880E-01
   7.8000000000000000E+03   1.4245749054875056E-01   1.1648412666992563E+02   4.3607739941229318E-01
   7.9000000000000000E+03   1.4094583420139789E-01   1.1773342907353427E+02   4.3194414229362543E-01
   8.0000000000000000E+03   1.3946835459093115E-01   1.1898065638496759E+02   4.2772990690245394E-01
   8.1000000000000000E+03   1.3802505877613191E-01   1.2022480933027454E+02   4.2377634035792799E-01
   8.2000000000000000E+03   1.3661417338120016E-01   1.2146643326572985E+02   4.1990732254296609E-01
   8.3000000000000000E+03   1.3523459527351439E-01   1.2270555726216844E+02   4.1612007826886155E-01
   8.4000000000000000E+03   1.3388471491340528E-01   1.2394272479045259E+02   4.1224708384008230E-01
   8.5000000000000000E+03   1.3256465251445435E-01   1.2517693110047601E+02   4.0861719950510250E-01
   8.6000000000000000E+03   1.3127287702948034E-01   1.2640872013823409E+02   4.0506145414537953E-01
   8.7000000000000000E+03   1.3000846941107400E-01   1.2763811811130307E+02   4.0157753093857557E-01
   8.8000000000000000E+03   1.2877003684704522E-01   1.2886566456349638E+02   3.9800460325314124E-01
   8.9000000000000000E+03   1.2755777708467206E-01   1.3009035398245751E+02   3.9465929575778513E-01
   9.0000000000000000E+03   1.2637035826021492E-01   1.3131272715070466E+02   3.9137937364071823E-01
   9.1000000000000000E+03   1.2520652302790802E-01   1.3253332153039389E+02   3.8800874640231481E-01
   9.2000000000000000E+03   1.2406651349983817E-01   1.3375112998707777E+02   3.8485530502332393E-01
   9.3000000000000000E+03   1.2294912294491624E-01   1.3496669172333071E+02   3.8176157738930583E-01
   9.4000000000000000E+03   1.2185321183112996E-01   1.3618054152858284E+02   3.7857596436888497E-01
   9.5000000000000000E+03   1.2077905495394659E-01   1.3739167259164060E+02   3.7559796787258953E-01
   9.6000000000000000E+03   1.1972555503018502E-01   1.3860062181358640E+02   3.7267465338574979E-01
   9.7000000000000000E+03   1.1869167575493092E-01   1.3980792055226345E+02   3.6965871813155099E-01
   9.8000000000000000E+03   1.1767771520216025E-01   1.4101256423659535E+02   3.6684158263226518E-01
   9.9000000000000000E+03   1.1668225265165612E-01   1.4221559831982614E+02   3.6393147804043258E-01
   1.0000000000000000E+04   1.1570560187908849E-01   1.4341601534125414E+02   3.6121472885364792E-01
   1.1000000000000000E+04   1.0684425663384908E-01   1.5531051361073608E+02   3.3594367222862265E-01
   1.2000000000000000E+04   9.9357352021482714E-02   1.6701367373973989E+02   3.1431980520527314E-01
   1.3000000000000000E+04   9.2943253605566239E-02   1.7853943917847315E+02   2.9556752187273772E-01
   1.4000000000000000E+04   8.7383481439579871E-02   1.8989900723552790E+02   2.7922282285645322E-01
   1.5000000000000000E+04   8.2515380240615901E-02   2.0110234389967025E+02   2.6483853731216073E-01
   1.6000000000000000E+04   7.8214981642632977E-02   2.1215930791851540E+02   2.4894280935969709E-01
   1.7000000000000000E+04   7.4386371898827464E-02   2.2307898544547737E+02   2.3738260673936556E-01
   1.8000000000000000E+04   7.0955591146334540E-02   2.3386509936810836E+02   2.2698817707587668E-01
   1.9000000000000000E+04   6.7862753429277153E-02   2.4452347621665237E+02   2.1758812959168636E-01
   2.0000000000000000E+04   6.5059515723546610E-02   2.5505932821068654E+02   2.0904345925905671E-01
   2.1000000000000000E+04   6.2506411141989932E-02   2.6547734977881362E+02   2.0124019375509655E-01
   2.2000000000000000E+04   6.0170891192288870E-02   2.7578179490695305E+02   1.9408396504700473E-01
   2.3000000000000000E+04   5.8025865973948439E-02   2.8597653986948734E+02   1.8749594077165718E-01
   2.4000000000000000E+04   5.6048600264151524E-02   2.9606513447176803E+02   1.8140973281919145E-01
   2.5000000000000000E+04   5.4219867949842127E-02   3.0605084448953755E+02   1.7576901899389513E-01
   2.6000000000000000E+04   5.2523296773663276E-02   3.1593668702230309E+02   1.7052569240643967E-01
   2.7000000000000000E+04   5.0944855118785826E-02   3.2572546011699956E+02   1.6563840644895686E-01
   2.8000000000000000E+04   4.9472446056433549E-02   3.3541976790942311E+02   1.6107141977260370E-01
   2.9000000000000000E+04   4.8095583339072767E-02   3.4502204198611793E+02   1.5679367129414851E-01
   3.0000000000000000E+04   4.6805130620085261E-02   3.5453455965871143E+02   1.5277803333486570E-01
   3.1000000000000000E+04   4.5593089906125123E-02   3.6395945982882597E+02   1.4900070397175535E-01
   3.2000000000000000E+04   4.4452428736141816E-02   3.7329875657994586E+02   1.4544070917559421E-01
   3.3000000000000000E+04   4.3376938008732206E-02   3.8255435113515512E+02   1.4207949216803231E-01
   3.4000000000000000E+04   4.2361114311379552E-02   3.9172804218945464E+02   1.3890057264632505E-01
   3.5000000000000000E+04   4.1400061919371331E-02   4.0082153515804163E+02   1.3588926231657963E-01
   3.6000000000000000E+04   4.0489410767551193E-02   4.0983645006410177E+02   1.3303242617821695E-01
   3.7000000000000000E+04   3.9625247367555343E-02   4.1877432890797257E+02   1.3031828111301913E-01
   3.8000000000000000E+04   3.8804056412483405E-02   4.2763664184402217E+02   1.2773622519355898E-01
   3.9000000000000000E+04   3.8022671146066153E-02   4.3642479273519490E+02   1.2527669232794855E-01
   4.0000000000000000E+04   3.7278230968507402E-02   4.4514012449193245E+02   1.2293102792047558E-01
   4.1000000000000000E+04   3.6568145132465514E-02   4.5378392352277308E+02   1.2069138212880694E-01
   4.2000000000000000E+04   3.5890061517970709E-02   4.6235742354053923E+02   1.1855061785878215E-01
   4.3000000000000000E+04   3.5241839604321881E-02   4.7086180972588585E+02   1.1650223110538570E-01
   4.4000000000000000E+04   3.4621527123315260E-02   4.7929822145209283E+02   1.1454028186108448E-01
   4.5000000000000000E+04   3.4027339660480792E-02   4.8766775597895605E+02   1.1265933384014079E-01
   4.6000000000000000E+04   3.3457642936928773E-02   4.9597147071722685E+02   1.1085440187445031E-01
   4.7000000000000000E+04   3.2910937255058087E-02   5.0421038591388213E+02   1.0912090575790005E-01
   4.8000000000000000E+04   3.2385843851810044E-02   5.1238548700755734E+02   1.0745462967557307E-01
   4.9000000000000000E+04   3.1881092905109487E-02   5.2049772645971370E+02   1.0585168645311467E-01
   5.0000000000000000E+04   3.1395512906513580E-02   5.2854802606896271E+02   1.0430848591959033E-01
   5.1000000000000000E+04   3.0928021319721152E-02   5.3653727804368987E+02   1.0282170692712134E-01
   5.2000000000000000E+04   3.0477616182825684E-02   5.4446634784748130E+02   1.0138827239286369E-01
   5.3000000000000000E+04   3.0043368776645971E-02   5.5233607447709619E+02   1.0000532720092875E-01
   5.4000000000000000E+04   2.9624417006816384E-02   5.6014727210807951E+02   9.8670218402511861E-02
   5.5000000000000000E+04   2.9219959472392851E-02   5.6790073202663120E+02   9.7380477490082606E-02
   5.6000000000000000E+04   2.8829250223486244E-02   5.7559722315087402E+02   9.6133804570362982E-02
   5.7000000000000000E+04   2.8451594007442876E-02   5.8323749347117189E+02   9.4928054104744586E-02
   5.8000000000000000E+04   2.8086342024426614E-02   5.9082227082930956E+02   9.3761222101997249E-02
   5.9000000000000000E+04   2.7732888082053177E-02   5.9835226410836458E+02   9.2631434552337216E-02
   6.0000000000000000E+04   2.7390665149219312E-02   6.0582816385652313E+02   9.1536937001680613E-02
   6.1000000000000000E+04   2.7059142216925541E-02   6.1325064339182188E+02   9.0476085097605269E-02
   6.2000000000000000E+04   2.6737821473401223E-02   6.2062035946601486E+02   8.9447336035676478E-02
   6.3000000000000000E+04   2.6426235735894171E-02   6.2793795302526132E+02   8.8449240790577838E-02
   6.4000000000000000E+04   2.6123946119125531E-02   6.3520404989703229E+02   8.7480437052140911E-02
   6.5000000000000000E+04   2.5830539938663469E-02   6.4241926082707391E+02   8.6539642817225593E-02
   6.6000000000000000E+04   2.5545628717630935E-02   6.4958418356357083E+02   8.5625650468465819E-02
   6.7000000000000000E+04   2.5268846487019818E-02   6.5669940187750456E+02   8.4737321476365951E-02
   6.8000000000000000E+04   2.4999848153018589E-02   6.6376548659783612E+02   8.3873581482170001E-02
   6.9000000000000000E+04   2.4738308002712844E-02   6.7078299665202110E+02   8.3033415793225360E-02
   7.0000000000000000E+04   2.4483918380714932E-02   6.7775247883651252E+02   8.2215865295777887E-02
   7.1000000000000000E+04   2.4236388433448337E-02   6.8467446871164907E+02   8.1420022663422520E-02
   7.2000000000000000E+04   2.3995442992098524E-02   6.9154949044385876E+02   8.0645028905013044E-02
   7.3000000000000000E+04   2.3760821484969653E-02   6.9837805837888482E+02   7.9890070133987162E-02
   7.4000000000000000E+04   2.3532277035018156E-02   7.0516067567396772E+02   7.9154374679618666E-02
   7.5000000000000000E+04   2.3309575522773410E-02   7.1189783606089497E+02   7.8437210328265422E-02
   7.6000000000000000E+04   2.3092494767966310E-02   7.1859002420039462E+02   7.7737881817168383E-02
   7.7000000000000000E+04   2.2880823800430591E-02   7.2523771516688657E+02   7.7055728542331933E-02
   7.8000000000000000E+04   2.2674362175346352E-02   7.3184137422850893E+02   7.6390122427613880E-02
   7.9000000000000000E+04   2.2472919242735104E-02   7.3840145977140048E+02   7.5740465863490938E-02
   8.0000000000000000E+04   2.2276313628490488E-02   7.4491842101456609E+02   7.5106189939221232E-02
   8.1000000000000000E+04   2.2084372676946865E-02   7.5139269821697735E+02   7.4486752732036948E-02
   8.2000000000000000E+04   2.1896931850048592E-02   7.5782472575597728E+02   7.3881637642961948E-02
   8.3000000000000000E+04   2.1713834363424694E-02   7.6421492843805561E+02   7.3290352026320255E-02
   8.4000000000000000E+04   2.1534930634916322E-02   7.7056372530195870E+02   7.2712425719246937E-02
   8.5000000000000000E+04   2.1360077933147252E-02   7.7687152762721144E+02   7.2147409821449543E-02
   8.6000000000000000E+04   2.1189139987066570E-02   7.8313873919796015E+02   7.1594875497180022E-02
   8.7000000000000000E+04   2.1021986598392890E-02   7.8936575744125878E+02   7.1054412839097914E-02
   8.8000000000000000E+04   2.0858493282467947E-02   7.9555297448584508E+02   7.0525629808054324E-02
   8.9000000000000000E+04   2.0698541045698352E-02   8.0170077386246646E+02   7.0008151345166414E-02
   9.0000000000000000E+04   2.0542015975111148E-02   8.0780953506539220E+02   6.9501618356601666E-02
   9.1000000000000000E+04   2.0388809058220440E-02   8.1387963008412930E+02   6.9005686951362138E-02
   9.2000000000000000E+04   2.0238815876444514E-02   8.1991142542453838E+02   6.8520027597591210E-02
   9.3000000000000000E+04   2.0091936355995998E-02   8.2590528260399708E+02   6.8044324370807235E-02
   9.4000000000000000E+04   1.9948074594777394E-02   8.3186155612757148E+02   6.7578274300084937E-02
   9.5000000000000000E+04   1.9807138567594681E-02   8.3778059700702784E+02   6.7121586637190728E-02
   9.6000000000000000E+04   1.9669040000172618E-02   8.4366274988584917E+02   6.6673982303709134E-02
   9.7000000000000000E+04   1.9533694147497449E-02   8.4950835458260372E+02   6.6235193280875210E-02
   9.8000000000000000E+04   1.9401019659265665E-02   8.5531774440707341E+02   6.5804962100366779E-02
   9.9000000000000000E+04   1.9270938334666834E-02   8.6109124973479322E+02   6.5383041257922991E-02
   1.0000000000000000E+05   1.9143374996409553E-02   8.6682919690350843E+02   6.4969192757001026E-02
   1.1000000000000000E+05   1.7991602544134577E-02   9.2232119587202646E+02   6.1228302475731168E-02
   1.2000000000000000E+05   1.7026803185713014E-02   9.7458320232915207E+02   5.8088871035780101E-02
   1.3000000000000000E+05   1.6207075171630777E-02   1.0238760663742072E+03   5.5417447009150606E-02
   1.4000000000000000E+05   1.5502207617798086E-02   1.0704305337201640E+03   5.3117508124757608E-02
   1.5000000000000000E+05   1.4889858432455796E-02   1.1144522595318947E+03   5.1117470895274214E-02
   1.6000000000000000E+05   1.4353142325621439E-02   1.1561256760158224E+03   4.9363098023596341E-02
   1.7000000000000000E+05   1.3879056453547520E-02   1.1956170384996831E+03   4.7812527094617245E-02
   1.8000000000000000E+05   1.3457422497818505E-02   1.2330768671972919E+03   4.6432920429177953E-02
   1.9000000000000000E+05   1.3080157284678151E-02   1.2686419599555072E+03   4.5198149838255541E-02
   2.0000000000000000E+05   1.2740758890383556E-02   1.3024370460919099E+03   4.4087161168590044E-02
   2.1000000000000000E+05   1.2433937073824381E-02   1.3345761906012660E+03   4.3082795987330919E-02
   2.2000000000000000E+05   1.2155343054417473E-02   1.3651639694471494E+03   4.2170927944168768E-02
   2.3000000000000000E+05   1.1901368469571828E-02   1.3942964976327125E+03   4.1339819489537959E-02
   2.4000000000000000E+05   1.1668994089631110E-02   1.4220622828925418E+03   4.0579636308773467E-02
   2.5000000000000000E+05   1.1455673974969716E-02   1.4485430023949564E+03   3.9882075597206634E-02
   2.6000000000000000E+05   1.1259246153563685E-02   1.4738141566350059E+03   3.9240078526834025E-02
   2.7000000000000000E+05   1.1077862697731561E-02   1.4979456621680638E+03   3.8647605174592994E-02
   2.8000000000000000E+05   1.0909934665404462E-02   1.5210023600581487E+03   3.8099456792872077E-02
   2.9000000000000000E+05   1.0754088236141039E-02   1.5430444692087581E+03   3.7591134096984682E-02
   3.0000000000000000E+05   1.0609129479164942E-02   1.5641279905904714E+03   3.7118723317494828E-02
   3.1000000000000000E+05   1.0474015682968444E-02   1.5843050914219630E+03   3.6678803722389193E-02
   3.2000000000000000E+05   1.0347832519033340E-02   1.6036243670969809E+03   3.6268372633684043E-02
   3.3000000000000000E+05   1.0229774223895307E-02   1.6221312426816883E+03   3.5884782836164170E-02
   3.4000000000000000E+05   1.0119128697980262E-02   1.6398681022282583E+03   3.5525692150211438E-02
   3.5000000000000000E+05   1.0015263656330205E-02   1.6568746409059377E+03   3.5189020154484364E-02
   3.6000000000000000E+05   9.9176161369600672E-03   1.6731880065733999E+03   3.4872912969351480E-02
   3.7000000000000000E+05   9.8256831636209397E-03   1.6888430145599364E+03   3.4575713163240179E-02
   3.8000000000000000E+05   9.7390137714029462E-03   1.7038723595284489E+03   3.4295934246504914E-02
   3.9000000000000000E+05   9.6572029529568264E-03   1.7183066831043107E+03   3.4032239656813457E-02
   4.0000000000000000E+05   9.5798853318019121E-03   1.7321748433745781E+03   3.3783423781641127E-02
   4.1000000000000000E+05   9.5067309501301548E-03   1.7455039446481032E+03   3.3548396795706426E-02
   4.2000000000000000E+05   9.4374409324244554E-03   1.7583194949753640E+03   3.3326170974167776E-02
   4.3000000000000000E+05   9.3717436457840184E-03   1.7706455704884122E+03   3.3115848794174133E-02
   4.4000000000000000E+05   9.3093920239978988E-03   1.7825048436443569E+03   3.2916613209916699E-02
   4.5000000000000000E+05   9.2501609475946506E-03   1.7939186645693335E+03   3.2727718946815851E-02
   4.6000000000000000E+05   9.1938444445854705E-03   1.8049072370300021E+03   3.2548484421788565E-02
   4.7000000000000000E+05   9.1402539166153575E-03   1.8154896489248933E+03   3.2378285308666051E-02
   4.8000000000000000E+05   9.0892165166358875E-03   1.8256839127760377E+03   3.2216548827722777E-02
   4.9000000000000000E+05   9.0405731003264309E-03   1.8355071288081538E+03   3.2062748137608982E-02
   5.0000000000000000E+05   8.9941777559165333E-03   1.8449753634504877E+03   3.1916398644140760E-02
   5.1000000000000000E+05   8.9498951251273506E-03   1.8541040025789437E+03   3.1777052628778529E-02
   5.2000000000000000E+05   8.9076010426746132E-03   1.8629074533829639E+03   3.1644297269770992E-02
   5.3000000000000000E+05   8.8671800917311597E-03   1.8713994982051506E+03   3.1517750123082139E-02
   5.4000000000000000E+05   8.8285256667914019E-03   1.8795931507090761E+03   3.1397057127846531E-02
   5.5000000000000000E+05   8.7915386169254359E-03   1.8875008229178020E+03   3.1281889563717621E-02
   5.6000000000000000E+05   8.7561271232364981E-03   1.8951342460668614E+03   3.1171942289370955E-02
   5.7000000000000000E+05   8.7222057417879750E-03   1.9025045803102973E+03   3.1066931436586273E-02
   5.8000000000000000E+05   8.6896947742774108E-03   1.9096224672103367E+03   3.0966592498090244E-02
   5.9000000000000000E+05   8.6585202979938408E-03   1.9164979468842037E+03   3.0870679194930487E-02
   6.0000000000000000E+05   8.6286127126927788E-03   1.9231407094851293E+03   3.0778961065797292E-02
   6.1000000000000000E+05   8.5999075726567228E-03   1.9295598509594317E+03   3.0691223284845876E-02
   6.2000000000000000E+05   8.5723442261967132E-03   1.9357641196266636E+03   3.0607264542834817E-02
   6.3000000000000000E+05   8.5458659607435209E-03   1.9417618355339446E+03   3.0526896383060623E-02
   6.4000000000000000E+05   8.5204200240510380E-03   1.9475608394092710E+03   3.0449942515753614E-02
   6.5000000000000000E+05   8.4959562823273601E-03   1.9531687573155295E+03   3.0376236944693980E-02
   6.6000000000000000E+05   8.4724280031321965E-03   1.9585927868641318E+03   3.0305624083951377E-02
   6.7000000000000000E+05   8.4497911352579922E-03   1.9638398285277549E+03   3.0237957560014107E-02
   6.8000000000000000E+05   8.4280044199856186E-03   1.9689164299451936E+03   3.0173099821607589E-02
   6.9000000000000000E+05   8.4070290417947464E-03   1.9738288391374313E+03   3.0110921382108101E-02
   7.0000000000000000E+05   8.3868279643094564E-03   1.9785831359337647E+03   3.0051299778065838E-02
   7.1000000000000000E+05   8.3673669617245847E-03   1.9831849672743679E+03   2.9994120160053671E-02
   7.2000000000000000E+05   8.3486129325450933E-03   1.9876399239294553E+03   2.9939273373655685E-02
   7.3000000000000000E+05   8.3305354690189279E-03   1.9919531506555898E+03   2.9886657112234712E-02
   7.4000000000000000E+05   8.3131052382123607E-03   1.9961297131045053E+03   2.9836174117870137E-02
   7.5000000000000000E+05   8.2962946587457412E-03   2.0001744220436274E+03   2.9787732522733971E-02
   7.6000000000000000E+05   8.2800773704470327E-03   2.0040919464578026E+03   2.9741245157476004E-02
   7.7000000000000000E+05   8.2644289546459585E-03   2.0078866265565559E+03   2.9696629933905077E-02
   7.8000000000000000E+05   8.2493256020418765E-03   2.0115627839993410E+03   2.9653808436215429E-02
   7.9000000000000000E+05   8.2347454737753800E-03   2.0151243808331744E+03   2.9612706967799406E-02
   8.0000000000000000E+05   8.2206673415254096E-03   2.0185753400260139E+03   2.9573255133466071E-02
   8.1000000000000000E+05   8.2070707794788117E-03   2.0219194911359343E+03   2.9535385823209880E-02
   8.2000000000000000E+05   8.1939371867576962E-03   2.0251603101105270E+03   2.9499036013803923E-02
   8.3000000000000000E+05   8.1812486989281327E-03   2.0283011780749885E+03   2.9464145620012237E-02
   8.4000000000000000E+05   8.1689873490959301E-03   2.0313455836110304E+03   2.9430656603719442E-02
   8.5000000000000000E+05   8.1571371400164620E-03   2.0342966030024243E+03   2.9398514714658423E-02
   8.6000000000000000E+05   8.1456826534539312E-03   2.0371572377821760E+03   2.9367668129430459E-02
   8.7000000000000000E+05   8.1346085137264726E-03   2.0399305444336185E+03   2.9338066854695977E-02
   8.8000000000000000E+05   8.1239004948194214E-03   2.0426193531964541E+03   2.9309663609845497E-02
   8.9000000000000000E+05   8.1135459379606187E-03   2.0452261564850885E+03   2.9282414135004632E-02
   9.0000000000000000E+05   8.1035307720158968E-03   2.0477538545870586E+03   2.9256274392469854E-02
   9.1000000000000000E+05   8.0938437372870473E-03   2.0502046880043308E+03   2.9231204301127606E-02
   9.2000000000000000E+05   8.0844720133379910E-03   2.0525813370103933E+03   2.9207163717605223E-02
   9.3000000000000000E+05   8.0754051146704892E-03   2.0548859330925966E+03   2.9184115871034821E-02
   9.4000000000000000E+05   8.0666321470702993E-03   2.0571207502237653E+03   2.9162024835189079E-02
   9.5000000000000000E+05   8.0581424835683250E-03   2.0592880317018403E+03   2.9140856054322997E-02
   9.6000000000000000E+05   8.0499265487861370E-03   2.0613897870487576E+03   2.9120577006810131E-02
   9.7000000000000000E+05   8.0419748309637253E-03   2.0634280413647875E+03   2.9101156241989105E-02
   9.8000000000000000E+05   8.0342785406377105E-03   2.0654046645541457E+03   2.9082563956526950E-02
   9.9000000000000000E+05   8.0268285371161673E-03   2.0673216448351100E+03   2.9064770915247416E-02
   1.0000000000000000E+06   8.0196169906407364E-03   2.0691806595659618E+03   2.9047749964414588E-02
   1.1000000000000000E+06   7.9590048588291211E-03   2.0849385907526143E+03   2.8914675872471512E-02
   1.2000000000000000E+06   7.9151886117985251E-03   2.0964802215104542E+03   2.8835439207894029E-02
   1.3000000000000000E+06   7.8837477486478156E-03   2.1048411115140675E+03   2.8795390032012678E-02
   1.4000000000000000E+06   7.8615924958699741E-03   2.1107728978420009E+03   2.8784315600895768E-02
   1.5000000000000000E+06   7.8465096505938078E-03   2.1148303020190124E+03   2.8794926501443788E-02
   1.6000000000000000E+06   7.8368792513594156E-03   2.1174291247733504E+03   2.8821914069906886E-02
   1.7000000000000000E+06   7.8314975249576899E-03   2.1188842007901990E+03   2.8861349338163450E-02
   1.8000000000000000E+06   7.8294517874451068E-03   2.1194378386453204E+03   2.8910278043050838E-02
   1.9000000000000000E+06   7.8300466617507881E-03   2.1192768180068538E+03   2.8966456457301670E-02
   2.0000000000000000E+06   7.8327396030809845E-03   2.1185481983383161E+03   2.9028156233856253E-02
   2.1000000000000000E+06   7.8371092749676356E-03   2.1173669770259680E+03   2.9094039347099931E-02
   2.2000000000000000E+06   7.8428188612104932E-03   2.1158255300568303E+03   2.9163055905528396E-02
   2.3000000000000000E+06   7.8496020429078758E-03   2.1139971534166025E+03   2.9234380815364003E-02
   2.4000000000000000E+06   7.8572474520081960E-03   2.1119401514991373E+03   2.9307362834932418E-02
   2.5000000000000000E+06   7.8655777945564175E-03   2.1097034200900971E+03   2.9381477829297897E-02
   2.6000000000000000E+06   7.8744547600749452E-03   2.1073251265973954E+03   2.9456312381865017E-02
   2.7000000000000000E+06   7.8837677276637243E-03   2.1048357774332694E+03   2.9531537347857611E-02
   2.8000000000000000E+06   7.8934178065750756E-03   2.1022625155275400E+03   2.9606881432232824E-02
   2.9000000000000000E+06   7.9033277966752361E-03   2.0996264865973499E+03   2.9682130543086868E-02
   3.0000000000000000E+06   7.9134322780498017E-03   2.0969455213749370E+03   2.9757111171046249E-02
   3.1000000000000000E+06   7.9236878666330349E-03   2.0942314555370799E+03   2.9831694273299573E-02
   3.2000000000000000E+06   7.9340367124577701E-03   2.0914998222915929E+03   2.9905757046924483E-02
   3.3000000000000000E+06   7.9444552163097579E-03   2.0887569911771011E+03   2.9979223695715245E-02
   3.4000000000000000E+06   7.9549032848851113E-03   2.0860135918547571E+03   3.0052016446255558E-02
   3.5000000000000000E+06   7.9653611618118198E-03   2.0832748242122243E+03   3.0124086266402731E-02
   3.6000000000000000E+06   7.9758083126944979E-03   2.0805460366630064E+03   3.0195392285161569E-02
   3.7000000000000000E+06   7.9862233768087099E-03   2.0778327366033886E+03   3.0265899623232555E-02
   3.8000000000000000E+06   7.9965984982678373E-03   2.0751368694770499E+03   3.0335591479885973E-02
   3.9000000000000000E+06   8.0069125776467288E-03   2.0724637884128697E+03   3.0404443842736401E-02
   4.0000000000000000E+06   8.0171552809744084E-03   2.0698160123628727E+03   3.0472445927116981E-02
   4.1000000000000000E+06   8.0273242101536104E-03   2.0671939913889255E+03   3.0539597751576001E-02
   4.2000000000000000E+06   8.0374130491852949E-03   2.0645991779459978E+03   3.0605897835865870E-02
   4.3000000000000000E+06   8.0474197636911174E-03   2.0620319135122631E+03   3.0671351058722846E-02
   4.4000000000000000E+06   8.0573334212721698E-03   2.0594948113169139E+03   3.0735955345563466E-02
   4.5000000000000000E+06   8.0671431945301113E-03   2.0569904331699363E+03   3.0799710336152666E-02
   4.6000000000000000E+06   8.0768612102501431E-03   2.0545154785006480E+03   3.0862637937376369E-02
   4.7000000000000000E+06   8.0864831086079648E-03   2.0520708633517384E+03   3.0924744869266156E-02
   4.8000000000000000E+06   8.0960023429027805E-03   2.0496580499025263E+03   3.0986037546154171E-02
   4.9000000000000000E+06   8.1054159178412018E-03   2.0472775909789534E+03   3.1046525353252453E-02
   5.0000000000000000E+06   8.1147234136823773E-03   2.0449293867713220E+03   3.1106220587204095E-02
   5.1000000000000000E+06   8.1239285805594277E-03   2.0426122915297346E+03   3.1165139656213252E-02
   5.2000000000000000E+06   8.1330327730579771E-03   2.0403257723405350E+03   3.1223296624400224E-02
   5.3000000000000000E+06   8.1420470072498079E-03   2.0380668840876015E+03   3.1280714718327191E-02
   5.4000000000000000E+06   8.1509397107059206E-03   2.0358433460579788E+03   3.1337378076525368E-02
   5.5000000000000000E+06   8.1597360354790996E-03   2.0336486746640301E+03   3.1393322663833489E-02
   5.6000000000000000E+06   8.1684308196678292E-03   2.0314839827259746E+03   3.1448556536457936E-02
   5.7000000000000000E+06   8.1770325020681777E-03   2.0293469996558470E+03   3.1503100154207667E-02
   5.8000000000000000E+06   8.1855415565832059E-03   2.0272374478161039E+03   3.1556966510830446E-02
   5.9000000000000000E+06   8.1939329770818123E-03   2.0251613505472187E+03   3.1610144953304567E-02
   6.0000000000000000E+06   8.2022386217429910E-03   2.0231106578845340E+03   3.1662676731309729E-02
   6.1000000000000000E+06   8.2104608657107038E-03   2.0210846437941095E+03   3.1714576142919518E-02
   6.2000000000000000E+06   8.2185773636346635E-03   2.0190886621795687E+03   3.1765834042115311E-02
   6.3000000000000000E+06   8.2266072671589377E-03   2.0171178512926815E+03   3.1816479853807984E-02
   6.4000000000000000E+06   8.2345319042929580E-03   2.0151766447719181E+03   3.1866507237315239E-02
   6.5000000000000000E+06   8.2423803912847673E-03   2.0132577709840236E+03   3.1915953735990855E-02
   6.6000000000000000E+06   8.2501372973372705E-03   2.0113648750446998E+03   3.1964816315637246E-02
   6.7000000000000000E+06   8.2578095776661975E-03   2.0094961282517447E+03   3.2013111090555581E-02
   6.8000000000000000E+06   8.2654079378397059E-03   2.0076488055951302E+03   3.2060858697490646E-02
   6.9000000000000000E+06   8.2729032477479696E-03   2.0058298613219715E+03   3.2108042047537165E-02
   7.0000000000000000E+06   8.2803387559738911E-03   2.0040286832695758E+03   3.2154710468876704E-02
   7.1000000000000000E+06   8.2876571363717910E-03   2.0022590342612812E+03   3.2200821190391235E-02
   7.2000000000000000E+06   8.2949317487301787E-03   2.0005030634158838E+03   3.2246449992316080E-02
   7.3000000000000000E+06   8.3020955484043816E-03   1.9987768482560627E+03   3.2291545059736533E-02
   7.4000000000000000E+06   8.3092117889619569E-03   1.9970650400563966E+03   3.2336172274013308E-02
   7.5000000000000000E+06   8.3162355692674491E-03   1.9953783458808530E+03   3.2380299460822555E-02
   7.6000000000000000E+06   8.3231910920772596E-03   1.9937108484696514E+03   3.2423957415703808E-02
   7.7000000000000000E+06   8.3300675492838181E-03   1.9920650434085708E+03   3.2467143875105610E-02
   7.8000000000000000E+06   8.3368846405303294E-03   1.9904361268821406E+03   3.2509884859327882E-02
   7.9000000000000000E+06   8.3436228940693569E-03   1.9888286640993119E+03   3.2552169832762670E-02
   8.0000000000000000E+06   8.3502983054266205E-03   1.9872387509050316E+03   3.2594021901223430E-02
   8.1000000000000000E+06   8.3568903268449179E-03   1.9856711916937832E+03   3.2635428465451762E-02
   8.2000000000000000E+06   8.3634208569176027E-03   1.9841206915272044E+03   3.2676416782112229E-02
   8.3000000000000000E+06   8.3699088911677634E-03   1.9825826768163552E+03   3.2717011868700262E-02
   8.4000000000000000E+06   8.3763144201986512E-03   1.9810665576432430E+03   3.2757182906624216E-02
   8.5000000000000000E+06   8.3826567794493111E-03   1.9795676729651962E+03   3.2796954341923888E-02
   8.6000000000000000E+06   8.3889130663132375E-03   1.9780913502126859E+03   3.2836312679629852E-02
   8.7000000000000000E+06   8.3951579493219061E-03   1.9766199128511610E+03   3.2875330672991691E-02
   8.8000000000000000E+06   8.4013121436343034E-03   1.9751719839065547E+03   3.2913943777595447E-02
   8.9000000000000000E+06   8.4074163624557469E-03   1.9737379069583033E+03   3.2952193499093375E-02
   9.0000000000000000E+06   8.4134539584697771E-03   1.9723215288359991E+03   3.2990071289199716E-02
   9.1000000000000000E+06   8.4194567925904157E-03   1.9709153194733485E+03   3.3027611365481511E-02
   9.2000000000000000E+06   8.4253567542424430E-03   1.9695351613217749E+03   3.3064757010252369E-02
   9.3000000000000000E+06   8.4312421931774413E-03   1.9681603248911872E+03   3.3101594661254174E-02
   9.4000000000000000E+06   8.4370690471434872E-03   1.9668010634307409E+03   3.3138089576443881E-02
   9.5000000000000000E+06   8.4428222875224408E-03   1.9654608150031245E+03   3.3174231943791307E-02
   9.6000000000000000E+06   8.4485406001707820E-03   1.9641305119401288E+03   3.3210062813325579E-02
   9.7000000000000000E+06   8.4542161028942197E-03   1.9628119475772080E+03   3.3245579632383150E-02
   9.8000000000000000E+06   8.4598186488050418E-03   1.9615120681699625E+03   3.3280759335320605E-02
   9.9000000000000000E+06   8.4653718280483306E-03   1.9602253405077086E+03   3.3315629208923857E-02
   1.0000000000000000E+07   8.4709035247442274E-03   1.9589452678439568E+03   3.3350217551061420E-02
   1.1000000000000000E+07   8.5234429487217739E-03   1.9468701173918153E+03   3.3680121076788097E-02
   1.2000000000000000E+07   8.5719510682785542E-03   1.9358529046634958E+03   3.3984457649489194E-02
   1.3000000000000000E+07   8.6168546522412577E-03   1.9257649158378533E+03   3.4266705799280636E-02
   1.4000000000000000E+07   8.6586186713918517E-03   1.9164761729243526E+03   3.4529775743433092E-02
   1.5000000000000000E+07   8.6977090661255266E-03   1.9078628921710251E+03   3.4776132353108231E-02
   1.6000000000000000E+07   8.7344689314023116E-03   1.8998334649175104E+03   3.5007766298703842E-02
   1.7000000000000000E+07   8.7690720481854306E-03   1.8923366443994687E+03   3.5226244733888697E-02
   1.8000000000000000E+07   8.8017834038918372E-03   1.8853038768055917E+03   3.5432988962905518E-02
   1.9000000000000000E+07   8.8327969229354177E-03   1.8786842399910711E+03   3.5629192964670875E-02
   2.0000000000000000E+07   8.8622760625118764E-03   1.8724350558604779E+03   3.5815861284266462E-02
   2.1000000000000000E+07   8.8903634776290579E-03   1.8665194528790857E+03   3.5993871908376607E-02
   2.2000000000000000E+07   8.9171838410391814E-03   1.8609054910127973E+03   3.6163992577662035E-02
   2.3000000000000000E+07   8.9428438938595530E-03   1.8555659218824565E+03   3.6326880164554945E-02
   2.4000000000000000E+07   8.9674402678156136E-03   1.8504763765995569E+03   3.6483131146572249E-02
   2.5000000000000000E+07   8.9910549259117171E-03   1.8456161719507811E+03   3.6633249943753519E-02
   2.6000000000000000E+07   9.0137639589745588E-03   1.8409663764978598E+03   3.6777707339495098E-02
   2.7000000000000000E+07   9.0356330865793821E-03   1.8365106479154742E+03   3.6916908826210709E-02
   2.8000000000000000E+07   9.0567223779394572E-03   1.8322341882291187E+03   3.7051226214842747E-02
   2.9000000000000000E+07   9.0770833812970648E-03   1.8281242638303497E+03   3.7180977919900028E-02
   3.0000000000000000E+07   9.0967663268313025E-03   1.8241686966516411E+03   3.7306475807495736E-02
   3.1000000000000000E+07   9.1158139277185812E-03   1.8203570746110427E+03   3.7427984289888187E-02
   3.2000000000000000E+07   9.1342653412217235E-03   1.8166799139580194E+03   3.7545746580137387E-02
   3.3000000000000000E+07   9.1521563028473373E-03   1.8131286032558039E+03   3.7659984329218285E-02
   3.4000000000000000E+07   9.1695208519171484E-03   1.8096950366486103E+03   3.7770909755088032E-02
   3.5000000000000000E+07   9.1863870052471975E-03   1.8063724470438708E+03   3.7878696389879132E-02
   3.6000000000000000E+07   9.2027847352198367E-03   1.8031538117645644E+03   3.7983531511897914E-02
   3.7000000000000000E+07   9.2187372726567993E-03   1.8000335494297115E+03   3.8085558901201522E-02
   3.8000000000000000E+07   9.2342697636669958E-03   1.7970058054239455E+03   3.8184936877136755E-02
   3.9000000000000000E+07   9.2494011882062934E-03   1.7940660196812614E+03   3.8281781965804673E-02
   4.0000000000000000E+07   9.2641547099389029E-03   1.7912089007276343E+03   3.8376240182417448E-02
   4.1000000000000000E+07   9.2785470484042874E-03   1.7884304824443625E+03   3.8468416196315670E-02
   4.2000000000000000E+07   9.2925952032019039E-03   1.7857268084208245E+03   3.8558415132642423E-02
   4.3000000000000000E+07   9.3063153672859316E-03   1.7830941376103224E+03   3.8646338900349707E-02
   4.4000000000000000E+07   9.3197212015657428E-03   1.7805292685550019E+03   3.8732272713296698E-02
   4.5000000000000000E+07   9.3328303152478472E-03   1.7780282951302879E+03   3.8816327964887348E-02
   4.6000000000000000E+07   9.3456547458848349E-03   1.7755884232153169E+03   3.8898579947428090E-02
   4.7000000000000000E+07   9.3582010852145785E-03   1.7732079299276888E+03   3.8979067685775942E-02
   4.8000000000000000E+07   9.3704859724219290E-03   1.7708832202511098E+03   3.9057897416251978E-02
   4.9000000000000000E+07   9.3825230420562858E-03   1.7686113106015487E+03   3.9135156854167089E-02
   5.0000000000000000E+07   9.3943135400252620E-03   1.7663915839576900E+03   3.9210849477225675E-02
   5.1000000000000000E+07   9.4058759464057170E-03   1.7642202032763898E+03   3.9285094975867470E-02
   5.2000000000000000E+07   9.4172116189313593E-03   1.7620965786519562E+03   3.9357899302912461E-02
   5.3000000000000000E+07   9.4283344436292132E-03   1.7600177924716165E+03   3.9429351834433767E-02
   5.4000000000000000E+07   9.4392500693649926E-03   1.7579824935474699E+03   3.9499486675727814E-02
   5.5000000000000000E+07   9.4499655822592801E-03   1.7559890805647913E+03   3.9568349467363581E-02
   5.6000000000000000E+07   9.4604938435757062E-03   1.7540349001367231E+03   3.9636021848592953E-02
   5.7000000000000000E+07   9.4708299839096673E-03   1.7521206063621246E+03   3.9702470566033293E-02
   5.8000000000000000E+07   9.4809904364779457E-03   1.7502429187477217E+03   3.9767801902194665E-02
   5.9000000000000000E+07   9.4909769940934550E-03   1.7484012851877533E+03   3.9832026041662291E-02
   6.0000000000000000E+07   9.5007973912434526E-03   1.7465940689835709E+03   3.9895190768150249E-02
   6.1000000000000000E+07   9.5104583471547419E-03   1.7448198360623553E+03   3.9957341679219452E-02
   6.2000000000000000E+07   9.5199589974857956E-03   1.7430785551222282E+03   4.0018470330625645E-02
   6.3000000000000000E+07   9.5293093606925866E-03   1.7413682089710594E+03   4.0078640371674829E-02
   6.4000000000000000E+07   9.5385092638020051E-03   1.7396886573391125E+03   4.0137849973918574E-02
   6.5000000000000000E+07   9.5475743653868194E-03   1.7380368813171417E+03   4.0196203190587643E-02
   6.6000000000000000E+07   9.5564979757099509E-03   1.7364139474876647E+03   4.0253651648579893E-02
   6.7000000000000000E+07   9.5652858236351061E-03   1.7348186640861029E+03   4.0310233515068017E-02
   6.8000000000000000E+07   9.5739464573487559E-03   1.7332493395576878E+03   4.0366004804197782E-02
   6.9000000000000000E+07   9.5824793357232336E-03   1.7317059388062819E+03   4.0420959584234389E-02
   7.0000000000000000E+07   9.5908911639145163E-03   1.7301871213589657E+03   4.0475140036419673E-02
   7.1000000000000000E+07   9.5991868654916757E-03   1.7286918784563570E+03   4.0528582201858412E-02
   7.2000000000000000E+07   9.6073639342154141E-03   1.7272205453842369E+03   4.0581264866562432E-02
   7.3000000000000000E+07   9.6154284528851483E-03   1.7257719149458480E+03   4.0633228284886080E-02
   7.4000000000000000E+07   9.6233862569750708E-03   1.7243448336216338E+03   4.0684508957029034E-02
   7.5000000000000000E+07   9.6312294782772510E-03   1.7229406081110831E+03   4.0735057343430268E-02
   7.6000000000000000E+07   9.6389817366682069E-03   1.7215549139422128E+03   4.0785026900512042E-02
   7.7000000000000000E+07   9.6466275563614132E-03   1.7201904268831809E+03   4.0834314085269274E-02
   7.8000000000000000E+07   9.6541670909656065E-03   1.7188470240678905E+03   4.0882919731115547E-02
   7.9000000000000000E+07   9.6616168393863257E-03   1.7175216788264181E+03   4.0930950326283203E-02
   8.0000000000000000E+07   9.6689728770210925E-03   1.7162150091037224E+03   4.0978384237681326E-02
   8.1000000000000000E+07   9.6762355422819694E-03   1.7149268743665766E+03   4.1025219702189863E-02
   8.2000000000000000E+07   9.6834154676353982E-03   1.7136553140389535E+03   4.1071525585861551E-02
   8.3000000000000000E+07   9.6905078973239349E-03   1.7124010990943923E+03   4.1117272673812259E-02
   8.4000000000000000E+07   9.6975095753091805E-03   1.7111647320679585E+03   4.1162435921751353E-02
   8.5000000000000000E+07   9.7044389217630384E-03   1.7099428939623540E+03   4.1207139582320987E-02
   8.6000000000000000E+07   9.7112694020907581E-03   1.7087401952403702E+03   4.1251204958720519E-02
   8.7000000000000000E+07   9.7180348355313164E-03   1.7075506164568249E+03   4.1294855765677749E-02
   8.8000000000000000E+07   9.7247204891315227E-03   1.7063766915158246E+03   4.1337997942393220E-02
   8.9000000000000000E+07   9.7313318164501082E-03   1.7052174036558267E+03   4.1380662586026115E-02
   9.0000000000000000E+07   9.7378627291133009E-03   1.7040737619507804E+03   4.1422810729410488E-02
   9.1000000000000000E+07   9.7443290686635362E-03   1.7029429381161403E+03   4.1464544914052479E-02
   9.2000000000000000E+07   9.7507200229483039E-03   1.7018267712647225E+03   4.1505797524379731E-02
   9.3000000000000000E+07   9.7570552450702494E-03   1.7007217810460315E+03   4.1546692225788731E-02
   9.4000000000000000E+07   9.7633122744592762E-03   1.6996318367866020E+03   4.1587086222139580E-02
   9.5000000000000000E+07   9.7694983485520134E-03   1.6985556250818020E+03   4.1627022398630933E-02
   9.6000000000000000E+07   9.7756218410779000E-03   1.6974916423660134E+03   4.1666557574771779E-02
   9.7000000000000000E+07   9.7816953702505247E-03   1.6964376568737284E+03   4.1705776955152013E-02
   9.8000000000000000E+07   9.7876887437152345E-03   1.6953988636812323E+03   4.1744478312341002E-02
   9.9000000000000000E+07   9.7936313556108937E-03   1.6943701239738277E+03   4.1782852774331913E-02
   1.0000000000000000E+08   9.7995082725656924E-03   1.6933539839561531E+03   4.1820806277807224E-02
   1.1000000000000000E+08   9.8552814235379881E-03   1.6837709306329716E+03   4.2181120232877761E-02
   1.2000000000000000E+08   9.9062012608548654E-03   1.6751160144235143E+03   4.2510248594630803E-02
   1.3000000000000000E+08   9.9530492841240839E-03   1.6672314082307641E+03   4.2813197510743722E-02
   1.4000000000000000E+08   9.9964244585527568E-03   1.6599971762866519E+03   4.3093789419473949E-02
   1.5000000000000000E+08   1.0036809259120648E-02   1.6533178967290894E+03   4.3355126274621181E-02
   1.6000000000000000E+08   1.0074590534896760E-02   1.6471176983998830E+03   4.3599691480860403E-02
   1.7000000000000000E+08   1.0110080689161017E-02   1.6413357009060085E+03   4.3829481306988743E-02
   1.8000000000000000E+08   1.0143542836537364E-02   1.6359211610353877E+03   4.4046189842632380E-02
   1.9000000000000000E+08   1.0175196227779485E-02   1.6308320746539237E+03   4.4251226407016522E-02
   2.0000000000000000E+08   1.0205226381213444E-02   1.6260331475554487E+03   4.4445784185256035E-02
   2.1000000000000000E+08   1.0233791658109252E-02   1.6214944498123812E+03   4.4630882273428374E-02
   2.2000000000000000E+08   1.0261028331321677E-02   1.6171903866113771E+03   4.4807397990291889E-02
   2.3000000000000000E+08   1.0287054495252902E-02   1.6130989081294299E+03   4.4976091997614952E-02
   2.4000000000000000E+08   1.0311973165697130E-02   1.6092008878922036E+03   4.5137628113121414E-02
   2.5000000000000000E+08   1.0335874763229931E-02   1.6054796284097786E+03   4.5292589098527999E-02
   2.6000000000000000E+08   1.0358839045977397E-02   1.6019204758861747E+03   4.5441489305211552E-02
   2.7000000000000000E+08   1.0380936758843506E-02   1.5985104966585950E+03   4.5584785012080187E-02
   2.8000000000000000E+08   1.0402230927460071E-02   1.5952382224427495E+03   4.5722882839070667E-02
   2.9000000000000000E+08   1.0422777944929984E-02   1.5920934382212697E+03   4.5856146701134595E-02
   3.0000000000000000E+08   1.0442628450918092E-02   1.5890670104902072E+03   4.5984903570644831E-02
   3.1000000000000000E+08   1.0461828129549926E-02   1.5861507347162164E+03   4.6109448351510540E-02
   3.2000000000000000E+08   1.0480418292947363E-02   1.5833372209320212E+03   4.6230047899739800E-02
   3.3000000000000000E+08   1.0498436467939284E-02   1.5806197832254543E+03   4.6346944514421312E-02
   3.4000000000000000E+08   1.0515916776197856E-02   1.5779923640818458E+03   4.6460358796754593E-02
   3.5000000000000000E+08   1.0532890424512019E-02   1.5754494450585901E+03   4.6570492252790696E-02
   3.6000000000000000E+08   1.0549385941375826E-02   1.5729859980832441E+03   4.6677529351812748E-02
   3.7000000000000000E+08   1.0565429531461040E-02   1.5705974210274903E+03   4.6781639449118034E-02
   3.8000000000000000E+08   1.0581045290193925E-02   1.5682794959340231E+03   4.6882978360884855E-02
   3.9000000000000000E+08   1.0596255450481545E-02   1.5660283438529489E+03   4.6981689800317715E-02
   4.0000000000000000E+08   1.0611080554228373E-02   1.5638403920652449E+03   4.7077906581318128E-02
   4.1000000000000000E+08   1.0625539594086035E-02   1.5617123466742630E+03   4.7171751668749359E-02
   4.2000000000000000E+08   1.0639650239159901E-02   1.5596411537180991E+03   4.7263339199273197E-02
   4.3000000000000000E+08   1.0653428862779755E-02   1.5576239901629742E+03   4.7352775220019752E-02
   4.4000000000000000E+08   1.0666890731885155E-02   1.5556582317430132E+03   4.7440158499188742E-02
   4.5000000000000000E+08   1.0680050099753214E-02   1.5537414355896924E+03   4.7525581169240154E-02
   4.6000000000000000E+08   1.0692920256075699E-02   1.5518713295118509E+03   4.7609129272553674E-02
   4.7000000000000000E+08   1.0705513628638150E-02   1.5500457941382608E+03   4.7690883309317741E-02
   4.8000000000000000E+08   1.0717841870797388E-02   1.5482628475209842E+03   4.7770918708086793E-02
   4.9000000000000000E+08   1.0729915941777877E-02   1.5465206311216332E+03   4.7849306265970365E-02
   5.0000000000000000E+08   1.0741746086906614E-02   1.5448174104941179E+03   4.7926112446844554E-02
   5.1000000000000000E+08   1.0753341964344871E-02   1.5431515550404392E+03   4.8001399793980853E-02
   5.2000000000000000E+08   1.0764712691664046E-02   1.5415215296001770E+03   4.8075227229331288E-02
   5.3000000000000000E+08   1.0775866826119505E-02   1.5399258957004085E+03   4.8147650277817963E-02
   5.4000000000000000E+08   1.0786812482246506E-02   1.5383632932779467E+03   4.8218721388847766E-02
   5.5000000000000000E+08   1.0797557293321174E-02   1.5368324449109091E+03   4.8288490097506485E-02
   5.6000000000000000E+08   1.0808108502534487E-02   1.5353321416295107E+03   4.8357003282682220E-02
   5.7000000000000000E+08   1.0818472980592669E-02   1.5338612393753306E+03   4.8424305350677377E-02
   5.8000000000000000E+08   1.0828657190152651E-02   1.5324186630684605E+03   4.8490438346690173E-02
   5.9000000000000000E+08   1.0838667330852826E-02   1.5310033851601495E+03   4.8555442225686238E-02
   6.0000000000000000E+08   1.0848509208999539E-02   1.5296144432817157E+03   4.8619354855548191E-02
   6.1000000000000000E+08   1.0858188437118580E-02   1.5282509113061524E+03   4.8682212316907461E-02
   6.2000000000000000E+08   1.0867710259262860E-02   1.5269119233296476E+03   4.8744048843093191E-02
   6.3000000000000000E+08   1.0877079749999949E-02   1.5255966450149888E+03   4.8804897100604219E-02
   6.4000000000000000E+08   1.0886301684383648E-02   1.5243042913246168E+03   4.8864788166660011E-02
   6.5000000000000000E+08   1.0895380637309453E-02   1.5230341120288012E+03   4.8923751685306632E-02
   6.6000000000000000E+08   1.0904320992776160E-02   1.5217853899526190E+03   4.8981815964977880E-02
   6.7000000000000000E+08   1.0913126893851514E-02   1.5205574475185040E+03   4.9039008001599674E-02
   6.8000000000000000E+08   1.0921802342184588E-02   1.5193496324381608E+03   4.9095353625668789E-02
   6.9000000000000000E+08   1.0930351147794266E-02   1.5181613243513277E+03   4.9150877529813758E-02
   7.0000000000000000E+08   1.0938776955993299E-02   1.5169919307175023E+03   4.9205603337794196E-02
   7.1000000000000000E+08   1.0947083227611893E-02   1.5158408892247351E+03   4.9259553638532731E-02
   7.2000000000000000E+08   1.0955273340378584E-02   1.5147076534365096E+03   4.9312750140856107E-02
   7.3000000000000000E+08   1.0963350497865757E-02   1.5135917051444051E+03   4.9365213612822714E-02
   7.4000000000000000E+08   1.0971317739144507E-02   1.5124925527363612E+03   4.9416963952029519E-02
   7.5000000000000000E+08   1.0979178047315121E-02   1.5114097159776315E+03   4.9468020318814601E-02
   7.6000000000000000E+08   1.0986934250904202E-02   1.5103427394038279E+03   4.9518401067912929E-02
   7.7000000000000000E+08   1.0994589052190942E-02   1.5092911881825746E+03   4.9568123834611844E-02
   7.8000000000000000E+08   1.1002145108891248E-02   1.5082546367026312E+03   4.9617205621886880E-02
   7.9000000000000000E+08   1.1009604891577807E-02   1.5072326879645427E+03   4.9665662701707317E-02
   8.0000000000000000E+08   1.1016970830346768E-02   1.5062249532740286E+03   4.9713510785136146E-02
   8.1000000000000000E+08   1.1024245289987404E-02   1.5052310555201150E+03   4.9760765019313598E-02
   8.2000000000000000E+08   1.1031430471846647E-02   1.5042506424266644E+03   4.9807439924797962E-02
   8.3000000000000000E+08   1.1038528581514391E-02   1.5032833635045804E+03   4.9853549571853312E-02
   8.4000000000000000E+08   1.1045541671081415E-02   1.5023288914481780E+03   4.9899107458185099E-02
   8.5000000000000000E+08   1.1052471762139257E-02   1.5013869052354444E+03   4.9944126640926179E-02
   8.6000000000000000E+08   1.1059320812005252E-02   1.5004570946298104E+03   4.9988619728184178E-02
   8.7000000000000000E+08   1.1066090688618918E-02   1.4995391634759305E+03   5.0032598861722663E-02
   8.8000000000000000E+08   1.1072783176461808E-02   1.4986328287756510E+03   5.0076075763240267E-02
   8.9000000000000000E+08   1.1079400042131902E-02   1.4977378117098267E+03   5.0119061788417858E-02
   9.0000000000000000E+08   1.1085943002385287E-02   1.4968538418959913E+03   5.0161567920249339E-02
   9.1000000000000000E+08   1.1092413636320648E-02   1.4959806691507981E+03   5.0203604711812427E-02
   9.2000000000000000E+08   1.1098813561914458E-02   1.4951180395626047E+03   5.0245182442567218E-02
   9.3000000000000000E+08   1.1105144311920528E-02   1.4942657121842137E+03   5.0286311035110817E-02
   9.4000000000000000E+08   1.1111407351948731E-02   1.4934234565030251E+03   5.0327000078185635E-02
   9.5000000000000000E+08   1.1117604086643595E-02   1.4925910515284536E+03   5.0367258842139384E-02
   9.6000000000000000E+08   1.1123735967375018E-02   1.4917682712740852E+03   5.0407096387310099E-02
   9.7000000000000000E+08   1.1129804303033470E-02   1.4909549101090329E+03   5.0446521404123902E-02
   9.8000000000000000E+08   1.1135810366758319E-02   1.4901507683442162E+03   5.0485542322518881E-02
   9.9000000000000000E+08   1.1141755479233599E-02   1.4893556410467770E+03   5.0524167396199471E-02
   1.0000000000000000E+09   1.1147640841923753E-02   1.4885693403176379E+03   5.0562404547793378E-02
   1.1000000000000000E+09   1.1203453457633919E-02   1.4811536850589041E+03   5.0925031618758193E-02
   1.2000000000000000E+09   1.1254406430165932E-02   1.4744479397582711E+03   5.1256103900367181E-02
   1.3000000000000000E+09   1.1301278710661253E-02   1.4683326373064428E+03   5.1560676132109726E-02
   1.4000000000000000E+09   1.1344675652389315E-02   1.4627158045426806E+03   5.1842677914459345E-02
   1.5000000000000000E+09   1.1385077312952420E-02   1.4575251373376200E+03   5.2105224947277297E-02
   1.6000000000000000E+09   1.1422870550176404E-02   1.4527028299295691E+03   5.2350829103323067E-02
   1.7000000000000000E+09   1.1458371849875266E-02   1.4482019427865780E+03   5.2581545187601747E-02
   1.8000000000000000E+09   1.1491843373854746E-02   1.4439838617983364E+03   5.2799075483877980E-02
   1.9000000000000000E+09   1.1523504733139022E-02   1.4400164497212086E+03   5.3004846029430036E-02
   2.0000000000000000E+09   1.1553541713671140E-02   1.4362726846370331E+03   5.3200063356480767E-02
   2.1000000000000000E+09   1.1582112915535429E-02   1.4327296319052739E+03   5.3385757348219681E-02
   2.2000000000000000E+09   1.1609354642186868E-02   1.4293676854232579E+03   5.3562813997071426E-02
   2.3000000000000000E+09   1.1635385287058981E-02   1.4261699088397606E+03   5.3732001357078313E-02
   2.4000000000000000E+09   1.1660307923326098E-02   1.4231216262277710E+03   5.3893989238836440E-02
   2.5000000000000000E+09   1.1684213047420136E-02   1.4202100138720377E+03   5.4049365432018402E-02
   2.6000000000000000E+09   1.1707180418557062E-02   1.4174238186213629E+03   5.4198648501606439E-02
   2.7000000000000000E+09   1.1729280939291013E-02   1.4147530833346584E+03   5.4342298442700637E-02
   2.8000000000000000E+09   1.1750577552595559E-02   1.4121890009138294E+03   5.4480724859980192E-02
   2.9000000000000000E+09   1.1771126821217620E-02   1.4097236930834367E+03   5.4614294466065652E-02
   3.0000000000000000E+09   1.1790979285108184E-02   1.4073501422497109E+03   5.4743336408439688E-02
   3.1000000000000000E+09   1.1810180841774234E-02   1.4050620051019889E+03   5.4868147795681346E-02
   3.2000000000000000E+09   1.1828772705312515E-02   1.4028536000787062E+03   5.4988997115121827E-02
   3.3000000000000000E+09   1.1846792376848289E-02   1.4007197768224128E+03   5.5106128170477678E-02
   3.4000000000000000E+09   1.1864274076925653E-02   1.3986558525677915E+03   5.5219763005338415E-02
   3.5000000000000000E+09   1.1881248989297273E-02   1.3966575727104484E+03   5.5330104275165562E-02
   3.6000000000000000E+09   1.1897745624402468E-02   1.3947210587630786E+03   5.5437337506161387E-02
   3.7000000000000000E+09   1.1913790317184517E-02   1.3928427420973715E+03   5.5541633122410540E-02
   3.8000000000000000E+09   1.1929407077856197E-02   1.3910193747150147E+03   5.5643147680444496E-02
   3.9000000000000000E+09   1.1944618236906963E-02   1.3892479479074079E+03   5.5742025755332603E-02
   4.0000000000000000E+09   1.1959444173686634E-02   1.3875257188516227E+03   5.5838400682366035E-02
   4.1000000000000000E+09   1.1973903955582165E-02   1.3858501317295395E+03   5.5932396121371276E-02
   4.2000000000000000E+09   1.1988015364859739E-02   1.3842188109636736E+03   5.6024126849175397E-02
   4.3000000000000000E+09   1.2001794615524480E-02   1.3826295904693948E+03   5.6113699287145755E-02
   4.4000000000000000E+09   1.2015257164549917E-02   1.3810804169152377E+03   5.6201212804924301E-02
   4.5000000000000000E+09   1.2028417100073725E-02   1.3795694176633340E+03   5.6286759828824154E-02
   4.6000000000000000E+09   1.2041287883363805E-02   1.3780948130213421E+03   5.6370426945127505E-02
   4.7000000000000000E+09   1.2053881763853047E-02   1.3766549812959242E+03   5.6452294806762157E-02
   4.8000000000000000E+09   1.2066210590172582E-02   1.3752483640286819E+03   5.6532439363539487E-02
   4.9000000000000000E+09   1.2078285032739298E-02   1.3738735531725524E+03   5.6610931410093129E-02
   5.0000000000000000E+09   1.2090115633626476E-02   1.3725291698622864E+03   5.6687837989980464E-02
   5.1000000000000000E+09   1.2101711902621356E-02   1.3712139660642522E+03   5.6763221729129218E-02
   5.2000000000000000E+09   1.2113083066728720E-02   1.3699267381183586E+03   5.6837141885389353E-02
   5.3000000000000000E+09   1.2124237478815978E-02   1.3686663926827775E+03   5.6909654026793287E-02
   5.4000000000000000E+09   1.2135183492018128E-02   1.3674318468340477E+03   5.6980810989426187E-02
   5.5000000000000000E+09   1.2145928745853785E-02   1.3662221079491387E+03   5.7050662487730039E-02
   5.6000000000000000E+09   1.2156480205276560E-02   1.3650362682248849E+03   5.7119255357582568E-02
   5.7000000000000000E+09   1.2166845039452895E-02   1.3638734051721412E+03   5.7186634388378704E-02
   5.8000000000000000E+09   1.2177029489560563E-02   1.3627327082016643E+03   5.7252841596311180E-02
   5.9000000000000000E+09   1.2187039949802133E-02   1.3616133566896053E+03   5.7317917226415244E-02
   6.0000000000000000E+09   1.2196881969953801E-02   1.3605146311195508E+03   5.7381899076552861E-02
   6.1000000000000000E+09   1.2206561485705970E-02   1.3594357750618151E+03   5.7444823604862298E-02
   6.2000000000000000E+09   1.2216083541121038E-02   1.3583761373522505E+03   5.7506724995179698E-02
   6.3000000000000000E+09   1.2225453382512182E-02   1.3573350496675423E+03   5.7567636144593384E-02
   6.4000000000000000E+09   1.2234675418391761E-02   1.3563119418121571E+03   5.7627587941895389E-02
   6.5000000000000000E+09   1.2243754640196542E-02   1.3553061835853664E+03   5.7686610449198088E-02
   6.6000000000000000E+09   1.2252695000011690E-02   1.3543172644177112E+03   5.7744731680788072E-02
   6.7000000000000000E+09   1.2261501193236671E-02   1.3533445956285934E+03   5.7801979236501155E-02
   6.8000000000000000E+09   1.2270176858135536E-02   1.3523877093228693E+03   5.7858378679717187E-02
   6.9000000000000000E+09   1.2278725824279951E-02   1.3514461200320438E+03   5.7913954802233228E-02
   7.0000000000000000E+09   1.2287151785129206E-02   1.3505193607393776E+03   5.7968731326523526E-02
   7.1000000000000000E+09   1.2295458165967669E-02   1.3496069971666991E+03   5.8022730846826596E-02
   7.2000000000000000E+09   1.2303648536178758E-02   1.3487085822848235E+03   5.8075975364553806E-02
   7.3000000000000000E+09   1.2311725804812969E-02   1.3478237443911692E+03   5.8128485396812646E-02
   7.4000000000000000E+09   1.2319693182070612E-02   1.3469520814293026E+03   5.8180281047600743E-02
   7.5000000000000000E+09   1.2327553509444266E-02   1.3460932342696817E+03   5.8231381413188503E-02
   7.6000000000000000E+09   1.2335310009847725E-02   1.3452468045726273E+03   5.8281805264993367E-02
   7.7000000000000000E+09   1.2342964809536313E-02   1.3444125159734440E+03   5.8331569752186160E-02
   7.8000000000000000E+09   1.2350520946838868E-02   1.3435899947530281E+03   5.8380692242546994E-02
   7.9000000000000000E+09   1.2357980783932009E-02   1.3427789429593674E+03   5.8429188986057208E-02
   8.0000000000000000E+09   1.2365347008840497E-02   1.3419790291608183E+03   5.8477075941024553E-02
   8.1000000000000000E+09   1.2372621450417809E-02   1.3411900170598071E+03   5.8524367800818190E-02
   8.2000000000000000E+09   1.2379806978105831E-02   1.3404115592034348E+03   5.8571079760444608E-02
   8.3000000000000000E+09   1.2386904943106973E-02   1.3396434743284758E+03   5.8617225141505927E-02
   8.4000000000000000E+09   1.2393918210597384E-02   1.3388854188154730E+03   5.8662818163372737E-02
   8.5000000000000000E+09   1.2400848356209374E-02   1.3381371900940474E+03   5.8707871570479582E-02
   8.6000000000000000E+09   1.2407697464564889E-02   1.3373985319638284E+03   5.8752398060000030E-02
   8.7000000000000000E+09   1.2414467543679267E-02   1.3366691979157113E+03   5.8796409985046205E-02
   8.8000000000000000E+09   1.2421159960600406E-02   1.3359490117506132E+03   5.8839918701009276E-02
   8.9000000000000000E+09   1.2427776862847328E-02   1.3352377144594579E+03   5.8882935885958956E-02
   9.0000000000000000E+09   1.2434320032881805E-02   1.3345350875864924E+03   5.8925472655823194E-02
   9.1000000000000000E+09   1.2440790836127388E-02   1.3338409585644833E+03   5.8967539372984767E-02
   9.2000000000000000E+09   1.2447190887051388E-02   1.3331551291161529E+03   5.9009146328155321E-02
   9.3000000000000000E+09   1.2453521514024558E-02   1.3324774326260238E+03   5.9050303305264840E-02
   9.4000000000000000E+09   1.2459784707178892E-02   1.3318076326470950E+03   5.9091020386004361E-02
   9.5000000000000000E+09   1.2465981592547418E-02   1.3311455861671470E+03   5.9131306585446658E-02
   9.6000000000000000E+09   1.2472113396079929E-02   1.3304911402887035E+03   5.9171170797660211E-02
   9.7000000000000000E+09   1.2478181718261818E-02   1.3298441029973965E+03   5.9210621964703170E-02
   9.8000000000000000E+09   1.2484187987132449E-02   1.3292043015744396E+03   5.9249668713360466E-02
   9.9000000000000000E+09   1.2490132981319841E-02   1.3285716332226668E+03   5.9288318804260491E-02
   1.0000000000000000E+10   1.2496018444196622E-02   1.3279458931870392E+03   5.9326580665257922E-02
   1.1000000000000000E+10   1.2551831483138791E-02   1.3220410420942640E+03   5.9689429619518904E-02
   1.2000000000000000E+10   1.2602785063721783E-02   1.3166959755528783E+03   6.0020686967378722E-02
   1.3000000000000000E+10   1.2649657560353564E-02   1.3118170428715216E+03   6.0325415443381797E-02
   1.4000000000000000E+10   1.2693054919905914E-02   1.3073319605776512E+03   6.0607551317972332E-02
   1.5000000000000000E+10   1.2733456444598730E-02   1.3031839741517510E+03   6.0870214081446369E-02
   1.6000000000000000E+10   1.2771249944302659E-02   1.2993275087817940E+03   6.1115919812408229E-02
   1.7000000000000000E+10   1.2806751301079909E-02   1.2957256671925165E+03   6.1346725390955745E-02
   1.8000000000000000E+10   1.2840222976143560E-02   1.2923479915412076E+03   6.1564335251155629E-02
   1.9000000000000000E+10   1.2871884400670261E-02   1.2891691579592120E+03   6.1770176961821938E-02
   2.0000000000000000E+10   1.2901921693023110E-02   1.2861678104226792E+03   6.1965458521136496E-02
   2.1000000000000000E+10   1.2930492405378059E-02   1.2833259441271234E+03   6.2151209921828085E-02
   2.2000000000000000E+10   1.2957734270908865E-02   1.2806279267059301E+03   6.2328319288976863E-02
   2.3000000000000000E+10   1.2983765260764620E-02   1.2780604116669901E+03   6.2497554969887736E-02
   2.4000000000000000E+10   1.3008687829315139E-02   1.2756118520090597E+03   6.2659586765605679E-02
   2.5000000000000000E+10   1.3032592735355016E-02   1.2732720734181958E+03   6.2815003286647686E-02
   2.6000000000000000E+10   1.3055560322035663E-02   1.2710321092961717E+03   6.2964323922663976E-02
   2.7000000000000000E+10   1.3077660982985448E-02   1.2688841219962724E+03   6.3108008558061313E-02
   2.8000000000000000E+10   1.3098957450948294E-02   1.2668211524695869E+03   6.3246466939353457E-02
   2.9000000000000000E+10   1.3119507088819257E-02   1.2648368770121108E+03   6.3380066820699438E-02
   3.0000000000000000E+10   1.3139359400853380E-02   1.2629258297845663E+03   6.3509136537107713E-02
   3.1000000000000000E+10   1.3158560981381438E-02   1.2610829100264039E+03   6.3633974082121902E-02
   3.2000000000000000E+10   1.3177152677817310E-02   1.2593036431986659E+03   6.3754847764475153E-02
   3.3000000000000000E+10   1.3195171958631204E-02   1.2575839425348249E+03   6.3872001419882238E-02
   3.4000000000000000E+10   1.3212654516591446E-02   1.2559199480560751E+03   6.3985658662546893E-02
   3.5000000000000000E+10   1.3229629447048936E-02   1.2543084778434170E+03   6.4096020334972525E-02
   3.6000000000000000E+10   1.3246126219073539E-02   1.2527463576684095E+03   6.4203273017931134E-02
   3.7000000000000000E+10   1.3262170748664280E-02   1.2512307893360285E+03   6.4307586599172961E-02
   3.8000000000000000E+10   1.3277787349660567E-02   1.2497591607071947E+03   6.4409118247621952E-02
   3.9000000000000000E+10   1.3292999114796459E-02   1.2483290061826265E+03   6.4508013333870171E-02
   4.0000000000000000E+10   1.3307824943904775E-02   1.2469382821090358E+03   6.4604403649580533E-02
   4.1000000000000000E+10   1.3322283721199540E-02   1.2455849703722020E+03   6.4698413053144027E-02
   4.2000000000000000E+10   1.3336395698376234E-02   1.2442669480915893E+03   6.4790158439278628E-02
   4.3000000000000000E+10   1.3350175444039457E-02   1.2429826442145559E+03   6.4879744613317900E-02
   4.4000000000000000E+10   1.3363638228286690E-02   1.2417304397717046E+03   6.4967271284103581E-02
   4.5000000000000000E+10   1.3376797637837961E-02   1.2405088888555861E+03   6.5052830022888947E-02
   4.6000000000000000E+10   1.3389668226738528E-02   1.2393164709654939E+03   6.5136508686241879E-02
   4.7000000000000000E+10   1.3402262462711173E-02   1.2381518732624158E+03   6.5218388086199591E-02
   4.8000000000000000E+10   1.3414591157307565E-02   1.2370139484363515E+03   6.5298543270926879E-02
   4.9000000000000000E+10   1.3426665311098679E-02   1.2359015429127828E+03   6.5377045335300338E-02
   5.0000000000000000E+10   1.3438495330233400E-02   1.2348135685122265E+03   6.5453961360663032E-02
   5.1000000000000000E+10   1.3450091515018067E-02   1.2337489566990582E+03   6.5529354540564758E-02
   5.2000000000000000E+10   1.3461463283343588E-02   1.2327067291928709E+03   6.5603284354843999E-02
   5.3000000000000000E+10   1.3472618176478969E-02   1.2316860877962772E+03   6.5675805770768536E-02
   5.4000000000000000E+10   1.3483563967486085E-02   1.2306862202140935E+03   6.5746971068471896E-02
   5.5000000000000000E+10   1.3494308635745482E-02   1.2297063022705702E+03   6.5816830105543692E-02
   5.6000000000000000E+10   1.3504860424013266E-02   1.2287454925971842E+03   6.5885431153225010E-02
   5.7000000000000000E+10   1.3515225099340620E-02   1.2278031813891125E+03   6.5952817700434860E-02
   5.8000000000000000E+10   1.3525410053452366E-02   1.2268786165137199E+03   6.6019032636631614E-02
   5.9000000000000000E+10   1.3535420088822742E-02   1.2259712860972372E+03   6.6084115018793577E-02
   6.0000000000000000E+10   1.3545263273656185E-02   1.2250803870629586E+03   6.6148104785505091E-02
   6.1000000000000000E+10   1.3554942157110613E-02   1.2242056204906448E+03   6.6211035302072771E-02
   6.2000000000000000E+10   1.3564464419096997E-02   1.2233462274262859E+03   6.6272943372538390E-02
   6.3000000000000000E+10   1.3573832767663642E-02   1.2225019018719352E+03   6.6333859392827432E-02
   6.4000000000000000E+10   1.3583056097360217E-02   1.2216717839651230E+03   6.6393818206102378E-02
   6.5000000000000000E+10   1.3592135432516025E-02   1.2208557262064223E+03   6.6452846704228671E-02
   6.6000000000000000E+10   1.3601075906722188E-02   1.2200532140225002E+03   6.6510973741085680E-02
   6.7000000000000000E+10   1.3609881194406977E-02   1.2192638669748101E+03   6.6568225862276759E-02
   6.8000000000000000E+10   1.3618557479363434E-02   1.2184870827402817E+03   6.6624631285805508E-02
   6.9000000000000000E+10   1.3627105215967595E-02   1.2177227746591618E+03   6.6680211468600259E-02
   7.0000000000000000E+10   1.3635531359668631E-02   1.2169702768784264E+03   6.6734993103084339E-02
   7.1000000000000000E+10   1.3643838176402931E-02   1.2162293454095525E+03   6.6788998020825427E-02
   7.2000000000000000E+10   1.3652029176450848E-02   1.2154996271751590E+03   6.6842247803960031E-02
   7.3000000000000000E+10   1.3660105039287395E-02   1.2147810230181112E+03   6.6894761208490791E-02
   7.4000000000000000E+10   1.3668074252650595E-02   1.2140727411502305E+03   6.6946562860361186E-02
   7.5000000000000000E+10   1.3675934825744387E-02   1.2133749235864159E+03   6.6997667888894608E-02
   7.6000000000000000E+10   1.3683689192446214E-02   1.2126873199751406E+03   6.7048094094823291E-02
   7.7000000000000000E+10   1.3691345813666583E-02   1.2120091479682280E+03   6.7097864375732549E-02
   7.8000000000000000E+10   1.3698900922553204E-02   1.2113407103222992E+03   6.7146990026289224E-02
   7.9000000000000000E+10   1.3706360041823107E-02   1.2106814882671938E+03   6.7195490027478821E-02
   8.0000000000000000E+10   1.3713726747673625E-02   1.2100311373766713E+03   6.7243381356030488E-02
   8.1000000000000000E+10   1.3721002378967440E-02   1.2093895122120930E+03   6.7290677966717422E-02
   8.2000000000000000E+10   1.3728188525424866E-02   1.2087564461566017E+03   6.7337394141388868E-02
   8.3000000000000000E+10   1.3735286855026431E-02   1.2081317666902462E+03   6.7383543293253856E-02
   8.4000000000000000E+10   1.3742298017648612E-02   1.2075153917379341E+03   6.7429137925851174E-02
   8.5000000000000000E+10   1.3749227790307076E-02   1.2069067897659570E+03   6.7474194466324577E-02
   8.6000000000000000E+10   1.3756078408776899E-02   1.2063057421636076E+03   6.7518725539099947E-02
   8.7000000000000000E+10   1.3762847233759480E-02   1.2057124584988612E+03   6.7562739782254674E-02
   8.8000000000000000E+10   1.3769540524419236E-02   1.2051263689396267E+03   6.7606252232872588E-02
   8.9000000000000000E+10   1.3776158495020705E-02   1.2045474346246956E+03   6.7649273509653149E-02
   9.0000000000000000E+10   1.3782699939223257E-02   1.2039757411344744E+03   6.7691811769701196E-02
   9.1000000000000000E+10   1.3789171822162100E-02   1.2034106607831436E+03   6.7733882422786509E-02
   9.2000000000000000E+10   1.3795571889952608E-02   1.2028523722344505E+03   6.7775492338811083E-02
   9.3000000000000000E+10   1.3801903349863085E-02   1.2023005779362315E+03   6.7816652886859008E-02
   9.4000000000000000E+10   1.3808164010258590E-02   1.2017554514729170E+03   6.7857370305485012E-02
   9.5000000000000000E+10   1.3814361615702675E-02   1.2012163019750465E+03   6.7897660003055457E-02
   9.6000000000000000E+10   1.3820492703245009E-02   1.2006834148730579E+03   6.7937526246625080E-02
   9.7000000000000000E+10   1.3826562446379202E-02   1.2001563250817935E+03   6.7976981217202942E-02
   9.8000000000000000E+10   1.3832570476697056E-02   1.1996350499074215E+03   6.8016032136441334E-02
   9.9000000000000000E+10   1.3838513429914556E-02   1.1991198663209923E+03   6.8054682901287133E-02
   1.0000000000000000E+11   1.3844398296020147E-02   1.1986101540383079E+03   6.8092946662158024E-02
   1.1000000000000000E+11   1.3900212405851842E-02   1.1937973240735862E+03   6.8455818490441869E-02
