   1.0000000000000000E+00   4.7796633052179203E-03   3.4718002743090328E+03   8.5946439673851153E-05
   2.0000000000000000E+00   8.6186285812927723E-03   1.9253685453134278E+03   3.1068703130301777E-04
   3.0000000000000000E+00   1.1781125704137519E-02   1.4085272316831820E+03   6.3130697034569278E-04
   4.0000000000000000E+00   1.4663071862349433E-02   1.1316889482598203E+03   1.0437579337567032E-03
   5.0000000000000000E+00   1.7218663965875080E-02   9.6372380615867723E+02   1.5215307117531149E-03
   5.9889999999999999E+00   1.9623570348221927E-02   8.4561759555971764E+02   2.0688057300554041E-03
   5.9910000000000005E+00   1.9619931180317993E-02   8.4577444342959438E+02   2.0684714767280755E-03
   6.0000000000000000E+00   1.9670140244190528E-02   8.4361555983625271E+02   2.0789819468204004E-03
   7.0000000000000000E+00   2.1928502008822789E-02   7.5673369605839457E+02   2.6904526702600513E-03
   8.0000000000000000E+00   2.4159267003228214E-02   6.8686009273141713E+02   3.3799616824257790E-03
   9.0000000000000000E+00   2.6267551316969076E-02   6.3173137739110462E+02   4.1202677211898270E-03
   9.0690000000000008E+00   2.6452525058053369E-02   6.2731388923147074E+02   4.1849740235792620E-03
   9.0709999999999997E+00   2.6449611894945324E-02   6.2738298165091840E+02   4.1845973912034602E-03
   1.0000000000000000E+01   2.8392955820363129E-02   5.8444201720834315E+02   4.9427340065417947E-03
   1.1000000000000000E+01   3.0442197295379218E-02   5.4509982354917543E+02   5.8179459175360902E-03
   1.2000000000000000E+01   3.2541413717858791E-02   5.0993593941659509E+02   6.7840928304641248E-03
   1.3000000000000000E+01   3.4600276058105950E-02   4.7959260054148746E+02   7.8094109302830469E-03
   1.4000000000000000E+01   3.6738309844144813E-02   4.5168208457485918E+02   8.9393101618092507E-03
   1.5000000000000000E+01   3.8868055516571048E-02   4.2693250674929385E+02   1.0139674225735189E-02
   1.6000000000000000E+01   4.1107292481027728E-02   4.0367621832109359E+02   1.1464294456681776E-02
   1.7000000000000000E+01   4.3371043418404281E-02   3.8260634437765918E+02   1.2876853144841924E-02
   1.8000000000000000E+01   4.5779766380667879E-02   3.6247533978608971E+02   1.4441610729881699E-02
   1.9000000000000000E+01   4.8250904213004604E-02   3.4391140735737685E+02   1.6120540803848799E-02
   2.0000000000000000E+01   5.0912543338605655E-02   3.2593218264108151E+02   1.7991828446706767E-02
   2.1000000000000000E+01   5.3685157836054181E-02   3.0909914477360593E+02   2.0016916783052032E-02
   2.2000000000000000E+01   5.6711249520393490E-02   2.9260572663265236E+02   2.2293756323043486E-02
   2.3000000000000000E+01   5.9916514744978118E-02   2.7695263058589740E+02   2.4786010822097557E-02
   2.4000000000000000E+01   6.3468615394514399E-02   2.6145262931944507E+02   2.7621735079210941E-02
   2.5000000000000000E+01   6.7304298343093844E-02   2.4655240129790502E+02   3.0773312732981280E-02
   2.6000000000000000E+01   7.1635948089700557E-02   2.3164398345620836E+02   3.4418804411106847E-02
   2.7000000000000000E+01   7.5055274749335252E-02   2.2109087508612933E+02   3.7446475740234658E-02
   2.8000000000000000E+01   7.4694065365777301E-02   2.2216003765358462E+02   3.7501769236080826E-02
   2.9000000000000000E+01   7.6263475443946530E-02   2.1758825279811663E+02   3.9234748640830271E-02
   3.0000000000000000E+01   7.9942900710184922E-02   2.0757360849737438E+02   4.2889242035107800E-02
   3.1000000000000000E+01   8.5903748517133144E-02   1.9317010794762680E+02   4.8720373909034546E-02
   3.2000000000000000E+01   9.4767775277238467E-02   1.7510209905862368E+02   5.7439750058913677E-02
   3.3000000000000000E+01   1.0757951349738833E-01   1.5424903715114166E+02   7.0205993851319801E-02
   3.4000000000000000E+01   1.2811619991828332E-01   1.2952332636110509E+02   9.1023236704671537E-02
   3.5000000000000000E+01   1.6022239699772720E-01   1.0356876869340427E+02   1.2424794227989219E-01
   3.6000000000000000E+01   2.3997918452326958E-01   6.9147815495436674E+01   2.0894347308656222E-01
   3.7000000000000000E+01   5.1987433864740273E-01   3.1919321921782835E+01   5.1437263810671774E-01
   3.8000000000000000E+01   9.4651321573771141E-01   1.7531753490865970E+01   9.8873798223348519E-01
   3.9000000000000000E+01   1.3337142952550243E+00   1.2441972342350423E+01   1.4262534097203530E+00
   4.0000000000000000E+01   1.6560021283461115E+00   1.0020540487307981E+01   1.7951517233471490E+00
   4.1000000000000000E+01   1.9564506198518958E+00   8.4817046777375715E+00   2.1449334100171868E+00
   4.2000000000000000E+01   2.2341949337225873E+00   7.4273001534882290E+00   2.4746084953873408E+00
   4.3000000000000000E+01   2.4489026183123355E+00   6.7761111650883850E+00   2.7318967143813162E+00
   4.4000000000000000E+01   2.6454523523094085E+00   6.2726649979820088E+00   2.9718515838365591E+00
   4.5000000000000000E+01   2.7896301308164957E+00   5.9484718747655254E+00   3.1478689508107576E+00
   4.6000000000000000E+01   2.9218405637143765E+00   5.6793093299606001E+00   3.3120042553840769E+00
   4.7000000000000000E+01   3.0759375683860504E+00   5.3947897202826898E+00   3.5115956774697739E+00
   4.8000000000000000E+01   3.1542596545636945E+00   5.2608339805353550E+00   3.6089498436105854E+00
   4.9000000000000000E+01   3.2562402879005390E+00   5.0960724353851052E+00   3.7436741531228011E+00
   5.0000000000000000E+01   3.3497218083500835E+00   4.9538550732169142E+00   3.8702996502572096E+00
   5.1000000000000000E+01   3.4074932077418572E+00   4.8698663100658823E+00   3.9469393306464946E+00
   5.2000000000000000E+01   3.4870374179212908E+00   4.7587778349830590E+00   4.0601433284653714E+00
   5.3000000000000000E+01   3.5340694894329903E+00   4.6954471109799147E+00   4.1260984927679996E+00
   5.4000000000000000E+01   3.5768343599279060E+00   4.6393080317241369E+00   4.1877746962768860E+00
   5.5000000000000000E+01   3.6155774241247873E+00   4.5895950847124425E+00   4.2454603557122503E+00
   5.6000000000000000E+01   3.6507191400557009E+00   4.5454157763303629E+00   4.2995613234191374E+00
   5.7000000000000000E+01   3.6824560972387488E+00   4.5062414692746131E+00   4.3503068019656741E+00
   5.8000000000000000E+01   3.7110883200983760E+00   4.4714743877937435E+00   4.3979917017529218E+00
   5.9000000000000000E+01   3.7367402219914587E+00   4.4407786970314920E+00   4.4427796797261578E+00
   6.0000000000000000E+01   3.7395199097224947E+00   4.4374777444069879E+00   4.4487990862463596E+00
   6.1000000000000000E+01   3.7606207428058713E+00   4.4125790684702935E+00   4.4890640280428897E+00
   6.2000000000000000E+01   3.7793887138487787E+00   4.3906667534236492E+00   4.5270662585313364E+00
   6.3000000000000000E+01   3.7776030184721296E+00   4.3927422476679236E+00   4.5284751586527205E+00
   6.4000000000000000E+01   3.7926951352614582E+00   4.3752623879209969E+00   4.5628597980891774E+00
   6.5000000000000000E+01   3.7886085907424132E+00   4.3799817206529221E+00   4.5619851958635049E+00
   6.6000000000000000E+01   3.8005087578550785E+00   4.3662671056507962E+00   4.5932393197038417E+00
   6.7000000000000000E+01   3.7944973494984917E+00   4.3731843366167027E+00   4.5904607814065423E+00
   6.8000000000000000E+01   3.7878562083771388E+00   4.3808517169847665E+00   4.5870972089752513E+00
   6.9000000000000000E+01   3.7958747256660916E+00   4.3715974771133972E+00   4.6145413246823557E+00
   7.0000000000000000E+01   3.7876925318477852E+00   4.3810410255409966E+00   4.6096731267672721E+00
   7.1000000000000000E+01   3.7790128313206517E+00   4.3911034745974327E+00   4.6043584544163840E+00
   7.2000000000000000E+01   3.7839161104857268E+00   4.3854133891013465E+00   4.6287324902227143E+00
   7.3000000000000000E+01   3.7739840064239663E+00   4.3969546097478176E+00   4.6222120133668820E+00
   7.4000000000000000E+01   3.7637249130232844E+00   4.4089397492206510E+00   4.6154066926098842E+00
   7.5000000000000000E+01   3.7531135242388287E+00   4.4214053923471033E+00   4.6082995424935529E+00
   7.6000000000000000E+01   3.7422263200429891E+00   4.4342685222655831E+00   4.6009572574429507E+00
   7.6998999999999995E+01   3.7310485775791329E+00   4.4475530213887833E+00   4.5933908486460497E+00
   7.7001000000000005E+01   3.7310010360530814E+00   4.4476096934335754E+00   4.5933188429883733E+00
   7.8000000000000000E+01   3.7195741149444022E+00   4.4612732160623807E+00   4.5855491137251105E+00
   7.9000000000000000E+01   3.7078849045702893E+00   4.4753375040597430E+00   4.5775485541933385E+00
   8.0000000000000000E+01   3.6960365836617921E+00   4.4896840165256444E+00   4.5694173639838347E+00
   8.1000000000000000E+01   3.6839392474961983E+00   4.5044272609649001E+00   4.5610928293164017E+00
   8.2000000000000000E+01   3.6716791637179154E+00   4.5194679693520383E+00   4.5526454359231039E+00
   8.3000000000000000E+01   3.6592817833015263E+00   4.5347795979758363E+00   4.5440918974778199E+00
   8.4000000000000000E+01   3.6467109126590058E+00   4.5504118016475363E+00   4.5354097629687384E+00
   8.5000000000000000E+01   3.6340787406369182E+00   4.5662291762153959E+00   4.5266863315912236E+00
   8.6000000000000000E+01   3.6212723126734745E+00   4.5823773915277659E+00   4.5178373283381168E+00
   8.7000000000000000E+01   3.6083890998940218E+00   4.5987380836084899E+00   4.5089370578617141E+00
   8.8000000000000000E+01   3.5954457027052564E+00   4.6152932755109735E+00   4.5000013450838106E+00
   8.9000000000000000E+01   3.5823769884199965E+00   4.6321301269521546E+00   4.4909836636710780E+00
   9.0000000000000000E+01   3.5692604078307397E+00   4.6491526193365136E+00   4.4819390060920172E+00
   9.1000000000000000E+01   3.5473218675421334E+00   4.6779054717293143E+00   4.4490882229613415E+00
   9.2000000000000000E+01   3.5343024024504830E+00   4.6951376777083480E+00   4.4402428708536537E+00
   9.3000000000000000E+01   3.5212201262843119E+00   4.7125813720912921E+00   4.4313666182638016E+00
   9.4000000000000000E+01   3.5081440619930544E+00   4.7301467901329453E+00   4.4225034353015129E+00
   9.5000000000000000E+01   3.4950059166400762E+00   4.7479279777909715E+00   4.4136079041920189E+00
   9.6000000000000000E+01   3.4739706744754937E+00   4.7766771596786128E+00   4.3821745128706064E+00
   9.7000000000000000E+01   3.4609778944038543E+00   4.7946091770744124E+00   4.3735096846414816E+00
   9.8000000000000000E+01   3.4479946477896037E+00   4.8126630314807155E+00   4.3648651932140501E+00
   9.9000000000000000E+01   3.4349653682742769E+00   4.8309181010745457E+00   4.3561975871005956E+00
   1.0000000000000000E+02   3.4146798854918270E+00   4.8596169862553031E+00   4.3259116598751834E+00
   1.1000000000000000E+02   3.2688337621962242E+00   5.0764393607496876E+00   4.1835454276831250E+00
   1.2000000000000000E+02   3.1275204490221431E+00   5.3058122703398221E+00   4.0362242863988520E+00
   1.2099900000000000E+02   3.1159940808263871E+00   5.3254389911291247E+00   4.0294951761663231E+00
   1.2100100000000000E+02   3.1159618545675070E+00   5.3254940684964307E+00   4.0294466020291830E+00
   1.3000000000000000E+02   2.9929134578831551E+00   5.5444424329920716E+00   3.8869264379274142E+00
   1.4000000000000000E+02   2.8696407492004434E+00   5.7826180433156757E+00   3.7528090547578796E+00
   1.5000000000000000E+02   2.7564356794726663E+00   6.0201065084656724E+00   3.6317479583584471E+00
   1.6000000000000000E+02   2.6487115008689028E+00   6.2649466990711398E+00   3.5532888021356839E+00
   1.7000000000000000E+02   2.5498853193606745E+00   6.5077579168623050E+00   3.4369672073848960E+00
   1.8000000000000000E+02   2.4581653951949978E+00   6.7505776489234357E+00   3.3277782136236436E+00
   1.9000000000000000E+02   2.3729190316039133E+00   6.9930900098787125E+00   3.2252806141239021E+00
   2.0000000000000000E+02   2.2935534871705405E+00   7.2350771268176333E+00   3.1290064025532516E+00
   2.1000000000000000E+02   2.2195256568621526E+00   7.4763886251354101E+00   3.0384916050591584E+00
   2.2000000000000000E+02   2.1503440911289209E+00   7.7169214185849677E+00   2.9532925232411853E+00
   2.3000000000000000E+02   2.0855671792140091E+00   7.9566060204371922E+00   2.8729936154848374E+00
   2.4000000000000000E+02   2.0247995541594119E+00   8.1953970900834925E+00   2.7972105922007260E+00
   2.5000000000000000E+02   1.9676878225360046E+00   8.4332667936998220E+00   2.7255908064369341E+00
   2.6000000000000000E+02   1.9139161997809653E+00   8.6702000725316353E+00   2.6578121624201070E+00
   2.7000000000000000E+02   1.8632023443776693E+00   8.9061912272888399E+00   2.5935812627425054E+00
   2.8000000000000000E+02   1.8152935254893701E+00   9.1412414252328400E+00   2.5326312176051191E+00
   2.9000000000000000E+02   1.7699631722171785E+00   9.3753568631451003E+00   2.4747193619342971E+00
   3.0000000000000000E+02   1.7270078065781032E+00   9.6085474025967805E+00   2.4196250192709763E+00
   3.1000000000000000E+02   1.6862443391005688E+00   9.8408255490491623E+00   2.3671473870335906E+00
   3.2000000000000000E+02   1.6475076954212873E+00   1.0072205683941952E+01   2.3171035790985779E+00
   3.3000000000000000E+02   1.6106487388529795E+00   1.0302703484546115E+01   2.2693268387789662E+00
   3.4000000000000000E+02   1.5755324542077798E+00   1.0532335484326360E+01   2.2236649219974689E+00
   3.5000000000000000E+02   1.5420363603628569E+00   1.0761118739285532E+01   2.1799786430579298E+00
   3.6000000000000000E+02   1.5100491221220398E+00   1.0989070574632136E+01   2.1381405716756103E+00
   3.7000000000000000E+02   1.4794693351822819E+00   1.1216208392799087E+01   2.0980338682826272E+00
   3.8000000000000000E+02   1.4502044612452321E+00   1.1442549528438057E+01   2.0595512443352559E+00
   3.9000000000000000E+02   1.4221698932706008E+00   1.1668111139660441E+01   2.0225940347342770E+00
   4.0000000000000000E+02   1.3952881335784635E+00   1.1892910127173556E+01   1.9870713703178136E+00
   4.1000000000000000E+02   1.3694880698499381E+00   1.2116963075099070E+01   1.9528994393411199E+00
   4.2000000000000000E+02   1.3447043361638409E+00   1.2340286208565146E+01   1.9200008279404055E+00
   4.3000000000000000E+02   1.3208767479872741E+00   1.2562895364344978E+01   1.8883039306004867E+00
   4.4000000000000000E+02   1.2979498015847761E+00   1.2784805971617192E+01   1.8577424226385626E+00
   4.5000000000000000E+02   1.2758722296351828E+00   1.3006033040553929E+01   1.8282547876233701E+00
   4.6000000000000000E+02   1.2545966059723812E+00   1.3226591157003098E+01   1.7997838934648163E+00
   4.7000000000000000E+02   1.2340789933474114E+00   1.3446494481807397E+01   1.7722766116620450E+00
   4.8000000000000000E+02   1.2142786289249436E+00   1.3665756753745931E+01   1.7456834748348355E+00
   4.9000000000000000E+02   1.1951576429544026E+00   1.3884391295143555E+01   1.7199583682684494E+00
   5.0000000000000000E+02   1.1766808066492869E+00   1.4102411019530036E+01   1.6950582516925674E+00
   5.1000000000000000E+02   1.1588153058385249E+00   1.4319828440782342E+01   1.6709429079776885E+00
   5.2000000000000000E+02   1.1415305373959628E+00   1.4536655683355077E+01   1.6475747158197680E+00
   5.3000000000000000E+02   1.1247979258443455E+00   1.4752904493226060E+01   1.6249184438376687E+00
   5.4000000000000000E+02   1.1085907578557759E+00   1.4968586249317468E+01   1.6029410638036607E+00
   5.5000000000000000E+02   1.0928840326582581E+00   1.5183711975183838E+01   1.5816115809958824E+00
   5.6000000000000000E+02   1.0776543266028633E+00   1.5398292350823199E+01   1.5609008798918975E+00
   5.7000000000000000E+02   1.0628796703640748E+00   1.5612337724435294E+01   1.5407815836331040E+00
   5.8000000000000000E+02   1.0485394374223371E+00   1.5825858124091281E+01   1.5212279258574317E+00
   5.9000000000000000E+02   1.0346142426461193E+00   1.6038863269192632E+01   1.5022156336650931E+00
   6.0000000000000000E+02   1.0210858499229392E+00   1.6251362581719000E+01   1.4837218206106026E+00
   6.1000000000000000E+02   1.0079370879189338E+00   1.6463365197149109E+01   1.4657248887467258E+00
   6.2000000000000000E+02   9.9515177314257286E-01   1.6674879975100051E+01   1.4482044388403357E+00
   6.3000000000000000E+02   9.8271463958831906E-01   1.6885915509625466E+01   1.4311411879829401E+00
   6.4000000000000000E+02   9.7061127431495864E-01   1.7096480139149623E+01   1.4145168939005763E+00
   6.5000000000000000E+02   9.5882805838045548E-01   1.7306581956090415E+01   1.3983142853337156E+00
   6.6000000000000000E+02   9.4735211262549701E-01   1.7516228816096259E+01   1.3825169979354770E+00
   6.7000000000000000E+02   9.3617124784603145E-01   1.7725428346940170E+01   1.3671095151828265E+00
   6.8000000000000000E+02   9.2527391894688604E-01   1.7934187957061560E+01   1.3520771138518788E+00
   6.9000000000000000E+02   9.1464918270876439E-01   1.8142514843796828E+01   1.3374058136502449E+00
   7.0000000000000000E+02   9.0428665884449266E-01   1.8350416001231775E+01   1.3230823306468298E+00
   7.1000000000000000E+02   8.9417649404514210E-01   1.8557898227777226E+01   1.3090940341642434E+00
   7.2000000000000000E+02   8.8430932875591772E-01   1.8764968133385590E+01   1.2954289068433265E+00
   7.3000000000000000E+02   8.7467626643880803E-01   1.8971632146510640E+01   1.2820755076051538E+00
   7.4000000000000000E+02   8.6526884511060165E-01   1.9177896520750483E+01   1.2690229372734154E+00
   7.5000000000000000E+02   8.5607901096116112E-01   1.9383767341205427E+01   1.2562608066350676E+00
   7.6000000000000000E+02   8.4709909387528826E-01   1.9589250530591887E+01   1.2437792067387210E+00
   7.7000000000000000E+02   8.3832178470227237E-01   1.9794351855062104E+01   1.2315686812531488E+00
   7.8000000000000000E+02   8.2974011412592308E-01   1.9999076929818113E+01   1.2196202007169836E+00
   7.9000000000000000E+02   8.2134743300792079E-01   2.0203431224457688E+01   1.2079251385340908E+00
   8.0000000000000000E+02   8.1313739408398478E-01   2.0407420068110266E+01   1.1964752485759498E+00
   8.1000000000000000E+02   8.0510393490690901E-01   2.0611048654331942E+01   1.1852626442679453E+00
   8.2000000000000000E+02   7.9724126193538802E-01   2.0814322045846708E+01   1.1742797790434210E+00
   8.3000000000000000E+02   7.8954383568415787E-01   2.1017245179023256E+01   1.1635194280669392E+00
   8.4000000000000000E+02   7.8200635684923714E-01   2.1219822868216859E+01   1.1529746711263340E+00
   8.5000000000000000E+02   7.7462375333738887E-01   2.1422059809896936E+01   1.1426388766112581E+00
   8.6000000000000000E+02   7.6739116812948438E-01   2.1623960586630613E+01   1.1325056864950955E+00
   8.7000000000000000E+02   7.6030394791730205E-01   2.1825529670885420E+01   1.1225690022502466E+00
   8.8000000000000000E+02   7.5335763245630394E-01   2.2026771428671868E+01   1.1128229716286022E+00
   8.9000000000000000E+02   7.4654794458162466E-01   2.2227690123050188E+01   1.1032619762453650E+00
   9.0000000000000000E+02   7.3987078083999580E-01   2.2428289917491711E+01   1.0938806199097584E+00
   9.1000000000000000E+02   7.3332220269370685E-01   2.2628574879099048E+01   1.0846737176516941E+00
   9.2000000000000000E+02   7.2689842825549866E-01   2.2828548981712384E+01   1.0756362853946795E+00
   9.3000000000000000E+02   7.2059582451892157E-01   2.3028216108855162E+01   1.0667635302329230E+00
   9.4000000000000000E+02   7.1441090004699748E-01   2.3227580056615540E+01   1.0580508412693499E+00
   9.5000000000000000E+02   7.0834029809091681E-01   2.3426644536367352E+01   1.0494937809789082E+00
   9.6000000000000000E+02   7.0238079010695842E-01   2.3625413177421123E+01   1.0410880770612050E+00
   9.7000000000000000E+02   6.9652926964681161E-01   2.3823889529545138E+01   1.0328296147511336E+00
   9.8000000000000000E+02   6.9078274659553651E-01   2.4022077065390938E+01   1.0247144295574071E+00
   9.9000000000000000E+02   6.8513834173351496E-01   2.4219979182853351E+01   1.0167387004001740E+00
   1.0000000000000000E+03   6.7959328160269461E-01   2.4417599207317711E+01   1.0088987431242020E+00
   1.1000000000000000E+03   6.2906313327950947E-01   2.6378968177089511E+01   9.3724264790884737E-01
   1.2000000000000000E+03   5.8604442975873727E-01   2.8315321384407369E+01   8.7592786982604742E-01
   1.3000000000000000E+03   5.4894312400220513E-01   3.0229063173571582E+01   8.2280969075879895E-01
   1.4000000000000000E+03   5.1659090058495905E-01   3.2122200285313241E+01   7.7630528564461954E-01
   1.5000000000000000E+03   4.8811114999259569E-01   3.3996429654213223E+01   7.3521977350170764E-01
   1.5639990000000000E+03   4.7160002490253577E-01   3.5186674083806160E+01   7.1133550424907244E-01
   1.5640010000000000E+03   4.7159952782480397E-01   3.5186711171443264E+01   7.1133478446884479E-01
   1.6000000000000000E+03   4.6283274934952812E-01   3.5853202690349583E+01   6.9863338980112588E-01
   1.7000000000000000E+03   4.4023282695147614E-01   3.7693773290535290E+01   6.6582604322332051E-01
   1.8000000000000000E+03   4.1989771944587484E-01   3.9519234341303402E+01   6.3622552021804191E-01
   1.9000000000000000E+03   4.0149569781112976E-01   4.1330545917746065E+01   6.0937109277657153E-01
   2.0000000000000000E+03   3.8475751061087249E-01   4.3128557381022524E+01   5.8488742084509593E-01
   2.1000000000000000E+03   3.6946224268018091E-01   4.4914024918440070E+01   5.6246549380321731E-01
   2.2000000000000000E+03   3.5542686419392905E-01   4.6687625629519971E+01   5.4184848387951623E-01
   2.3000000000000000E+03   3.4249839021985840E-01   4.8449968957542445E+01   5.2282109035054536E-01
   2.4000000000000000E+03   3.3054791823423635E-01   5.0201606057011546E+01   5.0520140577266837E-01
   2.5000000000000000E+03   3.1946603743234281E-01   5.1943037537048731E+01   4.8883463180651304E-01
   2.6000000000000000E+03   3.0915925412596168E-01   5.3674719914414844E+01   4.7358817009745940E-01
   2.7000000000000000E+03   2.9954717939688957E-01   5.5397071030917225E+01   4.5934774826292957E-01
   2.8000000000000000E+03   2.9056029530160782E-01   5.7110474632934384E+01   4.4601433406151836E-01
   2.9000000000000000E+03   2.8213816495005012E-01   5.8815284267189490E+01   4.3350165610197022E-01
   3.0000000000000000E+03   2.7422798653865493E-01   6.0511826614098396E+01   4.2173419589617700E-01
   3.1000000000000000E+03   2.6678341637510006E-01   6.2200404356577479E+01   4.1064554952607007E-01
   3.2000000000000000E+03   2.5976360409405092E-01   6.3881298660116762E+01   4.0017708161681409E-01
   3.3000000000000000E+03   2.5313239658821513E-01   6.5554771328439870E+01   3.9027681229153777E-01
   3.4000000000000000E+03   2.4685767710112111E-01   6.7221066685169077E+01   3.8089849120119834E-01
   3.5000000000000000E+03   2.4091081336092546E-01   6.8880413222878886E+01   3.7200082280634617E-01
   3.6000000000000000E+03   2.3526619426029508E-01   7.0533025054169059E+01   3.6354681473908951E-01
   3.7000000000000000E+03   2.2990083888217711E-01   7.2179103194420037E+01   3.5550322692922592E-01
   3.8000000000000000E+03   2.2479406499226048E-01   7.3818836697186470E+01   3.4784010371022134E-01
   3.9000000000000000E+03   2.1992720666319765E-01   7.5452403665422551E+01   3.4053037461404234E-01
   4.0000000000000000E+03   2.1528337271905032E-01   7.7079972152870297E+01   3.3354951233148278E-01
   4.1000000000000000E+03   2.1084723925119814E-01   7.8701700971245231E+01   3.2687523846948141E-01
   4.2000000000000000E+03   2.0660487071282807E-01   8.0317740413900495E+01   3.2048726946297068E-01
   4.3000000000000000E+03   2.0254356508500826E-01   8.1928232907304761E+01   3.1436709636286431E-01
   4.4000000000000000E+03   1.9865171940519205E-01   8.3533313599533273E+01   3.0849779332393629E-01
   4.5000000000000000E+03   1.9491871259818222E-01   8.5133110890016980E+01   3.0286385051115433E-01
   4.6000000000000000E+03   1.9133480304416911E-01   8.6727746913506948E+01   2.9745102784065020E-01
   4.7000000000000000E+03   1.8789103877496915E-01   8.8317337976051761E+01   2.9224622658923166E-01
   4.8000000000000000E+03   1.8457917849938227E-01   8.9901994954517207E+01   2.8723737635420654E-01
   4.9000000000000000E+03   1.8139162196957548E-01   9.1481823658557317E+01   2.8241333526520679E-01
   5.0000000000000000E+03   1.7832134840920408E-01   9.3056925164569336E+01   2.7776380165318748E-01
   5.1000000000000000E+03   1.7536186194177705E-01   9.4627396119173753E+01   2.7327923567407758E-01
   5.2000000000000000E+03   1.7250714310032803E-01   9.6193329017741078E+01   2.6895078959301788E-01
   5.3000000000000000E+03   1.6975160563731206E-01   9.7754812461773639E+01   2.6477024562644108E-01
   5.4000000000000000E+03   1.6709005797355012E-01   9.9311931394429152E+01   2.6072996040373109E-01
   5.5000000000000000E+03   1.6451766871044540E-01   1.0086476731788761E+02   2.5682281523455341E-01
   5.6000000000000000E+03   1.6202993571072266E-01   1.0241339849561054E+02   2.5304217148133562E-01
   5.7000000000000000E+03   1.5962265832903874E-01   1.0395790013692304E+02   2.4938183043901591E-01
   5.8000000000000000E+03   1.5729191241754625E-01   1.0549834456910891E+02   2.4583599719262075E-01
   5.9000000000000000E+03   1.5503402778832742E-01   1.0703480139738566E+02   2.4239924799931784E-01
   6.0000000000000000E+03   1.5284556785410550E-01   1.0856733765417245E+02   2.3906650079839711E-01
   6.1000000000000000E+03   1.5072331121121410E-01   1.1009601793385872E+02   2.3583298850926646E-01
   6.2000000000000000E+03   1.4866423493699324E-01   1.1162090452483926E+02   2.3269423480051027E-01
   6.3000000000000000E+03   1.4666549943486673E-01   1.1314205752614444E+02   2.2964603208186887E-01
   6.4000000000000000E+03   1.4472443464805890E-01   1.1465953496044949E+02   2.2668442147137954E-01
   6.5000000000000000E+03   1.4283852750770584E-01   1.1617339287724865E+02   2.2380567454067166E-01
   6.6000000000000000E+03   1.4100541048187948E-01   1.1768368545186347E+02   2.2100627665076278E-01
   6.7000000000000000E+03   1.3922285112220278E-01   1.1919046507383324E+02   2.1828291172571140E-01
   6.8000000000000000E+03   1.3748874249447285E-01   1.2069378243696926E+02   2.1563244830876702E-01
   6.9000000000000000E+03   1.3580109442736388E-01   1.2219368661300497E+02   2.1305192679478663E-01
   7.0000000000000000E+03   1.3415802547147904E-01   1.2369022513444909E+02   2.1053854769966873E-01
   7.1000000000000000E+03   1.3255775553157148E-01   1.2518344405890433E+02   2.0808966089627970E-01
   7.2000000000000000E+03   1.3099859908279174E-01   1.2667338803885139E+02   2.0570275570290206E-01
   7.3000000000000000E+03   1.2947895892957859E-01   1.2816010038500241E+02   2.0337545175715979E-01
   7.4000000000000000E+03   1.2799732045979365E-01   1.2964362312078941E+02   2.0110549060597316E-01
   7.5000000000000000E+03   1.2655224633368067E-01   1.3112399704393118E+02   1.9889072793290855E-01
   7.6000000000000000E+03   1.2514237158855357E-01   1.3260126177501823E+02   1.9672912638428164E-01
   7.7000000000000000E+03   1.2376639910885449E-01   1.3407545580740117E+02   1.9461874892905684E-01
   7.8000000000000000E+03   1.2242309542958243E-01   1.3554661655900750E+02   1.9255775270617251E-01
   7.9000000000000000E+03   1.2111128686154003E-01   1.3701478040714289E+02   1.9054438333318099E-01
   8.0000000000000000E+03   1.1982985588159789E-01   1.3847998273949958E+02   1.8857696961044118E-01
   8.1000000000000000E+03   1.1857773779391091E-01   1.3994225798944629E+02   1.8665391861352112E-01
   8.2000000000000000E+03   1.1735391762269481E-01   1.4140163967522557E+02   1.8477371112637700E-01
   8.3000000000000000E+03   1.1615742722441566E-01   1.4285816043515484E+02   1.8293489739380348E-01
   8.4000000000000000E+03   1.1498734259957305E-01   1.4431185206137644E+02   1.8113609316556692E-01
   8.5000000000000000E+03   1.1384278138677051E-01   1.4576274553398045E+02   1.7937597600780825E-01
   8.6000000000000000E+03   1.1272290053096601E-01   1.4721087104746621E+02   1.7765328186644813E-01
   8.7000000000000000E+03   1.1162689410165610E-01   1.4865625804341184E+02   1.7596680185334021E-01
   8.8000000000000000E+03   1.1055399125696747E-01   1.5009893523961387E+02   1.7431537924491394E-01
   8.9000000000000000E+03   1.0950345434555663E-01   1.5153893065140315E+02   1.7269790667997315E-01
   9.0000000000000000E+03   1.0847457712390406E-01   1.5297627162174615E+02   1.7111332353073677E-01
   9.1000000000000000E+03   1.0746668309315781E-01   1.5441098484239816E+02   1.6956061344588519E-01
   9.2000000000000000E+03   1.0647912393961882E-01   1.5584309637605946E+02   1.6803880204653915E-01
   9.3000000000000000E+03   1.0551127806918528E-01   1.5727263168283721E+02   1.6654695476212786E-01
   9.4000000000000000E+03   1.0456254923904031E-01   1.5869961563604184E+02   1.6508417480525409E-01
   9.5000000000000000E+03   1.0363236526920203E-01   1.6012407254292296E+02   1.6364960126618627E-01
   9.6000000000000000E+03   1.0272017683036527E-01   1.6154602616742196E+02   1.6224240732044062E-01
   9.7000000000000000E+03   1.0182545630957447E-01   1.6296549974409581E+02   1.6086179854782984E-01
   9.8000000000000000E+03   1.0094769673905968E-01   1.6438251599790755E+02   1.5950701134686765E-01
   9.9000000000000000E+03   1.0008641079254621E-01   1.6579709715593293E+02   1.5817731144586894E-01
   1.0000000000000000E+04   9.9241129829897398E-02   1.6720926497514819E+02   1.5687199249095898E-01
   1.1000000000000000E+04   9.1577211592496599E-02   1.8120268225681633E+02   1.4502187917125101E-01
   1.2000000000000000E+04   8.5108244767543029E-02   1.9497566210516794E+02   1.3499740403167046E-01
   1.3000000000000000E+04   7.9570920550932983E-02   2.0854397887151035E+02   1.2639980878046994E-01
   1.4000000000000000E+04   7.4774565685389996E-02   2.2192086603323008E+02   1.1893957262046555E-01
   1.5000000000000000E+04   7.0577604116386111E-02   2.3511759264023718E+02   1.1240121605261753E-01
   1.6000000000000000E+04   6.6872640442668871E-02   2.4814387863728464E+02   1.0662093335125776E-01
   1.7000000000000000E+04   6.3576685671943786E-02   2.6100820133634772E+02   1.0147189859193050E-01
   1.8000000000000000E+04   6.0624565335692604E-02   2.7371802638543107E+02   9.6854332921645081E-02
   1.9000000000000000E+04   5.7964360916368592E-02   2.8627998500841568E+02   9.2688621142609118E-02
   2.0000000000000000E+04   5.5554187113652162E-02   2.9870001229992789E+02   8.8910435974088112E-02
   2.1000000000000000E+04   5.3359868591872466E-02   3.1098345652012955E+02   8.5467216847020286E-02
   2.2000000000000000E+04   5.1353235689698025E-02   3.2313516668024340E+02   8.2315582530384374E-02
   2.3000000000000000E+04   4.9510854461337087E-02   3.3515956358859938E+02   7.9419400159542103E-02
   2.4000000000000000E+04   4.7813066926126239E-02   3.4706069785899899E+02   7.6748323806500485E-02
   2.5000000000000000E+04   4.6243256348601026E-02   3.5884229797892266E+02   7.4276674200145110E-02
   2.6000000000000000E+04   4.4787278191118787E-02   3.7050781035072936E+02   7.1982569945715738E-02
   2.7000000000000000E+04   4.3433014644535153E-02   3.8206043282902300E+02   6.9847246585450690E-02
   2.8000000000000000E+04   4.2170022427107781E-02   3.9350314320661590E+02   6.7854517621567814E-02
   2.9000000000000000E+04   4.0989251804937114E-02   4.0483872340801457E+02   6.5990344059002004E-02
   3.0000000000000000E+04   3.9882820537619483E-02   4.1606978018287521E+02   6.4242487734225362E-02
   3.1000000000000000E+04   3.8843830571279311E-02   4.2719876310113034E+02   6.2600229934584223E-02
   3.2000000000000000E+04   3.7866218347354548E-02   4.3822797993556986E+02   6.1054141390707833E-02
   3.3000000000000000E+04   3.6944631699529211E-02   4.4915961022753567E+02   5.9595892964030429E-02
   3.4000000000000000E+04   3.6074328002696984E-02   4.5999571697967031E+02   5.8218098872908387E-02
   3.5000000000000000E+04   3.5251089371996988E-02   4.7073825716553557E+02   5.6914186068280491E-02
   3.6000000000000000E+04   3.4471151708954380E-02   4.8138909063052444E+02   5.5678284834629228E-02
   3.7000000000000000E+04   3.3731144957714065E-02   4.9194998850359099E+02   5.4505136630625860E-02
   3.8000000000000000E+04   3.3028042623264704E-02   5.0242264016189938E+02   5.3390016136305382E-02
   3.9000000000000000E+04   3.2359118877056489E-02   5.1280865950667237E+02   5.2328664974612735E-02
   4.0000000000000000E+04   3.1721911922202473E-02   5.2310959108823670E+02   5.1317235087400159E-02
   4.1000000000000000E+04   3.1114192633575094E-02   5.3332691513434600E+02   5.0352240212655636E-02
   4.2000000000000000E+04   3.0533937593597394E-02   5.4346205180035372E+02   4.9430514127824725E-02
   4.3000000000000000E+04   2.9979305749722567E-02   5.5351636601237703E+02   4.8549174516922686E-02
   4.4000000000000000E+04   2.9448618266870490E-02   5.6349117041014392E+02   4.7705591712846933E-02
   4.5000000000000000E+04   2.8940340915017584E-02   5.7338772970533660E+02   4.6897361416677052E-02
   4.6000000000000000E+04   2.8453068785557950E-02   5.8320726313300543E+02   4.6122280958915830E-02
   4.7000000000000000E+04   2.7985512870624271E-02   5.9295094754467630E+02   4.5378328472593696E-02
   4.8000000000000000E+04   2.7536488291575505E-02   6.0261992010205472E+02   4.4663644611042337E-02
   4.9000000000000000E+04   2.7104903958524745E-02   6.1221528028847399E+02   4.3976516466707555E-02
   5.0000000000000000E+04   2.6689753403604133E-02   6.2173809263893645E+02   4.3315363334383149E-02
   5.1000000000000000E+04   2.6290106733802630E-02   6.3118938778687175E+02   4.2678724165863248E-02
   5.2000000000000000E+04   2.5905103382935342E-02   6.4057016599638462E+02   4.2065246336265648E-02
   5.3000000000000000E+04   2.5533945803206629E-02   6.4988139718211778E+02   4.1473675774704032E-02
   5.4000000000000000E+04   2.5175893760725411E-02   6.5912402283994470E+02   4.0902848089585726E-02
   5.5000000000000000E+04   2.4830259220700212E-02   6.6829895840662300E+02   4.0351680620399198E-02
   5.6000000000000000E+04   2.4496401836997254E-02   6.7740709368582429E+02   3.9819165381897101E-02
   5.7000000000000000E+04   2.4173724855323962E-02   6.8644929457388798E+02   3.9304362686147322E-02
   5.8000000000000000E+04   2.3861671460192888E-02   6.9542640388135908E+02   3.8806395434458567E-02
   5.9000000000000000E+04   2.3559721462396797E-02   7.0433924274723745E+02   3.8324443954461128E-02
   6.0000000000000000E+04   2.3267388334119142E-02   7.1318861128161132E+02   3.7857741362087409E-02
   6.1000000000000000E+04   2.2984216504964839E-02   7.2197528989408477E+02   3.7405569346226110E-02
   6.2000000000000000E+04   2.2709778931679369E-02   7.3070004001722270E+02   3.6967254367295053E-02
   6.3000000000000000E+04   2.2443674887774774E-02   7.3936360498606598E+02   3.6542164202943671E-02
   6.4000000000000000E+04   2.2185527957581701E-02   7.4796671081652289E+02   3.6129704811129273E-02
   6.5000000000000000E+04   2.1934984235710966E-02   7.5651006610456977E+02   3.5729317497679644E-02
   6.6000000000000000E+04   2.1691710604065748E-02   7.6499436476209132E+02   3.5340476259836599E-02
   6.7000000000000000E+04   2.1455393278757146E-02   7.7342028452072475E+02   3.4962685470092125E-02
   6.8000000000000000E+04   2.1225736402860067E-02   7.8178848823942008E+02   3.4595477686917057E-02
   6.9000000000000000E+04   2.1002460758757644E-02   7.9009962521848706E+02   3.4238411651071145E-02
   7.0000000000000000E+04   2.0785302633939642E-02   7.9835433076949948E+02   3.3891070490831204E-02
   7.1000000000000000E+04   2.0574012739129455E-02   8.0655322734394974E+02   3.3553060037453675E-02
   7.2000000000000000E+04   2.0368355250993501E-02   8.1469692420800607E+02   3.3224007310688440E-02
   7.3000000000000000E+04   2.0168106871269482E-02   8.2278601953460816E+02   3.2903559070615040E-02
   7.4000000000000000E+04   1.9973056059883903E-02   8.3082109840414944E+02   3.2591380574453092E-02
   7.5000000000000000E+04   1.9783002222615035E-02   8.3880273516781210E+02   3.2287154334405550E-02
   7.6000000000000000E+04   1.9597755008054184E-02   8.4673149385430452E+02   3.1990579013553830E-02
   7.7000000000000000E+04   1.9417133685059797E-02   8.5460792737541965E+02   3.1701368430170185E-02
   7.8000000000000000E+04   1.9240966556638397E-02   8.6243257714281651E+02   3.1419250627268941E-02
   7.9000000000000000E+04   1.9069090320676732E-02   8.7020597706055128E+02   3.1143966923108331E-02
   8.0000000000000000E+04   1.8901349635626064E-02   8.7792865028448841E+02   3.0875271175015595E-02
   8.1000000000000000E+04   1.8737596641753871E-02   8.8560110943914344E+02   3.0612929027332023E-02
   8.2000000000000000E+04   1.8577690433232118E-02   8.9322386083453500E+02   3.0356717137128564E-02
   8.3000000000000000E+04   1.8421496762008781E-02   9.0079739928531694E+02   3.0106422631503527E-02
   8.4000000000000000E+04   1.8268887549609852E-02   9.0832221333119855E+02   2.9861842409073684E-02
   8.5000000000000000E+04   1.8119740594291400E-02   9.1579878242784150E+02   2.9622782636688709E-02
   8.6000000000000000E+04   1.7973939235707809E-02   9.2322757724661517E+02   2.9389058223551874E-02
   8.7000000000000000E+04   1.7831372018258764E-02   9.3060906121910443E+02   2.9160492308944418E-02
   8.8000000000000000E+04   1.7691932379754475E-02   9.3794369195925469E+02   2.8936915786646169E-02
   8.9000000000000000E+04   1.7555518473502733E-02   9.4523191663102727E+02   2.8718166963378776E-02
   9.0000000000000000E+04   1.7422032799705112E-02   9.5247417823948012E+02   2.8504091055370925E-02
   9.1000000000000000E+04   1.7291382064054624E-02   9.5967091078602255E+02   2.8294539902454327E-02
   9.2000000000000000E+04   1.7163476908145431E-02   9.6682254201566877E+02   2.8089371575484488E-02
   9.3000000000000000E+04   1.7038231694280946E-02   9.7392949408771983E+02   2.7888450042507555E-02
   9.4000000000000000E+04   1.6915564364813968E-02   9.8099218070888730E+02   2.7691644911323105E-02
   9.5000000000000000E+04   1.6795396177225634E-02   9.8801101200945288E+02   2.7498831066923836E-02
   9.6000000000000000E+04   1.6677651606831410E-02   9.9498639049176654E+02   2.7309888468864976E-02
   9.7000000000000000E+04   1.6562258151451448E-02   1.0019187131620795E+03   2.7124701866289187E-02
   9.8000000000000000E+04   1.6449146222082524E-02   1.0088083691470480E+03   2.6943160597602416E-02
   9.9000000000000000E+04   1.6338248921251977E-02   1.0156557446358712E+03   2.6765158293888171E-02
   1.0000000000000000E+05   1.6229501939170967E-02   1.0224612213212533E+03   2.6590592695061095E-02
   1.1000000000000000E+05   1.5247789102959380E-02   1.0882913097833789E+03   2.5014047535792651E-02
   1.2000000000000000E+05   1.4425675301592040E-02   1.1503126215747454E+03   2.3692926399317662E-02
   1.3000000000000000E+05   1.3727345806423957E-02   1.2088306514719634E+03   2.2570139356732580E-02
   1.4000000000000000E+05   1.3126989339189335E-02   1.2641159328605938E+03   2.1604490601774981E-02
   1.5000000000000000E+05   1.2605524684061727E-02   1.3164098115758477E+03   2.0765491455807476E-02
   1.6000000000000000E+05   1.2148535883504936E-02   1.3659289097290714E+03   2.0030084177417105E-02
   1.7000000000000000E+05   1.1744925059766272E-02   1.4128686466468289E+03   1.9380501792432909E-02
   1.8000000000000000E+05   1.1386007501064195E-02   1.4574060637681323E+03   1.8802828874622583E-02
   1.9000000000000000E+05   1.1064887957127054E-02   1.4997021604246736E+03   1.8286008697616318E-02
   2.0000000000000000E+05   1.0776021362740324E-02   1.5399038119520360E+03   1.7821143202763772E-02
   2.1000000000000000E+05   1.0514896999937007E-02   1.5781454040167780E+03   1.7400989356298181E-02
   2.2000000000000000E+05   1.0277807645570451E-02   1.6145501984863597E+03   1.7019590627810107E-02
   2.3000000000000000E+05   1.0061677834014354E-02   1.6492315345322279E+03   1.6672002769956312E-02
   2.4000000000000000E+05   9.8639346955921494E-03   1.6822938194811545E+03   1.6354087240528028E-02
   2.5000000000000000E+05   9.6824090317816098E-03   1.7138334395595157E+03   1.6062353087588049E-02
   2.6000000000000000E+05   9.5152590837393868E-03   1.7439395215751847E+03   1.5793834890992162E-02
   2.7000000000000000E+05   9.3609108464094461E-03   1.7726946283785358E+03   1.5545997240633823E-02
   2.8000000000000000E+05   9.2180110968542311E-03   1.8001753523407378E+03   1.5316659443976203E-02
   2.9000000000000000E+05   9.0853899747460332E-03   1.8264528457540707E+03   1.5103935530826978E-02
   3.0000000000000000E+05   8.9620309308504377E-03   1.8515932942206139E+03   1.4906186052762900E-02
   3.1000000000000000E+05   8.8470462542524150E-03   1.8756583719887660E+03   1.4721978919051810E-02
   3.2000000000000000E+05   8.7396576602056224E-03   1.8987055350827070E+03   1.4550057945863388E-02
   3.3000000000000000E+05   8.6391792851540569E-03   1.9207885178024160E+03   1.4389316055847061E-02
   3.4000000000000000E+05   8.5450051122588876E-03   1.9419574542271671E+03   1.4238774471197067E-02
   3.5000000000000000E+05   8.4565970563612244E-03   1.9622593182062546E+03   1.4097564082710392E-02
   3.6000000000000000E+05   8.3734760900662612E-03   1.9817380733727139E+03   1.3964910860696254E-02
   3.7000000000000000E+05   8.2952142674076659E-03   2.0004349302174437E+03   1.3840123119962099E-02
   3.8000000000000000E+05   8.2214278979489130E-03   2.0183886035539260E+03   1.3722580680973897E-02
   3.9000000000000000E+05   8.1517724692437132E-03   2.0356353709293264E+03   1.3611726321290990E-02
   4.0000000000000000E+05   8.0859371512811192E-03   2.0522094178695506E+03   1.3507057425500783E-02
   4.1000000000000000E+05   8.0236412969819457E-03   2.0681428493572071E+03   1.3408119933124027E-02
   4.2000000000000000E+05   7.9646307178906882E-03   2.0834658833441904E+03   1.3314502484562011E-02
   4.3000000000000000E+05   7.9086743721571602E-03   2.0982070563659113E+03   1.3225831280308686E-02
   4.4000000000000000E+05   7.8555621469871689E-03   2.1123932398045736E+03   1.3141766221240045E-02
   4.5000000000000000E+05   7.8051026345640328E-03   2.1260497332444475E+03   1.3061997284429753E-02
   4.6000000000000000E+05   7.7571206810950703E-03   2.1392004915692278E+03   1.2986240897799747E-02
   4.7000000000000000E+05   7.7114559144970856E-03   2.1518681502107247E+03   1.2914237380481622E-02
   4.8000000000000000E+05   7.6679613871405384E-03   2.1640740656296502E+03   1.2845748637892417E-02
   4.9000000000000000E+05   7.6265017637861879E-03   2.1758385283480566E+03   1.2780555571852622E-02
   5.0000000000000000E+05   7.5869530532424656E-03   2.1871805793062790E+03   1.2718457006574082E-02
   5.1000000000000000E+05   7.5492001157021118E-03   2.1981184920035826E+03   1.2659266686675797E-02
   5.2000000000000000E+05   7.5131374607270429E-03   2.2086693423222155E+03   1.2602813352950533E-02
   5.3000000000000000E+05   7.4786669466750996E-03   2.2188494944995309E+03   1.2548938071032070E-02
   5.4000000000000000E+05   7.4456979729845213E-03   2.2286743881324628E+03   1.2497493891733595E-02
   5.5000000000000000E+05   7.4141462351094752E-03   2.2381587640637322E+03   1.2448344258744682E-02
   5.6000000000000000E+05   7.3839337071425924E-03   2.2473165432279993E+03   1.2401362581979821E-02
   5.7000000000000000E+05   7.3549877716235302E-03   2.2561609739423743E+03   1.2356431077509703E-02
   5.8000000000000000E+05   7.3272406767975716E-03   2.2647046966407211E+03   1.2313439943010337E-02
   5.9000000000000000E+05   7.3006296367425054E-03   2.2729596212696733E+03   1.2272287151358178E-02
   6.0000000000000000E+05   7.2750954486691414E-03   2.2809372730904861E+03   1.2232876924234751E-02
   6.1000000000000000E+05   7.2505833812294296E-03   2.2886484440851523E+03   1.2195120298301259E-02
   6.2000000000000000E+05   7.2270418701317462E-03   2.2961035334167632E+03   1.2158933719205584E-02
   6.3000000000000000E+05   7.2044227137191986E-03   2.3033124281506684E+03   1.2124239021097877E-02
   6.4000000000000000E+05   7.1826811369752625E-03   2.3102844269025150E+03   1.2090963304782062E-02
   6.5000000000000000E+05   7.1617744905002690E-03   2.3170286073893481E+03   1.2059037590142291E-02
   6.6000000000000000E+05   7.1416630709330393E-03   2.3235535209857544E+03   1.2028397413716276E-02
   6.7000000000000000E+05   7.1223094348941566E-03   2.3298673731952222E+03   1.1998982068595170E-02
   6.8000000000000000E+05   7.1036785407811373E-03   2.3359779414139530E+03   1.1970734609483077E-02
   6.9000000000000000E+05   7.0857374255722362E-03   2.3418926468080745E+03   1.1943601445280614E-02
   7.0000000000000000E+05   7.0684545707735674E-03   2.3476187344788091E+03   1.1917531658398735E-02
   7.1000000000000000E+05   7.0518009521232921E-03   2.3531628993532418E+03   1.1892477864907210E-02
   7.2000000000000000E+05   7.0357483814188241E-03   2.3585318113400263E+03   1.1868394618428479E-02
   7.3000000000000000E+05   7.0202710883011553E-03   2.3637315661233260E+03   1.1845239769387450E-02
   7.4000000000000000E+05   7.0053441251274459E-03   2.3687681972166511E+03   1.1822972939794235E-02
   7.5000000000000000E+05   6.9909440614150942E-03   2.3736474256384572E+03   1.1801556087304108E-02
   7.6000000000000000E+05   6.9770484619432506E-03   2.3783748191908958E+03   1.1780952967745881E-02
   7.7000000000000000E+05   6.9636366287667076E-03   2.3829555243607360E+03   1.1761129752599971E-02
   7.8000000000000000E+05   6.9506882795932938E-03   2.3873947020296187E+03   1.1742053773027965E-02
   7.9000000000000000E+05   6.9381849202856290E-03   2.3916970453819008E+03   1.1723694719487874E-02
   8.0000000000000000E+05   6.9261084959409943E-03   2.3958672296117275E+03   1.1706023368603304E-02
   8.1000000000000000E+05   6.9144415971877666E-03   2.3999098323296998E+03   1.1689011728585602E-02
   8.2000000000000000E+05   6.9031684877066792E-03   2.4038289669028704E+03   1.1672633935014998E-02
   8.3000000000000000E+05   6.8922740268230372E-03   2.4076286447086236E+03   1.1656865234013197E-02
   8.4000000000000000E+05   6.8817428379633807E-03   2.4113130590435321E+03   1.1641681191726618E-02
   8.5000000000000000E+05   6.8715613916657745E-03   2.4148858502940247E+03   1.1627059558335569E-02
   8.6000000000000000E+05   6.8617166186669401E-03   2.4183505814007517E+03   1.1612978976718327E-02
   8.7000000000000000E+05   6.8521953802171505E-03   2.4217109194038362E+03   1.1599418473172677E-02
   8.8000000000000000E+05   6.8429855853587261E-03   2.4249702366266929E+03   1.1586358448671983E-02
   8.9000000000000000E+05   6.8340766107196039E-03   2.4281314535063580E+03   1.1573781037134925E-02
   9.0000000000000000E+05   6.8254563259354051E-03   2.4311980887059945E+03   1.1561667376494059E-02
   9.1000000000000000E+05   6.8171153273917174E-03   2.4341727515572788E+03   1.1550001440567470E-02
   9.2000000000000000E+05   6.8090425642158264E-03   2.4370586932983101E+03   1.1538766039484689E-02
   9.3000000000000000E+05   6.8012292452399583E-03   2.4398584102681471E+03   1.1527946356785290E-02
   9.4000000000000000E+05   6.7936660931004582E-03   2.4425746197642893E+03   1.1517527433766826E-02
   9.5000000000000000E+05   6.7863440286783979E-03   2.4452100135265309E+03   1.1507494776405143E-02
   9.6000000000000000E+05   6.7792549573884925E-03   2.4477669712178458E+03   1.1497835055943083E-02
   9.7000000000000000E+05   6.7723907862645306E-03   2.4502479106515389E+03   1.1488535200477703E-02
   9.8000000000000000E+05   6.7657440807275754E-03   2.4526550481607792E+03   1.1479582979461989E-02
   9.9000000000000000E+05   6.7593070031894738E-03   2.4549907803167198E+03   1.1470966025523770E-02
   1.0000000000000000E+06   6.7530729702441183E-03   2.4572570809286744E+03   1.1462673330853910E-02
   1.1000000000000000E+06   6.7005287334529059E-03   2.4765264107164248E+03   1.1395364996549766E-02
   1.2000000000000000E+06   6.6622952122215731E-03   2.4907386787243609E+03   1.1350780037648587E-02
   1.3000000000000000E+06   6.6346150423242968E-03   2.5011302492008681E+03   1.1322835415939276E-02
   1.4000000000000000E+06   6.6148614338428953E-03   2.5085992412875248E+03   1.1307284324409424E-02
   1.5000000000000000E+06   6.6011522417475143E-03   2.5138090694553471E+03   1.1301089653030909E-02
   1.6000000000000000E+06   6.5921090854220554E-03   2.5172575512830695E+03   1.1302033531742577E-02
   1.7000000000000000E+06   6.5867075367367156E-03   2.5193218738814171E+03   1.1308470915070508E-02
   1.8000000000000000E+06   6.5841700819127954E-03   2.5202927882658209E+03   1.1319159383722082E-02
   1.9000000000000000E+06   6.5839045380767141E-03   2.5203944374029206E+03   1.1333153775094111E-02
   2.0000000000000000E+06   6.5854480458746919E-03   2.5198037033418500E+03   1.1349721065444964E-02
   2.1000000000000000E+06   6.5884414242763922E-03   2.5186588611103753E+03   1.1368292937213965E-02
   2.2000000000000000E+06   6.5925967309902840E-03   2.5170713531066813E+03   1.1388418971080784E-02
   2.3000000000000000E+06   6.5976864203891403E-03   2.5151295949560540E+03   1.1409744187776127E-02
   2.4000000000000000E+06   6.6035300575690544E-03   2.5129038907213107E+03   1.1431987662413701E-02
   2.5000000000000000E+06   6.6099751772144355E-03   2.5104536596994344E+03   1.1454918160267242E-02
   2.6000000000000000E+06   6.6169034913513072E-03   2.5078250568184658E+03   1.1478354537345659E-02
   2.7000000000000000E+06   6.6242206319264904E-03   2.5050549032414146E+03   1.1502152401291838E-02
   2.8000000000000000E+06   6.6318408965342981E-03   2.5021764896127402E+03   1.1526187145918923E-02
   2.9000000000000000E+06   6.6396978416801040E-03   2.4992155923109681E+03   1.1550361195224778E-02
   3.0000000000000000E+06   6.6477348682509353E-03   2.4961940725723321E+03   1.1574593561834509E-02
   3.1000000000000000E+06   6.6559157755701273E-03   2.4931259549688334E+03   1.1598827973459205E-02
   3.2000000000000000E+06   6.6641886211442269E-03   2.4900310176561657E+03   1.1622998814643289E-02
   3.3000000000000000E+06   6.6725346457727572E-03   2.4869164800325457E+03   1.1647074711977783E-02
   3.4000000000000000E+06   6.6809176938780399E-03   2.4837959595529960E+03   1.1671011758175604E-02
   3.5000000000000000E+06   6.6893212663924166E-03   2.4806756490422890E+03   1.1694786624144932E-02
   3.6000000000000000E+06   6.6977274340352753E-03   2.4775622086136091E+03   1.1718376880868409E-02
   3.7000000000000000E+06   6.7061169861584637E-03   2.4744627044846911E+03   1.1741760736335134E-02
   3.8000000000000000E+06   6.7144837913757733E-03   2.4713793181650290E+03   1.1764929777808488E-02
   3.9000000000000000E+06   6.7228080971104111E-03   2.4683192104342270E+03   1.1787864408636720E-02
   4.0000000000000000E+06   6.7310806942239643E-03   2.4652856098427069E+03   1.1810555618021254E-02
   4.1000000000000000E+06   6.7392999844718164E-03   2.4622789328854801E+03   1.1833002131749908E-02
   4.2000000000000000E+06   6.7474603277807967E-03   2.4593010655933840E+03   1.1855199659207160E-02
   4.3000000000000000E+06   6.7555601221717249E-03   2.4563524080999337E+03   1.1877148122055646E-02
   4.4000000000000000E+06   6.7635888106310346E-03   2.4534366057377447E+03   1.1898839728182450E-02
   4.5000000000000000E+06   6.7715357671924168E-03   2.4505572952235234E+03   1.1920266972304933E-02
   4.6000000000000000E+06   6.7794131597920847E-03   2.4477098508433896E+03   1.1941443369269306E-02
   4.7000000000000000E+06   6.7872167565222984E-03   2.4448955985108414E+03   1.1962367729784401E-02
   4.8000000000000000E+06   6.7949398839183984E-03   2.4421167306326793E+03   1.1983036812552186E-02
   4.9000000000000000E+06   6.8025794826919355E-03   2.4393741251213955E+03   1.2003450793533764E-02
   5.0000000000000000E+06   6.8101349805606082E-03   2.4366677637855541E+03   1.2023612205854219E-02
   5.1000000000000000E+06   6.8176099151493396E-03   2.4339961629789000E+03   1.2043527387898153E-02
   5.2000000000000000E+06   6.8250054463008915E-03   2.4313587006958737E+03   1.2063200555834671E-02
   5.3000000000000000E+06   6.8323323078639609E-03   2.4287513584579006E+03   1.2082644659464712E-02
   5.4000000000000000E+06   6.8395586845859660E-03   2.4261852466530768E+03   1.2101833935466298E-02
   5.5000000000000000E+06   6.8467094153917890E-03   2.4236513290393291E+03   1.2120794165369059E-02
   5.6000000000000000E+06   6.8537790498171547E-03   2.4211513463660744E+03   1.2139523548605684E-02
   5.7000000000000000E+06   6.8607757006511252E-03   2.4186822450099239E+03   1.2158032597704253E-02
   5.8000000000000000E+06   6.8676995121158043E-03   2.4162438011281156E+03   1.2176324537543392E-02
   5.9000000000000000E+06   6.8745251918281396E-03   2.4138447254344196E+03   1.2194379403954455E-02
   6.0000000000000000E+06   6.8812842435937958E-03   2.4114737579120915E+03   1.2212228867913422E-02
   6.1000000000000000E+06   6.8879786677589231E-03   2.4091300473727283E+03   1.2229877701959952E-02
   6.2000000000000000E+06   6.8945858679174046E-03   2.4068213366342238E+03   1.2247308242173927E-02
   6.3000000000000000E+06   6.9011245659524574E-03   2.4045409143937359E+03   1.2264540366394855E-02
   6.4000000000000000E+06   6.9075758476876579E-03   2.4022952103689640E+03   1.2281559646835572E-02
   6.5000000000000000E+06   6.9139684815280322E-03   2.4000740556591322E+03   1.2298394986054268E-02
   6.6000000000000000E+06   6.9202866552217765E-03   2.3978828047013326E+03   1.2315034659889536E-02
   6.7000000000000000E+06   6.9265371097706327E-03   2.3957189734467324E+03   1.2331487406747834E-02
   6.8000000000000000E+06   6.9327301114752255E-03   2.3935788797970858E+03   1.2347765112828800E-02
   6.9000000000000000E+06   6.9388363041147476E-03   2.3914725246249277E+03   1.2363843549349262E-02
   7.0000000000000000E+06   6.9448985818054915E-03   2.3893849821844888E+03   1.2379764173519965E-02
   7.1000000000000000E+06   6.9508593176432669E-03   2.3873359560076251E+03   1.2395476913147442E-02
   7.2000000000000000E+06   6.9567916109313892E-03   2.3853001932795792E+03   1.2411050594537150E-02
   7.3000000000000000E+06   6.9626280847697617E-03   2.3833006979733177E+03   1.2426426158447171E-02
   7.4000000000000000E+06   6.9684317764370663E-03   2.3813157546108409E+03   1.2441663162115721E-02
   7.5000000000000000E+06   6.9741574793312985E-03   2.3793607218275029E+03   1.2456722609633177E-02
   7.6000000000000000E+06   6.9798290342628615E-03   2.3774273399395506E+03   1.2471628282111897E-02
   7.7000000000000000E+06   6.9854354558627528E-03   2.3755192470117686E+03   1.2486372217430604E-02
   7.8000000000000000E+06   6.9909961423541304E-03   2.3736297426381589E+03   1.2500974050107383E-02
   7.9000000000000000E+06   6.9964914500578760E-03   2.3717654045047288E+03   1.2515417837688721E-02
   8.0000000000000000E+06   7.0019369277597296E-03   2.3699208583802056E+03   1.2529719612725631E-02
   8.1000000000000000E+06   7.0073119961971391E-03   2.3681029734605740E+03   1.2543862484774709E-02
   8.2000000000000000E+06   7.0126382636728586E-03   2.3663043422789206E+03   1.2557867906168934E-02
   8.3000000000000000E+06   7.0179343521398858E-03   2.3645186092543877E+03   1.2571754566520746E-02
   8.4000000000000000E+06   7.0231602172783842E-03   2.3627591939787644E+03   1.2585487727105875E-02
   8.5000000000000000E+06   7.0283349226754636E-03   2.3610195809854172E+03   1.2599086392546368E-02
   8.6000000000000000E+06   7.0334351744015481E-03   2.3593075023361293E+03   1.2612530981916970E-02
   8.7000000000000000E+06   7.0385356784587339E-03   2.3575978203742065E+03   1.2625891050391073E-02
   8.8000000000000000E+06   7.0435566674483755E-03   2.3559172102425650E+03   1.2639095548263493E-02
   8.9000000000000000E+06   7.0485389092701583E-03   2.3542519361475197E+03   1.2652183070591037E-02
   9.0000000000000000E+06   7.0534654034664296E-03   2.3526076084537467E+03   1.2665139608040752E-02
   9.1000000000000000E+06   7.0583678957812047E-03   2.3509735705443568E+03   1.2677995472563354E-02
   9.2000000000000000E+06   7.0631781099226611E-03   2.3493724943518514E+03   1.2690689924414078E-02
   9.3000000000000000E+06   7.0679840994352190E-03   2.3477750007228192E+03   1.2703304444608399E-02
   9.4000000000000000E+06   7.0727415899915934E-03   2.3461957662417749E+03   1.2715800067250572E-02
   9.5000000000000000E+06   7.0774355853500965E-03   2.3446396896227702E+03   1.2728164436389782E-02
   9.6000000000000000E+06   7.0821044407605544E-03   2.3430939931716607E+03   1.2740433712924755E-02
   9.7000000000000000E+06   7.0867401512306194E-03   2.3415612848848177E+03   1.2752601841235537E-02
   9.8000000000000000E+06   7.0913124601979871E-03   2.3400515020737216E+03   1.2764642488127803E-02
   9.9000000000000000E+06   7.0958445819984603E-03   2.3385569092448873E+03   1.2776577948540353E-02
   1.0000000000000000E+07   7.1003645176478704E-03   2.3370682354287756E+03   1.2788434845395002E-02
   1.1000000000000000E+07   7.1432582147172184E-03   2.3230346538463064E+03   1.2901427792708683E-02
   1.2000000000000000E+07   7.1828891318068957E-03   2.3102175280249767E+03   1.3005783458710174E-02
   1.3000000000000000E+07   7.2195743899958233E-03   2.2984784805534773E+03   1.3102580524685110E-02
   1.4000000000000000E+07   7.2536914203540559E-03   2.2876678111226347E+03   1.3192801693248480E-02
   1.5000000000000000E+07   7.2856330993053831E-03   2.2776382159214800E+03   1.3277327990960304E-02
   1.6000000000000000E+07   7.3156835934834229E-03   2.2682824047969807E+03   1.3356851579992243E-02
   1.7000000000000000E+07   7.3439663268809758E-03   2.2595469036154986E+03   1.3431847564965909E-02
   1.8000000000000000E+07   7.3707052424581516E-03   2.2513498814973964E+03   1.3502826140369174E-02
   1.9000000000000000E+07   7.3960570811932016E-03   2.2436328157006719E+03   1.3570190945333072E-02
   2.0000000000000000E+07   7.4201562958658204E-03   2.2363459356517669E+03   1.3634288395349317E-02
   2.1000000000000000E+07   7.4431190087709282E-03   2.2294466008948775E+03   1.3695417882657674E-02
   2.2000000000000000E+07   7.4650461396871971E-03   2.2228980321956492E+03   1.3753839824404514E-02
   2.3000000000000000E+07   7.4860259128137936E-03   2.2166683053763504E+03   1.3809782085534607E-02
   2.4000000000000000E+07   7.5061358723692503E-03   2.2107295493070555E+03   1.3863445141343149E-02
   2.5000000000000000E+07   7.5254445172250285E-03   2.2050573007585426E+03   1.3915006263083252E-02
   2.6000000000000000E+07   7.5440126434573890E-03   2.1996299792195764E+03   1.3964622944572416E-02
   2.7000000000000000E+07   7.5618944425788221E-03   2.1944284597156261E+03   1.4012435717009091E-02
   2.8000000000000000E+07   7.5791384193428842E-03   2.1894357189480002E+03   1.4058570489449579E-02
   2.9000000000000000E+07   7.5957881507964014E-03   2.1846365439273804E+03   1.4103140495856760E-02
   3.0000000000000000E+07   7.6118829294514224E-03   2.1800172871755271E+03   1.4146247935356382E-02
   3.1000000000000000E+07   7.6274583023287186E-03   2.1755656624296612E+03   1.4187985353765654E-02
   3.2000000000000000E+07   7.6425465287941379E-03   2.1712705721372495E+03   1.4228436816805464E-02
   3.3000000000000000E+07   7.6571769722877069E-03   2.1671219607717458E+03   1.4267678912280276E-02
   3.4000000000000000E+07   7.6713764327518228E-03   2.1631106907118492E+03   1.4305781606304234E-02
   3.5000000000000000E+07   7.6851694364874568E-03   2.1592284348833796E+03   1.4342808984044008E-02
   3.6000000000000000E+07   7.6985784857027196E-03   2.1554675846947225E+03   1.4378819889425328E-02
   3.7000000000000000E+07   7.7116242731438715E-03   2.1518211710534165E+03   1.4413868478829917E-02
   3.8000000000000000E+07   7.7243258704544678E-03   2.1482827954776681E+03   1.4448004704965971E-02
   3.9000000000000000E+07   7.7367008906036811E-03   2.1448465707539576E+03   1.4481274738092235E-02
   4.0000000000000000E+07   7.7487656369089730E-03   2.1415070672830225E+03   1.4513721341694628E-02
   4.1000000000000000E+07   7.7605352238331272E-03   2.1382592689224566E+03   1.4545384193885725E-02
   4.2000000000000000E+07   7.7720236919422321E-03   2.1350985318488574E+03   1.4576300178882515E-02
   4.3000000000000000E+07   7.7832441100341172E-03   2.1320205481885700E+03   1.4606503645553466E-02
   4.4000000000000000E+07   7.7942086545023112E-03   2.1290213169459967E+03   1.4636026626827080E-02
   4.5000000000000000E+07   7.8049286973104429E-03   2.1260971134660917E+03   1.4664899050914127E-02
   4.6000000000000000E+07   7.8154148695159849E-03   2.1232444663795663E+03   1.4693148916304357E-02
   4.7000000000000000E+07   7.8256771248844757E-03   2.1204601351867504E+03   1.4720802454616617E-02
   4.8000000000000000E+07   7.8357247974119356E-03   2.1177410900956152E+03   1.4747884277174753E-02
   4.9000000000000000E+07   7.8455666536402912E-03   2.1150844937963625E+03   1.4774417507402944E-02
   5.0000000000000000E+07   7.8552109304226968E-03   2.1124876876180147E+03   1.4800423891650276E-02
   5.1000000000000000E+07   7.8646653852904192E-03   2.1099481746797328E+03   1.4825923914113885E-02
   5.2000000000000000E+07   7.8739373256533386E-03   2.1074636091015000E+03   1.4850936885968035E-02
   5.3000000000000000E+07   7.8830336476041901E-03   2.1050317829359578E+03   1.4875481037425772E-02
   5.4000000000000000E+07   7.8919608641098045E-03   2.1026506162270698E+03   1.4899573594970891E-02
   5.5000000000000000E+07   7.9007251331186870E-03   2.1003181473306313E+03   1.4923230853896708E-02
   5.6000000000000000E+07   7.9093322847283692E-03   2.0980325237063025E+03   1.4946468245858621E-02
   5.7000000000000000E+07   7.9177878398334796E-03   2.0957919951678559E+03   1.4969300394972372E-02
   5.8000000000000000E+07   7.9260970343178975E-03   2.0935949058297697E+03   1.4991741175631923E-02
   5.9000000000000000E+07   7.9342648395573541E-03   2.0914396871942786E+03   1.5013803763977773E-02
   6.0000000000000000E+07   7.9422959759462876E-03   2.0893248532183156E+03   1.5035500680320793E-02
   6.1000000000000000E+07   7.9501949368456625E-03   2.0872489927579418E+03   1.5056843838612850E-02
   6.2000000000000000E+07   7.9579659891631238E-03   2.0852107682738992E+03   1.5077844572450698E-02
   6.3000000000000000E+07   7.9656132054392419E-03   2.0832089063563017E+03   1.5098513687753150E-02
   6.4000000000000000E+07   7.9731404626502168E-03   2.0812421970858713E+03   1.5118861483339747E-02
   6.5000000000000000E+07   7.9805514596052313E-03   2.0793094885928149E+03   1.5138897786783654E-02
   6.6000000000000000E+07   7.9878497279949733E-03   2.0774096833598869E+03   1.5158631982988587E-02
   6.7000000000000000E+07   7.9950386389167506E-03   2.0755417357693627E+03   1.5178073037283354E-02
   6.8000000000000000E+07   8.0021214172015694E-03   2.0737046476812288E+03   1.5197229524369233E-02
   6.9000000000000000E+07   8.0091011475462662E-03   2.0718974662024693E+03   1.5216109648669932E-02
   7.0000000000000000E+07   8.0159807785681308E-03   2.0701192820380661E+03   1.5234721261747932E-02
   7.1000000000000000E+07   8.0227631380882618E-03   2.0683692249843207E+03   1.5253071888982549E-02
   7.2000000000000000E+07   8.0294509347338255E-03   2.0666464630075584E+03   1.5271168742920990E-02
   7.3000000000000000E+07   8.0360467627532024E-03   2.0649502005231202E+03   1.5289018738747313E-02
   7.4000000000000000E+07   8.0425531201275251E-03   2.0632796732957454E+03   1.5306628521108735E-02
   7.5000000000000000E+07   8.0489723918021269E-03   2.0616341523374354E+03   1.5324004458520149E-02
   7.6000000000000000E+07   8.0553068784613348E-03   2.0600129361341060E+03   1.5341152678581544E-02
   7.7000000000000000E+07   8.0615587888564766E-03   2.0584153522639313E+03   1.5358079069449568E-02
   7.8000000000000000E+07   8.0677302432827398E-03   2.0568407561689028E+03   1.5374789290917346E-02
   7.9000000000000000E+07   8.0738232844522889E-03   2.0552885280651890E+03   1.5391288791728713E-02
   8.0000000000000000E+07   8.0798398795906626E-03   2.0537580721217309E+03   1.5407582818445903E-02
   8.1000000000000000E+07   8.0857819164631192E-03   2.0522488171952768E+03   1.5423676418368674E-02
   8.2000000000000000E+07   8.0916512233203727E-03   2.0507602115049035E+03   1.5439574463823763E-02
   8.3000000000000000E+07   8.0974495553005187E-03   2.0492917258494172E+03   1.5455281645564466E-02
   8.4000000000000000E+07   8.1031786069614732E-03   2.0478428502000925E+03   1.5470802489607423E-02
   8.5000000000000000E+07   8.1088400125534799E-03   2.0464130934228313E+03   1.5486141362596122E-02
   8.6000000000000000E+07   8.1144353470152027E-03   2.0450019828261138E+03   1.5501302477528409E-02
   8.7000000000000000E+07   8.1199661380936261E-03   2.0436090609186062E+03   1.5516289909331198E-02
   8.8000000000000000E+07   8.1254338497168139E-03   2.0422338894234833E+03   1.5531107584020213E-02
   8.9000000000000000E+07   8.1308399112737153E-03   2.0408760417422732E+03   1.5545759309394613E-02
   9.0000000000000000E+07   8.1361856903443899E-03   2.0395351096587374E+03   1.5560248754049840E-02
   9.1000000000000000E+07   8.1414725156686713E-03   2.0382106974167564E+03   1.5574579471897731E-02
   9.2000000000000000E+07   8.1467016746871335E-03   2.0369024222060609E+03   1.5588754903352339E-02
   9.3000000000000000E+07   8.1518744085579721E-03   2.0356099152778538E+03   1.5602778374036933E-02
   9.4000000000000000E+07   8.1569919212839386E-03   2.0343328195363024E+03   1.5616653106159227E-02
   9.5000000000000000E+07   8.1620553813130416E-03   2.0330707890260471E+03   1.5630382222877551E-02
   9.6000000000000000E+07   8.1670659135592537E-03   2.0318234908096415E+03   1.5643968743799582E-02
   9.7000000000000000E+07   8.1720246129687642E-03   2.0305906014803413E+03   1.5657415599944918E-02
   9.8000000000000000E+07   8.1769325446358464E-03   2.0293718070410473E+03   1.5670725636336317E-02
   9.9000000000000000E+07   8.1817907309059273E-03   2.0281668060120408E+03   1.5683901602624537E-02
   1.0000000000000000E+08   8.1866001737847839E-03   2.0269753037772618E+03   1.5696946175723803E-02
   1.1000000000000000E+08   8.2322132116882038E-03   2.0157442412448654E+03   1.5820700347970423E-02
   1.2000000000000000E+08   8.2738598917667574E-03   2.0055979423428441E+03   1.5933750982857989E-02
   1.3000000000000000E+08   8.3121748492320166E-03   1.9963531416442186E+03   1.6037802600899841E-02
   1.4000000000000000E+08   8.3476516925465316E-03   1.9878688025492147E+03   1.6134182520136136E-02
   1.5000000000000000E+08   8.3806818841952509E-03   1.9800341551508284E+03   1.6223944505337186E-02
   1.6000000000000000E+08   8.4115811300485635E-03   1.9727606638520995E+03   1.6307939139119914E-02
   1.7000000000000000E+08   8.4406077275357913E-03   1.9659764924302403E+03   1.6386862896103555E-02
   1.8000000000000000E+08   8.4679756844240565E-03   1.9596225818979813E+03   1.6461293250730591E-02
   1.9000000000000000E+08   8.4938643163337563E-03   1.9536498060429285E+03   1.6531714346698260E-02
   2.0000000000000000E+08   8.5184253511875422E-03   1.9480168798857931E+03   1.6598536073939275E-02
   2.1000000000000000E+08   8.5417883052022695E-03   1.9426887884887062E+03   1.6662108509404017E-02
   2.2000000000000000E+08   8.5640646314828206E-03   1.9376355840611202E+03   1.6722733029191316E-02
   2.3000000000000000E+08   8.5853509144719481E-03   1.9328314636724472E+03   1.6780670928288020E-02
   2.4000000000000000E+08   8.6057314058502407E-03   1.9282540427510492E+03   1.6836150230078496E-02
   2.5000000000000000E+08   8.6252800600566410E-03   1.9238837763664947E+03   1.6889371125082406E-02
   2.6000000000000000E+08   8.6440621064144494E-03   1.9197035109045037E+03   1.6940510287244144E-02
   2.7000000000000000E+08   8.6621354058965642E-03   1.9156981040569233E+03   1.6989724451620582E-02
   2.8000000000000000E+08   8.6795515055732037E-03   1.9118541278895857E+03   1.7037153292353783E-02
   2.9000000000000000E+08   8.6963565286149579E-03   1.9081596205903575E+03   1.7082921815503995E-02
   3.0000000000000000E+08   8.7125918890810887E-03   1.9046038865835776E+03   1.7127142324973168E-02
   3.1000000000000000E+08   8.7282949528202178E-03   1.9011773162865748E+03   1.7169916124387494E-02
   3.2000000000000000E+08   8.7434995061122702E-03   1.8978712542455221E+03   1.7211334869859138E-02
   3.3000000000000000E+08   8.7582362445540376E-03   1.8946778678730827E+03   1.7251481799066187E-02
   3.4000000000000000E+08   8.7725330706252286E-03   1.8915900619087345E+03   1.7290432669513831E-02
   3.5000000000000000E+08   8.7864155121959563E-03   1.8886013700498340E+03   1.7328256710373351E-02
   3.6000000000000000E+08   8.7999068991591062E-03   1.8857059017006277E+03   1.7365017274009860E-02
   3.7000000000000000E+08   8.8130286646666174E-03   1.8828982640995553E+03   1.7400772533834517E-02
   3.8000000000000000E+08   8.8258005148776492E-03   1.8801735147070042E+03   1.7435576006151133E-02
   3.9000000000000000E+08   8.8382406348125296E-03   1.8775271074651362E+03   1.7469477057261679E-02
   4.0000000000000000E+08   8.8503658259917305E-03   1.8749548550215941E+03   1.7502521308116380E-02
   4.1000000000000000E+08   8.8621916181550100E-03   1.8724528975615915E+03   1.7534750980964870E-02
   4.2000000000000000E+08   8.8737324675384407E-03   1.8700176543370094E+03   1.7566205295320186E-02
   4.3000000000000000E+08   8.8850017616404799E-03   1.8676458169994287E+03   1.7596920662536448E-02
   4.4000000000000000E+08   8.8960119870498469E-03   1.8653343091619886E+03   1.7626931006945804E-02
   4.5000000000000000E+08   8.9067748043630372E-03   1.8630802662745789E+03   1.7656267983569639E-02
   4.6000000000000000E+08   8.9173010820268860E-03   1.8608810245968059E+03   1.7684961142051741E-02
   4.7000000000000000E+08   8.9276009819265652E-03   1.8587340997602946E+03   1.7713038123394462E-02
   4.8000000000000000E+08   8.9376840353358605E-03   1.8566371678115411E+03   1.7740524835437508E-02
   4.9000000000000000E+08   8.9475592100898057E-03   1.8545880484867832E+03   1.7767445609405522E-02
   5.0000000000000000E+08   8.9572348813597331E-03   1.8525847087802811E+03   1.7793823259118255E-02
   5.1000000000000000E+08   8.9667189477113073E-03   1.8506252366029505E+03   1.7819679263922816E-02
   5.2000000000000000E+08   8.9760188701595457E-03   1.8487078307429454E+03   1.7845033874063644E-02
   5.3000000000000000E+08   8.9851416438014465E-03   1.8468308048997842E+03   1.7869906148060909E-02
   5.4000000000000000E+08   8.9940939085594186E-03   1.8449925632162160E+03   1.7894314110782465E-02
   5.5000000000000000E+08   9.0028819041726958E-03   1.8431916080637820E+03   1.7918274764534819E-02
   5.6000000000000000E+08   9.0115115560204691E-03   1.8414265210672836E+03   1.7941804214531332E-02
   5.7000000000000000E+08   9.0199884865305776E-03   1.8396959595835449E+03   1.7964917722455915E-02
   5.8000000000000000E+08   9.0283179755508806E-03   1.8379986636600356E+03   1.7987629709838686E-02
   5.9000000000000000E+08   9.0365051003442661E-03   1.8363334264624284E+03   1.8009953921516705E-02
   6.0000000000000000E+08   9.0445546016648167E-03   1.8346991206295506E+03   1.8031903336813204E-02
   6.1000000000000000E+08   9.0524710789171327E-03   1.8330946577456941E+03   1.8053490377442340E-02
   6.2000000000000000E+08   9.0602588129052673E-03   1.8315190235541784E+03   1.8074726774074693E-02
   6.3000000000000000E+08   9.0679219612270334E-03   1.8299712376345772E+03   1.8095623769770700E-02
   6.4000000000000000E+08   9.0754644241923654E-03   1.8284503798974581E+03   1.8116192021587794E-02
   6.5000000000000000E+08   9.0828899442048396E-03   1.8269555698787144E+03   1.8136441712802518E-02
   6.6000000000000000E+08   9.0902021101922983E-03   1.8254859653290325E+03   1.8156382577070716E-02
   6.7000000000000000E+08   9.0974043056769437E-03   1.8240407721360057E+03   1.8176023869789382E-02
   6.8000000000000000E+08   9.1044998074250160E-03   1.8226192240267192E+03   1.8195374475104345E-02
   6.9000000000000000E+08   9.1114917311610200E-03   1.8212205930461755E+03   1.8214442872495649E-02
   7.0000000000000000E+08   9.1183830584364266E-03   1.8198441837566163E+03   1.8233237176060724E-02
   7.1000000000000000E+08   9.1251766153039784E-03   1.8184893371083112E+03   1.8251765128894395E-02
   7.2000000000000000E+08   9.1318751695628701E-03   1.8171554106947708E+03   1.8270034204400688E-02
   7.3000000000000000E+08   9.1384813421416244E-03   1.8158417961240314E+03   1.8288051537590597E-02
   7.4000000000000000E+08   9.1449976120612682E-03   1.8145479176806614E+03   1.8305823940728300E-02
   7.5000000000000000E+08   9.1514264244179720E-03   1.8132732105985074E+03   1.8323358011972064E-02
   7.6000000000000000E+08   9.1577700932094844E-03   1.8120171401185237E+03   1.8340660056645343E-02
   7.7000000000000000E+08   9.1640308239600132E-03   1.8107791967235751E+03   1.8357736116886129E-02
   7.8000000000000000E+08   9.1702107978127844E-03   1.8095588792918800E+03   1.8374592056647737E-02
   7.9000000000000000E+08   9.1763120275628746E-03   1.8083557233360104E+03   1.8391233438631239E-02
   8.0000000000000000E+08   9.1823365020702891E-03   1.8071692722673617E+03   1.8407665663137944E-02
   8.1000000000000000E+08   9.1882861616117660E-03   1.8059990821236622E+03   1.8423893952618044E-02
   8.2000000000000000E+08   9.1941627986674365E-03   1.8048447409007667E+03   1.8439923267941506E-02
   8.3000000000000000E+08   9.1999682247563674E-03   1.8037058355818222E+03   1.8455758466367760E-02
   8.4000000000000000E+08   9.2057041119940862E-03   1.8025819831141514E+03   1.8471404163153415E-02
   8.5000000000000000E+08   9.2113721155052380E-03   1.8014728062313466E+03   1.8486864848389736E-02
   8.6000000000000000E+08   9.2169738386454654E-03   1.8003779401633919E+03   1.8502144860481160E-02
   8.7000000000000000E+08   9.2225108092536014E-03   1.7992970371485410E+03   1.8517248369366055E-02
   8.8000000000000000E+08   9.2279844811242462E-03   1.7982297660018110E+03   1.8532179382410856E-02
   8.9000000000000000E+08   9.2333963026516239E-03   1.7971757986164814E+03   1.8546941811174417E-02
   9.0000000000000000E+08   9.2387476832511764E-03   1.7961348164365979E+03   1.8561539444905774E-02
   9.1000000000000000E+08   9.2440399035380767E-03   1.7951065278081689E+03   1.8575975872648070E-02
   9.2000000000000000E+08   9.2492742946431918E-03   1.7940906330100943E+03   1.8590254650031151E-02
   9.3000000000000000E+08   9.2544521107049329E-03   1.7930868489735360E+03   1.8604379186674638E-02
   9.4000000000000000E+08   9.2595745475281301E-03   1.7920949055472774E+03   1.8618352766412140E-02
   9.5000000000000000E+08   9.2646427487600280E-03   1.7911145442042359E+03   1.8632178555984952E-02
   9.6000000000000000E+08   9.2696579131712874E-03   1.7901454972337087E+03   1.8645859705577288E-02
   9.7000000000000000E+08   9.2746211049882545E-03   1.7891875243545499E+03   1.8659399178988657E-02
   9.8000000000000000E+08   9.2795333596690129E-03   1.7882403921604396E+03   1.8672799852506895E-02
   9.9000000000000000E+08   9.2843957672179150E-03   1.7873038580229359E+03   1.8686064593209949E-02
   1.0000000000000000E+09   9.2892093070731235E-03   1.7863777018701826E+03   1.8699196111082082E-02
   1.1000000000000000E+09   9.3348575122177528E-03   1.7776421710177799E+03   1.8823730430285606E-02
   1.2000000000000000E+09   9.3765310934448513E-03   1.7697415183490741E+03   1.8937427875142420E-02
   1.3000000000000000E+09   9.4148671527848598E-03   1.7625353714366520E+03   1.9042024466167963E-02
   1.4000000000000000E+09   9.4503607824460590E-03   1.7559156476844394E+03   1.9138869713106771E-02
   1.5000000000000000E+09   9.4834046306086234E-03   1.7497973587040153E+03   1.9229033708340275E-02
   1.6000000000000000E+09   9.5143150906483193E-03   1.7441125520922446E+03   1.9313379073438171E-02
   1.7000000000000000E+09   9.5433510130044502E-03   1.7388060390473095E+03   1.9392611498397088E-02
   1.8000000000000000E+09   9.5707268138125329E-03   1.7338324138780954E+03   1.9467315594473660E-02
   1.9000000000000000E+09   9.5966221128554029E-03   1.7291538813361658E+03   1.9537981115358038E-02
   2.0000000000000000E+09   9.6211888597121029E-03   1.7247386592364371E+03   1.9605022413647092E-02
   2.1000000000000000E+09   9.6445567766898117E-03   1.7205597684143422E+03   1.9668793199053045E-02
   2.2000000000000000E+09   9.6668373199158639E-03   1.7165941481163588E+03   1.9729597666158713E-02
   2.3000000000000000E+09   9.6881273526990552E-03   1.7128218663989173E+03   1.9787699687411359E-02
   2.4000000000000000E+09   9.7085111653738045E-03   1.7092256569003471E+03   1.9843329255989830E-02
   2.5000000000000000E+09   9.7280627770610934E-03   1.7057904286236069E+03   1.9896688244956127E-02
   2.6000000000000000E+09   9.7468474055523498E-03   1.7025029410748243E+03   1.9947954690553590E-02
   2.7000000000000000E+09   9.7649230607433999E-03   1.6993514716845193E+03   1.9997286631900361E-02
   2.8000000000000000E+09   9.7823412001488211E-03   1.6963256581060521E+03   2.0044824662562574E-02
   2.9000000000000000E+09   9.7991481088774215E-03   1.6934162224905274E+03   2.0090694798256748E-02
   3.0000000000000000E+09   9.8153850992515491E-03   1.6906149077559617E+03   2.0135009997180080E-02
   3.1000000000000000E+09   9.8310897417845898E-03   1.6879142404357874E+03   2.0177872399322522E-02
   3.2000000000000000E+09   9.8462957236944079E-03   1.6853075349167132E+03   2.0219374139207942E-02
   3.3000000000000000E+09   9.8610337112313654E-03   1.6827887278450719E+03   2.0259598927194131E-02
   3.4000000000000000E+09   9.8753317017596706E-03   1.6803523036298143E+03   2.0298623047548130E-02
   3.5000000000000000E+09   9.8892152008645210E-03   1.6779932519528684E+03   2.0336516099072235E-02
   3.6000000000000000E+09   9.9027075157188046E-03   1.6757070071816506E+03   2.0373341759892367E-02
   3.7000000000000000E+09   9.9158302064276081E-03   1.6734893628376030E+03   2.0409158627797658E-02
   3.8000000000000000E+09   9.9286028968840218E-03   1.6713364958294630E+03   2.0444020420470707E-02
   3.9000000000000000E+09   9.9410438649757890E-03   1.6692448599512152E+03   2.0477976836529757E-02
   4.0000000000000000E+09   9.9531697505187804E-03   1.6672112291961544E+03   2.0511073572733712E-02
   4.1000000000000000E+09   9.9649961544091108E-03   1.6652325918679057E+03   2.0543353117210547E-02
   4.2000000000000000E+09   9.9765376481951388E-03   1.6633061448089093E+03   2.0574854976322630E-02
   4.3000000000000000E+09   9.9878074560929338E-03   1.6614293424366545E+03   2.0605615577785247E-02
   4.4000000000000000E+09   9.9988182591531690E-03   1.6595997590985114E+03   2.0635669172788411E-02
   4.5000000000000000E+09   1.0009581547106065E-02   1.6578151939786139E+03   2.0665047397410943E-02
   4.6000000000000000E+09   1.0020108358075269E-02   1.6560735454309890E+03   2.0693780080331195E-02
   4.7000000000000000E+09   1.0030408680479544E-02   1.6543729077016085E+03   2.0721894818694478E-02
   4.8000000000000000E+09   1.0040492236034581E-02   1.6527114392465373E+03   2.0749417798107996E-02
   4.9000000000000000E+09   1.0050367708899615E-02   1.6510874880196027E+03   2.0776373187579907E-02
   5.0000000000000000E+09   1.0060043763493840E-02   1.6494994220976737E+03   2.0802784152358148E-02
   5.1000000000000000E+09   1.0069528154609984E-02   1.6479457745558209E+03   2.0828672122247344E-02
   5.2000000000000000E+09   1.0078828451265377E-02   1.6464251231577464E+03   2.0854057520786038E-02
   5.3000000000000000E+09   1.0087951440443357E-02   1.6449361867101834E+03   2.0878959286461288E-02
   5.4000000000000000E+09   1.0096904005164782E-02   1.6434776804525616E+03   2.0903395729541599E-02
   5.5000000000000000E+09   1.0105692392181178E-02   1.6420484347019392E+03   2.0927383918225618E-02
   5.6000000000000000E+09   1.0114322241242930E-02   1.6406473887588129E+03   2.0950939753062007E-02
   5.7000000000000000E+09   1.0122799480696498E-02   1.6392734446438571E+03   2.0974078825475046E-02
   5.8000000000000000E+09   1.0131129164284968E-02   1.6379256551835272E+03   2.0996815399058500E-02
   5.9000000000000000E+09   1.0139316567269269E-02   1.6366030455866830E+03   2.1019163443386942E-02
   6.0000000000000000E+09   1.0147366167438672E-02   1.6353047776484200E+03   2.1041135740072717E-02
   6.1000000000000000E+09   1.0155282893259896E-02   1.6340299476220330E+03   2.1062745049123685E-02
   6.2000000000000000E+09   1.0163070821410037E-02   1.6327777957822123E+03   2.1084002951794939E-02
   6.3000000000000000E+09   1.0170734286502796E-02   1.6315475271221790E+03   2.1104920886259846E-02
   6.4000000000000000E+09   1.0178276813580219E-02   1.6303384824452842E+03   2.1125509199988103E-02
   6.5000000000000000E+09   1.0185702570481374E-02   1.6291499049118777E+03   2.1145778493313776E-02
   6.6000000000000000E+09   1.0193014711831410E-02   1.6279812050991238E+03   2.1165738132805482E-02
   6.7000000000000000E+09   1.0200217169948024E-02   1.6268316740402258E+03   2.1185397899672012E-02
   6.8000000000000000E+09   1.0207312859915017E-02   1.6257007698202908E+03   2.1204766373811097E-02
   6.9000000000000000E+09   1.0214304915297187E-02   1.6245879197622905E+03   2.1223852074367448E-02
   7.0000000000000000E+09   1.0221196367997051E-02   1.6234925713898763E+03   2.1242663183333229E-02
   7.1000000000000000E+09   1.0227990012603215E-02   1.6224142137128372E+03   2.1261207436017414E-02
   7.2000000000000000E+09   1.0234688798562442E-02   1.6213523147368373E+03   2.1279492490790523E-02
   7.3000000000000000E+09   1.0241295059177338E-02   1.6203064434990863E+03   2.1297525239534387E-02
   7.4000000000000000E+09   1.0247811444629430E-02   1.6192761219135070E+03   2.1315312667853366E-02
   7.5000000000000000E+09   1.0254240256083879E-02   1.6182609300884180E+03   2.1332861259576792E-02
   7.6000000000000000E+09   1.0260584200306934E-02   1.6172603869537959E+03   2.1350177693214723E-02
   7.7000000000000000E+09   1.0266844908115424E-02   1.6162741838092486E+03   2.1367267502891335E-02
   7.8000000000000000E+09   1.0273024945034437E-02   1.6153018670689864E+03   2.1384136916512544E-02
   7.9000000000000000E+09   1.0279126209721611E-02   1.6143430906088479E+03   2.1400791406383575E-02
   8.0000000000000000E+09   1.0285150953006595E-02   1.6133974552225277E+03   2.1417236623980391E-02
   8.1000000000000000E+09   1.0291100580260502E-02   1.6124646965349498E+03   2.1433477317161567E-02
   8.2000000000000000E+09   1.0296977546060817E-02   1.6115443876546633E+03   2.1449519060846366E-02
   8.3000000000000000E+09   1.0302782808345257E-02   1.6106363380502617E+03   2.1465365946567182E-02
   8.4000000000000000E+09   1.0308518861457680E-02   1.6097401185541323E+03   2.1481023348264131E-02
   8.5000000000000000E+09   1.0314186903341923E-02   1.6088555045268499E+03   2.1496495349988320E-02
   8.6000000000000000E+09   1.0319788674194192E-02   1.6079821882065935E+03   2.1511786424191756E-02
   8.7000000000000000E+09   1.0325325832268958E-02   1.6071198762851930E+03   2.1526900868554216E-02
   8.8000000000000000E+09   1.0330799416099167E-02   1.6062683734136599E+03   2.1541842321254764E-02
   8.9000000000000000E+09   1.0336211263287549E-02   1.6054273612904537E+03   2.1556615056282064E-02
   9.0000000000000000E+09   1.0341562841109552E-02   1.6045965807214507E+03   2.1571222923449384E-02
   9.1000000000000000E+09   1.0346855218781811E-02   1.6037758355832198E+03   2.1585669327000175E-02
   9.2000000000000000E+09   1.0352089726180489E-02   1.6029648904794547E+03   2.1599957828643285E-02
   9.3000000000000000E+09   1.0357267407975953E-02   1.6021635553583965E+03   2.1614091654325245E-02
   9.4000000000000000E+09   1.0362389985126386E-02   1.6013715366801075E+03   2.1628074572355521E-02
   9.5000000000000000E+09   1.0367458326728016E-02   1.6005886738295189E+03   2.1641909506007851E-02
   9.6000000000000000E+09   1.0372473402369603E-02   1.5998147915587301E+03   2.1655599402990212E-02
   9.7000000000000000E+09   1.0377436573210674E-02   1.5990496551911344E+03   2.1669147503135897E-02
   9.8000000000000000E+09   1.0382349023280994E-02   1.5982930584350945E+03   2.1682556823511584E-02
   9.9000000000000000E+09   1.0387211302647088E-02   1.5975448934914375E+03   2.1695829745246906E-02
   1.0000000000000000E+10   1.0392024933192535E-02   1.5968049038410593E+03   2.1708969477072695E-02
   1.1000000000000000E+10   1.0437673485307875E-02   1.5898213713542823E+03   2.1833577281951809E-02
   1.2000000000000000E+10   1.0479347613748436E-02   1.5834989911385096E+03   2.1947336181758589E-02
   1.3000000000000000E+10   1.0517683845410008E-02   1.5777272466125851E+03   2.2051984495668860E-02
   1.4000000000000000E+10   1.0553177858021335E-02   1.5724208003892859E+03   2.2148874281034195E-02
   1.5000000000000000E+10   1.0586221542116074E-02   1.5675126680603573E+03   2.2239076417714554E-02
   1.6000000000000000E+10   1.0617132243106774E-02   1.5629490143097876E+03   2.2323455500922403E-02
   1.7000000000000000E+10   1.0646168196818026E-02   1.5586862866885849E+03   2.2402717507875047E-02
   1.8000000000000000E+10   1.0673544137417949E-02   1.5546885046352263E+03   2.2477447997445950E-02
   1.9000000000000000E+10   1.0699439483644891E-02   1.5509257657399676E+03   2.2548137059905618E-02
   2.0000000000000000E+10   1.0724006532457447E-02   1.5473728334588966E+03   2.2615199779482262E-02
   2.1000000000000000E+10   1.0747373951452420E-02   1.5440084665443178E+03   2.2678989242441674E-02
   2.2000000000000000E+10   1.0769654625183771E-02   1.5408141627268978E+03   2.2739811218310289E-02
   2.3000000000000000E+10   1.0790944997299346E-02   1.5377741595674331E+03   2.2797929424882440E-02
   2.4000000000000000E+10   1.0811328741208763E-02   1.5348748309641260E+03   2.2853573483287419E-02
   2.5000000000000000E+10   1.0830880121602032E-02   1.5321041492338036E+03   2.2906945649071496E-02
   2.6000000000000000E+10   1.0849664959899391E-02   1.5294515024650377E+03   2.2958224642284076E-02
   2.7000000000000000E+10   1.0867740756078777E-02   1.5269076385428743E+03   2.3007568152629297E-02
   2.8000000000000000E+10   1.0885158750181567E-02   1.5244643422296074E+03   2.3055116673989653E-02
   2.9000000000000000E+10   1.0901966018723463E-02   1.5221141164502944E+03   2.3100997026895578E-02
   3.0000000000000000E+10   1.0918202853437427E-02   1.5198505282337762E+03   2.3145321314191475E-02
   3.1000000000000000E+10   1.0933907511659477E-02   1.5176675270451287E+03   2.3188192364754799E-02
   3.2000000000000000E+10   1.0949113316646438E-02   1.5155598352363129E+03   2.3229702037804813E-02
   3.3000000000000000E+10   1.0963850916923788E-02   1.5135226208289516E+03   2.3269934076699597E-02
   3.4000000000000000E+10   1.0978149763742366E-02   1.5115512842579055E+03   2.3308966132020437E-02
   3.5000000000000000E+10   1.0992033280738717E-02   1.5096421153707788E+03   2.3346865946459551E-02
   3.6000000000000000E+10   1.1005525719977954E-02   1.5077913401299684E+03   2.3383698092055087E-02
   3.7000000000000000E+10   1.1018648264056102E-02   1.5059956517798785E+03   2.3419520853522079E-02
   3.8000000000000000E+10   1.1031420798149163E-02   1.5042519615374044E+03   2.3454388213508117E-02
   3.9000000000000000E+10   1.1043862356938449E-02   1.5025573334617829E+03   2.3488350583723699E-02
   4.0000000000000000E+10   1.1055988145981247E-02   1.5009093854891821E+03   2.3521452377788209E-02
   4.1000000000000000E+10   1.1067813528921644E-02   1.4993057418972601E+03   2.3553735887760406E-02
   4.2000000000000000E+10   1.1079355580341635E-02   1.4977438221771304E+03   2.3585242915616568E-02
   4.3000000000000000E+10   1.1090625908090127E-02   1.4962218103538930E+03   2.3616008434566665E-02
   4.4000000000000000E+10   1.1101636926095471E-02   1.4947378016979198E+03   2.3646066467449618E-02
   4.5000000000000000E+10   1.1112399698751925E-02   1.4932900925102733E+03   2.3675448276850614E-02
   4.6000000000000000E+10   1.1122926313469759E-02   1.4918768592456802E+03   2.3704184658515842E-02
   4.7000000000000000E+10   1.1133226991532732E-02   1.4904965457706764E+03   2.3732303432779066E-02
   4.8000000000000000E+10   1.1143310415878746E-02   1.4891478164796160E+03   2.3759829850316078E-02
   4.9000000000000000E+10   1.1153185605019138E-02   1.4878293038262339E+03   2.3786788393859407E-02
   5.0000000000000000E+10   1.1162861065186708E-02   1.4865397210677231E+03   2.3813202093434474E-02
   5.1000000000000000E+10   1.1172345370594675E-02   1.4852777840036590E+03   2.3839093132499791E-02
   5.2000000000000000E+10   1.1181646276844511E-02   1.4840423282324825E+03   2.3864482111855833E-02
   5.3000000000000000E+10   1.1190769741087797E-02   1.4828324376324247E+03   2.3889387221656885E-02
   5.4000000000000000E+10   1.1199722073225903E-02   1.4816471574620732E+03   2.3913826257059376E-02
   5.5000000000000000E+10   1.1208509890172736E-02   1.4804855004597462E+03   2.3937816628932036E-02
   5.6000000000000000E+10   1.1217140067509112E-02   1.4793464532216797E+03   2.3961375367918814E-02
   5.7000000000000000E+10   1.1225617136580589E-02   1.4782293189107525E+03   2.3984516799238891E-02
   5.8000000000000000E+10   1.1233947336212802E-02   1.4771331819109803E+03   2.4007256269663428E-02
   5.9000000000000000E+10   1.1242134304365459E-02   1.4760574749330942E+03   2.4029606263245410E-02
   6.0000000000000000E+10   1.1250185066594004E-02   1.4750011911745594E+03   2.4051581884086810E-02
   6.1000000000000000E+10   1.1258101172272153E-02   1.4739640477765688E+03   2.4073192821236628E-02
   6.2000000000000000E+10   1.1265889292111917E-02   1.4729450950471446E+03   2.4094453019961846E-02
   6.3000000000000000E+10   1.1273551262230116E-02   1.4719440208477654E+03   2.4115371648325168E-02
   6.4000000000000000E+10   1.1281095112143201E-02   1.4709597081845573E+03   2.4135963155843709E-02
   6.5000000000000000E+10   1.1288520972391473E-02   1.4699920755557537E+03   2.4156234471990969E-02
   6.6000000000000000E+10   1.1295833219990345E-02   1.4690404905052751E+03   2.4176196078492817E-02
   6.7000000000000000E+10   1.1303034787264332E-02   1.4681045123259896E+03   2.4195856849199022E-02
   6.8000000000000000E+10   1.1310131081834748E-02   1.4671833822343715E+03   2.4215227634602692E-02
   6.9000000000000000E+10   1.1317121905934062E-02   1.4662770722173998E+03   2.4234313924754010E-02
   7.0000000000000000E+10   1.1324013554147413E-02   1.4653847149523097E+03   2.4253126872791346E-02
   7.1000000000000000E+10   1.1330807612115100E-02   1.4645060566042760E+03   2.4271673115954410E-02
   7.2000000000000000E+10   1.1337507038242919E-02   1.4636406679340093E+03   2.4289960322759412E-02
   7.3000000000000000E+10   1.1344111886736995E-02   1.4627884967849593E+03   2.4307993312992243E-02
   7.4000000000000000E+10   1.1350630134635201E-02   1.4619484713474644E+03   2.4325783921291633E-02
   7.5000000000000000E+10   1.1357059180131569E-02   1.4611208862229562E+03   2.4343334171578870E-02
   7.6000000000000000E+10   1.1363400982234389E-02   1.4603054490555789E+03   2.4360650063473491E-02
   7.7000000000000000E+10   1.1369663513541416E-02   1.4595010973189035E+03   2.4377742903422008E-02
   7.8000000000000000E+10   1.1375842511235678E-02   1.4587083425048140E+03   2.4394612707198712E-02
   7.9000000000000000E+10   1.1381943063524438E-02   1.4579264965170214E+03   2.4411267850771485E-02
   8.0000000000000000E+10   1.1387968270487435E-02   1.4571551289938859E+03   2.4427714759731677E-02
   8.1000000000000000E+10   1.1393919098696144E-02   1.4563940844603087E+03   2.4443957783803535E-02
   8.2000000000000000E+10   1.1399796683329721E-02   1.4556431869023047E+03   2.4460001298449063E-02
   8.3000000000000000E+10   1.1405602331577934E-02   1.4549022394212000E+03   2.4475849714133510E-02
   8.4000000000000000E+10   1.1411336272117103E-02   1.4541711836769637E+03   2.4491506344145382E-02
   8.5000000000000000E+10   1.1417003926770858E-02   1.4534493007618498E+03   2.4506979117078991E-02
   8.6000000000000000E+10   1.1422607226777135E-02   1.4527363188379863E+03   2.4522272680197788E-02
   8.7000000000000000E+10   1.1428143093088837E-02   1.4520326039840743E+03   2.4537387021357184E-02
   8.8000000000000000E+10   1.1433617588110588E-02   1.4513373607506292E+03   2.4552330351022309E-02
   8.9000000000000000E+10   1.1439030500198323E-02   1.4506505926243224E+03   2.4567105079339773E-02
   9.0000000000000000E+10   1.1444380345883442E-02   1.4499724644444634E+03   2.4581712371862321E-02
   9.1000000000000000E+10   1.1449673804825273E-02   1.4493021073811831E+03   2.4596160738811157E-02
   9.2000000000000000E+10   1.1454908318846510E-02   1.4486398242802686E+03   2.4610450204709713E-02
   9.3000000000000000E+10   1.1460086840079457E-02   1.4479852208559132E+03   2.4624585731818815E-02
   9.4000000000000000E+10   1.1465206907396894E-02   1.4473385877977123E+03   2.4638567283663468E-02
   9.5000000000000000E+10   1.1470275946603478E-02   1.4466989679593664E+03   2.4652403750400839E-02
   9.6000000000000000E+10   1.1475290301925879E-02   1.4460668041988833E+03   2.4666093871508442E-02
   9.7000000000000000E+10   1.1480254909140399E-02   1.4454414562649201E+03   2.4679644140144560E-02
   9.8000000000000000E+10   1.1485169117960685E-02   1.4448229889980798E+03   2.4693055904784020E-02
   9.9000000000000000E+10   1.1490029350087333E-02   1.4442118351972938E+03   2.4706327790414644E-02
   1.0000000000000000E+11   1.1494842384126723E-02   1.4436071256683929E+03   2.4719467789750590E-02
   1.1000000000000000E+11   1.1540492030129525E-02   1.4378967838491849E+03   2.4844083882301724E-02
