   1.0000000000000000E+00   1.5991910679670918E-05   1.0376518920440761E+06
   2.0000000000000000E+00   6.5691824124280420E-05   2.5260428668819775E+05
   3.0000000000000000E+00   1.5462982422988122E-04   1.0731459119743154E+05
   4.0000000000000000E+00   2.9334199245709027E-04   5.6568908648794124E+04
   5.0000000000000000E+00   4.9986724368057754E-04   3.3196886941374032E+04
   5.9889999999999999E+00   8.0055050456753155E-04   2.0728281700508982E+04
   5.9910000000000005E+00   8.0128498742472888E-04   2.0709281509806406E+04
   6.0000000000000000E+00   8.0459742914327863E-04   2.0624023608712545E+04
   7.0000000000000000E+00   1.2598734820842832E-03   1.3171192671432296E+04
   8.0000000000000000E+00   1.9600434663826459E-03   8.4661573372071616E+03
   9.0000000000000000E+00   3.0869002094656623E-03   5.3756309722214182E+03
   9.0690000000000008E+00   3.1882000444646602E-03   5.2048291019162662E+03
   9.0709999999999997E+00   3.1911928995481511E-03   5.1999477613872814E+03
   1.0000000000000000E+01   5.0243518326882905E-03   3.3027218090500878E+03
   1.1000000000000000E+01   8.6935008010723056E-03   1.9087864318265888E+03
   1.2000000000000000E+01   1.6760105426970540E-02   9.9009140762665459E+02
   1.3000000000000000E+01   3.9688782587240130E-02   4.1810394001592147E+02
   1.4000000000000000E+01   1.5296208445667869E-01   1.0848463809252085E+02
   1.5000000000000000E+01   3.6250620825693392E+00   4.5775868098785839E+00
   1.6000000000000000E+01   2.2013870265615834E-01   7.5379913545139544E+01
   1.7000000000000000E+01   5.3230154136553812E-02   3.1174127979398548E+02
   1.8000000000000000E+01   2.3849470251347343E-02   6.9578217877702923E+02
   1.9000000000000000E+01   1.3773456830538411E-02   1.2047837066848911E+03
   2.0000000000000000E+01   9.2036580389871017E-03   1.8029827166402019E+03
   2.1000000000000000E+01   6.8068615637170730E-03   2.4378395562813193E+03
   2.2000000000000000E+01   5.4520236700124416E-03   3.0436471626915240E+03
   2.3000000000000000E+01   4.6638623337866706E-03   3.5580030426600119E+03
   2.4000000000000000E+01   4.2105961338428002E-03   3.9410182897346294E+03
   2.5000000000000000E+01   3.9675498108940098E-03   4.1824393303385532E+03
   2.6000000000000000E+01   3.8604671923501395E-03   4.2984528937437835E+03
   2.7000000000000000E+01   3.8411843848414526E-03   4.3200311965355777E+03
   2.8000000000000000E+01   3.8798592842511827E-03   4.2769686110827761E+03
   2.9000000000000000E+01   3.9493234803880221E-03   4.2017415024534857E+03
   3.0000000000000000E+01   4.0329176504801424E-03   4.1146479577099180E+03
   3.1000000000000000E+01   4.1238019030371111E-03   4.0239654484710254E+03
   3.2000000000000000E+01   4.2062646013058405E-03   3.9450766765858612E+03
   3.3000000000000000E+01   4.2821544596303111E-03   3.8751606301452753E+03
   3.4000000000000000E+01   4.3437988918197147E-03   3.8201668142165727E+03
   3.5000000000000000E+01   4.3919696685958002E-03   3.7782675260291221E+03
   3.6000000000000000E+01   4.4248086681882232E-03   3.7502268727372953E+03
   3.7000000000000000E+01   4.4443444272699653E-03   3.7337422078139070E+03
   3.8000000000000000E+01   4.4494071906183846E-03   3.7294937647309675E+03
   3.9000000000000000E+01   4.4439242466826614E-03   3.7340952394829087E+03
   4.0000000000000000E+01   4.4256339373359597E-03   3.7495275499783625E+03
   4.1000000000000000E+01   4.3986138841998514E-03   3.7725603590184196E+03
   4.2000000000000000E+01   4.3644554204551132E-03   3.8020863488233358E+03
   4.3000000000000000E+01   4.3218250615975539E-03   3.8395900198761037E+03
   4.4000000000000000E+01   4.2742317589253200E-03   3.8823436140329168E+03
   4.5000000000000000E+01   4.2207835192670700E-03   3.9315061524505563E+03
   4.6000000000000000E+01   4.1622752249752025E-03   3.9867705707181481E+03
   4.7000000000000000E+01   4.1028210650553834E-03   4.0445430378369169E+03
   4.8000000000000000E+01   4.0420117462250087E-03   4.1053904382287383E+03
   4.9000000000000000E+01   3.9760642981058313E-03   4.1734829042039582E+03
   5.0000000000000000E+01   3.9093459542433370E-03   4.2447091069411917E+03
   5.1000000000000000E+01   3.8434550593144314E-03   4.3174789656888370E+03
   5.2000000000000000E+01   3.7758908292804152E-03   4.3947341500132252E+03
   5.3000000000000000E+01   3.7069420175747762E-03   4.4764758378974730E+03
   5.4000000000000000E+01   3.6388871050440168E-03   4.5601954375442683E+03
   5.5000000000000000E+01   3.5722814267685390E-03   4.6452209083569451E+03
   5.6000000000000000E+01   3.5052658213932403E-03   4.7340308038506346E+03
   5.7000000000000000E+01   3.4377366713611336E-03   4.8270236962594854E+03
   5.8000000000000000E+01   3.3703687804149947E-03   4.9235076204679208E+03
   5.9000000000000000E+01   3.3065388599328857E-03   5.0185517476414034E+03
   6.0000000000000000E+01   3.2424647986598640E-03   5.1177229066662003E+03
   6.1000000000000000E+01   3.1791044457639703E-03   5.2197204141157699E+03
   6.2000000000000000E+01   3.1163932401269655E-03   5.3247568889875838E+03
   6.3000000000000000E+01   3.0538432233102467E-03   5.4338206517926974E+03
   6.4000000000000000E+01   2.9953590942750625E-03   5.5399155332915061E+03
   6.5000000000000000E+01   2.9372642055760529E-03   5.6494871461200382E+03
   6.6000000000000000E+01   2.8797096628260035E-03   5.7623991016774362E+03
   6.7000000000000000E+01   2.8229626422481028E-03   5.8782344923082364E+03
   6.8000000000000000E+01   2.7671698447824418E-03   5.9967538333249795E+03
   6.9000000000000000E+01   2.7137412454211942E-03   6.1148189430952434E+03
   7.0000000000000000E+01   2.6610085466748875E-03   6.2359951436066531E+03
   7.1000000000000000E+01   2.6100795551418565E-03   6.3576745549652487E+03
   7.2000000000000000E+01   2.5609369445027258E-03   6.4796739372208840E+03
   7.3000000000000000E+01   2.5121154221234669E-03   6.6056026837069521E+03
   7.4000000000000000E+01   2.4641236937450735E-03   6.7342546221533712E+03
   7.5000000000000000E+01   2.4169712384164506E-03   6.8656325364601626E+03
   7.6000000000000000E+01   2.3716408628759338E-03   6.9968588557872517E+03
   7.6998999999999995E+01   2.3279663416117488E-03   7.1281255564337962E+03
   7.7001000000000005E+01   2.3278789017673607E-03   7.1283933032607301E+03
   7.8000000000000000E+01   2.2846930382867041E-03   7.2631360520117396E+03
   7.9000000000000000E+01   2.2417363706395891E-03   7.4023139346336056E+03
   8.0000000000000000E+01   2.2015826818621042E-03   7.5373214510050193E+03
   8.1000000000000000E+01   2.1623685915322373E-03   7.6740091578938427E+03
   8.2000000000000000E+01   2.1234846715466357E-03   7.8145308023693742E+03
   8.3000000000000000E+01   2.0848923239208295E-03   7.9591814808708214E+03
   8.4000000000000000E+01   2.0480933829855946E-03   8.1021873865783155E+03
   8.5000000000000000E+01   2.0116307059460077E-03   8.2490470666964356E+03
   8.6000000000000000E+01   1.9754978181000470E-03   8.3999264499921646E+03
   8.7000000000000000E+01   1.9412094756635372E-03   8.5482976372183039E+03
   8.8000000000000000E+01   1.9074842354835063E-03   8.6994356574350222E+03
   8.9000000000000000E+01   1.8753411018331151E-03   8.8485429972925995E+03
   9.0000000000000000E+01   1.8436993146253905E-03   9.0004027460041834E+03
   9.1000000000000000E+01   1.8122900963611921E-03   9.1563908049151432E+03
   9.2000000000000000E+01   1.7814245362645599E-03   9.3150375086649256E+03
   9.3000000000000000E+01   1.7526625818725103E-03   9.4679013209899513E+03
   9.4000000000000000E+01   1.7241058760749698E-03   9.6247200386195036E+03
   9.5000000000000000E+01   1.6955490933069591E-03   9.7868215315404286E+03
   9.6000000000000000E+01   1.6679566115117474E-03   9.9487218430223093E+03
   9.7000000000000000E+01   1.6413255899467094E-03   1.0110142969682920E+04
   9.8000000000000000E+01   1.6147429604033770E-03   1.0276580719704800E+04
   9.9000000000000000E+01   1.5883714337717313E-03   1.0447201467704792E+04
   1.0000000000000000E+02   1.5630499414250529E-03   1.0616446688217397E+04
   1.1000000000000000E+02   1.3417747829995923E-03   1.2367229273055611E+04
   1.2000000000000000E+02   1.1617990815313418E-03   1.4283051723787008E+04
   1.2099900000000000E+02   1.1455392793943383E-03   1.4485785579464269E+04
   1.2100100000000000E+02   1.1455067272376630E-03   1.4486197225725733E+04
   1.3000000000000000E+02   1.0165405264989053E-03   1.6324028350657467E+04
   1.4000000000000000E+02   8.9695229650301573E-04   1.8500467013525958E+04
   1.5000000000000000E+02   7.9781933280319664E-04   2.0799240745214880E+04
   1.6000000000000000E+02   7.1521207230743815E-04   2.3201560791087082E+04
   1.7000000000000000E+02   6.4509916718066059E-04   2.5723233292460947E+04
   1.8000000000000000E+02   5.8525408260838531E-04   2.8353559363829445E+04
   1.9000000000000000E+02   5.3378818650094738E-04   3.1087305402797530E+04
   2.0000000000000000E+02   4.8875045551008249E-04   3.3951960938516357E+04
   2.1000000000000000E+02   4.4921332697553704E-04   3.6940213875409048E+04
   2.2000000000000000E+02   4.1427877275850797E-04   4.0055241700335486E+04
   2.3000000000000000E+02   3.8270928313859456E-04   4.3359377745093843E+04
   2.4000000000000000E+02   3.5487074485585475E-04   4.6760789991016987E+04
   2.5000000000000000E+02   3.2967885303321657E-04   5.0333942324436794E+04
   2.6000000000000000E+02   3.0662274212548139E-04   5.4118739722735576E+04
   2.7000000000000000E+02   2.8612922764847693E-04   5.7994901501453540E+04
   2.8000000000000000E+02   2.6764831382899388E-04   6.1999405625856751E+04
   2.9000000000000000E+02   2.5059617388750429E-04   6.6218235165911450E+04
   3.0000000000000000E+02   2.3497990852662556E-04   7.0618958353539943E+04
   3.1000000000000000E+02   2.2091650576404369E-04   7.5114515851903532E+04
   3.2000000000000000E+02   2.0801546047141792E-04   7.9773091560376968E+04
   3.3000000000000000E+02   1.9619849251536380E-04   8.4577797522378823E+04
   3.4000000000000000E+02   1.8509451995792238E-04   8.9651689190650955E+04
   3.5000000000000000E+02   1.7498451578248537E-04   9.4831455800281357E+04
   3.6000000000000000E+02   1.6574845572762557E-04   1.0011578268595984E+05
   3.7000000000000000E+02   1.5714879117642043E-04   1.0559442583004908E+05
   3.8000000000000000E+02   1.4921152577356342E-04   1.1121149179415769E+05
   3.9000000000000000E+02   1.4178381370002645E-04   1.1703759365133583E+05
   4.0000000000000000E+02   1.3491334358958928E-04   1.2299774012450532E+05
   4.1000000000000000E+02   1.2847928510937093E-04   1.2915729068724459E+05
   4.2000000000000000E+02   1.2250117240509837E-04   1.3546022497879187E+05
   4.3000000000000000E+02   1.1698773232868127E-04   1.4184424335655000E+05
   4.4000000000000000E+02   1.1177491618137842E-04   1.4845939447839142E+05
   4.5000000000000000E+02   1.0691634669618236E-04   1.5520579300483072E+05
   4.6000000000000000E+02   1.0232910066797804E-04   1.6216341456964632E+05
   4.7000000000000000E+02   9.7958801047941994E-05   1.6939811631666575E+05
   4.8000000000000000E+02   9.3888967559875271E-05   1.7674106772532116E+05
   4.9000000000000000E+02   9.0083265400927673E-05   1.8420775823685352E+05
   5.0000000000000000E+02   8.6472226244646317E-05   1.9190018685551963E+05
   5.1000000000000000E+02   8.3069730698693948E-05   1.9976032466446041E+05
   5.2000000000000000E+02   7.9831212727835051E-05   2.0786401467723778E+05
   5.3000000000000000E+02   7.6695447808890430E-05   2.1636272879596954E+05
   5.4000000000000000E+02   7.3785020246104949E-05   2.2489709047733684E+05
   5.5000000000000000E+02   7.1070757226553185E-05   2.3348613440635463E+05
   5.6000000000000000E+02   6.8427944467020407E-05   2.4250379729231927E+05
   5.7000000000000000E+02   6.5994191619232382E-05   2.5144692232769882E+05
   5.8000000000000000E+02   6.3629277375439346E-05   2.6079246942014826E+05
   5.9000000000000000E+02   6.1393402320853688E-05   2.7029022251343529E+05
   6.0000000000000000E+02   5.9205992326776197E-05   2.8027629842892883E+05
   6.1000000000000000E+02   5.7172811812297575E-05   2.9024348896184791E+05
   6.2000000000000000E+02   5.5244931832886191E-05   3.0037210335161100E+05
   6.3000000000000000E+02   5.3407328186253488E-05   3.1070710589172546E+05
   6.4000000000000000E+02   5.1627010189673208E-05   3.2142160301739979E+05
   6.5000000000000000E+02   4.9980292879752893E-05   3.3201158732870634E+05
   6.6000000000000000E+02   4.8351213878284453E-05   3.4319792706617294E+05
   6.7000000000000000E+02   4.6807311875886852E-05   3.5451803808261297E+05
   6.8000000000000000E+02   4.5347318470712582E-05   3.6593203156825248E+05
   6.9000000000000000E+02   4.3942272334559547E-05   3.7763264147606643E+05
   7.0000000000000000E+02   4.2564244551026627E-05   3.8985859021337098E+05
   7.1000000000000000E+02   4.1287897753918453E-05   4.0191042113752395E+05
   7.2000000000000000E+02   4.0044410600624246E-05   4.1439082571742771E+05
   7.3000000000000000E+02   3.8863210063724679E-05   4.2698573656038364E+05
   7.4000000000000000E+02   3.7756286092113652E-05   4.3950393673986057E+05
   7.5000000000000000E+02   3.6665043220161095E-05   4.5258466694062954E+05
   7.6000000000000000E+02   3.5635586019334642E-05   4.6565914098219253E+05
   7.7000000000000000E+02   3.4641713509414254E-05   4.7901892525180051E+05
   7.8000000000000000E+02   3.3673104360607586E-05   4.9279793738212320E+05
   7.9000000000000000E+02   3.2738080147141898E-05   5.0687261744055228E+05
   8.0000000000000000E+02   3.1867183410007835E-05   5.2072491505317879E+05
   8.1000000000000000E+02   3.1005499102388554E-05   5.3519655720949359E+05
   8.2000000000000000E+02   3.0167762663288183E-05   5.5005856945281685E+05
   8.3000000000000000E+02   2.9380561019567787E-05   5.6479644357739051E+05
   8.4000000000000000E+02   2.8608471492226068E-05   5.8003925091452664E+05
   8.5000000000000000E+02   2.7874840730100739E-05   5.9530515473910037E+05
   8.6000000000000000E+02   2.7176294517671727E-05   6.1060702603770781E+05
   8.7000000000000000E+02   2.6495610552484943E-05   6.2629379086356226E+05
   8.8000000000000000E+02   2.5832669732956897E-05   6.4236629607779172E+05
   8.9000000000000000E+02   2.5208238682704691E-05   6.5827829476819118E+05
   9.0000000000000000E+02   2.4586079397961247E-05   6.7493625582029251E+05
   9.1000000000000000E+02   2.3988066926838533E-05   6.9176213426328718E+05
   9.2000000000000000E+02   2.3406051335672207E-05   7.0896351273356844E+05
   9.3000000000000000E+02   2.2854410185386537E-05   7.2607589692998852E+05
   9.4000000000000000E+02   2.2305635109400737E-05   7.4393920158618665E+05
   9.5000000000000000E+02   2.1777384613246858E-05   7.6198481446970871E+05
   9.6000000000000000E+02   2.1272733592373868E-05   7.8006130721766979E+05
   9.7000000000000000E+02   2.0782464196172547E-05   7.9846336880572978E+05
   9.8000000000000000E+02   2.0320556793246182E-05   8.1661327211642417E+05
   9.9000000000000000E+02   1.9861624687496157E-05   8.3548232509937300E+05
   1.0000000000000000E+03   1.9404960887633780E-05   8.5514402581121901E+05
   1.1000000000000000E+03   1.5634545955392321E-05   1.0613698934082028E+06
   1.2000000000000000E+03   1.2811366241485676E-05   1.2952589178526257E+06
   1.3000000000000000E+03   1.0629514204397638E-05   1.5611283879083691E+06
   1.4000000000000000E+03   8.9412212646825723E-06   1.8559026650762020E+06
   1.5000000000000000E+03   7.5863183985794050E-06   2.1873635540089849E+06
   1.5639990000000000E+03   6.8683480560498019E-06   2.4160156472478095E+06
   1.5640010000000000E+03   6.8683278786914979E-06   2.4160227448724778E+06
   1.6000000000000000E+03   6.5070343269336793E-06   2.5501688696300504E+06
   1.7000000000000000E+03   5.6183772999910152E-06   2.9535283033033279E+06
   1.8000000000000000E+03   4.8911741196666078E-06   3.3926488749272907E+06
   1.9000000000000000E+03   4.2846122961104118E-06   3.8729376726161498E+06
   2.0000000000000000E+03   3.7730935993142133E-06   4.3979922409495702E+06
   2.1000000000000000E+03   3.3458180652969549E-06   4.9596349981712494E+06
   2.2000000000000000E+03   2.9774054539369957E-06   5.5733210108211013E+06
   2.3000000000000000E+03   2.6624235486038832E-06   6.2326808906351309E+06
   2.4000000000000000E+03   2.3921024113276648E-06   6.9370091746826060E+06
   2.5000000000000000E+03   2.1571845605564106E-06   7.6924509277408486E+06
   2.6000000000000000E+03   1.9516301941589459E-06   8.5026540498424638E+06
   2.7000000000000000E+03   1.7703403520401355E-06   9.3733593967044093E+06
   2.8000000000000000E+03   1.6132508422957931E-06   1.0286085671925435E+07
   2.9000000000000000E+03   1.4739248254111091E-06   1.1258400759707652E+07
   3.0000000000000000E+03   1.3487805167125698E-06   1.2302992346453538E+07
   3.1000000000000000E+03   1.2389051010136119E-06   1.3394114174349563E+07
   3.2000000000000000E+03   1.1398723853222323E-06   1.4557801897682963E+07
   3.3000000000000000E+03   1.0521265635947581E-06   1.5771901355160380E+07
   3.4000000000000000E+03   9.7309761752898836E-07   1.7052797247924682E+07
   3.5000000000000000E+03   9.0098258133442550E-07   1.8417710528413694E+07
   3.6000000000000000E+03   8.3626309105675257E-07   1.9843081144704316E+07
   3.7000000000000000E+03   7.7746424682631322E-07   2.1343793546647206E+07
   3.8000000000000000E+03   7.2474350631107230E-07   2.2896426431778129E+07
   3.9000000000000000E+03   6.7647328921036062E-07   2.4530216697144721E+07
   4.0000000000000000E+03   6.3184911810962249E-07   2.6262656540230256E+07
   4.1000000000000000E+03   5.9103751452136589E-07   2.8076113557019446E+07
   4.2000000000000000E+03   5.5419707997593232E-07   2.9942482509797852E+07
   4.3000000000000000E+03   5.1990177389411280E-07   3.1917637537316933E+07
   4.4000000000000000E+03   4.8851108762550551E-07   3.3968597222262949E+07
   4.5000000000000000E+03   4.5985741553438830E-07   3.6085177304093055E+07
   4.6000000000000000E+03   4.3341416093462941E-07   3.8286788642014921E+07
   4.7000000000000000E+03   4.0862355790141506E-07   4.0609592994058095E+07
   4.8000000000000000E+03   3.8558185213574601E-07   4.3036352157773197E+07
   4.9000000000000000E+03   3.6455575549076150E-07   4.5518514312911242E+07
   5.0000000000000000E+03   3.4481189127225349E-07   4.8124895904643334E+07
   5.1000000000000000E+03   3.2657364079894801E-07   5.0812540576036133E+07
   5.2000000000000000E+03   3.0962795605482135E-07   5.3593469354628727E+07
   5.3000000000000000E+03   2.9387676760984483E-07   5.6465968743030705E+07
   5.4000000000000000E+03   2.7927872612349389E-07   5.9417473734904900E+07
   5.5000000000000000E+03   2.6545057940119342E-07   6.2512714839777030E+07
   5.6000000000000000E+03   2.5241912236435606E-07   6.5740012954357810E+07
   5.7000000000000000E+03   2.4024918175753041E-07   6.9070105682639942E+07
   5.8000000000000000E+03   2.2886809884271810E-07   7.2504802801565140E+07
   5.9000000000000000E+03   2.1834283947570187E-07   7.5999911029860228E+07
   6.0000000000000000E+03   2.0823279877864252E-07   7.9689830187608123E+07
   6.1000000000000000E+03   1.9882401197847824E-07   8.3460927123614341E+07
   6.2000000000000000E+03   1.9005917831129780E-07   8.7309839606804132E+07
   6.3000000000000000E+03   1.8179339835434565E-07   9.1279642299308658E+07
   6.4000000000000000E+03   1.7403876322084375E-07   9.5346784055823565E+07
   6.5000000000000000E+03   1.6662745085209010E-07   9.9587650710028544E+07
   6.6000000000000000E+03   1.5950852037054092E-07   1.0403228827909742E+08
   6.7000000000000000E+03   1.5290564225097372E-07   1.0852468313055153E+08
   6.8000000000000000E+03   1.4663660220076013E-07   1.1316435409108502E+08
   6.9000000000000000E+03   1.4069694360208371E-07   1.1794169759004375E+08
   7.0000000000000000E+03   1.3515911911534252E-07   1.2277407904678135E+08
   7.1000000000000000E+03   1.2977386514621956E-07   1.2786886138794947E+08
   7.2000000000000000E+03   1.2476914960539558E-07   1.3299791195693776E+08
   7.3000000000000000E+03   1.1997698752928987E-07   1.3831016027227148E+08
   7.4000000000000000E+03   1.1547720061004282E-07   1.4369967652919745E+08
   7.5000000000000000E+03   1.1113907856874361E-07   1.4930874529337019E+08
   7.6000000000000000E+03   1.0710123389608616E-07   1.5493786365020394E+08
   7.7000000000000000E+03   1.0317336275909021E-07   1.6083644005001047E+08
   7.8000000000000000E+03   9.9435809571892717E-08   1.6688189542181787E+08
   7.9000000000000000E+03   9.5864971200036590E-08   1.7309801657932448E+08
   8.0000000000000000E+03   9.2432302750185053E-08   1.7952637639039212E+08
   8.1000000000000000E+03   8.9205501177082933E-08   1.8602032559874722E+08
   8.2000000000000000E+03   8.6122743907992046E-08   1.9267890943986166E+08
   8.3000000000000000E+03   8.3213980084772553E-08   1.9941404505896196E+08
   8.4000000000000000E+03   8.0401058342376149E-08   2.0639077042365685E+08
   8.5000000000000000E+03   7.7696201782653504E-08   2.1357590195438859E+08
   8.6000000000000000E+03   7.5114738298554031E-08   2.2091585153641990E+08
   8.7000000000000000E+03   7.2668622863544246E-08   2.2835215145497337E+08
   8.8000000000000000E+03   7.0345988070348240E-08   2.3589172359859142E+08
   8.9000000000000000E+03   6.8085872971187692E-08   2.4372216511320335E+08
   9.0000000000000000E+03   6.5955905224424315E-08   2.5159288342259628E+08
   9.1000000000000000E+03   6.3875569105919452E-08   2.5978690454630488E+08
   9.2000000000000000E+03   6.1904641577846107E-08   2.6805803169529903E+08
   9.3000000000000000E+03   5.9962383092400274E-08   2.7674077510544354E+08
   9.4000000000000000E+03   5.8139390861274629E-08   2.8541813266938305E+08
   9.5000000000000000E+03   5.6348957896322403E-08   2.9448701437730408E+08
   9.6000000000000000E+03   5.4674612581059586E-08   3.0350533073386443E+08
   9.7000000000000000E+03   5.3044272274878612E-08   3.1283370781616348E+08
   9.8000000000000000E+03   5.1473802667112255E-08   3.2237828787346798E+08
   9.9000000000000000E+03   5.0015348255056397E-08   3.3177888294485265E+08
   1.0000000000000000E+04   4.8557459790977359E-08   3.4174020728415030E+08
   1.1000000000000000E+04   3.6775527005721035E-08   4.5122497827370149E+08
   1.2000000000000000E+04   2.8445466085006358E-08   5.8336313859547317E+08
   1.3000000000000000E+04   2.2446071000975862E-08   7.3928467808192170E+08
   1.4000000000000000E+04   1.7984008619908550E-08   9.2271065505332136E+08
   1.5000000000000000E+04   1.4628302426673884E-08   1.1343788151318302E+09
   1.6000000000000000E+04   1.2052706485102275E-08   1.3767892211323178E+09
   1.7000000000000000E+04   1.0025923921211629E-08   1.6551129356819429E+09
   1.8000000000000000E+04   8.4315147387047088E-09   1.9680967048525441E+09
   1.9000000000000000E+04   7.1594515754166039E-09   2.3177803773600912E+09
   2.0000000000000000E+04   6.1202551381802605E-09   2.7113308186518369E+09
   2.1000000000000000E+04   5.2673911912513308E-09   3.1503330152735982E+09
   2.2000000000000000E+04   4.5684001593092165E-09   3.6323517633073468E+09
   2.3000000000000000E+04   3.9851418545528612E-09   4.1639763350462399E+09
   2.4000000000000000E+04   3.4945873774260964E-09   4.7484966269129515E+09
   2.5000000000000000E+04   3.0804300482288585E-09   5.3869219928241501E+09
   2.6000000000000000E+04   2.7265269619313251E-09   6.0861442435199957E+09
   2.7000000000000000E+04   2.4260399976644882E-09   6.8399681745293655E+09
   2.8000000000000000E+04   2.1664333179956109E-09   7.6596109542449427E+09
   2.9000000000000000E+04   1.9440578964481077E-09   8.5357727280028763E+09
   3.0000000000000000E+04   1.7476589418718748E-09   9.4950084233179569E+09
   3.1000000000000000E+04   1.5778109377111044E-09   1.0517125960752306E+10
   3.2000000000000000E+04   1.4282995423253657E-09   1.1618036610964821E+10
   3.3000000000000000E+04   1.2967453700713075E-09   1.2796680641510906E+10
   3.4000000000000000E+04   1.1813805538050286E-09   1.4046309058257128E+10
   3.5000000000000000E+04   1.0784729968618255E-09   1.5386603487010099E+10
   3.6000000000000000E+04   9.8753574383201627E-10   1.6803479243970644E+10
   3.7000000000000000E+04   9.0609771949635959E-10   1.8313738151094715E+10
   3.8000000000000000E+04   8.3275205442197818E-10   1.9926743243735962E+10
   3.9000000000000000E+04   7.6694379840875515E-10   2.1636574164351395E+10
   4.0000000000000000E+04   7.0808612732061011E-10   2.3435053638110439E+10
   4.1000000000000000E+04   6.5448559015750582E-10   2.5354318908941822E+10
   4.2000000000000000E+04   6.0661414143961405E-10   2.7355175622479725E+10
   4.3000000000000000E+04   5.6286547066059918E-10   2.9481354318439606E+10
   4.4000000000000000E+04   5.2340455409754192E-10   3.1704035137355579E+10
   4.5000000000000000E+04   4.8751239174981632E-10   3.4038183756929394E+10
   4.6000000000000000E+04   4.5492711390656320E-10   3.6476252715877083E+10
   4.7000000000000000E+04   4.2496383793489179E-10   3.9048113963764488E+10
   4.8000000000000000E+04   3.9741877178093719E-10   4.1754535901256477E+10
   4.9000000000000000E+04   3.7205494666831202E-10   4.4601036816623817E+10
   5.0000000000000000E+04   3.4875610572965743E-10   4.7580633289395271E+10
   5.1000000000000000E+04   3.2730528479166279E-10   5.0698956433663681E+10
   5.2000000000000000E+04   3.0765592710125190E-10   5.3936995560300629E+10
   5.3000000000000000E+04   2.8954073691810257E-10   5.7311577468472305E+10
   5.4000000000000000E+04   2.7272556695232258E-10   6.0845180595266075E+10
   5.5000000000000000E+04   2.5727411164512921E-10   6.4499440958324501E+10
   5.6000000000000000E+04   2.4285160880820063E-10   6.8329942122253082E+10
   5.7000000000000000E+04   2.2955758491339626E-10   7.2287031510724091E+10
   5.8000000000000000E+04   2.1714626937236678E-10   7.6418703494760986E+10
   5.9000000000000000E+04   2.0558286456920568E-10   8.0717020890495087E+10
   6.0000000000000000E+04   1.9479390508772391E-10   8.5187657009532227E+10
   6.1000000000000000E+04   1.8493024835635108E-10   8.9731325846621597E+10
   6.2000000000000000E+04   1.7551765498152485E-10   9.4543402918111572E+10
   6.3000000000000000E+04   1.6673794013461647E-10   9.9521658722442795E+10
   6.4000000000000000E+04   1.5861932156742923E-10   1.0461547943959813E+11
   6.5000000000000000E+04   1.5092188109098661E-10   1.0995116317266356E+11
   6.6000000000000000E+04   1.4370173056284200E-10   1.1547555001019060E+11
   6.7000000000000000E+04   1.3693549195032228E-10   1.2118141277924069E+11
   6.8000000000000000E+04   1.3057213832310401E-10   1.2708711511714728E+11
   6.9000000000000000E+04   1.2458457517627680E-10   1.3319495090528838E+11
   7.0000000000000000E+04   1.1894851937056078E-10   1.3950603556875668E+11
   7.1000000000000000E+04   1.1368366158510267E-10   1.4596676552099121E+11
   7.2000000000000000E+04   1.0874100117674262E-10   1.5260146765790039E+11
   7.3000000000000000E+04   1.0401538909005807E-10   1.5953443542659857E+11
   7.4000000000000000E+04   9.9513933114470490E-11   1.6675088457284009E+11
   7.5000000000000000E+04   9.5343223990409853E-11   1.7404526173595215E+11
   7.6000000000000000E+04   9.1375953028779780E-11   1.8160178716750497E+11
   7.7000000000000000E+04   8.7613641324923818E-11   1.8940014503700146E+11
   7.8000000000000000E+04   8.4096034492730499E-11   1.9732245966478757E+11
   7.9000000000000000E+04   8.0707577181568279E-11   2.0560692011394049E+11
   8.0000000000000000E+04   7.7511979900846718E-11   2.1408350548376495E+11
   8.1000000000000000E+04   7.4458697772891726E-11   2.2286229642068503E+11
   8.2000000000000000E+04   7.1586219575775948E-11   2.3180489865923373E+11
   8.3000000000000000E+04   6.8870601460974503E-11   2.4094513511056528E+11
   8.4000000000000000E+04   6.6276613855564235E-11   2.5037544027707220E+11
   8.5000000000000000E+04   6.3778809978188653E-11   2.6018102846126001E+11
   8.6000000000000000E+04   6.1421318008430345E-11   2.7016737693389767E+11
   8.7000000000000000E+04   5.9178224619011672E-11   2.8040781015301654E+11
   8.8000000000000000E+04   5.7078869779658509E-11   2.9072117997813086E+11
   8.9000000000000000E+04   5.5020083234570376E-11   3.0159962323964612E+11
   9.0000000000000000E+04   5.3086997601396197E-11   3.1258193388062262E+11
   9.1000000000000000E+04   5.1217942757300711E-11   3.2398873287028009E+11
   9.2000000000000000E+04   4.9455854547066969E-11   3.3553229493523175E+11
   9.3000000000000000E+04   4.7748706611960844E-11   3.4752849975634027E+11
   9.4000000000000000E+04   4.6144951700417203E-11   3.5960675572687549E+11
   9.5000000000000000E+04   4.4576843482184035E-11   3.7225687325286981E+11
   9.6000000000000000E+04   4.3117957531667216E-11   3.8485209699400073E+11
   9.7000000000000000E+04   4.1686364617567302E-11   3.9806868568163422E+11
   9.8000000000000000E+04   4.0342418209386942E-11   4.1132973953205579E+11
   9.9000000000000000E+04   3.9042674114223937E-11   4.2502304851385413E+11
   1.0000000000000000E+05   3.7789627682122767E-11   4.3911616472502533E+11
   1.1000000000000000E+05   2.7812315844997809E-11   5.9664346063957568E+11
   1.2000000000000000E+05   2.1016910627282338E-11   7.8955640381414819E+11
   1.3000000000000000E+05   1.6248372504889012E-11   1.0212737533662142E+12
   1.4000000000000000E+05   1.2828673879377490E-11   1.2935114361926252E+12
   1.5000000000000000E+05   1.0292447635395341E-11   1.6122536603532603E+12
   1.6000000000000000E+05   8.3742270316695854E-12   1.9815603650826760E+12
   1.7000000000000000E+05   6.9170423240859904E-12   2.3990074943416099E+12
   1.8000000000000000E+05   5.7765162223748635E-12   2.8726719938714536E+12
   1.9000000000000000E+05   4.8694266429947926E-12   3.4078008748797451E+12
   2.0000000000000000E+05   4.1443392801077220E-12   4.0040245869370703E+12
   2.1000000000000000E+05   3.5578674326549836E-12   4.6640400993742051E+12
   2.2000000000000000E+05   3.0768194182822210E-12   5.3932435148972109E+12
   2.3000000000000000E+05   2.6797110804096666E-12   6.1924722017507754E+12
   2.4000000000000000E+05   2.3487762899683529E-12   7.0649710000197520E+12
   2.5000000000000000E+05   2.0725154598883892E-12   8.0067129511564814E+12
   2.6000000000000000E+05   1.8370861777688239E-12   9.0328023665793242E+12
   2.7000000000000000E+05   1.6368708242634386E-12   1.0137657858021512E+13
   2.8000000000000000E+05   1.4671764267007447E-12   1.1310184700469584E+13
   2.9000000000000000E+05   1.3193401869350668E-12   1.2577526659526438E+13
   3.0000000000000000E+05   1.1916822200771853E-12   1.3924883743826939E+13
   3.1000000000000000E+05   1.0814194787751729E-12   1.5344680486942010E+13
   3.2000000000000000E+05   9.8354534477617624E-13   1.6871653617492008E+13
   3.3000000000000000E+05   8.9828681576720558E-13   1.8472982217809602E+13
   3.4000000000000000E+05   8.2241178254394387E-13   2.0177284331737707E+13
   3.5000000000000000E+05   7.5616110710213963E-13   2.1945106959751281E+13
   3.6000000000000000E+05   6.9658938321693494E-13   2.3821833599483109E+13
   3.7000000000000000E+05   6.4370085823246765E-13   2.5779111775189816E+13
   3.8000000000000000E+05   5.9645018462381835E-13   2.7821328254976180E+13
   3.9000000000000000E+05   5.5392444897404994E-13   2.9957219626060934E+13
   4.0000000000000000E+05   5.1545636245099059E-13   3.2192902412254449E+13
   4.1000000000000000E+05   4.8073680963616047E-13   3.4517923407444883E+13
   4.2000000000000000E+05   4.4936838957581082E-13   3.6927466993894766E+13
   4.3000000000000000E+05   4.2097608216521325E-13   3.9418002773012695E+13
   4.4000000000000000E+05   3.9505501884426127E-13   4.2004367955396375E+13
   4.5000000000000000E+05   3.7137143037941152E-13   4.4683125886143430E+13
   4.6000000000000000E+05   3.4951363430902696E-13   4.7477508014719008E+13
   4.7000000000000000E+05   3.2981496653833460E-13   5.0313169679131773E+13
   4.8000000000000000E+05   3.1159293552778121E-13   5.3255496136499844E+13
   4.9000000000000000E+05   2.9497256103531594E-13   5.6256203342837898E+13
   5.0000000000000000E+05   2.7943468232208775E-13   5.9384312055557367E+13
   5.1000000000000000E+05   2.6500227964824586E-13   6.2618466513520953E+13
   5.2000000000000000E+05   2.5185129046883696E-13   6.5888232469524211E+13
   5.3000000000000000E+05   2.3971827576397074E-13   6.9223075801275438E+13
   5.4000000000000000E+05   2.2830817393172579E-13   7.2682620549200062E+13
   5.5000000000000000E+05   2.1774308122846589E-13   7.6209247524834938E+13
   5.6000000000000000E+05   2.0782605924468112E-13   7.9845792363428500E+13
   5.7000000000000000E+05   1.9866802204318792E-13   8.3526458881002312E+13
   5.8000000000000000E+05   1.9014784338313666E-13   8.7269127426937969E+13
   5.9000000000000000E+05   1.8217949283521559E-13   9.1086192610987125E+13
   6.0000000000000000E+05   1.7463201848072190E-13   9.5022874490752438E+13
   6.1000000000000000E+05   1.6739733366505500E-13   9.9129633733374578E+13
   6.2000000000000000E+05   1.6094187624742279E-13   1.0310577185424184E+14
   6.3000000000000000E+05   1.5475832381105210E-13   1.0722548529551423E+14
   6.4000000000000000E+05   1.4896873613244245E-13   1.1139274457834742E+14
   6.5000000000000000E+05   1.4337699867583371E-13   1.1573708842712253E+14
   6.6000000000000000E+05   1.3820271345697745E-13   1.2007026460682427E+14
   6.7000000000000000E+05   1.3318298132489271E-13   1.2459577199041773E+14
   6.8000000000000000E+05   1.2863972632905560E-13   1.2899620395423939E+14
   6.9000000000000000E+05   1.2427744740769007E-13   1.3352411656576708E+14
   7.0000000000000000E+05   1.2015544431721756E-13   1.3810473980980127E+14
   7.1000000000000000E+05   1.1620652287283930E-13   1.4279780483853447E+14
   7.2000000000000000E+05   1.1245193230875268E-13   1.4756559565912238E+14
   7.3000000000000000E+05   1.0883158754249494E-13   1.5247444927403088E+14
   7.4000000000000000E+05   1.0549476643124143E-13   1.5729724739450397E+14
   7.5000000000000000E+05   1.0228788083887550E-13   1.6222876295872650E+14
   7.6000000000000000E+05   9.9258919794754173E-14   1.6717929641460181E+14
   7.7000000000000000E+05   9.6397705452069314E-14   1.7214140415833084E+14
   7.8000000000000000E+05   9.3565958963307783E-14   1.7735121360395403E+14
   7.9000000000000000E+05   9.0942534474741604E-14   1.8246727419686359E+14
   8.0000000000000000E+05   8.8330327351809900E-14   1.8786340854447634E+14
   8.1000000000000000E+05   8.5994605514696279E-14   1.9296601542435722E+14
   8.2000000000000000E+05   8.3712300318589838E-14   1.9822697872364391E+14
   8.3000000000000000E+05   8.1566025031897675E-14   2.0344299440448444E+14
   8.4000000000000000E+05   7.9419782456025121E-14   2.0894084396854834E+14
   8.5000000000000000E+05   7.7405387642176359E-14   2.1437831240985478E+14
   8.6000000000000000E+05   7.5466496703576464E-14   2.1988613621935866E+14
   8.7000000000000000E+05   7.3527697483424043E-14   2.2568415633987900E+14
   8.8000000000000000E+05   7.1795004838243078E-14   2.3113079261638606E+14
   8.9000000000000000E+05   7.0084301555441992E-14   2.3677251546886372E+14
   9.0000000000000000E+05   6.8501411732337005E-14   2.4224371373542016E+14
   9.1000000000000000E+05   6.6936796256629692E-14   2.4790604424120247E+14
   9.2000000000000000E+05   6.5372266601445855E-14   2.5383908554569503E+14
   9.3000000000000000E+05   6.3925885490267436E-14   2.5958242497378938E+14
   9.4000000000000000E+05   6.2520416960132928E-14   2.6541787756696872E+14
   9.5000000000000000E+05   6.1115012805085866E-14   2.7152144150053216E+14
   9.6000000000000000E+05   5.9803314509246120E-14   2.7747686746684938E+14
   9.7000000000000000E+05   5.8585087465683248E-14   2.8324676281964256E+14
   9.8000000000000000E+05   5.7366925315594853E-14   2.8926138681602669E+14
   9.9000000000000000E+05   5.6190687213624771E-14   2.9531648742919762E+14
   1.0000000000000000E+06   5.5070317158820601E-14   3.0132451073967594E+14
   1.1000000000000000E+06   4.5471554587606817E-14   3.6493224224805956E+14
   1.2000000000000000E+06   3.8335785615839960E-14   4.3286021422511050E+14
   1.3000000000000000E+06   3.2977066079016467E-14   5.0319929415186194E+14
   1.4000000000000000E+06   2.8780786904462743E-14   5.7656645835445625E+14
   1.5000000000000000E+06   2.5464249641609025E-14   6.5166013559046538E+14
   1.6000000000000000E+06   2.2791021934942536E-14   7.2809531847797050E+14
   1.7000000000000000E+06   2.0612905215138478E-14   8.0503142089711088E+14
   1.8000000000000000E+06   1.8780979379719573E-14   8.8355543332736300E+14
   1.9000000000000000E+06   1.7237394128689009E-14   9.6267662329204150E+14
   2.0000000000000000E+06   1.5899912416071012E-14   1.0436558353232054E+15
   2.1000000000000000E+06   1.4760383003141101E-14   1.1242280346403669E+15
   2.2000000000000000E+06   1.3742434406077481E-14   1.2075034076074482E+15
   2.3000000000000000E+06   1.2864471067325554E-14   1.2899120599141892E+15
   2.4000000000000000E+06   1.2084956631878754E-14   1.3731150950419795E+15
   2.5000000000000000E+06   1.1376676894304427E-14   1.4586013585801990E+15
   2.6000000000000000E+06   1.0754471070591071E-14   1.5429895403724750E+15
   2.7000000000000000E+06   1.0198651583779281E-14   1.6270814075610572E+15
   2.8000000000000000E+06   9.6843715718086369E-15   1.7134861308363990E+15
   2.9000000000000000E+06   9.2142560230175554E-15   1.8009089754732095E+15
   3.0000000000000000E+06   8.7962987959690154E-15   1.8864793885542822E+15
   3.1000000000000000E+06   8.4137493655404297E-15   1.9722522805496635E+15
   3.2000000000000000E+06   8.0544386561205890E-15   2.0602349937261665E+15
   3.3000000000000000E+06   7.7223442842392454E-15   2.1488340539319960E+15
   3.4000000000000000E+06   7.4260842860772008E-15   2.2345607368437410E+15
   3.5000000000000000E+06   7.1464252226916089E-15   2.3220051784030935E+15
   3.6000000000000000E+06   6.8881518731792453E-15   2.4090694688038830E+15
   3.7000000000000000E+06   6.6418670830328567E-15   2.4983993456525345E+15
   3.8000000000000000E+06   6.4157131634559686E-15   2.5864679344893975E+15
   3.9000000000000000E+06   6.1966739424057322E-15   2.6778940651697580E+15
   4.0000000000000000E+06   6.0030669321906877E-15   2.7642597628183975E+15
   4.1000000000000000E+06   5.8155051458491526E-15   2.8534127230554475E+15
   4.2000000000000000E+06   5.6384905520097554E-15   2.9429926717258935E+15
   4.3000000000000000E+06   5.4764224727726192E-15   3.0300869694881520E+15
   4.4000000000000000E+06   5.3143581022126525E-15   3.1224911936686030E+15
   4.5000000000000000E+06   5.1684559328422575E-15   3.2106371012502645E+15
   4.6000000000000000E+06   5.0233354741280075E-15   3.3033900402682000E+15
   4.7000000000000000E+06   4.8927218528054765E-15   3.3915756655256035E+15
   4.8000000000000000E+06   4.7666418496461708E-15   3.4812844970494640E+15
   4.9000000000000000E+06   4.6468801222965432E-15   3.5710059087901385E+15
   5.0000000000000000E+06   4.5316363902993091E-15   3.6618199133722600E+15
   5.1000000000000000E+06   4.4257139647542098E-15   3.7494597496162350E+15
   5.2000000000000000E+06   4.3210485489439753E-15   3.8402800121780225E+15
   5.3000000000000000E+06   4.2188556558850334E-15   3.9333027075749270E+15
   5.4000000000000000E+06   4.1256127144055632E-15   4.0221992520573615E+15
   5.5000000000000000E+06   4.0323715125945172E-15   4.1152052389843975E+15
   5.6000000000000000E+06   3.9443552161619717E-15   4.2070339674698750E+15
   5.7000000000000000E+06   3.8638678413391093E-15   4.2946697598252650E+15
   5.8000000000000000E+06   3.7833827340385472E-15   4.3860316390584145E+15
   5.9000000000000000E+06   3.7063522592558513E-15   4.4771881390173340E+15
   6.0000000000000000E+06   3.6334792968755588E-15   4.5669825030872380E+15
   6.1000000000000000E+06   3.5613085488267900E-15   4.6595334682885050E+15
   6.2000000000000000E+06   3.4936688999564951E-15   4.7497449956883530E+15
   6.3000000000000000E+06   3.4277609983080169E-15   4.8410715864820820E+15
   6.4000000000000000E+06   3.3653042595469600E-15   4.9309171160631700E+15
   6.5000000000000000E+06   3.3028483254800703E-15   5.0241593736365250E+15
   6.6000000000000000E+06   3.2434398217337089E-15   5.1161844480562680E+15
   6.7000000000000000E+06   3.1866888109167766E-15   5.2072974045389980E+15
   6.8000000000000000E+06   3.1299386994132650E-15   5.3017128984893850E+15
   6.9000000000000000E+06   3.0775765321909721E-15   5.3919167242761820E+15
   7.0000000000000000E+06   3.0280325528549582E-15   5.4801380383162760E+15
   7.1000000000000000E+06   2.9784899185441694E-15   5.5712917713252670E+15
   7.2000000000000000E+06   2.9289493281463592E-15   5.6655252498554640E+15
   7.3000000000000000E+06   2.8831188947338344E-15   5.7555851770352800E+15
   7.4000000000000000E+06   2.8384308884548724E-15   5.8462006038813650E+15
   7.5000000000000000E+06   2.7937435006573184E-15   5.9397136387990210E+15
   7.6000000000000000E+06   2.7515236966619188E-15   6.0308535210116040E+15
   7.7000000000000000E+06   2.7101688945821055E-15   6.1228790601698330E+15
   7.8000000000000000E+06   2.6700936801556155E-15   6.2147768437822300E+15
   7.9000000000000000E+06   2.6320275851979709E-15   6.3046589889415070E+15
   8.0000000000000000E+06   2.5939614902403263E-15   6.3971791549700240E+15
   8.1000000000000000E+06   2.5558961787151612E-15   6.4924532194817680E+15
   8.2000000000000000E+06   2.5204405111657320E-15   6.5837841840137180E+15
   8.3000000000000000E+06   2.4859782264685523E-15   6.6750529821546330E+15
   8.4000000000000000E+06   2.4515160656341171E-15   6.7688874679547040E+15
   8.5000000000000000E+06   2.4170554856313904E-15   6.8653932327191300E+15
   8.6000000000000000E+06   2.3857563123864315E-15   6.9554615817244400E+15
   8.7000000000000000E+06   2.3548630838608714E-15   7.0467096316079480E+15
   8.8000000000000000E+06   2.3246870895103683E-15   7.1381806390362310E+15
   8.9000000000000000E+06   2.2964066068938341E-15   7.2260880648683660E+15
   9.0000000000000000E+06   2.2681264428788862E-15   7.3161866377687160E+15
   9.1000000000000000E+06   2.2398464618195709E-15   7.4085597638152370E+15
   9.2000000000000000E+06   2.2115672897860994E-15   7.5032925522086900E+15
   9.3000000000000000E+06   2.1846399725128146E-15   7.5957762299266260E+15
   9.4000000000000000E+06   2.1590100232449067E-15   7.6859468902419520E+15
   9.5000000000000000E+06   2.1333801991822864E-15   7.7782836741996600E+15
   9.6000000000000000E+06   2.1077508875468183E-15   7.8728641378839420E+15
   9.7000000000000000E+06   2.0835206032582901E-15   7.9644215412173030E+15
   9.8000000000000000E+06   2.0597131517197482E-15   8.0564793016470660E+15
   9.9000000000000000E+06   2.0359057016294273E-15   8.1506900643185190E+15
   1.0000000000000000E+07   2.0136544462508288E-15   8.2407567023509950E+15
   1.1000000000000000E+07   1.8096130439672841E-15   9.1699363184190220E+15
   1.2000000000000000E+07   1.6455571369332111E-15   1.0084144756642324E+16
   1.3000000000000000E+07   1.5063170255055625E-15   1.1016297428219646E+16
   1.4000000000000000E+07   1.3889962824301988E-15   1.1946782424159796E+16
   1.5000000000000000E+07   1.2886526894494361E-15   1.2877043217323384E+16
   1.6000000000000000E+07   1.2025238592762978E-15   1.3799340650211306E+16
   1.7000000000000000E+07   1.1273656492547864E-15   1.4719302814600942E+16
   1.8000000000000000E+07   1.0597131553403584E-15   1.5658988746658268E+16
   1.9000000000000000E+07   1.0005278376379932E-15   1.6585282038063976E+16
   2.0000000000000000E+07   9.4701902410365752E-16   1.7522389679411624E+16
   2.1000000000000000E+07   8.9894525304175852E-16   1.8459451582853576E+16
   2.2000000000000000E+07   8.5598075798504959E-16   1.9385992289385348E+16
   2.3000000000000000E+07   8.1679892919602972E-16   2.0315937963451800E+16
   2.4000000000000000E+07   7.8161465676367481E-16   2.1230457016849020E+16
   2.5000000000000000E+07   7.4841400102618974E-16   2.2172268759546776E+16
   2.6000000000000000E+07   7.1802682662119597E-16   2.3110607791977092E+16
   2.7000000000000000E+07   6.9029615014205146E-16   2.4039010460576408E+16
   2.8000000000000000E+07   6.6416582691360011E-16   2.4984778953884776E+16
   2.9000000000000000E+07   6.4044788415489111E-16   2.5910049489908472E+16
   3.0000000000000000E+07   6.1798368787384736E-16   2.6851900300559124E+16
   3.1000000000000000E+07   5.9768598803468301E-16   2.7763803579744392E+16
   3.2000000000000000E+07   5.7825834963781794E-16   2.8696578933194452E+16
   3.3000000000000000E+07   5.6023451541463398E-16   2.9619803702881496E+16
   3.4000000000000000E+07   5.4288570551048985E-16   3.0566353480529724E+16
   3.5000000000000000E+07   5.2709426542107588E-16   3.1482103795805940E+16
   3.6000000000000000E+07   5.1186241598269917E-16   3.2418938871107256E+16
   3.7000000000000000E+07   4.9745345203492656E-16   3.3357968079785924E+16
   3.8000000000000000E+07   4.8401587574052067E-16   3.4284074564232696E+16
   3.9000000000000000E+07   4.7141492806177053E-16   3.5200489815600504E+16
   4.0000000000000000E+07   4.5929669689026849E-16   3.6129230814226632E+16
   4.1000000000000000E+07   4.4742755405120317E-16   3.7087649662857808E+16
   4.2000000000000000E+07   4.3655323353111272E-16   3.8011484280937656E+16
   4.3000000000000000E+07   4.2592838823410853E-16   3.8959686258431784E+16
   4.4000000000000000E+07   4.1590382411778127E-16   3.9898734784080928E+16
   4.5000000000000000E+07   4.0655203217220714E-16   4.0816513166834944E+16
   4.6000000000000000E+07   3.9736311667398749E-16   4.1760384086615680E+16
   4.7000000000000000E+07   3.8860697556069977E-16   4.2701334298535864E+16
   4.8000000000000000E+07   3.8032941932723192E-16   4.3630693632676992E+16
   4.9000000000000000E+07   3.7207079982134061E-16   4.4599136460395312E+16
   5.0000000000000000E+07   3.6464519741694576E-16   4.5507349312998904E+16
   5.1000000000000000E+07   3.5721994428900659E-16   4.6453275186491528E+16
   5.2000000000000000E+07   3.5033841026492358E-16   4.7365735209028592E+16
   5.3000000000000000E+07   3.4349498521243475E-16   4.8309399230087168E+16
   5.4000000000000000E+07   3.3710373374021695E-16   4.9225311716506520E+16
   5.5000000000000000E+07   3.3076441346414764E-16   5.0168747600046960E+16
   5.6000000000000000E+07   3.2482587843100042E-16   5.1085943196133944E+16
   5.7000000000000000E+07   3.1892558085619018E-16   5.2031061069519456E+16
   5.8000000000000000E+07   3.1340358867615411E-16   5.2947818639394488E+16
   5.9000000000000000E+07   3.0794514716890146E-16   5.3886338286925224E+16
   6.0000000000000000E+07   3.0292146754987788E-16   5.4779994657949048E+16
   6.1000000000000000E+07   2.9789788981526821E-16   5.5703772807691432E+16
   6.2000000000000000E+07   2.9287439502246085E-16   5.6659225443343320E+16
   6.3000000000000000E+07   2.8809457092151495E-16   5.7599267910817656E+16
   6.4000000000000000E+07   2.8361395348938803E-16   5.8509238244447992E+16
   6.5000000000000000E+07   2.7913333605726117E-16   5.9448422064343864E+16
   6.6000000000000000E+07   2.7467466416642728E-16   6.0413421909586664E+16
   6.7000000000000000E+07   2.7062083355212173E-16   6.1318399460787912E+16
   6.8000000000000000E+07   2.6656706713661906E-16   6.2250886999689792E+16
   6.9000000000000000E+07   2.6251334479177192E-16   6.3212163127641928E+16
   7.0000000000000000E+07   2.5877478177120039E-16   6.4125399934960672E+16
   7.1000000000000000E+07   2.5506098457529111E-16   6.5059093227416072E+16
   7.2000000000000000E+07   2.5136721654914945E-16   6.6015117651254216E+16
   7.3000000000000000E+07   2.4792721255469225E-16   6.6931081115187328E+16
   7.4000000000000000E+07   2.4448732102221863E-16   6.7872789086892392E+16
   7.5000000000000000E+07   2.4120180118609963E-16   6.8797315329155616E+16
   7.6000000000000000E+07   2.3808445066235725E-16   6.9698110598971696E+16
   7.7000000000000000E+07   2.3496719705293163E-16   7.0622778763548928E+16
   7.8000000000000000E+07   2.3184994344350596E-16   7.1572311503296992E+16
   7.9000000000000000E+07   2.2873275015869004E-16   7.2547706275764176E+16
   8.0000000000000000E+07   2.2584547607746427E-16   7.3475177198009024E+16
   8.1000000000000000E+07   2.2305140053184439E-16   7.4395571310440240E+16
   8.2000000000000000E+07   2.2025735483153033E-16   7.5339306543714672E+16
   8.3000000000000000E+07   2.1746332496151888E-16   7.6307287111961456E+16
   8.4000000000000000E+07   2.1487559901280367E-16   7.7226248352059824E+16
   8.5000000000000000E+07   2.1230180093134411E-16   7.8162485204384624E+16
   8.6000000000000000E+07   2.0972802077088439E-16   7.9121694436283328E+16
   8.7000000000000000E+07   2.0736885016926573E-16   8.0021837226832496E+16
   8.8000000000000000E+07   2.0501219484517229E-16   8.0941703915186192E+16
   8.9000000000000000E+07   2.0265556578079977E-16   8.1882954017207504E+16
   9.0000000000000000E+07   2.0029893671642719E-16   8.2846352787450736E+16
   9.1000000000000000E+07   1.9802946759828515E-16   8.3795793501916656E+16
   9.2000000000000000E+07   1.9590908047241781E-16   8.4702742385117168E+16
   9.3000000000000000E+07   1.9378869334655048E-16   8.5629538481305712E+16
   9.4000000000000000E+07   1.9166830622068314E-16   8.6576840487411344E+16
   9.5000000000000000E+07   1.8954794745994282E-16   8.7545323473720112E+16
   9.6000000000000000E+07   1.8753363715812230E-16   8.8485653164017936E+16
   9.7000000000000000E+07   1.8562498437506430E-16   8.9395489675200944E+16
   9.8000000000000000E+07   1.8371633159200633E-16   9.0324231005287600E+16
   9.9000000000000000E+07   1.8180770675056940E-16   9.1272458526340368E+16
   1.0000000000000000E+08   1.7994335404876389E-16   9.2218111982415776E+16
   1.1000000000000000E+08   1.6346720055319993E-16   1.0151294154425747E+17
   1.2000000000000000E+08   1.4981278931834756E-16   1.1076515195841243E+17
   1.3000000000000000E+08   1.3805248524679865E-16   1.2020092463018664E+17
   1.4000000000000000E+08   1.2814772180595250E-16   1.2949146610103528E+17
   1.5000000000000000E+08   1.1950554298689696E-16   1.3885578827067318E+17
   1.6000000000000000E+08   1.1197353885157630E-16   1.4819605189183315E+17
   1.7000000000000000E+08   1.0531510353640422E-16   1.5756558952082637E+17
   1.8000000000000000E+08   9.9421886402519232E-17   1.6690526577797789E+17
   1.9000000000000000E+08   9.4116813768434825E-17   1.7631319750144106E+17
   2.0000000000000000E+08   8.9396906895520353E-17   1.8562204163902586E+17
   2.1000000000000000E+08   8.5137522914394085E-17   1.9490861145732096E+17
   2.2000000000000000E+08   8.1252019465386803E-17   2.0422921772706736E+17
   2.3000000000000000E+08   7.7690118214302089E-17   2.1359262613537350E+17
   2.4000000000000000E+08   7.4503741323508038E-17   2.2272755809813955E+17
   2.5000000000000000E+08   7.1493333992295726E-17   2.3210606426535661E+17
   2.6000000000000000E+08   6.8694938099821260E-17   2.4156126831423075E+17
   2.7000000000000000E+08   6.6158105883311550E-17   2.5082393385670157E+17
   2.8000000000000000E+08   6.3790665290473883E-17   2.6013267456294189E+17
   2.9000000000000000E+08   6.1579181705460103E-17   2.6947477888763562E+17
   3.0000000000000000E+08   5.9514599111821152E-17   2.7882295473388122E+17
   3.1000000000000000E+08   5.7613572851955197E-17   2.8802303958479910E+17
   3.2000000000000000E+08   5.5784169043407439E-17   2.9746855888895731E+17
   3.3000000000000000E+08   5.4095033915952867E-17   3.0675711193642010E+17
   3.4000000000000000E+08   5.2488147709980633E-17   3.1614825628539066E+17
   3.5000000000000000E+08   5.0989703671431730E-17   3.2543896471902080E+17
   3.6000000000000000E+08   4.9568033384279000E-17   3.3477294218058208E+17
   3.7000000000000000E+08   4.8231512629859961E-17   3.4404967767664589E+17
   3.8000000000000000E+08   4.6938963128817316E-17   3.5352370968699117E+17
   3.9000000000000000E+08   4.5746224615274391E-17   3.6274111172487328E+17
   4.0000000000000000E+08   4.4586096771818461E-17   3.7217961597053254E+17
   4.1000000000000000E+08   4.3500193272772685E-17   3.8147040566246893E+17
   4.2000000000000000E+08   4.2461543556155789E-17   3.9080153438639437E+17
   4.3000000000000000E+08   4.1457445589610612E-17   4.0026673467597638E+17
   4.4000000000000000E+08   4.0523104706272799E-17   4.0949568140053478E+17
   4.5000000000000000E+08   3.9616685433131940E-17   4.1886483416612614E+17
   4.6000000000000000E+08   3.8745675218989855E-17   4.2828099601752205E+17
   4.7000000000000000E+08   3.7948031275419677E-17   4.3728319537116435E+17
   4.8000000000000000E+08   3.7156552804403262E-17   4.4659784403341933E+17
   4.9000000000000000E+08   3.6365097400850638E-17   4.5631766611938835E+17
   5.0000000000000000E+08   3.5657503274200748E-17   4.6537291875302637E+17
   5.1000000000000000E+08   3.4953409759009688E-17   4.7474728470183290E+17
   5.2000000000000000E+08   3.4263849901399639E-17   4.8430157212084179E+17
   5.3000000000000000E+08   3.3628339786947985E-17   4.9345392842143718E+17
   5.4000000000000000E+08   3.2992834686288004E-17   5.0295879490030496E+17
   5.5000000000000000E+08   3.2394420906795278E-17   5.1224982295267757E+17
   5.6000000000000000E+08   3.1813395334338928E-17   5.2160532378790227E+17
   5.7000000000000000E+08   3.1248361238935790E-17   5.3103701174204461E+17
   5.8000000000000000E+08   3.0711148972944239E-17   5.4032613331332314E+17
   5.9000000000000000E+08   3.0183129927173472E-17   5.4977851581989203E+17
   6.0000000000000000E+08   2.9681551625096748E-17   5.5906903330921498E+17
   6.1000000000000000E+08   2.9194767832294761E-17   5.6839076335467046E+17
   6.2000000000000000E+08   2.8735441303614162E-17   5.7747630178462950E+17
   6.3000000000000000E+08   2.8276121579978097E-17   5.8685687594123187E+17
   6.4000000000000000E+08   2.7816816759362225E-17   5.9654692043709107E+17
   6.5000000000000000E+08   2.7394446903203306E-17   6.0574453037122688E+17
   6.6000000000000000E+08   2.6978040806402825E-17   6.1509419802723610E+17
   6.7000000000000000E+08   2.6566323977873442E-17   6.2462674128273216E+17
   6.8000000000000000E+08   2.6191445644289537E-17   6.3356702793449498E+17
   6.9000000000000000E+08   2.5816572172466913E-17   6.4276683454737459E+17
   7.0000000000000000E+08   2.5441698700644282E-17   6.5223775225905690E+17
   7.1000000000000000E+08   2.5066839561900280E-17   6.6199156591651430E+17
   7.2000000000000000E+08   2.4726113159953336E-17   6.7111382475739315E+17
   7.3000000000000000E+08   2.4395661456378355E-17   6.8020440453447142E+17
   7.4000000000000000E+08   2.4065209752803374E-17   6.8954463911237440E+17
   7.5000000000000000E+08   2.3734765725354177E-17   6.9914472997869773E+17
   7.6000000000000000E+08   2.3409208713220927E-17   7.0886788944679309E+17
   7.7000000000000000E+08   2.3113041272100529E-17   7.1795122843443610E+17
   7.8000000000000000E+08   2.2816874337551401E-17   7.2727035827384896E+17
   7.9000000000000000E+08   2.2520711298206358E-17   7.3683447003212621E+17
   8.0000000000000000E+08   2.2243244155268477E-17   7.4602590603808026E+17
   8.1000000000000000E+08   2.1970941310647986E-17   7.5527198127456973E+17
   8.2000000000000000E+08   2.1698641941574509E-17   7.6474999766535117E+17
   8.3000000000000000E+08   2.1436645806757577E-17   7.7409668115752410E+17
   8.4000000000000000E+08   2.1184956437781271E-17   7.8329339136929152E+17
   8.5000000000000000E+08   2.0933269908964729E-17   7.9271114576581056E+17
   8.6000000000000000E+08   2.0686920182817439E-17   8.0215112870901914E+17
   8.7000000000000000E+08   2.0453132535793003E-17   8.1132004328045184E+17
   8.8000000000000000E+08   2.0219350758501999E-17   8.2070075208437645E+17
   8.9000000000000000E+08   1.9988435050331483E-17   8.3018186928471949E+17
   9.0000000000000000E+08   1.9770251986899904E-17   8.3934369603158720E+17
   9.1000000000000000E+08   1.9552073697066020E-17   8.4870979064744896E+17
   9.2000000000000000E+08   1.9337122930273442E-17   8.5814401832143411E+17
   9.3000000000000000E+08   1.9138984610482517E-17   8.6702804312156454E+17
   9.4000000000000000E+08   1.8940853423290335E-17   8.7609760781717414E+17
   9.5000000000000000E+08   1.8742722248699925E-17   8.8535892246450125E+17
   9.6000000000000000E+08   1.8544591074109521E-17   8.9481813364586227E+17
   9.7000000000000000E+08   1.8346465878817223E-17   9.0448135808650880E+17
   9.8000000000000000E+08   1.8153031070138619E-17   9.1411931759744858E+17
   9.9000000000000000E+08   1.7976860727969576E-17   9.2307753980328230E+17
   1.0000000000000000E+09   1.7800690385800536E-17   9.3221307794878118E+17
   1.1000000000000000E+09   6.8109283387780873E-19   2.4363839331096891E+19
   1.2000000000000000E+09   5.7230717291121422E-19   2.8994982344445891E+19
   1.3000000000000000E+09   4.8764634851606413E-19   3.4028833445912195E+19
   1.4000000000000000E+09   4.2047057601640228E-19   3.9465392635495793E+19
   1.5000000000000000E+09   3.6627659066317706E-19   4.5304659913196708E+19
   1.6000000000000000E+09   3.2192278476255793E-19   5.1546635279014920E+19
   1.7000000000000000E+09   2.8516343563742152E-19   5.8191318732950446E+19
   1.8000000000000000E+09   2.5435874351609509E-19   6.5238710275003277E+19
   1.9000000000000000E+09   2.2828873379283881E-19   7.2688809905173398E+19
   2.0000000000000000E+09   2.0603058224803706E-19   8.0541617623460823E+19
   2.1000000000000000E+09   1.8687581156284541E-19   8.8797133429865562E+19
   2.2000000000000000E+09   1.7027320846945209E-19   9.7455357324387615E+19
   2.3000000000000000E+09   1.5578872003632289E-19   1.0651628930702696E+20
   2.4000000000000000E+09   1.4307679322780351E-19   1.1597992937778358E+20
   2.5000000000000000E+09   1.3185957263874371E-19   1.2584627753665756E+20
   2.6000000000000000E+09   1.2191158712901603E-19   1.3611533378364878E+20
   2.7000000000000000E+09   1.1304833045159783E-19   1.4678709811875737E+20
   2.8000000000000000E+09   1.0511764400410053E-19   1.5786157054198324E+20
   2.9000000000000000E+09   9.7993142567437360E-20   1.6933875105332639E+20
   3.0000000000000000E+09   9.1569147665794230E-20   1.8121863965278690E+20
   3.1000000000000000E+09   8.5756745992939453E-20   1.9350123634036464E+20
   3.2000000000000000E+09   8.0480696190639482E-20   2.0618654111605968E+20
   3.3000000000000000E+09   7.5676981541978721E-20   2.1927455397987212E+20
   3.4000000000000000E+09   7.1290858909355379E-20   2.3276527493180178E+20
   3.5000000000000000E+09   6.7275292162624338E-20   2.4665870397184881E+20
   3.6000000000000000E+09   6.3589685879023773E-20   2.6095484110001311E+20
   3.7000000000000000E+09   6.0198855295262832E-20   2.7565368631629470E+20
   3.8000000000000000E+09   5.7072183448209703E-20   2.9075523962069359E+20
   3.9000000000000000E+09   5.4182927612896013E-20   3.0625950101320971E+20
   4.0000000000000000E+09   5.1507645562009265E-20   3.2216647049384329E+20
   4.1000000000000000E+09   4.9025718559913640E-20   3.3847614806259407E+20
   4.2000000000000000E+09   4.6718952890711352E-20   3.5518853371946225E+20
   4.3000000000000000E+09   4.4571245483620776E-20   3.7230362746444769E+20
   4.4000000000000000E+09   4.2568302117363022E-20   3.8982142929755046E+20
   4.5000000000000000E+09   4.0697398962575215E-20   4.0774193921877049E+20
   4.6000000000000000E+09   3.8947180009080724E-20   4.2606515722810786E+20
   4.7000000000000000E+09   3.7307484336448538E-20   4.4479108332556242E+20
   4.8000000000000000E+09   3.5769198306950877E-20   4.6391971751113431E+20
   4.9000000000000000E+09   3.4324128654400180E-20   4.8345105978482354E+20
   5.0000000000000000E+09   3.2964893159685927E-20   5.0338511014663022E+20
   5.1000000000000000E+09   3.1684826181935722E-20   5.2372186859655404E+20
   5.2000000000000000E+09   3.0477896782254008E-20   5.4446133513459512E+20
   5.3000000000000000E+09   2.9338637557570248E-20   5.6560350976075366E+20
   5.4000000000000000E+09   2.8262082612899457E-20   5.8714839247502947E+20
   5.5000000000000000E+09   2.7243713355112339E-20   6.0909598327742241E+20
   5.6000000000000000E+09   2.6279411001025134E-20   6.3144628216793294E+20
   5.7000000000000000E+09   2.5365414865870982E-20   6.5419928914656061E+20
   5.8000000000000000E+09   2.4498285641859340E-20   6.7735500421330554E+20
   5.9000000000000000E+09   2.3674872996039883E-20   7.0091342736816774E+20
   6.0000000000000000E+09   2.2892286916448558E-20   7.2487455861114759E+20
   6.1000000000000000E+09   2.2147872319058004E-20   7.4923839794224431E+20
   6.2000000000000000E+09   2.1439186498234863E-20   7.7400494536145856E+20
   6.3000000000000000E+09   2.0763979062538381E-20   7.9917420086878994E+20
   6.4000000000000000E+09   2.0120174047659870E-20   8.2474616446423872E+20
   6.5000000000000000E+09   1.9505853940642562E-20   8.5072083614780503E+20
   6.6000000000000000E+09   1.8919245385494680E-20   8.7709821591948847E+20
   6.7000000000000000E+09   1.8358706370954518E-20   9.0387830377928904E+20
   6.8000000000000000E+09   1.7822714727338845E-20   9.3106109972720714E+20
   6.9000000000000000E+09   1.7309857781813659E-20   9.5864660376324237E+20
   7.0000000000000000E+09   1.6818823040656085E-20   9.8663481588739526E+20
   7.1000000000000000E+09   1.6348389783617307E-20   1.0150257360996649E+21
   7.2000000000000000E+09   1.5897421469755943E-20   1.0438193644000524E+21
   7.3000000000000000E+09   1.5464858866431755E-20   1.0730157007885569E+21
   7.4000000000000000E+09   1.5049713823815708E-20   1.1026147452651788E+21
   7.5000000000000000E+09   1.4651063626527083E-20   1.1326164978299175E+21
   7.6000000000000000E+09   1.4268045862052426E-20   1.1630209584827744E+21
   7.7000000000000000E+09   1.3899853752608333E-20   1.1938281272237482E+21
   7.8000000000000000E+09   1.3545731903224003E-20   1.2250380040528388E+21
   7.9000000000000000E+09   1.3204972424165169E-20   1.2566505889700475E+21
   8.0000000000000000E+09   1.2876911390502316E-20   1.2886658819753732E+21
   8.1000000000000000E+09   1.2560925605733092E-20   1.3210838830688164E+21
   8.2000000000000000E+09   1.2256429639978410E-20   1.3539045922503763E+21
   8.3000000000000000E+09   1.1962873116448661E-20   1.3871280095200540E+21
   8.4000000000000000E+09   1.1679738222677838E-20   1.4207541348778490E+21
   8.5000000000000000E+09   1.1406537425496862E-20   1.4547829683237610E+21
   8.6000000000000000E+09   1.1142811370905194E-20   1.4892145098577908E+21
   8.7000000000000000E+09   1.0888126951937483E-20   1.5240487594799375E+21
   8.8000000000000000E+09   1.0642075529340755E-20   1.5592857171902018E+21
   8.9000000000000000E+09   1.0404271291404470E-20   1.5949253829885831E+21
   9.0000000000000000E+09   1.0174349740643804E-20   1.6309677568750820E+21
   9.1000000000000000E+09   9.9519662962462054E-21   1.6674128388496975E+21
   9.2000000000000000E+09   9.7367950022701809E-21   1.7042606289124314E+21
   9.3000000000000000E+09   9.5285273325488286E-21   1.7415111270632818E+21
   9.4000000000000000E+09   9.3268710841121345E-21   1.7791643333022497E+21
   9.5000000000000000E+09   9.1315493517135531E-21   1.8172202476293351E+21
   9.6000000000000000E+09   8.9422995767377192E-21   1.8556788700445373E+21
   9.7000000000000000E+09   8.7588726643867411E-21   1.8945402005478567E+21
   9.8000000000000000E+09   8.5810321636000449E-21   1.9338042391392942E+21
   9.9000000000000000E+09   8.4085535046643017E-21   1.9734709858188489E+21
   1.0000000000000000E+10   8.2412232899214819E-21   2.0135404405865209E+21
   1.1000000000000000E+10   6.8109283387780847E-21   2.4363839331096896E+21
   1.2000000000000000E+10   5.7230717291121394E-21   2.8994982344445904E+21
   1.3000000000000000E+10   4.8764634851606405E-21   3.4028833445912201E+21
   1.4000000000000000E+10   4.2047057601640212E-21   3.9465392635495810E+21
   1.5000000000000000E+10   3.6627659066317708E-21   4.5304659913196700E+21
   1.6000000000000000E+10   3.2192278476255791E-21   5.1546635279014927E+21
   1.7000000000000000E+10   2.8516343563742155E-21   5.8191318732950439E+21
   1.8000000000000000E+10   2.5435874351609510E-21   6.5238710275003279E+21
   1.9000000000000000E+10   2.2828873379283883E-21   7.2688809905173404E+21
   2.0000000000000000E+10   2.0603058224803705E-21   8.0541617623460835E+21
   2.1000000000000000E+10   1.8687581156284540E-21   8.8797133429865563E+21
   2.2000000000000000E+10   1.7027320846945212E-21   9.7455357324387586E+21
   2.3000000000000000E+10   1.5578872003632292E-21   1.0651628930702695E+22
   2.4000000000000000E+10   1.4307679322780348E-21   1.1597992937778361E+22
   2.5000000000000000E+10   1.3185957263874372E-21   1.2584627753665755E+22
   2.6000000000000000E+10   1.2191158712901601E-21   1.3611533378364880E+22
   2.7000000000000000E+10   1.1304833045159782E-21   1.4678709811875739E+22
   2.8000000000000000E+10   1.0511764400410053E-21   1.5786157054198324E+22
   2.9000000000000000E+10   9.7993142567437351E-22   1.6933875105332642E+22
   3.0000000000000000E+10   9.1569147665794270E-22   1.8121863965278680E+22
   3.1000000000000000E+10   8.5756745992939472E-22   1.9350123634036461E+22
   3.2000000000000000E+10   8.0480696190639476E-22   2.0618654111605971E+22
   3.3000000000000000E+10   7.5676981541978723E-22   2.1927455397987209E+22
   3.4000000000000000E+10   7.1290858909355387E-22   2.3276527493180176E+22
   3.5000000000000000E+10   6.7275292162624342E-22   2.4665870397184879E+22
   3.6000000000000000E+10   6.3589685879023774E-22   2.6095484110001312E+22
   3.7000000000000000E+10   6.0198855295262834E-22   2.7565368631629468E+22
   3.8000000000000000E+10   5.7072183448209707E-22   2.9075523962069362E+22
   3.9000000000000000E+10   5.4182927612896009E-22   3.0625950101320975E+22
   4.0000000000000000E+10   5.1507645562009262E-22   3.2216647049384334E+22
   4.1000000000000000E+10   4.9025718559913633E-22   3.3847614806259413E+22
   4.2000000000000000E+10   4.6718952890711350E-22   3.5518853371946225E+22
   4.3000000000000000E+10   4.4571245483620774E-22   3.7230362746444770E+22
   4.4000000000000000E+10   4.2568302117363029E-22   3.8982142929755034E+22
   4.5000000000000000E+10   4.0697398962575225E-22   4.0774193921877040E+22
   4.6000000000000000E+10   3.8947180009080729E-22   4.2606515722810779E+22
   4.7000000000000000E+10   3.7307484336448542E-22   4.4479108332556242E+22
   4.8000000000000000E+10   3.5769198306950871E-22   4.6391971751113446E+22
   4.9000000000000000E+10   3.4324128654400183E-22   4.8345105978482349E+22
   5.0000000000000000E+10   3.2964893159685931E-22   5.0338511014663018E+22
   5.1000000000000000E+10   3.1684826181935738E-22   5.2372186859655387E+22
   5.2000000000000000E+10   3.0477896782254003E-22   5.4446133513459522E+22
   5.3000000000000000E+10   2.9338637557570250E-22   5.6560350976075356E+22
   5.4000000000000000E+10   2.8262082612899456E-22   5.8714839247502956E+22
   5.5000000000000000E+10   2.7243713355112347E-22   6.0909598327742231E+22
   5.6000000000000000E+10   2.6279411001025132E-22   6.3144628216793297E+22
   5.7000000000000000E+10   2.5365414865870985E-22   6.5419928914656045E+22
   5.8000000000000000E+10   2.4498285641859338E-22   6.7735500421330568E+22
   5.9000000000000000E+10   2.3674872996039882E-22   7.0091342736816781E+22
   6.0000000000000000E+10   2.2892286916448567E-22   7.2487455861114719E+22
   6.1000000000000000E+10   2.2147872319058004E-22   7.4923839794224424E+22
   6.2000000000000000E+10   2.1439186498234868E-22   7.7400494536145844E+22
   6.3000000000000000E+10   2.0763979062538382E-22   7.9917420086878997E+22
   6.4000000000000000E+10   2.0120174047659869E-22   8.2474616446423883E+22
   6.5000000000000000E+10   1.9505853940642562E-22   8.5072083614780501E+22
   6.6000000000000000E+10   1.8919245385494681E-22   8.7709821591948836E+22
   6.7000000000000000E+10   1.8358706370954518E-22   9.0387830377928903E+22
   6.8000000000000000E+10   1.7822714727338847E-22   9.3106109972720703E+22
   6.9000000000000000E+10   1.7309857781813662E-22   9.5864660376324219E+22
   7.0000000000000000E+10   1.6818823040656085E-22   9.8663481588739517E+22
   7.1000000000000000E+10   1.6348389783617300E-22   1.0150257360996653E+23
   7.2000000000000000E+10   1.5897421469755944E-22   1.0438193644000525E+23
   7.3000000000000000E+10   1.5464858866431756E-22   1.0730157007885568E+23
   7.4000000000000000E+10   1.5049713823815709E-22   1.1026147452651787E+23
   7.5000000000000000E+10   1.4651063626527082E-22   1.1326164978299177E+23
   7.6000000000000000E+10   1.4268045862052427E-22   1.1630209584827745E+23
   7.7000000000000000E+10   1.3899853752608335E-22   1.1938281272237481E+23
   7.8000000000000000E+10   1.3545731903224002E-22   1.2250380040528390E+23
   7.9000000000000000E+10   1.3204972424165172E-22   1.2566505889700474E+23
   8.0000000000000000E+10   1.2876911390502315E-22   1.2886658819753734E+23
   8.1000000000000000E+10   1.2560925605733094E-22   1.3210838830688160E+23
   8.2000000000000000E+10   1.2256429639978408E-22   1.3539045922503765E+23
   8.3000000000000000E+10   1.1962873116448660E-22   1.3871280095200541E+23
   8.4000000000000000E+10   1.1679738222677838E-22   1.4207541348778490E+23
   8.5000000000000000E+10   1.1406537425496862E-22   1.4547829683237609E+23
   8.6000000000000000E+10   1.1142811370905194E-22   1.4892145098577908E+23
   8.7000000000000000E+10   1.0888126951937487E-22   1.5240487594799372E+23
   8.8000000000000000E+10   1.0642075529340757E-22   1.5592857171902014E+23
   8.9000000000000000E+10   1.0404271291404473E-22   1.5949253829885827E+23
   9.0000000000000000E+10   1.0174349740643806E-22   1.6309677568750816E+23
   9.1000000000000000E+10   9.9519662962462059E-23   1.6674128388496976E+23
   9.2000000000000000E+10   9.7367950022701822E-23   1.7042606289124311E+23
   9.3000000000000000E+10   9.5285273325488288E-23   1.7415111270632818E+23
   9.4000000000000000E+10   9.3268710841121355E-23   1.7791643333022497E+23
   9.5000000000000000E+10   9.1315493517135548E-23   1.8172202476293347E+23
   9.6000000000000000E+10   8.9422995767377178E-23   1.8556788700445378E+23
   9.7000000000000000E+10   8.7588726643867395E-23   1.8945402005478571E+23
   9.8000000000000000E+10   8.5810321636000457E-23   1.9338042391392940E+23
   9.9000000000000000E+10   8.4085535046643036E-23   1.9734709858188486E+23
   1.0000000000000000E+11   8.2412232899214827E-23   2.0135404405865207E+23
   1.1000000000000000E+11   6.8109283387780868E-23   2.4363839331096892E+23
