   1.0000000000000000E+00   1.0415943964691383E-02   1.5931380228630164E+03   3.2679512099135209E-04
   2.0000000000000000E+00   1.8008787656789569E-02   9.2144105924333053E+02   1.1145848461797513E-03
   3.0000000000000000E+00   2.3979363314567504E-02   6.9201321805235295E+02   2.1912648071436306E-03
   4.0000000000000000E+00   2.8950163135201514E-02   5.7319319054140760E+02   3.4738294423626030E-03
   5.0000000000000000E+00   3.3274256724389002E-02   4.9870494513548311E+02   4.9208077241776026E-03
   5.9889999999999999E+00   3.7130353951000242E-02   4.4691295957100289E+02   6.4946563629375599E-03
   5.9910000000000005E+00   3.7137734614036050E-02   4.4682414117657976E+02   6.4979304430567621E-03
   6.0000000000000000E+00   3.7171147768266889E-02   4.4642249084185585E+02   6.5127893167453302E-03
   7.0000000000000000E+00   4.0784952929021789E-02   4.0686663052030639E+02   8.2426242112922429E-03
   8.0000000000000000E+00   4.4219287686765370E-02   3.7526693084038340E+02   1.0111961617934583E-02
   9.0000000000000000E+00   4.7552120215295264E-02   3.4896522592536013E+02   1.2128740990805411E-02
   9.0690000000000008E+00   4.7780877223697407E-02   3.4729451065687880E+02   1.2274117461460498E-02
   9.0709999999999997E+00   4.7787168079513519E-02   3.4724879169549075E+02   1.2278163507136952E-02
   1.0000000000000000E+01   5.0846023118693059E-02   3.2635858925336004E+02   1.4306167707454628E-02
   1.1000000000000000E+01   5.4154074288882477E-02   3.0642267626329010E+02   1.6662288687240335E-02
   1.2000000000000000E+01   5.7524468573306203E-02   2.8846918164943696E+02   1.9220355279931007E-02
   1.3000000000000000E+01   6.1005235851971262E-02   2.7201003557179422E+02   2.2010644208957993E-02
   1.4000000000000000E+01   6.4644970383866476E-02   2.5669493350563573E+02   2.5070395494958791E-02
   1.5000000000000000E+01   6.8495994071005248E-02   2.4226287389826712E+02   2.8445798104846688E-02
   1.6000000000000000E+01   7.2618653515757053E-02   2.2850928199267372E+02   3.2195785596270274E-02
   1.7000000000000000E+01   7.7080644999068304E-02   2.1528149348466107E+02   3.6391329859772725E-02
   1.8000000000000000E+01   8.1979478987354942E-02   2.0241695335389934E+02   4.1139251572746637E-02
   1.9000000000000000E+01   8.7416675504640037E-02   1.8982689833908856E+02   4.6557416702060511E-02
   2.0000000000000000E+01   9.3533199366072628E-02   1.7741333009698761E+02   5.2811789221919238E-02
   2.1000000000000000E+01   1.0054872009595089E-01   1.6503478471257677E+02   6.0167375848894651E-02
   2.2000000000000000E+01   1.0871613440889197E-01   1.5263637236905987E+02   6.8935243440323674E-02
   2.3000000000000000E+01   9.6175758241584502E-02   1.7253865919598712E+02   5.7104258536926897E-02
   2.4000000000000000E+01   9.8842106298739310E-02   1.6788428530657535E+02   6.0826771306479913E-02
   2.5000000000000000E+01   1.0829651468936041E-01   1.5322779705107791E+02   7.2080760895960050E-02
   2.6000000000000000E+01   1.2454056743145976E-01   1.3324201676929758E+02   9.1415289179468215E-02
   2.7000000000000000E+01   1.5058827717776913E-01   1.1019474214829600E+02   1.2297427728720979E-01
   2.8000000000000000E+01   1.9481960023055231E-01   8.5176421440772785E+01   1.7781930756459413E-01
   2.9000000000000000E+01   2.8676126817529535E-01   5.7867076958303059E+01   2.9536470198955611E-01
   3.0000000000000000E+01   6.3376887661542958E-01   2.6183103945998351E+01   7.5537106729366810E-01
   3.1000000000000000E+01   1.7357098257377406E+00   9.5603747401195474E+00   2.2538193775992714E+00
   3.2000000000000000E+01   2.4821938196262359E+00   6.6852299135363644E+00   3.2828740672070751E+00
   3.3000000000000000E+01   2.9858177190613371E+00   5.5576186946124517E+00   3.9845614942004430E+00
   3.4000000000000000E+01   3.3582277022957383E+00   4.9413076912016560E+00   4.5089180374092654E+00
   3.5000000000000000E+01   3.6409716369950349E+00   4.5575846308585310E+00   4.9106795998883985E+00
   3.6000000000000000E+01   3.8599883698621458E+00   4.2989861067257644E+00   5.2247196519095009E+00
   3.7000000000000000E+01   4.0346776485750668E+00   4.1128530751449093E+00   5.4780185905626508E+00
   3.8000000000000000E+01   4.1753813314833987E+00   3.9742564946193761E+00   5.6844403953423681E+00
   3.9000000000000000E+01   4.2899969807215292E+00   3.8680764692215392E+00   5.8553576342805362E+00
   4.0000000000000000E+01   4.3817111927036327E+00   3.7871132177293121E+00   5.9933228195059627E+00
   4.1000000000000000E+01   4.4578930186115748E+00   3.7223944820750012E+00   6.1113651702533796E+00
   4.2000000000000000E+01   4.5179687369801247E+00   3.6728975653010134E+00   6.2055160832030882E+00
   4.3000000000000000E+01   4.5664540168170884E+00   3.6338998078265501E+00   6.2839016324640138E+00
   4.4000000000000000E+01   4.6060189148721369E+00   3.6026852431241152E+00   6.3511510141369074E+00
   4.5000000000000000E+01   4.6359270752408888E+00   3.5794429258355294E+00   6.4037718505103776E+00
   4.6000000000000000E+01   4.6568819743913750E+00   3.5633362549045775E+00   6.4417760120985292E+00
   4.7000000000000000E+01   4.6727216916054184E+00   3.5512571621741813E+00   6.4739890191044340E+00
   4.8000000000000000E+01   4.6842384107709405E+00   3.5425260029472581E+00   6.5014580095576768E+00
   4.9000000000000000E+01   4.6908134944026179E+00   3.5375604666357923E+00   6.5216749563526637E+00
   5.0000000000000000E+01   4.6897504184438903E+00   3.5383623633571690E+00   6.5258254384388898E+00
   5.1000000000000000E+01   4.6890373260723779E+00   3.5389004651110039E+00   6.5359193138941452E+00
   5.2000000000000000E+01   4.6831934642285464E+00   3.5433164358700906E+00   6.5355598715627510E+00
   5.3000000000000000E+01   4.6759051186284948E+00   3.5488394125130682E+00   6.5348939385637221E+00
   5.4000000000000000E+01   4.6644443102063713E+00   3.5575591154235942E+00   6.5250365419886212E+00
   5.5000000000000000E+01   4.6543324774541022E+00   3.5652881384265132E+00   6.5229379263849010E+00
   5.6000000000000000E+01   4.6397777338980273E+00   3.5764722635149186E+00   6.5095740939603814E+00
   5.7000000000000000E+01   4.6222855833872369E+00   3.5900067347202276E+00   6.4892040560699078E+00
   5.8000000000000000E+01   4.6080043729356452E+00   3.6011329484890982E+00   6.4818020352821257E+00
   5.9000000000000000E+01   4.5881825717092166E+00   3.6166905119424420E+00   6.4579761832367018E+00
   6.0000000000000000E+01   4.5694354479756454E+00   3.6315287879844975E+00   6.4396127151687228E+00
   6.1000000000000000E+01   4.5479287011179705E+00   3.6487019618582095E+00   6.4132517551770025E+00
   6.2000000000000000E+01   4.5273275152943366E+00   3.6653050432295844E+00   6.3913562199064042E+00
   6.3000000000000000E+01   4.5081923616374429E+00   3.6808625371374339E+00   6.3763369983930236E+00
   6.4000000000000000E+01   4.4855841699606440E+00   3.6994147797489640E+00   6.3495636912606255E+00
   6.5000000000000000E+01   4.4624161111135248E+00   3.7186214734285770E+00   6.3216821388632125E+00
   6.6000000000000000E+01   4.4390727868003346E+00   3.7381762298431043E+00   6.2936711981209950E+00
   6.7000000000000000E+01   4.4155333408434574E+00   3.7581046485747054E+00   6.2656166222465508E+00
   6.8000000000000000E+01   4.3919034105619783E+00   3.7783245265034324E+00   6.2376229333705595E+00
   6.9000000000000000E+01   4.3681380218929702E+00   3.7988809627790170E+00   6.2096619862743658E+00
   7.0000000000000000E+01   4.3443759504955848E+00   3.8196593856633037E+00   6.1818550191761101E+00
   7.1000000000000000E+01   4.3205907844542821E+00   3.8406868879752816E+00   6.1541857873691450E+00
   7.2000000000000000E+01   4.2967952503626297E+00   3.8619565064823456E+00   6.1266004810608550E+00
   7.3000000000000000E+01   4.2728622852590004E+00   3.8835879245180367E+00   6.0986300880522668E+00
   7.4000000000000000E+01   4.2467339849323871E+00   3.9074819456638497E+00   6.0609013196267911E+00
   7.5000000000000000E+01   4.2218007403648432E+00   3.9305588763353998E+00   6.0281211312936893E+00
   7.6000000000000000E+01   4.1983095878268371E+00   3.9525518609383776E+00   6.0014044330520235E+00
   7.6998999999999995E+01   4.1739206298324696E+00   3.9756473219823638E+00   5.9704406903638674E+00
   7.7001000000000005E+01   4.1738633856819938E+00   3.9757018476178501E+00   5.9703410301304016E+00
   7.8000000000000000E+01   4.1498883221519591E+00   3.9986705872497841E+00   5.9409512973945491E+00
   7.9000000000000000E+01   4.1268173484809871E+00   4.0210251564122128E+00   5.9154850140270456E+00
   8.0000000000000000E+01   4.1034838180369988E+00   4.0438898043708038E+00   5.8882557026180615E+00
   8.1000000000000000E+01   4.0775771681619366E+00   4.0695824235352358E+00   5.8484771713144328E+00
   8.2000000000000000E+01   4.0540445220261150E+00   4.0932052630411402E+00   5.8193638707084272E+00
   8.3000000000000000E+01   4.0308881564929946E+00   4.1167196235476196E+00   5.7915148840673085E+00
   8.4000000000000000E+01   4.0086162207756271E+00   4.1395921834965828E+00   5.7676140280788681E+00
   8.5000000000000000E+01   3.9824439606672608E+00   4.1667972074565132E+00   5.7232850511970632E+00
   8.6000000000000000E+01   3.9606455152025033E+00   4.1897302625205937E+00   5.7004292696559178E+00
   8.7000000000000000E+01   3.9382676162556556E+00   4.2135370145153646E+00   5.6739781745384414E+00
   8.8000000000000000E+01   3.9166543074642606E+00   4.2367886138268327E+00   5.6507017876146435E+00
   8.9000000000000000E+01   3.8917131757622268E+00   4.2639412579295000E+00   5.6094130771057324E+00
   9.0000000000000000E+01   3.8700259613822925E+00   4.2878359317861925E+00   5.5843523071682837E+00
   9.1000000000000000E+01   3.8491296462428535E+00   4.3111139138578727E+00   5.5627221689447728E+00
   9.2000000000000000E+01   3.8248692863351348E+00   4.3384584235191630E+00   5.5221632744657025E+00
   9.3000000000000000E+01   3.8038633956176748E+00   4.3624164824840781E+00   5.4985279770699149E+00
   9.4000000000000000E+01   3.7835125302161137E+00   4.3858811730200742E+00   5.4775555246421019E+00
   9.5000000000000000E+01   3.7600683858527284E+00   4.4132272797472307E+00   5.4385401712167853E+00
   9.6000000000000000E+01   3.7396276103089252E+00   4.4373499458652219E+00   5.4154052249528215E+00
   9.7000000000000000E+01   3.7167056561847520E+00   4.4647163131003484E+00   5.3772926380919284E+00
   9.8000000000000000E+01   3.6973226137693276E+00   4.4881223814124223E+00   5.3583892136608871E+00
   9.9000000000000000E+01   3.6774576939578290E+00   4.5123663560902108E+00   5.3361358871268090E+00
   1.0000000000000000E+02   3.6553457608499267E+00   4.5396625818242748E+00   5.2995495342571495E+00
   1.1000000000000000E+02   3.4622400650030021E+00   4.7928612870887122E+00   5.0489154032012999E+00
   1.2000000000000000E+02   3.2862431779726946E+00   5.0495460851431480E+00   4.8113924673627988E+00
   1.2099900000000000E+02   3.2684134362209902E+00   5.0770922032883261E+00   4.7803795760328303E+00
   1.2100100000000000E+02   3.2683786906547421E+00   5.0771461769738115E+00   4.7803185906858676E+00
   1.3000000000000000E+02   3.1277244606072561E+00   5.3054661889681363E+00   4.5997225297582007E+00
   1.4000000000000000E+02   2.9834206608809137E+00   5.5620840170962289E+00   4.4017117858954862E+00
   1.5000000000000000E+02   2.8525386682289233E+00   5.8172870920145172E+00   4.2229011447196285E+00
   1.6000000000000000E+02   2.7329152487913433E+00   6.0719176642961248E+00   4.1125431255325786E+00
   1.7000000000000000E+02   2.6237510131525421E+00   6.3245469143133350E+00   3.9584430952602374E+00
   1.8000000000000000E+02   2.5234896651930172E+00   6.5758289415824294E+00   3.8162626365459933E+00
   1.9000000000000000E+02   2.4311044659531009E+00   6.8257191768412131E+00   3.6847043158284305E+00
   2.0000000000000000E+02   2.3457111668888895E+00   7.0742027443084661E+00   3.5626367285379104E+00
   2.1000000000000000E+02   2.2665472247001328E+00   7.3212841953274586E+00   3.4490739131320702E+00
   2.2000000000000000E+02   2.1929534269167239E+00   7.5669807532080089E+00   3.3431558036297382E+00
   2.3000000000000000E+02   2.1243581168222043E+00   7.8113178012486744E+00   3.2441306715452245E+00
   2.4000000000000000E+02   2.0602638528061439E+00   8.0543258338289050E+00   3.1513397994149517E+00
   2.5000000000000000E+02   2.0002362111231005E+00   8.2960383788088272E+00   3.0642043073107255E+00
   2.6000000000000000E+02   1.9438944175958230E+00   8.5364905747728983E+00   2.9822139229242244E+00
   2.7000000000000000E+02   1.8909035140856609E+00   8.7757181953222911E+00   2.9049174470622696E+00
   2.8000000000000000E+02   1.8409678014509137E+00   9.0137569821059405E+00   2.8319146701771536E+00
   2.9000000000000000E+02   1.7938253397248356E+00   9.2506421927933307E+00   2.7628495177160861E+00
   3.0000000000000000E+02   1.7492433226155293E+00   9.4864082998747232E+00   2.6974042300814829E+00
   3.1000000000000000E+02   1.7070141753599526E+00   9.7210887956810712E+00   2.6352944113854653E+00
   3.2000000000000000E+02   1.6669522519016198E+00   9.9547160725391564E+00   2.5762648071588607E+00
   3.3000000000000000E+02   1.6288910297661616E+00   1.0187321356016419E+01   2.5200856940358971E+00
   3.4000000000000000E+02   1.5926807193662484E+00   1.0418934675597386E+01   2.4665497839112609E+00
   3.5000000000000000E+02   1.5581862194367595E+00   1.0649584861659651E+01   2.4154695614309651E+00
   3.6000000000000000E+02   1.5252853625104703E+00   1.0879299560606965E+01   2.3666749873633277E+00
   3.7000000000000000E+02   1.4938674042170819E+00   1.1108105262432668E+01   2.3200115116610824E+00
   3.8000000000000000E+02   1.4638317182599045E+00   1.1336027336452421E+01   2.2753383494020949E+00
   3.9000000000000000E+02   1.4350866654546108E+00   1.1563090072266604E+01   2.2325269804750159E+00
   4.0000000000000000E+02   1.4075486105880179E+00   1.1789316723653378E+01   2.1914598402866918E+00
   4.1000000000000000E+02   1.3811410651979481E+00   1.2014729553915700E+01   2.1520291739869175E+00
   4.2000000000000000E+02   1.3557939379794539E+00   1.2239349881509700E+01   2.1141360310939183E+00
   4.3000000000000000E+02   1.3314428774598841E+00   1.2463198125193598E+01   2.0776893809977270E+00
   4.4000000000000000E+02   1.3080286940215369E+00   1.2686293848143345E+01   2.0426053328310565E+00
   4.5000000000000000E+02   1.2854968503635453E+00   1.2908655800648221E+01   2.0088064456976840E+00
   4.6000000000000000E+02   1.2637970111580192E+00   1.3130301961194903E+01   1.9762211173299931E+00
   4.7000000000000000E+02   1.2428826440571801E+00   1.3351249575737876E+01   1.9447830410130587E+00
   4.8000000000000000E+02   1.2227106653550919E+00   1.3571515195167830E+01   1.9144307220605168E+00
   4.9000000000000000E+02   1.2032411245977723E+00   1.3791114710866923E+01   1.8851070463914708E+00
   5.0000000000000000E+02   1.1844369232380001E+00   1.4010063388429172E+01   1.8567588947788161E+00
   5.1000000000000000E+02   1.1662635631292839E+00   1.4228375899557188E+01   1.8293367972378332E+00
   5.2000000000000000E+02   1.1486889212306963E+00   1.4446066352221518E+01   1.8027946227665304E+00
   5.3000000000000000E+02   1.1316830473938000E+00   1.4663148319112400E+01   1.7770893002965487E+00
   5.4000000000000000E+02   1.1152179825171558E+00   1.4879634864482760E+01   1.7521805672503823E+00
   5.5000000000000000E+02   1.0992675947139439E+00   1.5095538569458665E+01   1.7280307425703705E+00
   5.6000000000000000E+02   1.0838074314423845E+00   1.5310871555914904E+01   1.7046045214819909E+00
   5.7000000000000000E+02   1.0688145858154416E+00   1.5525645508944976E+01   1.6818687896048634E+00
   5.8000000000000000E+02   1.0542675755229631E+00   1.5739871698063959E+01   1.6597924543087832E+00
   5.9000000000000000E+02   1.0401462330010438E+00   1.5953560997171582E+01   1.6383462914787921E+00
   6.0000000000000000E+02   1.0264316056432110E+00   1.6166723903402978E+01   1.6175028060642709E+00
   6.1000000000000000E+02   1.0131058650013316E+00   1.6379370554861595E+01   1.5972361049907471E+00
   6.2000000000000000E+02   1.0001522240394356E+00   1.6591510747374091E+01   1.5775217811664919E+00
   6.3000000000000000E+02   9.8755486162012962E-01   1.6803153950290021E+01   1.5583368074701889E+00
   6.4000000000000000E+02   9.7529885349585166E-01   1.7014309321374565E+01   1.5396594397316736E+00
   6.5000000000000000E+02   9.6337010915587928E-01   1.7224985720908826E+01   1.5214691278201076E+00
   6.6000000000000000E+02   9.5175531396012569E-01   1.7435191724976924E+01   1.5037464340650208E+00
   6.7000000000000000E+02   9.4044187604715501E-01   1.7644935638030169E+01   1.4864729583084657E+00
   6.8000000000000000E+02   9.2941787756272909E-01   1.7854225504760013E+01   1.4696312689673583E+00
   6.9000000000000000E+02   9.1867202980142615E-01   1.8063069121356889E+01   1.4532048395473007E+00
   7.0000000000000000E+02   9.0819363190262015E-01   1.8271474046120233E+01   1.4371779901149346E+00
   7.1000000000000000E+02   8.9797253277127487E-01   1.8479447609548554E+01   1.4215358332754773E+00
   7.2000000000000000E+02   8.8799909593709936E-01   1.8686996923852522E+01   1.4062642242608032E+00
   7.3000000000000000E+02   8.7826416708597199E-01   1.8894128892014823E+01   1.3913497147601399E+00
   7.4000000000000000E+02   8.6875904403200299E-01   1.9100850216356555E+01   1.3767795101743907E+00
   7.5000000000000000E+02   8.5947544891734196E-01   1.9307167406658859E+01   1.3625414299983043E+00
   7.6000000000000000E+02   8.5040550244738677E-01   1.9513086787896274E+01   1.3486238710645568E+00
   7.7000000000000000E+02   8.4154169999167816E-01   1.9718614507545489E+01   1.3350157734138923E+00
   7.8000000000000000E+02   8.3287688939106441E-01   1.9923756542569791E+01   1.3217065885698605E+00
   7.9000000000000000E+02   8.2440425033317222E-01   2.0128518706028181E+01   1.3086862500260983E+00
   8.0000000000000000E+02   8.1611727516610333E-01   2.0332906653376540E+01   1.2959451457653977E+00
   8.1000000000000000E+02   8.0800975103588957E-01   2.0536925888439352E+01   1.2834740926496504E+00
   8.2000000000000000E+02   8.0007574323907937E-01   2.0740581769146011E+01   1.2712643125306133E+00
   8.3000000000000000E+02   7.9230957969923188E-01   2.0943879512929335E+01   1.2593074099524946E+00
   8.4000000000000000E+02   7.8470583647510039E-01   2.1146824201921103E+01   1.2475953513180988E+00
   8.5000000000000000E+02   7.7725932422425437E-01   2.1349420787871686E+01   1.2361204454115695E+00
   8.6000000000000000E+02   7.6996507554701787E-01   2.1551674096868936E+01   1.2248753251717586E+00
   8.7000000000000000E+02   7.6281833314596015E-01   2.1753588833824264E+01   1.2138529306260843E+00
   8.8000000000000000E+02   7.5581453873962157E-01   2.1955169586751030E+01   1.2030464928980305E+00
   8.9000000000000000E+02   7.4894932267423964E-01   2.2156420830863187E+01   1.1924495192096600E+00
   9.0000000000000000E+02   7.4221849418309171E-01   2.2357346932488255E+01   1.1820557788073223E+00
   9.1000000000000000E+02   7.3561803224674116E-01   2.2557952152802070E+01   1.1718592897459350E+00
   9.2000000000000000E+02   7.2914407701055794E-01   2.2758240651415338E+01   1.1618543064692270E+00
   9.3000000000000000E+02   7.2279292172176834E-01   2.2958216489768144E+01   1.1520353081324644E+00
   9.4000000000000000E+02   7.1656100514679788E-01   2.3157883634430917E+01   1.1423969876138838E+00
   9.5000000000000000E+02   7.1044490443878672E-01   2.3357245960218115E+01   1.1329342411693597E+00
   9.6000000000000000E+02   7.0444132842177021E-01   2.3556307253206825E+01   1.1236421586858285E+00
   9.7000000000000000E+02   6.9854711126516522E-01   2.3755071213602626E+01   1.1145160144938333E+00
   9.8000000000000000E+02   6.9275920652142886E-01   2.3953541458488143E+01   1.1055512587018455E+00
   9.9000000000000000E+02   6.8707468150195095E-01   2.4151721524486533E+01   1.0967435090166215E+00
   1.0000000000000000E+03   6.8149071197035938E-01   2.4349614870293546E+01   1.0880885430199949E+00
   1.1000000000000000E+03   6.3062852238409894E-01   2.6313488504177446E+01   1.0091138708451268E+00
   1.2000000000000000E+03   5.8735796285668773E-01   2.8251998650794242E+01   9.4172287592850079E-01
   1.3000000000000000E+03   5.5006109557121519E-01   3.0167624119877431E+01   8.8347924313819171E-01
   1.4000000000000000E+03   5.1755399289633885E-01   3.2062425567034559E+01   8.3259318488325695E-01
   1.5000000000000000E+03   4.8894949327597603E-01   3.3938140037695639E+01   7.8771886332348107E-01
   1.5639990000000000E+03   4.7237085580372490E-01   3.5129255266873187E+01   7.6166765251915924E-01
   1.5640010000000000E+03   4.7237035674562433E-01   3.5129292380843523E+01   7.6166686783126225E-01
   1.6000000000000000E+03   4.6356913410478129E-01   3.5796249476803212E+01   7.4782381856197644E-01
   1.7000000000000000E+03   4.4088481033410376E-01   3.7638031488509185E+01   7.1210212548864504E-01
   1.8000000000000000E+03   4.2047904574236272E-01   3.9464597682539328E+01   6.7991504511912160E-01
   1.9000000000000000E+03   4.0201728012948768E-01   4.1276923143242861E+01   6.5074949213110111E-01
   2.0000000000000000E+03   3.8522812415253405E-01   4.3075869423255973E+01   6.2418835614663060E-01
   2.1000000000000000E+03   3.6988902382606648E-01   4.4862202729117584E+01   5.9988889601596096E-01
   2.2000000000000000E+03   3.5581567602460912E-01   4.6636608480995399E+01   5.7756674769410077E-01
   2.3000000000000000E+03   3.4285409438797460E-01   4.8399703097558870E+01   5.5698390896094374E-01
   2.4000000000000000E+03   3.3087458003249665E-01   5.0152043630945059E+01   5.3793958916446116E-01
   2.5000000000000000E+03   3.1976708245346436E-01   5.1894135715408801E+01   5.2026315466299833E-01
   2.6000000000000000E+03   3.0943758934088150E-01   5.3626440179767989E+01   5.0380862860936682E-01
   2.7000000000000000E+03   2.9980528773546750E-01   5.5349378590020414E+01   4.8845035826703881E-01
   2.8000000000000000E+03   2.9080031026289777E-01   5.7063337928211197E+01   4.7407956956693187E-01
   2.9000000000000000E+03   2.8236192999427373E-01   5.8768674567768116E+01   4.6060160317073512E-01
   3.0000000000000000E+03   2.7443710276320038E-01   6.0465717671122107E+01   4.4793367922449046E-01
   3.1000000000000000E+03   2.6697928108505470E-01   6.2154772110850956E+01   4.3600307603132427E-01
   3.2000000000000000E+03   2.5994744223354299E-01   6.3836120992688663E+01   4.2474563557743378E-01
   3.3000000000000000E+03   2.5330528652810674E-01   6.5510027846651852E+01   4.1410452920961660E-01
   3.4000000000000000E+03   2.4702057193095830E-01   6.7176738538191032E+01   4.0402923192799178E-01
   3.5000000000000000E+03   2.4106455857375092E-01   6.8836482941907207E+01   3.9447466513564128E-01
   3.6000000000000000E+03   2.3541154252371463E-01   7.0489476413369857E+01   3.8540047630765728E-01
   3.7000000000000000E+03   2.3003846244081155E-01   7.2135921089413515E+01   3.7677043062978838E-01
   3.8000000000000000E+03   2.2492456613319062E-01   7.3776007038440284E+01   3.6855189474631150E-01
   3.9000000000000000E+03   2.2005112658840634E-01   7.5409913284373403E+01   3.6071539667829539E-01
   4.0000000000000000E+03   2.1540119910077071E-01   7.7037808718962808E+01   3.5323424907245121E-01
   4.1000000000000000E+03   2.1095941269278184E-01   7.8659852918372181E+01   3.4608422535386812E-01
   4.2000000000000000E+03   2.0671179029575601E-01   8.0276196874973735E+01   3.3924328028457668E-01
   4.3000000000000000E+03   2.0264559314938746E-01   8.1886983655881963E+01   3.3269130795394258E-01
   4.4000000000000000E+03   1.9874918568453936E-01   8.3492348997590099E+01   3.2640993145616159E-01
   4.5000000000000000E+03   1.9501191780801702E-01   8.5092421841093284E+01   3.2038231950646612E-01
   4.6000000000000000E+03   1.9142402200678493E-01   8.6687324820561074E+01   3.1459302602688533E-01
   4.7000000000000000E+03   1.8797652314885438E-01   8.8277174703459934E+01   3.0902784941601874E-01
   4.8000000000000000E+03   1.8466115917044859E-01   8.9862082793726714E+01   3.0367370871862742E-01
   4.9000000000000000E+03   1.8147031115209700E-01   9.1442155296974832E+01   2.9851853437437609E-01
   5.0000000000000000E+03   1.7839694149677088E-01   9.3017493657315654E+01   2.9355117156430133E-01
   5.1000000000000000E+03   1.7543453914229368E-01   9.4588194863390584E+01   2.8876129449524984E-01
   5.2000000000000000E+03   1.7257707088389637E-01   9.6154351729171864E+01   2.8413933019530196E-01
   5.3000000000000000E+03   1.6981893802151576E-01   9.7716053153376578E+01   2.7967639060465443E-01
   5.4000000000000000E+03   1.6715493766705639E-01   9.9273384356810553E+01   2.7536421192769528E-01
   5.5000000000000000E+03   1.6458022813281800E-01   1.0082642710136987E+02   2.7119510035037286E-01
   5.6000000000000000E+03   1.6209029790380441E-01   1.0237525989376888E+02   2.6716188335211999E-01
   5.7000000000000000E+03   1.5968093777312131E-01   1.0391995817144824E+02   2.6325786595411099E-01
   5.8000000000000000E+03   1.5734821576373542E-01   1.0546059447586619E+02   2.5947679132243806E-01
   5.9000000000000000E+03   1.5508845451697445E-01   1.0699723861355635E+02   2.5581280522794370E-01
   6.0000000000000000E+03   1.5289821086787092E-01   1.0852995780637590E+02   2.5226042392727244E-01
   6.1000000000000000E+03   1.5077425737021197E-01   1.1005881682716769E+02   2.4881450509144271E-01
   6.2000000000000000E+03   1.4871356554251103E-01   1.1158387813260283E+02   2.4547022143559397E-01
   6.3000000000000000E+03   1.4671329066733593E-01   1.1310520198055153E+02   2.4222303677610363E-01
   6.4000000000000000E+03   1.4477075796424643E-01   1.1462284654376522E+02   2.3906868424487804E-01
   6.5000000000000000E+03   1.4288345000149016E-01   1.1613686801366661E+02   2.3600314644414550E-01
   6.6000000000000000E+03   1.4104899521244749E-01   1.1764732069992075E+02   2.3302263733681911E-01
   6.7000000000000000E+03   1.3926515741304951E-01   1.1915425711934385E+02   2.3012358570457978E-01
   6.8000000000000000E+03   1.3752982620619142E-01   1.2065772808642838E+02   2.2730262000491064E-01
   6.9000000000000000E+03   1.3584100820686767E-01   1.2215778278743265E+02   2.2455655450899950E-01
   7.0000000000000000E+03   1.3419681897999783E-01   1.2365446886363048E+02   2.2188237657076487E-01
   7.1000000000000000E+03   1.3259547565350188E-01   1.2514783247600307E+02   2.1927723494717871E-01
   7.2000000000000000E+03   1.3103529011725262E-01   1.2663791837536108E+02   2.1673842904764223E-01
   7.3000000000000000E+03   1.2951466276631923E-01   1.2812476996601296E+02   2.1426339903800906E-01
   7.4000000000000000E+03   1.2803207674092609E-01   1.2960842936054655E+02   2.1184971672324759E-01
   7.5000000000000000E+03   1.2658609260255219E-01   1.3108893744166201E+02   2.0949507712424728E-01
   7.6000000000000000E+03   1.2517534342693662E-01   1.3256633391100812E+02   2.0719729070488330E-01
   7.7000000000000000E+03   1.2379853026350998E-01   1.3404065733930238E+02   2.0495427617968873E-01
   7.8000000000000000E+03   1.2245441792914448E-01   1.3551194521836010E+02   2.0276405385155130E-01
   7.9000000000000000E+03   1.2114183112457574E-01   1.3698023399609986E+02   2.0062473944953677E-01
   8.0000000000000000E+03   1.1985965081660926E-01   1.3844555912773373E+02   1.9853453839767293E-01
   8.1000000000000000E+03   1.1860681089197138E-01   1.3990795511123270E+02   1.9649174050428425E-01
   8.2000000000000000E+03   1.1738229504334674E-01   1.4136745552668381E+02   1.9449471502167195E-01
   8.3000000000000000E+03   1.1618513387539278E-01   1.4282409307164295E+02   1.9254190605213845E-01
   8.4000000000000000E+03   1.1501440221086102E-01   1.4427789959502471E+02   1.9063182827050310E-01
   8.5000000000000000E+03   1.1386921657946793E-01   1.4572890613135661E+02   1.8876306293664780E-01
   8.6000000000000000E+03   1.1274873288136811E-01   1.4717714292736488E+02   1.8693425418096890E-01
   8.7000000000000000E+03   1.1165214420094322E-01   1.4862263947475731E+02   1.8514410553179506E-01
   8.8000000000000000E+03   1.1057867876684538E-01   1.5006542453947063E+02   1.8339137667297767E-01
   8.9000000000000000E+03   1.0952759805016665E-01   1.5150552618308922E+02   1.8167488041692983E-01
   9.0000000000000000E+03   1.0849819497829076E-01   1.5294297179303925E+02   1.7999347986592626E-01
   9.1000000000000000E+03   1.0748979226855788E-01   1.5437778810383244E+02   1.7834608575927183E-01
   9.2000000000000000E+03   1.0650174086581222E-01   1.5581000121930583E+02   1.7673165398620730E-01
   9.3000000000000000E+03   1.0553341847412838E-01   1.5723963663916032E+02   1.7514918325054329E-01
   9.4000000000000000E+03   1.0458422818598215E-01   1.5866671927483387E+02   1.7359771288524653E-01
   9.5000000000000000E+03   1.0365359719146888E-01   1.6009127347030611E+02   1.7207632079679874E-01
   9.6000000000000000E+03   1.0274097556398226E-01   1.6151332302491531E+02   1.7058412153205144E-01
   9.7000000000000000E+03   1.0184583512387942E-01   1.6293289120734653E+02   1.6912026446526987E-01
   9.8000000000000000E+03   1.0096766836545279E-01   1.6435000077547824E+02   1.6768393208863466E-01
   9.9000000000000000E+03   1.0010598745150547E-01   1.6576467398814759E+02   1.6627433840696340E-01
   1.0000000000000000E+04   9.9260323256381747E-02   1.6717693263298452E+02   1.6489072741634000E-01
   1.1000000000000000E+04   9.1593126742537154E-02   1.8117119662051988E+02   1.5233616016525259E-01
   1.2000000000000000E+04   8.5121662798080436E-02   1.9494492739790095E+02   1.4172488530457572E-01
   1.3000000000000000E+04   7.9582392252815728E-02   2.0851391751890040E+02   1.3263094796402169E-01
   1.4000000000000000E+04   7.4784490615385085E-02   2.2189141408347811E+02   1.2474541332549775E-01
   1.5000000000000000E+04   7.0586279203730187E-02   2.3508869657608290E+02   1.1783857246863337E-01
   1.6000000000000000E+04   6.6880290977598345E-02   2.4811549309375155E+02   1.1173595245026056E-01
   1.7000000000000000E+04   6.3583485702094461E-02   2.6098028742727115E+02   1.0630257328132894E-01
   1.8000000000000000E+04   6.0630651466916763E-02   2.7369055045062424E+02   1.0143231625349304E-01
   1.9000000000000000E+04   5.7969841879318432E-02   2.8625291765856196E+02   9.7040562551522130E-02
   2.0000000000000000E+04   5.5559150538289949E-02   2.9867332767667517E+02   9.3058983091544811E-02
   2.1000000000000000E+04   5.3364385896719720E-02   3.1095713171470084E+02   8.9431778540844553E-02
   2.2000000000000000E+04   5.1357365670942484E-02   3.2310918127074314E+02   8.6112918354339207E-02
   2.3000000000000000E+04   4.9514645968159382E-02   3.3513389926752717E+02   8.3064081540270715E-02
   2.4000000000000000E+04   4.7816560882715471E-02   3.4703533813028235E+02   8.0253099062599656E-02
   2.5000000000000000E+04   4.6246487301780992E-02   3.5881722790914210E+02   7.7652760493780906E-02
   2.6000000000000000E+04   4.4790275508602505E-02   3.7048301636307900E+02   7.5239889042636565E-02
   2.7000000000000000E+04   4.3435803452529370E-02   3.8203590253132722E+02   7.2994616920499994E-02
   2.8000000000000000E+04   4.2172624351134960E-02   3.9347886524671100E+02   7.0899812040090826E-02
   2.9000000000000000E+04   4.0991685560456362E-02   4.0481468735133552E+02   6.8940620341021955E-02
   3.0000000000000000E+04   3.9885102404835074E-02   4.1604597640819355E+02   6.7104097348789665E-02
   3.1000000000000000E+04   3.8845974779808848E-02   4.2717518271122276E+02   6.5378909240757427E-02
   3.2000000000000000E+04   3.7868237390122676E-02   4.3820461468028839E+02   6.3755088578706293E-02
   3.3000000000000000E+04   3.6946536590637333E-02   4.4913645243720930E+02   6.2223833330912387E-02
   3.4000000000000000E+04   3.6076128490606416E-02   4.5997275950719575E+02   6.0777340492746190E-02
   3.5000000000000000E+04   3.5252794116813306E-02   4.7071549333577826E+02   5.9408667504500447E-02
   3.6000000000000000E+04   3.4472768430678806E-02   4.8136651419596018E+02   5.8111616221627152E-02
   3.7000000000000000E+04   3.3732680560866181E-02   4.9192759360521745E+02   5.6880635200543928E-02
   3.8000000000000000E+04   3.3029503302160285E-02   5.0240042129471169E+02   5.5710737068553187E-02
   3.9000000000000000E+04   3.2360510205158670E-02   5.1278661148905803E+02   5.4597428288112093E-02
   4.0000000000000000E+04   3.1723238928290778E-02   5.2308770903471145E+02   5.3536649169468514E-02
   4.1000000000000000E+04   3.1115459866948973E-02   5.3330519443123137E+02   5.2524722476988826E-02
   4.2000000000000000E+04   3.0535149180114768E-02   5.4344048808403522E+02   5.1558309211920478E-02
   4.3000000000000000E+04   2.9980465440143284E-02   5.5349495514973864E+02   5.0634370362452615E-02
   4.4000000000000000E+04   2.9449729478711616E-02   5.6346990848101882E+02   4.9750133817808843E-02
   4.5000000000000000E+04   2.8941406768914889E-02   5.7336661298660727E+02   4.8903065503208200E-02
   4.6000000000000000E+04   2.8454092136958153E-02   5.8318628808426854E+02   4.8090844263517812E-02
   4.7000000000000000E+04   2.7986496337493633E-02   5.9293011079523001E+02   4.7311339834712980E-02
   4.8000000000000000E+04   2.7537434278697561E-02   6.0259921843906966E+02   4.6562593510280012E-02
   4.9000000000000000E+04   2.7105814678867999E-02   6.1219471064624724E+02   4.5842801137454800E-02
   5.0000000000000000E+04   2.6690630897164162E-02   6.2171765208905151E+02   4.5150298068639828E-02
   5.1000000000000000E+04   2.6290952884260727E-02   6.3116907352926489E+02   4.4483545899787862E-02
   5.2000000000000000E+04   2.5905919932423561E-02   6.4054997535105815E+02   4.3841120603137967E-02
   5.3000000000000000E+04   2.5534734365426168E-02   6.4986132758164081E+02   4.3221702096056636E-02
   5.4000000000000000E+04   2.5176655832628871E-02   6.5910407182254028E+02   4.2624064866955406E-02
   5.5000000000000000E+04   2.4830996192918169E-02   6.6827912360975017E+02   4.2047069582197380E-02
   5.6000000000000000E+04   2.4497115003164070E-02   6.7738737284031595E+02   4.1489655633083974E-02
   5.7000000000000000E+04   2.4174415420436308E-02   6.8642968549850889E+02   4.0950834402535621E-02
   5.8000000000000000E+04   2.3862340548116166E-02   6.9540690447779343E+02   4.0429683238423157E-02
   5.9000000000000000E+04   2.3560370122619231E-02   7.0431985099543158E+02   3.9925340004466008E-02
   6.0000000000000000E+04   2.3268017547840327E-02   7.1316932523547155E+02   3.9436998184658553E-02
   6.1000000000000000E+04   2.2984827190594113E-02   7.2195610767746109E+02   3.8963902435712544E-02
   6.2000000000000000E+04   2.2710371949809679E-02   7.3068095982018747E+02   3.8505344575898132E-02
   6.3000000000000000E+04   2.2444251045689759E-02   7.3934462506144303E+02   3.8060659940995778E-02
   6.4000000000000000E+04   2.2186088013346265E-02   7.4794782947665624E+02   3.7629224075417390E-02
   6.5000000000000000E+04   2.1935528901889795E-02   7.5649128171834434E+02   3.7210449743691566E-02
   6.6000000000000000E+04   2.1692240551108528E-02   7.6497567575205596E+02   3.6803784132123644E-02
   6.7000000000000000E+04   2.1455909138085136E-02   7.7340168936049827E+02   3.6408706403458217E-02
   6.8000000000000000E+04   2.1226238769684110E-02   7.8176998545123558E+02   3.6024725389835567E-02
   6.9000000000000000E+04   2.1002950194654771E-02   7.9008121337085117E+02   3.5651377481573883E-02
   7.0000000000000000E+04   2.0785779669211933E-02   7.9833600847504499E+02   3.5288224734089012E-02
   7.1000000000000000E+04   2.0574477874966527E-02   8.0653499325738755E+02   3.4934853093358878E-02
   7.2000000000000000E+04   2.0368808961457256E-02   8.1467877702424096E+02   3.4590870798941409E-02
   7.3000000000000000E+04   2.0168549605118234E-02   8.2276795798688863E+02   3.4255906860097246E-02
   7.4000000000000000E+04   1.9973488242250613E-02   8.3080312126243712E+02   3.3929609743027452E-02
   7.5000000000000000E+04   1.9783424256553307E-02   8.3878484123715748E+02   3.3611646064711509E-02
   7.6000000000000000E+04   1.9598167275963998E-02   8.4671368197331435E+02   3.3301699429851603E-02
   7.7000000000000000E+04   1.9417536550003636E-02   8.5459019641486350E+02   3.2999469380829094E-02
   7.8000000000000000E+04   1.9241360363557766E-02   8.6241492600433401E+02   3.2704670417082235E-02
   7.9000000000000000E+04   1.9069475397517528E-02   8.7018840467528617E+02   3.2417030999246171E-02
   8.0000000000000000E+04   1.8901726294380829E-02   8.7791115561193635E+02   3.2136292770094291E-02
   8.1000000000000000E+04   1.8737965179427923E-02   8.8558369146606663E+02   3.1862209762776927E-02
   8.2000000000000000E+04   1.8578051132740084E-02   8.9320651857377754E+02   3.1594547589736753E-02
   8.3000000000000000E+04   1.8421849893007207E-02   9.0078013177489663E+02   3.1333082865867286E-02
   8.4000000000000000E+04   1.8269233369271283E-02   9.0830501963325094E+02   3.1077602478303813E-02
   8.5000000000000000E+04   1.8120079348024603E-02   9.1578166162773618E+02   3.0827903053675991E-02
   8.6000000000000000E+04   1.7974271157828459E-02   9.2321052845211364E+02   3.0583790404822665E-02
   8.7000000000000000E+04   1.7831697332614631E-02   9.3059208355950943E+02   3.0345078993000905E-02
   8.8000000000000000E+04   1.7692251300308565E-02   9.3792678458455919E+02   3.0111591428531311E-02
   8.9000000000000000E+04   1.7555831204877706E-02   9.4521507871127824E+02   2.9883158107069385E-02
   9.0000000000000000E+04   1.7422339537692004E-02   9.5245740896395512E+02   2.9659616685477098E-02
   9.1000000000000000E+04   1.7291682996088471E-02   9.5965420936262308E+02   2.9440811776590133E-02
   9.2000000000000000E+04   1.7163772213750358E-02   9.6680590767025387E+02   2.9226594538570752E-02
   9.3000000000000000E+04   1.7038521545487018E-02   9.7391292606344996E+02   2.9016822324172655E-02
   9.4000000000000000E+04   1.6915848926547742E-02   9.8097567826570662E+02   2.8811358407480881E-02
   9.5000000000000000E+04   1.6795675607676523E-02   9.8799457442343282E+02   2.8610071606528245E-02
   9.6000000000000000E+04   1.6677926057795490E-02   9.9497001705461571E+02   2.8412836066768057E-02
   9.7000000000000000E+04   1.6562527768654200E-02   1.0019024031806202E+03   2.8219530963062196E-02
   9.8000000000000000E+04   1.6449411145482287E-02   1.0087921219427864E+03   2.8030040287118439E-02
   9.9000000000000000E+04   1.6338509285325185E-02   1.0156395595444390E+03   2.7844252539408167E-02
   1.0000000000000000E+05   1.6229757873180588E-02   1.0224450976919238E+03   2.7662060534513176E-02
   1.1000000000000000E+05   1.5248006862261730E-02   1.0882757677155853E+03   2.6017042917975439E-02
   1.2000000000000000E+05   1.4425863579765007E-02   1.1502976083481519E+03   2.4639133202110346E-02
   1.3000000000000000E+05   1.3727510793464378E-02   1.2088161228808331E+03   2.3468540728179995E-02
   1.4000000000000000E+05   1.3127135568810159E-02   1.2641018512513524E+03   2.2462140787339092E-02
   1.5000000000000000E+05   1.2605655557487470E-02   1.3163961444515212E+03   2.1588030311453225E-02
   1.6000000000000000E+05   1.2148654005518929E-02   1.3659156287290762E+03   2.0822090874463593E-02
   1.7000000000000000E+05   1.1745032461267903E-02   1.4128557267834944E+03   2.0145744477278339E-02
   1.8000000000000000E+05   1.1386105790579436E-02   1.4573934828437889E+03   1.9544444969242004E-02
   1.9000000000000000E+05   1.1064978426468508E-02   1.4996898985781881E+03   1.9006637746253642E-02
   2.0000000000000000E+05   1.0776105062276029E-02   1.5398918513008223E+03   1.8523026502509501E-02
   2.1000000000000000E+05   1.0514974793233420E-02   1.5781337283698449E+03   1.8086045862856906E-02
   2.2000000000000000E+05   1.0277880249738996E-02   1.6145387931117216E+03   1.7689475607503950E-02
   2.3000000000000000E+05   1.0061745849959551E-02   1.6492203859658318E+03   1.7328153699376452E-02
   2.4000000000000000E+05   9.8639986310040430E-03   1.6822829153689077E+03   1.6997760142216666E-02
   2.5000000000000000E+05   9.6824693188336530E-03   1.7138227685248487E+03   1.6694651597309106E-02
   2.6000000000000000E+05   9.5153160928680546E-03   1.7439290731075139E+03   1.6415733734063079E-02
   2.7000000000000000E+05   9.3609648971565481E-03   1.7726843927382893E+03   1.6158361359856224E-02
   2.8000000000000000E+05   9.2180624664809398E-03   1.8001653204781639E+03   1.5920259711045024E-02
   2.9000000000000000E+05   9.0854389051380508E-03   1.8264430092393270E+03   1.5699461748144732E-02
   3.0000000000000000E+05   8.9620776340993205E-03   1.8515836451831942E+03   1.5494257787624623E-02
   3.1000000000000000E+05   8.8470909172017088E-03   1.8756489030643993E+03   1.5303154589778623E-02
   3.2000000000000000E+05   8.7397004481803708E-03   1.8986962393677143E+03   1.5124842487673828E-02
   3.3000000000000000E+05   8.6392203450409745E-03   1.9207793888120461E+03   1.4958167424719953E-02
   3.4000000000000000E+05   8.5450445750661283E-03   1.9419484858605290E+03   1.4802109190806543E-02
   3.5000000000000000E+05   8.4566350393583106E-03   1.9622505047136990E+03   1.4655761998495130E-02
   3.6000000000000000E+05   8.3735126985827885E-03   1.9817294093276917E+03   1.4518319233222060E-02
   3.7000000000000000E+05   8.2952495963531762E-03   2.0004264104910840E+03   1.4389060164732631E-02
   3.8000000000000000E+05   8.2214620331033869E-03   2.0183802232918154E+03   1.4267338642104102E-02
   3.9000000000000000E+05   8.1518054883584160E-03   2.0356271255316778E+03   1.4152574150767101E-02
   4.0000000000000000E+05   8.0859691250217657E-03   2.0522013029719219E+03   1.4044243127198456E-02
   4.1000000000000000E+05   8.0236722897401597E-03   2.0681348608141848E+03   1.3941872620653146E-02
   4.2000000000000000E+05   7.9646607884848435E-03   2.0834580172142100E+03   1.3845034193828137E-02
   4.3000000000000000E+05   7.9087035744400003E-03   2.0981993088968929E+03   1.3753338571024197E-02
   4.4000000000000000E+05   7.8555905303744605E-03   2.1123856074215969E+03   1.3666431596171683E-02
   4.5000000000000000E+05   7.8051302444960627E-03   2.1260422125386058E+03   1.3583990450690827E-02
   4.6000000000000000E+05   7.7571475594408607E-03   2.1391930792865442E+03   1.3505719890796254E-02
   4.7000000000000000E+05   7.7114820999094509E-03   2.1518608432424739E+03   1.3431349568051544E-02
   4.8000000000000000E+05   7.6679869153690097E-03   2.1640668610037442E+03   1.3360631619619763E-02
   4.9000000000000000E+05   7.6265266679534302E-03   2.1758314232202624E+03   1.3293337986397140E-02
   5.0000000000000000E+05   7.5869773640892223E-03   2.1871735709537634E+03   1.3229259258059888E-02
   5.1000000000000000E+05   7.5492238618047837E-03   2.1981115778163294E+03   1.3168201599666167E-02
   5.2000000000000000E+05   7.5131606686914178E-03   2.2086625197981575E+03   1.3109986764253522E-02
   5.3000000000000000E+05   7.4786896413092819E-03   2.2188427612374226E+03   1.3054449365492563E-02
   5.4000000000000000E+05   7.4457201774536597E-03   2.2286677418268682E+03   1.3001436488239744E-02
   5.5000000000000000E+05   7.4141679710744554E-03   2.2381522024993455E+03   1.2950806051883836E-02
   5.6000000000000000E+05   7.3839549948847170E-03   2.2473100642753138E+03   1.2902426344099762E-02
   5.7000000000000000E+05   7.3550086301566965E-03   2.2561545755530765E+03   1.2856174825356600E-02
   5.8000000000000000E+05   7.3272611239695255E-03   2.2646983768432451E+03   1.2811937272611538E-02
   5.9000000000000000E+05   7.3006496893263237E-03   2.2729533781659411E+03   1.2769607544382503E-02
   6.0000000000000000E+05   7.2751151224461023E-03   2.2809311048511636E+03   1.2729086028685870E-02
   6.1000000000000000E+05   7.2506026910641435E-03   2.2886423489472645E+03   1.2690280186071838E-02
   6.2000000000000000E+05   7.2270608300404439E-03   2.2960975096798143E+03   1.2653103122734467E-02
   6.3000000000000000E+05   7.2044413369318720E-03   2.3033064741737817E+03   1.2617473551123482E-02
   6.4000000000000000E+05   7.1826994359923159E-03   2.3102785411022660E+03   1.2583315650966868E-02
   6.5000000000000000E+05   7.1617924771442366E-03   2.3170227882360068E+03   1.2550557706152295E-02
   6.6000000000000000E+05   7.1416807563958636E-03   2.3235477670013884E+03   1.2519132688171130E-02
   6.7000000000000000E+05   7.1223268297805030E-03   2.3298616829511311E+03   1.2488977483156810E-02
   6.8000000000000000E+05   7.1036956551480930E-03   2.3359723135287468E+03   1.2460032885219999E-02
   6.9000000000000000E+05   7.0857542689657460E-03   2.3418870799456190E+03   1.2432243178329626E-02
   7.0000000000000000E+05   7.0684711522619728E-03   2.3476132273455146E+03   1.2405555445843732E-02
   7.1000000000000000E+05   7.0518172803281688E-03   2.3531574506973275E+03   1.2379920421703796E-02
   7.2000000000000000E+05   7.0357644645434288E-03   2.3585264199484873E+03   1.2355290886122665E-02
   7.3000000000000000E+05   7.0202869341566641E-03   2.3637262308216200E+03   1.2331623017304819E-02
   7.4000000000000000E+05   7.0053597411571973E-03   2.3687629168661751E+03   1.2308874859311978E-02
   7.5000000000000000E+05   6.9909594547170233E-03   2.3736421991353236E+03   1.2287006879761106E-02
   7.6000000000000000E+05   6.9770636392906451E-03   2.3783696454641345E+03   1.2265981426494821E-02
   7.7000000000000000E+05   6.9636515966274709E-03   2.3829504023717909E+03   1.2245763339659672E-02
   7.8000000000000000E+05   6.9507030441477930E-03   2.3873896307700693E+03   1.2226318690752866E-02
   7.9000000000000000E+05   6.9381994874433035E-03   2.3916920238733619E+03   1.2207615977634697E-02
   8.0000000000000000E+05   6.9261228713557712E-03   2.3958622569039344E+03   1.2189624847141620E-02
   8.1000000000000000E+05   6.9144557862724299E-03   2.3999049074990485E+03   1.2172316236568986E-02
   8.2000000000000000E+05   6.9031824956462358E-03   2.4038240890525608E+03   1.2155663265802441E-02
   8.3000000000000000E+05   6.8922878585872052E-03   2.4076238129673643E+03   1.2139640217105936E-02
   8.4000000000000000E+05   6.8817564983182176E-03   2.4113082725632171E+03   1.2124221741463433E-02
   8.5000000000000000E+05   6.8715748851845612E-03   2.4148811082504417E+03   1.2109384719669583E-02
   8.6000000000000000E+05   6.8617299497403493E-03   2.4183458829924257E+03   1.2095106968280091E-02
   8.7000000000000000E+05   6.8522085530627443E-03   2.4217062638502634E+03   1.2081366727807850E-02
   8.8000000000000000E+05   6.8429986040298828E-03   2.4249656231681925E+03   1.2068143651626955E-02
   8.9000000000000000E+05   6.8340894791138551E-03   2.4281268814045538E+03   1.2055419162050000E-02
   9.0000000000000000E+05   6.8254690478022810E-03   2.4311935572403595E+03   1.2043173719351392E-02
   9.1000000000000000E+05   6.8171279063400769E-03   2.4341682600274498E+03   1.2031390651729623E-02
   9.2000000000000000E+05   6.8090550037207733E-03   2.4370542410206217E+03   1.2020052153949332E-02
   9.3000000000000000E+05   6.8012415486493356E-03   2.4398539965774075E+03   1.2009142822772011E-02
   9.4000000000000000E+05   6.7936782636409372E-03   2.4425702440119899E+03   1.1998647139743473E-02
   9.5000000000000000E+05   6.7863560694612470E-03   2.4452056750800225E+03   1.1988550076653073E-02
   9.6000000000000000E+05   6.7792668714149714E-03   2.4477626694605819E+03   1.1978837794753517E-02
   9.7000000000000000E+05   6.7724025764310030E-03   2.4502436449820898E+03   1.1969496735064677E-02
   9.8000000000000000E+05   6.7657557498303220E-03   2.4526508179927364E+03   1.1960514201671204E-02
   9.9000000000000000E+05   6.7593185539292317E-03   2.4549865850773058E+03   1.1951877382411161E-02
   1.0000000000000000E+06   6.7530844052303678E-03   2.4572529200594709E+03   1.1943574844202418E-02
   1.1000000000000000E+06   6.7005391369871483E-03   2.4765225655590743E+03   1.1876637834347351E-02
   1.2000000000000000E+06   6.6623047692789712E-03   2.4907351057667520E+03   1.1833071526493839E-02
   1.3000000000000000E+06   6.6346238911710207E-03   2.5011269133496467E+03   1.1806575932405783E-02
   1.4000000000000000E+06   6.6148696805882418E-03   2.5085961138216612E+03   1.1792757589687081E-02
   1.5000000000000000E+06   6.6011599696508081E-03   2.5138061265675096E+03   1.1788478362769481E-02
   1.6000000000000000E+06   6.5921163610630530E-03   2.5172547730156298E+03   1.1791449781842340E-02
   1.7000000000000000E+06   6.5867144142343842E-03   2.5193192433392037E+03   1.1799976948008764E-02
   1.8000000000000000E+06   6.5841766058876315E-03   2.5202902910170810E+03   1.1812782001728079E-02
   1.9000000000000000E+06   6.5839107457797905E-03   2.5203920610249738E+03   1.1828894511523849E-02
   2.0000000000000000E+06   6.5854539687495344E-03   2.5198014370619499E+03   1.1847563457212530E-02
   2.1000000000000000E+06   6.5884470891258342E-03   2.5186566955282506E+03   1.1868207781072556E-02
   2.2000000000000000E+06   6.5926021608625155E-03   2.5170692799684102E+03   1.1890368156211546E-02
   2.3000000000000000E+06   6.5976916352604347E-03   2.5151276069763408E+03   1.1913683509604962E-02
   2.4000000000000000E+06   6.6035350748768450E-03   2.5129019814390663E+03   1.1937868898909354E-02
   2.5000000000000000E+06   6.6099800122785164E-03   2.5104518233543477E+03   1.1962690608906083E-02
   2.6000000000000000E+06   6.6169081577103625E-03   2.5078232882564903E+03   1.1987966154200032E-02
   2.7000000000000000E+06   6.6242251416096199E-03   2.5050531978338245E+03   1.2013550644375853E-02
   2.8000000000000000E+06   6.6318452602821491E-03   2.5021748431829983E+03   1.2039319597297593E-02
   2.9000000000000000E+06   6.6397020691264736E-03   2.4992140010799499E+03   1.2065176016742668E-02
   3.0000000000000000E+06   6.6477389680730725E-03   2.4961925331087991E+03   1.2091039825188223E-02
   3.1000000000000000E+06   6.6559197556140658E-03   2.4931244641529565E+03   1.2116855895071364E-02
   3.2000000000000000E+06   6.6641924885299693E-03   2.4900295726333106E+03   1.2142559918267728E-02
   3.3000000000000000E+06   6.6725384069831030E-03   2.4869150781948310E+03   1.2168121936399169E-02
   3.4000000000000000E+06   6.6809213548340678E-03   2.4837945985030292E+03   1.2193499523218541E-02
   3.5000000000000000E+06   6.6893248325179521E-03   2.4806743265768691E+03   1.2218670865095014E-02
   3.6000000000000000E+06   6.6977309103122317E-03   2.4775609227016294E+03   1.2243615059056624E-02
   3.7000000000000000E+06   6.7061203771746035E-03   2.4744614532481341E+03   1.2268311831851102E-02
   3.8000000000000000E+06   6.7144871013660899E-03   2.4713780998677130E+03   1.2292754268944047E-02
   3.9000000000000000E+06   6.7228113299931279E-03   2.4683180234625684E+03   1.2316924241614761E-02
   4.0000000000000000E+06   6.7310838536320102E-03   2.4652844526972367E+03   1.2340814169758112E-02
   4.1000000000000000E+06   6.7393030737804187E-03   2.4622778041724059E+03   1.2364424167775638E-02
   4.2000000000000000E+06   6.7474633501317851E-03   2.4592999640133353E+03   1.2387751288383734E-02
   4.3000000000000000E+06   6.7555630804949727E-03   2.4563513324406067E+03   1.2410796749356212E-02
   4.4000000000000000E+06   6.7635917076634827E-03   2.4534355548633334E+03   1.2433554006500674E-02
   4.5000000000000000E+06   6.7715386054949612E-03   2.4505562680680405E+03   1.2456016754033607E-02
   4.6000000000000000E+06   6.7794159417646433E-03   2.4477088464114895E+03   1.2478199658207512E-02
   4.7000000000000000E+06   6.7872194844172742E-03   2.4448946158671483E+03   1.2500102633791669E-02
   4.8000000000000000E+06   6.7949425598527353E-03   2.4421157688962180E+03   1.2521723497257626E-02
   4.9000000000000000E+06   6.8025821086579608E-03   2.4393731834622617E+03   1.2543063437321896E-02
   5.0000000000000000E+06   6.8101375584358036E-03   2.4366668414216028E+03   1.2564125956281588E-02
   5.1000000000000000E+06   6.8176124467051397E-03   2.4339952591731835E+03   1.2584918319642247E-02
   5.2000000000000000E+06   6.8250079332106599E-03   2.4313578147526246E+03   1.2605445630235620E-02
   5.3000000000000000E+06   6.8323347517102156E-03   2.4287504897219374E+03   1.2625721685688748E-02
   5.4000000000000000E+06   6.8395610868669469E-03   2.4261843944962498E+03   1.2645721533295552E-02
   5.5000000000000000E+06   6.8467117775274314E-03   2.4236504928725126E+03   1.2665471729603804E-02
   5.6000000000000000E+06   6.8537813731545313E-03   2.4211505256291539E+03   1.2684971215051286E-02
   5.7000000000000000E+06   6.8607779864694254E-03   2.4186814391730131E+03   1.2704231210704735E-02
   5.8000000000000000E+06   6.8677017616308889E-03   2.4162430096876797E+03   1.2723255619016273E-02
   5.9000000000000000E+06   6.8745274061967204E-03   2.4138439479057834E+03   1.2742025123876231E-02
   6.0000000000000000E+06   6.8812864239172506E-03   2.4114729938408891E+03   1.2760572016201802E-02
   6.1000000000000000E+06   6.8879808150868341E-03   2.4091292963264736E+03   1.2778901661697000E-02
   6.2000000000000000E+06   6.8945879832507835E-03   2.4068205981956798E+03   1.2796996964113280E-02
   6.3000000000000000E+06   6.9011266502467554E-03   2.4045401881687048E+03   1.2814878344696221E-02
   6.4000000000000000E+06   6.9075779018555128E-03   2.4022944959770789E+03   1.2832531895970225E-02
   6.5000000000000000E+06   6.9139705064418288E-03   2.4000733527427597E+03   1.2849987018826354E-02
   6.6000000000000000E+06   6.9202886517160033E-03   2.3978821129152789E+03   1.2867232466519342E-02
   6.7000000000000000E+06   6.9265390786440789E-03   2.3957182924619842E+03   1.2884277434964944E-02
   6.8000000000000000E+06   6.9327320534930074E-03   2.3935782093005614E+03   1.2901134248924790E-02
   6.9000000000000000E+06   6.9388382200102038E-03   2.3914718643110250E+03   1.2917779100141568E-02
   7.0000000000000000E+06   6.9449004722819310E-03   2.3893843317682545E+03   1.2934253849180654E-02
   7.1000000000000000E+06   6.9508611833756159E-03   2.3873353152050245E+03   1.2950508810852541E-02
   7.2000000000000000E+06   6.9567934525677100E-03   2.3852995618312684E+03   1.2966613182894316E-02
   7.3000000000000000E+06   6.9626299029326728E-03   2.3833000756181164E+03   1.2982508262661469E-02
   7.4000000000000000E+06   6.9684335717250714E-03   2.3813151411088875E+03   1.2998253949855305E-02
   7.5000000000000000E+06   6.9741592523200361E-03   2.3793601169402887E+03   1.3013811577558520E-02
   7.6000000000000000E+06   6.9798307855062584E-03   2.3774267434417184E+03   1.3029205243034152E-02
   7.7000000000000000E+06   6.9854371858941271E-03   2.3755186586845502E+03   1.3044427288066457E-02
   7.8000000000000000E+06   6.9909978516871909E-03   2.3736291622741137E+03   1.3059497639399434E-02
   7.9000000000000000E+06   6.9964931391877025E-03   2.3717648319007676E+03   1.3074400635662183E-02
   8.0000000000000000E+06   7.0019385971636537E-03   2.3699202933430906E+03   1.3089152579853583E-02
   8.1000000000000000E+06   7.0073136463356086E-03   2.3681024158006758E+03   1.3103736841825812E-02
   8.2000000000000000E+06   7.0126398949902123E-03   2.3663037918166988E+03   1.3118175124512696E-02
   8.3000000000000000E+06   7.0179359650651193E-03   2.3645180658194308E+03   1.3132486358867056E-02
   8.4000000000000000E+06   7.0231618122258499E-03   2.3627586574003840E+03   1.3146636038656597E-02
   8.5000000000000000E+06   7.0283365000455306E-03   2.3610190511016222E+03   1.3160643392538097E-02
   8.6000000000000000E+06   7.0334367345812280E-03   2.3593069789869105E+03   1.3174489055535189E-02
   8.7000000000000000E+06   7.0385372218222889E-03   2.3575973034158615E+03   1.3188242791037008E-02
   8.8000000000000000E+06   7.0435581943578632E-03   2.3559166995245105E+03   1.3201833750156015E-02
   8.9000000000000000E+06   7.0485404200759626E-03   2.3542514315299281E+03   1.3215300721686907E-02
   9.0000000000000000E+06   7.0534668985077660E-03   2.3526071097988761E+03   1.3228629883257483E-02
   9.1000000000000000E+06   7.0583693753865900E-03   2.3509730777232858E+03   1.3241851727289672E-02
   9.2000000000000000E+06   7.0631795744103667E-03   2.3493720072302799E+03   1.3254905688293989E-02
   9.3000000000000000E+06   7.0679855491136874E-03   2.3477745191826630E+03   1.3267873415585428E-02
   9.4000000000000000E+06   7.0727430251598519E-03   2.3461952901625964E+03   1.3280716105859633E-02
   9.5000000000000000E+06   7.0774370062981259E-03   2.3446392188858144E+03   1.3293421560284678E-02
   9.6000000000000000E+06   7.0821058477696722E-03   2.3430935276668115E+03   1.3306026091630075E-02
   9.7000000000000000E+06   7.0867415445738094E-03   2.3415608245041972E+03   1.3318523791112188E-02
   9.8000000000000000E+06   7.0913138401402284E-03   2.3400510467087515E+03   1.3330888467542126E-02
   9.9000000000000000E+06   7.0958459487970443E-03   2.3385564587931303E+03   1.3343142553227189E-02
   1.0000000000000000E+07   7.1003658715526946E-03   2.3370677897942805E+03   1.3355312804005670E-02
   1.1000000000000000E+07   7.1432594519883433E-03   2.3230342514776512E+03   1.3471175754650622E-02
   1.2000000000000000E+07   7.1828902710454100E-03   2.3102171616141468E+03   1.3577993308302705E-02
   1.3000000000000000E+07   7.2195754456630401E-03   2.2984781444633013E+03   1.3676925017513983E-02
   1.4000000000000000E+07   7.2536924039194300E-03   2.2876675009260171E+03   1.3769014517334269E-02
   1.5000000000000000E+07   7.2856340200211688E-03   2.2776379280868932E+03   1.3855189584143120E-02
   1.6000000000000000E+07   7.3156844589231645E-03   2.2682821364609490E+03   1.3936178829345364E-02
   1.7000000000000000E+07   7.3439671433234979E-03   2.2595466524174558E+03   1.4012486185056960E-02
   1.8000000000000000E+07   7.3707060151674249E-03   2.2513496454767319E+03   1.4084644938791082E-02
   1.9000000000000000E+07   7.3960578146263466E-03   2.2436325932098921E+03   1.4153077442934816E-02
   2.0000000000000000E+07   7.4201569938302913E-03   2.2363457252936828E+03   1.4218145435478917E-02
   2.1000000000000000E+07   7.4431196745451391E-03   2.2294464014747264E+03   1.4280160973616559E-02
   2.2000000000000000E+07   7.4650467761143719E-03   2.2228978426840818E+03   1.4339395033125282E-02
   2.3000000000000000E+07   7.4860265223758212E-03   2.2166681248804862E+03   1.4396084350989847E-02
   2.4000000000000000E+07   7.5061364572455184E-03   2.2107293770475644E+03   1.4450436911321571E-02
   2.5000000000000000E+07   7.5254450793397218E-03   2.2050571360513268E+03   1.4502636382786963E-02
   2.6000000000000000E+07   7.5440131845178867E-03   2.1996298214609851E+03   1.4552845743273890E-02
   2.7000000000000000E+07   7.5618949641071288E-03   2.1944283083704190E+03   1.4601210251919313E-02
   2.8000000000000000E+07   7.5791389227015506E-03   2.1894355735394706E+03   1.4647859915439513E-02
   2.9000000000000000E+07   7.5957886372100660E-03   2.1846364040291924E+03   1.4692911536728939E-02
   3.0000000000000000E+07   7.6118834000248395E-03   2.1800171524049156E+03   1.4736470437662689E-02
   3.1000000000000000E+07   7.6274587580619224E-03   2.1755655324417398E+03   1.4778631908187210E-02
   3.2000000000000000E+07   7.6425469705952839E-03   2.1712704466202154E+03   1.4819482435188113E-02
   3.3000000000000000E+07   7.6571774009839945E-03   2.1671218394428161E+03   1.4859100750795402E-02
   3.4000000000000000E+07   7.6713768490988586E-03   2.1631105733137938E+03   1.4897558727054455E-02
   3.5000000000000000E+07   7.6851698411772801E-03   2.1592283211815629E+03   1.4934922148884014E-02
   3.6000000000000000E+07   7.6985788793707405E-03   2.1554674744745544E+03   1.4971251380914258E-02
   3.7000000000000000E+07   7.7116246563749095E-03   2.1518210641181468E+03   1.5006601944142951E-02
   3.8000000000000000E+07   7.7243262437879587E-03   2.1482826916464874E+03   1.5041025019322425E-02
   3.9000000000000000E+07   7.7367012545382745E-03   2.1448464698603293E+03   1.5074567884844566E-02
   4.0000000000000000E+07   7.7487659919065408E-03   2.1415069691732328E+03   1.5107274306698512E-02
   4.1000000000000000E+07   7.7605355703222962E-03   2.1382591734543448E+03   1.5139184872158529E-02
   4.2000000000000000E+07   7.7720240303215003E-03   2.1350984388906945E+03   1.5170337291874307E-02
   4.3000000000000000E+07   7.7832444406746174E-03   2.1320204576180699E+03   1.5200766667615405E-02
   4.4000000000000000E+07   7.7942089777502492E-03   2.1290212286494484E+03   1.5230505719677268E-02
   4.5000000000000000E+07   7.8049290134893021E-03   2.1260970273375751E+03   1.5259585005079686E-02
   4.6000000000000000E+07   7.8154151789284580E-03   2.1232443823202675E+03   1.5288033098667461E-02
   4.7000000000000000E+07   7.8256774278142177E-03   2.1204600531043434E+03   1.5315876761316736E-02
   4.8000000000000000E+07   7.8357250941251174E-03   2.1177410099037133E+03   1.5343141091224161E-02
   4.9000000000000000E+07   7.8455669443870113E-03   2.1150844154140245E+03   1.5369849660460672E-02
   5.0000000000000000E+07   7.8552112154382705E-03   2.1124876109692941E+03   1.5396024629474540E-02
   5.1000000000000000E+07   7.8646656647964868E-03   2.1099480996932880E+03   1.5421686865276289E-02
   5.2000000000000000E+07   7.8739375998589396E-03   2.1074635357102243E+03   1.5446856033466936E-02
   5.3000000000000000E+07   7.8830339167066735E-03   2.1050317110766605E+03   1.5471550692882384E-02
   5.4000000000000000E+07   7.8919611282956999E-03   2.1026505458401748E+03   1.5495788375131240E-02
   5.5000000000000000E+07   7.9007253925644661E-03   2.1003180783599164E+03   1.5519585659196535E-02
   5.6000000000000000E+07   7.9093325396011917E-03   2.0980324560986419E+03   1.5542958240837760E-02
   5.7000000000000000E+07   7.9177880902917969E-03   2.0957919288730109E+03   1.5565920990350276E-02
   5.8000000000000000E+07   7.9260972805120650E-03   2.0935948408001800E+03   1.5588488011878277E-02
   5.9000000000000000E+07   7.9342650816301760E-03   2.0914396233848770E+03   1.5610672696230911E-02
   6.0000000000000000E+07   7.9422962140335129E-03   2.0893247905863586E+03   1.5632487764523431E-02
   6.1000000000000000E+07   7.9501951710764275E-03   2.0872489312628568E+03   1.5653945318749155E-02
   6.2000000000000000E+07   7.9579662196604013E-03   2.0852107078771355E+03   1.5675056868781321E-02
   6.3000000000000000E+07   7.9656134323202090E-03   2.0832088470212038E+03   1.5695833385956072E-02
   6.4000000000000000E+07   7.9731406860266193E-03   2.0812421387775566E+03   1.5716285324474513E-02
   6.5000000000000000E+07   7.9805516795837146E-03   2.0793094312780622E+03   1.5736422658005206E-02
   6.6000000000000000E+07   7.9878499446773797E-03   2.0774096270070345E+03   1.5756254908944514E-02
   6.7000000000000000E+07   7.9950388524004171E-03   2.0755416803482112E+03   1.5775791172135099E-02
   6.8000000000000000E+07   8.0021216275795830E-03   2.0737045931629546E+03   1.5795040144383706E-02
   6.9000000000000000E+07   8.0091013549077085E-03   2.0718974125595410E+03   1.5814010145333290E-02
   7.0000000000000000E+07   8.0159809829982928E-03   2.0701192292441760E+03   1.5832709135358027E-02
   7.1000000000000000E+07   8.0227633396688890E-03   2.0683691730143019E+03   1.5851144742680616E-02
   7.2000000000000000E+07   8.0294511335432684E-03   2.0666464118373324E+03   1.5869324277126940E-02
   7.3000000000000000E+07   8.0360469588666352E-03   2.0649501501296277E+03   1.5887254745966386E-02
   7.4000000000000000E+07   8.0425533136171002E-03   2.0632796236568943E+03   1.5904942881080068E-02
   7.5000000000000000E+07   8.0489725827371395E-03   2.0616341034320453E+03   1.5922395133680690E-02
   7.6000000000000000E+07   8.0553070669083706E-03   2.0600128879418612E+03   1.5939617709820952E-02
   7.7000000000000000E+07   8.0615589748795503E-03   2.0584153047653335E+03   1.5956616572134062E-02
   7.8000000000000000E+07   8.0677304269434272E-03   2.0568407093452279E+03   1.5973397451162261E-02
   7.9000000000000000E+07   8.0738234658098412E-03   2.0552884818984508E+03   1.5989965862901349E-02
   8.0000000000000000E+07   8.0798400587021417E-03   2.0537580265946358E+03   1.6006327117881792E-02
   8.1000000000000000E+07   8.0857820933834864E-03   2.0522487722911960E+03   1.6022486324285861E-02
   8.2000000000000000E+07   8.0916513981025961E-03   2.0507601672078354E+03   1.6038448412420876E-02
   8.3000000000000000E+07   8.0974497279956616E-03   2.0492916821439621E+03   1.6054218128289641E-02
   8.4000000000000000E+07   8.1031787776188052E-03   2.0478428070714133E+03   1.6069800050586190E-02
   8.5000000000000000E+07   8.1088401812205342E-03   2.0464130508566368E+03   1.6085198596207200E-02
   8.6000000000000000E+07   8.1144355137378749E-03   2.0450019408086264E+03   1.6100418026117343E-02
   8.7000000000000000E+07   8.1199663029162365E-03   2.0436090194365397E+03   1.6115462461052586E-02
   8.8000000000000000E+07   8.1254340126821929E-03   2.0422338484640197E+03   1.6130335870799900E-02
   8.9000000000000000E+07   8.1308400724232517E-03   2.0408760012930422E+03   1.6145042105003928E-02
   9.0000000000000000E+07   8.1361858497181090E-03   2.0395350697077947E+03   1.6159584872284596E-02
   9.1000000000000000E+07   8.1414726733052903E-03   2.0382106579525641E+03   1.6173967764855211E-02
   9.2000000000000000E+07   8.1467018306241104E-03   2.0369023832174723E+03   1.6188194259799990E-02
   9.3000000000000000E+07   8.1518745628315764E-03   2.0356098767540911E+03   1.6202267717867008E-02
   9.4000000000000000E+07   8.1569920739292812E-03   2.0343327814669474E+03   1.6216191394923963E-02
   9.5000000000000000E+07   8.1620555323641403E-03   2.0330707514010180E+03   1.6229968446399914E-02
   9.6000000000000000E+07   8.1670660630490648E-03   2.0318234536191856E+03   1.6243601922854980E-02
   9.7000000000000000E+07   8.1720247609292397E-03   2.0305905647150157E+03   1.6257094785009495E-02
   9.8000000000000000E+07   8.1769326910979632E-03   2.0293717706917091E+03   1.6270449906397932E-02
   9.9000000000000000E+07   8.1817908758997273E-03   2.0281667700698349E+03   1.6283670064052607E-02
   1.0000000000000000E+08   8.1866003173394208E-03   2.0269752682336059E+03   1.6296757961194643E-02
   1.1000000000000000E+08   8.2322133422807475E-03   2.0157442092679041E+03   1.6420902786294534E-02
   1.2000000000000000E+08   8.2738600115442804E-03   2.0055979133085659E+03   1.6534279980731814E-02
   1.3000000000000000E+08   8.3121749598488916E-03   1.9963531150771234E+03   1.6638608642124259E-02
   1.4000000000000000E+08   8.3476517953044883E-03   1.9878687780789392E+03   1.6735226556765879E-02
   1.5000000000000000E+08   8.3806819801369482E-03   1.9800341324834801E+03   1.6825195201199780E-02
   1.6000000000000000E+08   8.4115812200220678E-03   1.9727606427506937E+03   1.6909370964568366E-02
   1.7000000000000000E+08   8.4406078122401616E-03   1.9659764727009974E+03   1.6988454776912576E-02
   1.8000000000000000E+08   8.4679757644423193E-03   1.9596225633804988E+03   1.7063027588363613E-02
   1.9000000000000000E+08   8.4938643921572410E-03   1.9536497886029829E+03   1.7133576293837733E-02
   2.0000000000000000E+08   8.5184254232341470E-03   1.9480168634099780E+03   1.7200512989425341E-02
   2.1000000000000000E+08   8.5417883738304248E-03   1.9426887728803651E+03   1.7264189541783565E-02
   2.2000000000000000E+08   8.5640646970022282E-03   1.9376355692372322E+03   1.7324908794103144E-02
   2.3000000000000000E+08   8.5853509771520523E-03   1.9328314495611919E+03   1.7382933255406314E-02
   2.4000000000000000E+08   8.6057314659269066E-03   1.9282540292898955E+03   1.7438491962361972E-02
   2.5000000000000000E+08   8.6252801177375132E-03   1.9238837635006755E+03   1.7491785957870626E-02
   2.6000000000000000E+08   8.6440621618832907E-03   1.9197034985857897E+03   1.7542992638072290E-02
   2.7000000000000000E+08   8.6621354593167665E-03   1.9156980922426335E+03   1.7592269353974184E-02
   2.8000000000000000E+08   8.6795515570907075E-03   1.9118541165417698E+03   1.7639756308267963E-02
   2.9000000000000000E+08   8.6963565783606325E-03   1.9081596096751325E+03   1.7685578963133788E-02
   3.0000000000000000E+08   8.7125919371727721E-03   1.9046038760705630E+03   1.7729850018159563E-02
   3.1000000000000000E+08   8.7282949993643527E-03   1.9011773061484373E+03   1.7772671121911512E-02
   3.2000000000000000E+08   8.7434995512053523E-03   1.8978712444575804E+03   1.7814134232578313E-02
   3.3000000000000000E+08   8.7582362882838091E-03   1.8946778584129779E+03   1.7854322853508291E-02
   3.4000000000000000E+08   8.7725331130717055E-03   1.8915900527561519E+03   1.7893312976794841E-02
   3.5000000000000000E+08   8.7864155534323040E-03   1.8886013611862622E+03   1.7931174039531705E-02
   3.6000000000000000E+08   8.7999069392524203E-03   1.8857058931091508E+03   1.7967969579024957E-02
   3.7000000000000000E+08   8.8130287036785500E-03   1.8828982557646793E+03   1.8003757933734890E-02
   3.8000000000000000E+08   8.8258005528650072E-03   1.8801735066145006E+03   1.8038592767727110E-02
   3.9000000000000000E+08   8.8382406718277521E-03   1.8775270996019101E+03   1.8072523579983513E-02
   4.0000000000000000E+08   8.8503658620833273E-03   1.8749548473755697E+03   1.8105596110928785E-02
   4.1000000000000000E+08   8.8621916533679589E-03   1.8724528901216047E+03   1.8137852690684606E-02
   4.2000000000000000E+08   8.8737325019145104E-03   1.8700176470927233E+03   1.8169332636408606E-02
   4.3000000000000000E+08   8.8850017952185195E-03   1.8676458099412548E+03   1.8200072448056104E-02
   4.4000000000000000E+08   8.8960120198660671E-03   1.8653343022810154E+03   1.8230106130540318E-02
   4.5000000000000000E+08   8.9067748364512391E-03   1.8630802595625089E+03   1.8259465412330929E-02
   4.6000000000000000E+08   8.9173011134186745E-03   1.8608810180459020E+03   1.8288179910159408E-02
   4.7000000000000000E+08   8.9276010126515259E-03   1.8587340933633318E+03   1.8316277326429084E-02
   4.8000000000000000E+08   8.9376840654217353E-03   1.8566371615617618E+03   1.8343783625284008E-02
   4.9000000000000000E+08   8.9475592395626396E-03   1.8545880423778583E+03   1.8370723189674542E-02
   5.0000000000000000E+08   8.9572349102440031E-03   1.8525847028062772E+03   1.8397118881023754E-02
   5.1000000000000000E+08   8.9667189760300609E-03   1.8506252307582931E+03   1.8422992222562228E-02
   5.2000000000000000E+08   8.9760188979345120E-03   1.8487078250223917E+03   1.8448363505054514E-02
   5.3000000000000000E+08   8.9851416710531075E-03   1.8468307992984028E+03   1.8473251824493615E-02
   5.4000000000000000E+08   8.9940939353071320E-03   1.8449925577293561E+03   1.8497675240454158E-02
   5.5000000000000000E+08   9.0028819304347665E-03   1.8431916026870563E+03   1.8521650787433945E-02
   5.6000000000000000E+08   9.0115115818142077E-03   1.8414265157965503E+03   1.8545194600545989E-02
   5.7000000000000000E+08   9.0199885118723965E-03   1.8396959544148863E+03   1.8568321969282587E-02
   5.8000000000000000E+08   9.0283180004563524E-03   1.8379986585897420E+03   1.8591047341070657E-02
   5.9000000000000000E+08   9.0365051248281498E-03   1.8363334214869899E+03   1.8613384484893927E-02
   6.0000000000000000E+08   9.0445546257411549E-03   1.8346991157456359E+03   1.8635346402617617E-02
   6.1000000000000000E+08   9.0524711025992757E-03   1.8330946529501407E+03   1.8656945537024267E-02
   6.2000000000000000E+08   9.0602588362059099E-03   1.8315190188439854E+03   1.8678193638497698E-02
   6.3000000000000000E+08   9.0679219841582719E-03   1.8299712330068899E+03   1.8699101968563728E-02
   6.4000000000000000E+08   9.0754644467657287E-03   1.8284503753495612E+03   1.8719681201594483E-02
   6.5000000000000000E+08   9.0828899664313310E-03   1.8269555654080214E+03   1.8739941537118755E-02
   6.6000000000000000E+08   9.0902021320824096E-03   1.8254859609330808E+03   1.8759892724062484E-02
   6.7000000000000000E+08   9.0974043272407119E-03   1.8240407678124438E+03   1.8779544032183661E-02
   6.8000000000000000E+08   9.1044998286720219E-03   1.8226192197733055E+03   1.8798904359146700E-02
   6.9000000000000000E+08   9.1114917521004455E-03   1.8212205888607673E+03   1.8817982197168705E-02
   7.0000000000000000E+08   9.1183830790770408E-03   1.8198441796371685E+03   1.8836785672358240E-02
   7.1000000000000000E+08   9.1251766356541912E-03   1.8184893330528671E+03   1.8855322539146447E-02
   7.2000000000000000E+08   9.1318751896307376E-03   1.8171554067014579E+03   1.8873600281645461E-02
   7.3000000000000000E+08   9.1384813619348800E-03   1.8158417921910564E+03   1.8891626044989198E-02
   7.4000000000000000E+08   9.1449976315873260E-03   1.8145479138063065E+03   1.8909406651018951E-02
   7.5000000000000000E+08   9.1514264436839445E-03   1.8132732067811278E+03   1.8926948706960604E-02
   7.6000000000000000E+08   9.1577701122222081E-03   1.8120171363565400E+03   1.8944258526729176E-02
   7.7000000000000000E+08   9.1640308427260678E-03   1.8107791930154710E+03   1.8961342160609004E-02
   7.8000000000000000E+08   9.1702108163384845E-03   1.8095588756362008E+03   1.8978205480282985E-02
   7.9000000000000000E+08   9.1763120458542916E-03   1.8083557197313612E+03   1.8994854055791342E-02
   8.0000000000000000E+08   9.1823365201332864E-03   1.8071692687123959E+03   1.9011293294408458E-02
   8.1000000000000000E+08   9.1882861794519727E-03   1.8059990786170890E+03   1.9027528425214022E-02
   8.2000000000000000E+08   9.1941628162902824E-03   1.8048447374413433E+03   1.9043564415384889E-02
   8.3000000000000000E+08   9.1999682421670861E-03   1.8037058321683523E+03   1.9059406128184068E-02
   8.4000000000000000E+08   9.2057041291977240E-03   1.8025819797454824E+03   1.9075058184586553E-02
   8.5000000000000000E+08   9.2113721325066625E-03   1.8014728029063695E+03   1.9090525080133473E-02
   8.6000000000000000E+08   9.2169738554493744E-03   1.8003779368810365E+03   1.9105811158426213E-02
   8.7000000000000000E+08   9.2225108258645293E-03   1.7992970339077756E+03   1.9120920594361632E-02
   8.8000000000000000E+08   9.2279844975465854E-03   1.7982297628016390E+03   1.9135857400039809E-02
   8.9000000000000000E+08   9.2333963188895932E-03   1.7971757954559446E+03   1.9150625491540885E-02
   9.0000000000000000E+08   9.2387476993088784E-03   1.7961348133147683E+03   1.9165228662434700E-02
   9.1000000000000000E+08   9.2440399194194684E-03   1.7951065247241504E+03   1.9179670505895665E-02
   9.2000000000000000E+08   9.2492743103521034E-03   1.7940906299630215E+03   1.9193954581505617E-02
   9.3000000000000000E+08   9.2544521262450750E-03   1.7930868459625717E+03   1.9208084302666562E-02
   9.4000000000000000E+08   9.2595745629030762E-03   1.7920949025716154E+03   1.9222062956833836E-02
   9.5000000000000000E+08   9.2646427639732718E-03   1.7911145412630904E+03   1.9235893714218317E-02
   9.6000000000000000E+08   9.2696579282261805E-03   1.7901454943263252E+03   1.9249579728329465E-02
   9.7000000000000000E+08   9.2746211198880633E-03   1.7891875214801953E+03   1.9263123966155208E-02
   9.8000000000000000E+08   9.2795333744169067E-03   1.7882403893184023E+03   1.9276529307041920E-02
   9.9000000000000000E+08   9.2843957818169540E-03   1.7873038552125304E+03   1.9289798621002718E-02
   1.0000000000000000E+09   9.2892093215262862E-03   1.7863776990907418E+03   1.9302934620839873E-02
   1.1000000000000000E+09   9.3348575253578998E-03   1.7776421685154942E+03   1.9427509285410767E-02
   1.2000000000000000E+09   9.3765311054906878E-03   1.7697415160755238E+03   1.9541240361973151E-02
   1.3000000000000000E+09   9.4148671639046333E-03   1.7625353693549453E+03   1.9645865418101073E-02
   1.4000000000000000E+09   9.4503607927719988E-03   1.7559156457658376E+03   1.9742735069176631E-02
   1.5000000000000000E+09   9.4834046402465181E-03   1.7497973569257128E+03   1.9832920218753006E-02
   1.6000000000000000E+09   9.5143150996841331E-03   1.7441125504358483E+03   1.9917284097017849E-02
   1.7000000000000000E+09   9.5433510215089858E-03   1.7388060374977765E+03   1.9996532859540464E-02
   1.8000000000000000E+09   9.5707268218447883E-03   1.7338324124229723E+03   2.0071251479798016E-02
   1.9000000000000000E+09   9.5966221204650815E-03   1.7291538799650268E+03   2.0141929997519945E-02
   2.0000000000000000E+09   9.6211888669414467E-03   1.7247386579404715E+03   2.0208982994188534E-02
   2.1000000000000000E+09   9.6445567835750264E-03   1.7205597671860407E+03   2.0272764364843380E-02
   2.2000000000000000E+09   9.6668373264882264E-03   1.7165941469492675E+03   2.0333578455727669E-02
   2.3000000000000000E+09   9.6881273589857538E-03   1.7128218652874543E+03   2.0391689264594965E-02
   2.4000000000000000E+09   9.7085111713986396E-03   1.7092256558396487E+03   2.0447326889062437E-02
   2.5000000000000000E+09   9.7280627828450136E-03   1.7057904276094114E+03   2.0500693289932922E-02
   2.6000000000000000E+09   9.7468474111138750E-03   1.7025029401033805E+03   2.0551966577701759E-02
   2.7000000000000000E+09   9.7649230660989995E-03   1.6993514707525051E+03   2.0601304854746511E-02
   2.8000000000000000E+09   9.7823412053132022E-03   1.6963256572105129E+03   2.0648848768861753E-02
   2.9000000000000000E+09   9.7991481138637697E-03   1.6934162216288235E+03   2.0694724382517529E-02
   3.0000000000000000E+09   9.8153851040717263E-03   1.6906149069257278E+03   2.0739044694434678E-02
   3.1000000000000000E+09   9.8310897464493098E-03   1.6879142396348948E+03   2.0781911879901117E-02
   3.2000000000000000E+09   9.8462957282133938E-03   1.6853075341432366E+03   2.0823418104329031E-02
   3.3000000000000000E+09   9.8610337156134435E-03   1.6827887270972690E+03   2.0863647105222646E-02
   3.4000000000000000E+09   9.8753317060128933E-03   1.6803523029061007E+03   2.0902675190803497E-02
   3.5000000000000000E+09   9.8892152049962542E-03   1.6779932512517996E+03   2.0940571981092206E-02
   3.6000000000000000E+09   9.9027075197357893E-03   1.6757070065019084E+03   2.0977401173076643E-02
   3.7000000000000000E+09   9.9158302103360442E-03   1.6734893621779786E+03   2.1013221381369820E-02
   3.8000000000000000E+09   9.9286029006896287E-03   1.6713364951888441E+03   2.1048086338708156E-02
   3.9000000000000000E+09   9.9410438686838368E-03   1.6692448593285803E+03   2.1082045757220478E-02
   4.0000000000000000E+09   9.9531697541341418E-03   1.6672112285905612E+03   2.1115145345825859E-02
   4.1000000000000000E+09   9.9649961579363153E-03   1.6652325912784809E+03   2.1147427603626603E-02
   4.2000000000000000E+09   9.9765376516383793E-03   1.6633061442348458E+03   2.1178932046914744E-02
   4.3000000000000000E+09   9.9878074594561047E-03   1.6614293418772052E+03   2.1209695112411914E-02
   4.4000000000000000E+09   9.9988182624399218E-03   1.6595997585529774E+03   2.1239751059496090E-02
   4.5000000000000000E+09   1.0009581550319795E-02   1.6578151934463469E+03   2.1269131531706540E-02
   4.6000000000000000E+09   1.0020108361219145E-02   1.6560735449113849E+03   2.1297866364533569E-02
   4.7000000000000000E+09   1.0030408683556539E-02   1.6543729071941020E+03   2.1325983161354960E-02
   4.8000000000000000E+09   1.0040492239047480E-02   1.6527114387506003E+03   2.1353508113491213E-02
   4.9000000000000000E+09   1.0050367711851034E-02   1.6510874875347401E+03   2.1380465395197574E-02
   5.0000000000000000E+09   1.0060043766386244E-02   1.6494994216234195E+03   2.1406878176549436E-02
   5.1000000000000000E+09   1.0069528157445684E-02   1.6479457740917394E+03   2.1432767891800437E-02
   5.2000000000000000E+09   1.0078828454046548E-02   1.6464251227034285E+03   2.1458154968595999E-02
   5.3000000000000000E+09   1.0087951443172063E-02   1.6449361862652420E+03   2.1483058349220197E-02
   5.4000000000000000E+09   1.0096904007842964E-02   1.6434776800166328E+03   2.1507496347457449E-02
   5.5000000000000000E+09   1.0105692394810670E-02   1.6420484342746797E+03   2.1531486034766643E-02
   5.6000000000000000E+09   1.0114322243825474E-02   1.6406473883398976E+03   2.1555043314723910E-02
   5.7000000000000000E+09   1.0122799483233740E-02   1.6392734442329795E+03   2.1578183781568623E-02
   5.8000000000000000E+09   1.0131129166778474E-02   1.6379256547803959E+03   2.1600921701515535E-02
   5.9000000000000000E+09   1.0139316569720513E-02   1.6366030451910237E+03   2.1623271046582598E-02
   6.0000000000000000E+09   1.0147366169849069E-02   1.6353047772599709E+03   2.1645244600662663E-02
   6.1000000000000000E+09   1.0155282895630785E-02   1.6340299472405466E+03   2.1666855125894655E-02
   6.2000000000000000E+09   1.0163070823742685E-02   1.6327777954074538E+03   2.1688114205527197E-02
   6.3000000000000000E+09   1.0170734288798422E-02   1.6315475267539243E+03   2.1709033279600751E-02
   6.4000000000000000E+09   1.0178276815839986E-02   1.6303384820833187E+03   2.1729622697335377E-02
   6.5000000000000000E+09   1.0185702572706377E-02   1.6291499045559999E+03   2.1749893060707862E-02
   6.6000000000000000E+09   1.0193014714022709E-02   1.6279812047491396E+03   2.1769853737829983E-02
   6.7000000000000000E+09   1.0200217172106615E-02   1.6268316736959523E+03   2.1789514511361605E-02
   6.8000000000000000E+09   1.0207312862041870E-02   1.6257007694815507E+03   2.1808883962566205E-02
   6.9000000000000000E+09   1.0214304917393219E-02   1.6245879194289162E+03   2.1827970611875074E-02
   7.0000000000000000E+09   1.0221196370063142E-02   1.6234925710617072E+03   2.1846782642493467E-02
   7.1000000000000000E+09   1.0227990014640210E-02   1.6224142133897190E+03   2.1865327790875123E-02
   7.2000000000000000E+09   1.0234688800571150E-02   1.6213523144186231E+03   2.1883613716471736E-02
   7.3000000000000000E+09   1.0241295061158525E-02   1.6203064431856367E+03   2.1901647312187085E-02
   7.4000000000000000E+09   1.0247811446583847E-02   1.6192761216046858E+03   2.1919435564592270E-02
   7.5000000000000000E+09   1.0254240258012245E-02   1.6182609297840954E+03   2.1936984958431806E-02
   7.6000000000000000E+09   1.0260584202209933E-02   1.6172603866538477E+03   2.1954302173082762E-02
   7.7000000000000000E+09   1.0266844909993704E-02   1.6162741835135573E+03   2.1971392743491313E-02
   7.8000000000000000E+09   1.0273024946888637E-02   1.6153018667774370E+03   2.1988262898343231E-02
   7.9000000000000000E+09   1.0279126211552350E-02   1.6143430903213291E+03   2.2004918110684130E-02
   8.0000000000000000E+09   1.0285150954814448E-02   1.6133974549389359E+03   2.2021364032693332E-02
   8.1000000000000000E+09   1.0291100582046041E-02   1.6124646962551822E+03   2.2037605412898034E-02
   8.2000000000000000E+09   1.0296977547824581E-02   1.6115443873786226E+03   2.2053647826853543E-02
   8.3000000000000000E+09   1.0302782810087778E-02   1.6106363377778530E+03   2.2069495366697649E-02
   8.4000000000000000E+09   1.0308518863179454E-02   1.6097401182852666E+03   2.2085153406947014E-02
   8.5000000000000000E+09   1.0314186905043439E-02   1.6088555042614394E+03   2.2100626032202204E-02
   8.6000000000000000E+09   1.0319788675875931E-02   1.6079821879445526E+03   2.2115917715439096E-02
   8.7000000000000000E+09   1.0325325833931365E-02   1.6071198760264424E+03   2.2131032754837274E-02
   8.8000000000000000E+09   1.0330799417742684E-02   1.6062683731581201E+03   2.2145974789052898E-02
   8.9000000000000000E+09   1.0336211264912602E-02   1.6054273610380494E+03   2.2160748092530300E-02
   9.0000000000000000E+09   1.0341562842716553E-02   1.6045965804721084E+03   2.2175356515518142E-02
   9.1000000000000000E+09   1.0346855220371152E-02   1.6037758353368697E+03   2.2189803462676152E-02
   9.2000000000000000E+09   1.0352089727752558E-02   1.6029648902360284E+03   2.2204092496111359E-02
   9.3000000000000000E+09   1.0357267409531117E-02   1.6021635551178285E+03   2.2218226842151339E-02
   9.4000000000000000E+09   1.0362389986665006E-02   1.6013715364423338E+03   2.2232210269470424E-02
   9.5000000000000000E+09   1.0367458328250440E-02   1.6005886735944780E+03   2.2246045701691808E-02
   9.6000000000000000E+09   1.0372473403876174E-02   1.5998147913263617E+03   2.2259736086858422E-02
   9.7000000000000000E+09   1.0377436574701712E-02   1.5990496549613820E+03   2.2273284665124654E-02
   9.8000000000000000E+09   1.0382349024756826E-02   1.5982930582079002E+03   2.2286694453865219E-02
   9.9000000000000000E+09   1.0387211304108006E-02   1.5975448932667491E+03   2.2299967834505288E-02
   1.0000000000000000E+10   1.0392024934638840E-02   1.5968049036188247E+03   2.2313108016059464E-02
   1.1000000000000000E+10   1.0437673486622711E-02   1.5898213711540120E+03   2.2437719868571255E-02
   1.2000000000000000E+10   1.0479347614953711E-02   1.5834989909563847E+03   2.2551482141511345E-02
   1.3000000000000000E+10   1.0517683846522578E-02   1.5777272464456917E+03   2.2656133309686674E-02
   1.4000000000000000E+10   1.0553177859054434E-02   1.5724208002353544E+03   2.2753025541619877E-02
   1.5000000000000000E+10   1.0586221543080308E-02   1.5675126679175821E+03   2.2843229798700095E-02
   1.6000000000000000E+10   1.0617132244010744E-02   1.5629490141767144E+03   2.2927610737289078E-02
   1.7000000000000000E+10   1.0646168197668825E-02   1.5586862865640207E+03   2.3006874381366945E-02
   1.8000000000000000E+10   1.0673544138221485E-02   1.5546885045181848E+03   2.3081606326179362E-02
   1.9000000000000000E+10   1.0699439484406131E-02   1.5509257656296229E+03   2.3152296690712421E-02
   2.0000000000000000E+10   1.0724006533180631E-02   1.5473728333545480E+03   2.3219360582167409E-02
   2.1000000000000000E+10   1.0747373952141164E-02   1.5440084664453702E+03   2.3283151105407726E-02
   2.2000000000000000E+10   1.0769654625841217E-02   1.5408141626328370E+03   2.3343974045176349E-02
   2.3000000000000000E+10   1.0790944997928207E-02   1.5377741594778165E+03   2.3402093131838001E-02
   2.4000000000000000E+10   1.0811328741811423E-02   1.5348748308785666E+03   2.3457737996997435E-02
   2.5000000000000000E+10   1.0830880122180574E-02   1.5321041491519647E+03   2.3511110905000496E-02
   2.6000000000000000E+10   1.0849664960455691E-02   1.5294515023866174E+03   2.3562390583342436E-02
   2.7000000000000000E+10   1.0867740756614473E-02   1.5269076384676096E+03   2.3611734728070238E-02
   2.8000000000000000E+10   1.0885158750698129E-02   1.5244643421572630E+03   2.3659283838503183E-02
   2.9000000000000000E+10   1.0901966019222213E-02   1.5221141163806597E+03   2.3705164739858647E-02
   3.0000000000000000E+10   1.0918202853919555E-02   1.5198505281666623E+03   2.3749489539043094E-02
   3.1000000000000000E+10   1.0933907512126055E-02   1.5176675269803661E+03   2.3792361068471903E-02
   3.2000000000000000E+10   1.0949113317098432E-02   1.5155598351737488E+03   2.3833871190460060E-02
   3.3000000000000000E+10   1.0963850917362088E-02   1.5135226207684459E+03   2.3874103651086193E-02
   3.4000000000000000E+10   1.0978149764167777E-02   1.5115512841993320E+03   2.3913136103332008E-02
   3.5000000000000000E+10   1.0992033281151968E-02   1.5096421153140229E+03   2.3951036292015913E-02
   3.6000000000000000E+10   1.1005525720379728E-02   1.5077913400749242E+03   2.3987868791065944E-02
   3.7000000000000000E+10   1.1018648264447024E-02   1.5059956517264486E+03   2.4023691886882761E-02
   3.8000000000000000E+10   1.1031420798529789E-02   1.5042519614855019E+03   2.4058559563622139E-02
   3.9000000000000000E+10   1.1043862357309319E-02   1.5025573334113246E+03   2.4092522234348077E-02
   4.0000000000000000E+10   1.1055988146342842E-02   1.5009093854400937E+03   2.4125624313898142E-02
   4.1000000000000000E+10   1.1067813529274420E-02   1.4993057418494709E+03   2.4157908095430405E-02
   4.2000000000000000E+10   1.1079355580686014E-02   1.4977438221305758E+03   2.4189415381915789E-02
   4.3000000000000000E+10   1.1090625908426499E-02   1.4962218103085133E+03   2.4220181147466369E-02
   4.4000000000000000E+10   1.1101636926424201E-02   1.4947378016536591E+03   2.4250239415741177E-02
   4.5000000000000000E+10   1.1112399699073350E-02   1.4932900924670801E+03   2.4279621450072598E-02
   4.6000000000000000E+10   1.1122926313784197E-02   1.4918768592035058E+03   2.4308358046889071E-02
   4.7000000000000000E+10   1.1133226991840477E-02   1.4904965457294759E+03   2.4336477027148536E-02
   4.8000000000000000E+10   1.1143310416180082E-02   1.4891478164393468E+03   2.4364003642098953E-02
   4.9000000000000000E+10   1.1153185605314329E-02   1.4878293037868555E+03   2.4390962374998302E-02
   5.0000000000000000E+10   1.1162861065475985E-02   1.4865397210292006E+03   2.4417376256355434E-02
   5.1000000000000000E+10   1.1172345370878281E-02   1.4852777839659557E+03   2.4443267470074369E-02
   5.2000000000000000E+10   1.1181646277122663E-02   1.4840423281955657E+03   2.4468656617366837E-02
   5.3000000000000000E+10   1.1190769741360705E-02   1.4828324375962629E+03   2.4493561888767307E-02
   5.4000000000000000E+10   1.1199722073493753E-02   1.4816471574266386E+03   2.4518001079784271E-02
   5.5000000000000000E+10   1.1208509890435717E-02   1.4804855004250101E+03   2.4541991601612873E-02
   5.6000000000000000E+10   1.1217140067767405E-02   1.4793464531876152E+03   2.4565550485200222E-02
   5.7000000000000000E+10   1.1225617136834350E-02   1.4782293188773365E+03   2.4588692056047329E-02
   5.8000000000000000E+10   1.1233947336462182E-02   1.4771331818781898E+03   2.4611431661187767E-02
   5.9000000000000000E+10   1.1242134304610612E-02   1.4760574749009063E+03   2.4633781784919165E-02
   6.0000000000000000E+10   1.1250185066835075E-02   1.4750011911429528E+03   2.4655757531571804E-02
   6.1000000000000000E+10   1.1258101172509270E-02   1.4739640477455241E+03   2.4677368590408019E-02
   6.2000000000000000E+10   1.1265889292345210E-02   1.4729450950166431E+03   2.4698628906894397E-02
   6.3000000000000000E+10   1.1273551262459703E-02   1.4719440208177891E+03   2.4719547649280534E-02
   6.4000000000000000E+10   1.1281095112369204E-02   1.4709597081550883E+03   2.4740139267258789E-02
   6.5000000000000000E+10   1.1288520972613996E-02   1.4699920755267767E+03   2.4760410690467090E-02
   6.6000000000000000E+10   1.1295833220209500E-02   1.4690404904767736E+03   2.4780372400785806E-02
   6.7000000000000000E+10   1.1303034787480213E-02   1.4681045122979497E+03   2.4800033272209959E-02
   6.8000000000000000E+10   1.1310131082047453E-02   1.4671833822067788E+03   2.4819404155369363E-02
   6.9000000000000000E+10   1.1317121906143686E-02   1.4662770721902405E+03   2.4838490540442997E-02
   7.0000000000000000E+10   1.1324013554354041E-02   1.4653847149255710E+03   2.4857303580690649E-02
   7.1000000000000000E+10   1.1330807612318819E-02   1.4645060565779454E+03   2.4875849913466627E-02
   7.2000000000000000E+10   1.1337507038443809E-02   1.4636406679080749E+03   2.4894137207395358E-02
   7.3000000000000000E+10   1.1344111886935133E-02   1.4627884967594100E+03   2.4912170282365035E-02
   7.4000000000000000E+10   1.1350630134830661E-02   1.4619484713222894E+03   2.4929960973111141E-02
   7.5000000000000000E+10   1.1357059180324428E-02   1.4611208861981440E+03   2.4947511303646568E-02
   7.6000000000000000E+10   1.1363400982424705E-02   1.4603054490311217E+03   2.4964827273677638E-02
   7.7000000000000000E+10   1.1369663513729261E-02   1.4595010972947903E+03   2.4981920189733126E-02
   7.8000000000000000E+10   1.1375842511421118E-02   1.4587083424810353E+03   2.4998790067665401E-02
   7.9000000000000000E+10   1.1381943063707529E-02   1.4579264964935689E+03   2.5015445283516433E-02
   8.0000000000000000E+10   1.1387968270668233E-02   1.4571551289707518E+03   2.5031892262947966E-02
   8.1000000000000000E+10   1.1393919098874708E-02   1.4563940844374843E+03   2.5048135355751174E-02
   8.2000000000000000E+10   1.1399796683506110E-02   1.4556431868797815E+03   2.5064178937451716E-02
   8.3000000000000000E+10   1.1405602331752199E-02   1.4549022393989708E+03   2.5080027418575429E-02
   8.4000000000000000E+10   1.1411336272289289E-02   1.4541711836550217E+03   2.5095684112468521E-02
   8.5000000000000000E+10   1.1417003926941017E-02   1.4534493007401875E+03   2.5111156947780301E-02
   8.6000000000000000E+10   1.1422607226945321E-02   1.4527363188165964E+03   2.5126450571826647E-02
   8.7000000000000000E+10   1.1428143093255091E-02   1.4520326039629504E+03   2.5141564972512982E-02
   8.8000000000000000E+10   1.1433617588274953E-02   1.4513373607297654E+03   2.5156508360352201E-02
   8.9000000000000000E+10   1.1439030500360844E-02   1.4506505926037121E+03   2.5171283145536499E-02
   9.0000000000000000E+10   1.1444380346044154E-02   1.4499724644241019E+03   2.5185890493662193E-02
   9.1000000000000000E+10   1.1449673804984219E-02   1.4493021073610637E+03   2.5200338914992161E-02
   9.2000000000000000E+10   1.1454908319003728E-02   1.4486398242603864E+03   2.5214628434089673E-02
   9.3000000000000000E+10   1.1460086840234990E-02   1.4479852208362615E+03   2.5228764013253691E-02
   9.4000000000000000E+10   1.1465206907550768E-02   1.4473385877782875E+03   2.5242745616045732E-02
   9.5000000000000000E+10   1.1470275946755728E-02   1.4466989679401638E+03   2.5256582132657929E-02
   9.6000000000000000E+10   1.1475290302076550E-02   1.4460668041798967E+03   2.5270272302601326E-02
   9.7000000000000000E+10   1.1480254909289511E-02   1.4454414562461459E+03   2.5283822619066334E-02
   9.8000000000000000E+10   1.1485169118108280E-02   1.4448229889795125E+03   2.5297234430558597E-02
   9.9000000000000000E+10   1.1490029350233438E-02   1.4442118351789295E+03   2.5310506362095527E-02
   1.0000000000000000E+11   1.1494842384271363E-02   1.4436071256502280E+03   2.5323646406419667E-02
   1.1000000000000000E+11   1.1540492030261015E-02   1.4378967838328019E+03   2.5448262903865329E-02
