   1.0000000000000000E-02   0.0000000000000000E+00   1.0000000000000000E+30
   1.1000000000000000E-01   1.0069430755632734E+01   1.6479617147054582E+00
   2.1000000000000002E-01   6.4685921585564712E+00   2.5653242571817230E+00
   3.1000000000000005E-01   4.9701288255904501E+00   3.3387537740913644E+00
   4.1000000000000003E-01   4.1364997235949232E+00   4.0116130745776903E+00
   5.1000000000000001E-01   3.5985674047252889E+00   4.6112895793950450E+00
   6.0999999999999999E-01   3.2192653425678306E+00   5.1546034912811036E+00
   7.0999999999999996E-01   2.9355684881102109E+00   5.6527505460596164E+00
   8.0999999999999994E-01   2.7142613024406947E+00   6.1136473335263810E+00
   9.0999999999999992E-01   2.5360936131631666E+00   6.5431482055835186E+00
   1.0100000000000000E+00   2.3890978514828651E+00   6.9457332456520406E+00
   2.0099999999999998E+00   1.6575512917387649E+00   1.0011175193711994E+01
   3.0099999999999998E+00   1.3660221882199648E+00   1.2147706323704552E+01
   4.0099999999999998E+00   1.2027091023345879E+00   1.3797215255085028E+01
   5.0099999999999998E+00   1.0956199523939074E+00   1.5145796074544613E+01
   6.0099999999999998E+00   1.0187354396068258E+00   1.6288857468789693E+01
   7.0099999999999998E+00   9.6017506269833663E-01   1.7282303007877466E+01
   8.0099999999999998E+00   9.1367557191615589E-01   1.8161847469949826E+01
   9.0099999999999998E+00   8.7559397870592626E-01   1.8951747930799336E+01
   1.0010000000000000E+01   8.4365362685545908E-01   1.9669252695577409E+01
   1.1010000000000000E+01   8.1635149343120184E-01   2.0327072967569528E+01
   1.2010000000000000E+01   7.9265133504799490E-01   2.0934849460835931E+01
   1.3010000000000000E+01   7.7181316788048948E-01   2.1500069012465826E+01
   1.4010000000000000E+01   7.5329297364936820E-01   2.2028662093806208E+01
   1.5010000000000000E+01   7.3668089403391612E-01   2.2525406194933058E+01
   1.6009999999999998E+01   7.2166162842188242E-01   2.2994206315843563E+01
   1.7009999999999998E+01   7.0798820438759613E-01   2.3438294976275909E+01
   1.8009999999999998E+01   6.9546410449511453E-01   2.3860377935978676E+01
   1.9009999999999998E+01   6.8393077870507146E-01   2.4262742503823141E+01
   2.0009999999999998E+01   6.7325872723113800E-01   2.4647339429828826E+01
   2.1009999999999998E+01   6.6334101374269050E-01   2.5015845591295236E+01
   2.2009999999999998E+01   6.5408845914511837E-01   2.5369712830354011E+01
   2.3009999999999998E+01   6.4542602754194900E-01   2.5710206384699720E+01
   2.4009999999999998E+01   6.3729007291984563E-01   2.6038435367637511E+01
   2.5009999999999998E+01   6.2962620918072509E-01   2.6355377416312919E+01
   2.6009999999999998E+01   6.2238764990133255E-01   2.6661898539906854E+01
   2.7009999999999998E+01   6.1553389516250534E-01   2.6958769459445367E+01
   2.8009999999999998E+01   6.0902968679972858E-01   2.7246678994183625E+01
   2.9009999999999998E+01   6.0284416585934630E-01   2.7526245278505463E+01
   3.0009999999999998E+01   5.9695019350975298E-01   2.7798024951790694E+01
   3.1009999999999998E+01   5.9132378966984078E-01   2.8062521183910928E+01
   3.2009999999999998E+01   5.8594367748872778E-01   2.8320190167901636E+01
   3.3009999999999998E+01   5.8079090473912742E-01   2.8571446692358077E+01
   3.4009999999999998E+01   5.7584852277055554E-01   2.8816669172514697E+01
   3.5009999999999998E+01   5.7110132337327335E-01   2.9056203680541095E+01
   3.6009999999999998E+01   5.6653561766925098E-01   2.9290367377833878E+01
   3.7009999999999998E+01   5.6213904159904993E-01   2.9519451854753441E+01
   3.8009999999999998E+01   5.5790039832848415E-01   2.9743725625358049E+01
   3.9009999999999998E+01   5.5380951836646297E-01   2.9963436567697105E+01
   4.0009999999999998E+01   5.4985714074925762E-01   3.0178813994392598E+01
   4.1009999999999998E+01   5.4603481335144344E-01   3.0390070318611730E+01
   4.2009999999999998E+01   5.4233479938081719E-01   3.0597402919941306E+01
   4.3009999999999998E+01   5.3875000754582847E-01   3.0800995158684678E+01
   4.4009999999999998E+01   5.3527391697374960E-01   3.1001018073096557E+01
   4.5009999999999998E+01   5.3190052379444985E-01   3.1197631195740417E+01
   4.6009999999999998E+01   5.2862428985190968E-01   3.1390983525953942E+01
   4.7009999999999998E+01   5.2544009432984129E-01   3.1581214591788662E+01
   4.8009999999999998E+01   5.2234319439765420E-01   3.1768455207492448E+01
   4.9009999999999998E+01   5.1932919051072413E-01   3.1952828143246325E+01
   5.0009999999999998E+01   5.1639399725921786E-01   3.2134448623016375E+01
   5.1009999999999998E+01   5.1353380915186297E-01   3.2313425286577740E+01
   5.2009999999999998E+01   5.1074508311064004E-01   3.2489860251020211E+01
   5.3009999999999998E+01   5.0802450971158664E-01   3.2663849985468389E+01
   5.4009999999999998E+01   5.0536899715729910E-01   3.2835485491792852E+01
   5.5009999999999998E+01   5.0277565087640386E-01   3.3004852850838773E+01
   5.6009999999999998E+01   5.0024176100181250E-01   3.3172033340295776E+01
   5.7009999999999998E+01   4.9776478188422013E-01   3.3337104146552825E+01
   5.8009999999999998E+01   4.9534232484809482E-01   3.3500138271546334E+01
   5.9009999999999998E+01   4.9297214169530174E-01   3.3661205108050318E+01
   6.0009999999999998E+01   4.9065211790828761E-01   3.3820370418256594E+01
   6.1009999999999998E+01   4.8838025928701262E-01   3.3977696802049422E+01
   6.2009999999999998E+01   4.8615468325870798E-01   3.4133243894577177E+01
   6.3009999999999998E+01   4.8397361572769010E-01   3.4287068209720559E+01
   6.4009999999999991E+01   4.8183537565449985E-01   3.4439223877283666E+01
   6.5009999999999991E+01   4.7973837469494668E-01   3.4589762356851523E+01
   6.6009999999999991E+01   4.7768110858256041E-01   3.4738732757090709E+01
   6.7009999999999991E+01   4.7566215065404210E-01   3.4886182033494499E+01
   6.8009999999999991E+01   4.7368014907075617E-01   3.5032154939812891E+01
   6.9009999999999991E+01   4.7173381726834041E-01   3.5176694497441694E+01
   7.0009999999999991E+01   4.6982193698055025E-01   3.5319841557009624E+01
   7.1009999999999991E+01   4.6794334601568222E-01   3.5461635506628788E+01
   7.2009999999999991E+01   4.6609694010093555E-01   3.5602113952017959E+01
   7.3009999999999991E+01   4.6428166920531938E-01   3.5741312816772037E+01
   7.4009999999999991E+01   4.6249652790761708E-01   3.5879266919545451E+01
   7.5009999999999991E+01   4.6074056021538412E-01   3.6016009457476720E+01
   7.6009999999999991E+01   4.5901285707060141E-01   3.6151572049773861E+01
   7.7009999999999991E+01   4.5731254358240853E-01   3.6285985606625111E+01
   7.8009999999999991E+01   4.5563878985702577E-01   3.6419279358035816E+01
   7.9009999999999991E+01   4.5399079791094477E-01   3.6551481771257173E+01
   8.0009999999999991E+01   4.5236780665679205E-01   3.6682620049375359E+01
   8.1009999999999991E+01   4.5076908736193239E-01   3.6812720391442191E+01
   8.2009999999999991E+01   4.4919394257731404E-01   3.6941807983762551E+01
   8.3009999999999991E+01   4.4764170015306853E-01   3.7069907402474257E+01
   8.4009999999999991E+01   4.4611172017302986E-01   3.7197041960081656E+01
   8.5009999999999991E+01   4.4460338766741947E-01   3.7323234222797637E+01
   8.6009999999999991E+01   4.4311610957973702E-01   3.7448506193779814E+01
   8.7009999999999991E+01   4.4164931886503456E-01   3.7572878900400696E+01
   8.8009999999999991E+01   4.4020247095615872E-01   3.7696372621709010E+01
   8.9009999999999991E+01   4.3877504023693437E-01   3.7819007127661081E+01
   9.0009999999999991E+01   4.3736652374868262E-01   3.7940801303063559E+01
   9.1009999999999991E+01   4.3597643338074232E-01   3.8061773764887583E+01
   9.2009999999999991E+01   4.3460430618669210E-01   3.8181941913461230E+01
   9.3009999999999991E+01   4.3324968851156187E-01   3.8301323265042718E+01
   9.4009999999999991E+01   4.3191214836727193E-01   3.8419934324352077E+01
   9.5009999999999991E+01   4.3059126692624317E-01   3.8537791285494933E+01
   9.6009999999999991E+01   4.2928664294978347E-01   3.8654909596387121E+01
   9.7009999999999991E+01   4.2799788611466838E-01   3.8771304514608175E+01
   9.8009999999999991E+01   4.2672462161546126E-01   3.8886990657675128E+01
   9.9009999999999991E+01   4.2546648638936913E-01   3.9001982306484720E+01
   1.0000999999999999E+02   4.2422313204186507E-01   3.9116293103325610E+01
   1.1000999999999999E+02   4.1253333394331826E-01   4.0224716426043777E+01
   1.2000999999999999E+02   4.0201065444594442E-01   4.1277603443198501E+01
   1.3000999999999999E+02   3.9244510968861679E-01   4.2283712968997975E+01
   1.4000999999999999E+02   3.8367841707136829E-01   4.3249856222883992E+01
   1.5000999999999999E+02   3.7558843638162448E-01   4.4181435759911622E+01
   1.6000999999999999E+02   3.6807900767215107E-01   4.5082811103807224E+01
   1.7000999999999999E+02   3.6107311137864195E-01   4.5957552227584564E+01
   1.8000999999999999E+02   3.5450812769281792E-01   4.6808620389485590E+01
   1.9000999999999999E+02   3.4833247163254716E-01   4.7638499782659650E+01
   2.0000999999999999E+02   3.4250314938469517E-01   4.8449295733401229E+01
   2.1000999999999999E+02   3.3698395377548662E-01   4.9242808710162109E+01
   2.2000999999999999E+02   3.3174410889124811E-01   5.0020590959763602E+01
   2.3000999999999999E+02   3.2675723498487391E-01   5.0783990674081203E+01
   2.4000999999999999E+02   3.2200055502554459E-01   5.1534185625375635E+01
   2.5000999999999999E+02   3.1745425955856588E-01   5.2272212057368947E+01
   2.6000999999999999E+02   3.1310100813273900E-01   5.2998987365525714E+01
   2.7000999999999999E+02   3.0892554722424870E-01   5.3715325661023442E+01
   2.8000999999999999E+02   3.0491437345100697E-01   5.4421955207784571E+01
   2.9000999999999999E+02   3.0105548413507294E-01   5.5119528620562320E+01
   3.0000999999999999E+02   2.9733815859476109E-01   5.5808633686926896E+01
   3.1000999999999999E+02   2.9375278189120613E-01   5.6489801619329491E+01
   3.2000999999999999E+02   2.9029069474927999E-01   5.7163514622790217E+01
   3.3000999999999999E+02   2.8694406920756088E-01   5.7830212068809502E+01
   3.4000999999999999E+02   2.8370581680176760E-01   5.8490293083257676E+01
   3.5000999999999999E+02   2.8056947638341717E-01   5.9144125683449339E+01
   3.6000999999999999E+02   2.7752915756706792E-01   5.9792046787553367E+01
   3.7000999999999999E+02   2.7457948033512858E-01   6.0434364410287010E+01
   3.8000999999999999E+02   2.7171549482073637E-01   6.1071365786880406E+01
   3.9000999999999999E+02   2.6893265812831302E-01   6.1703314464110406E+01
   4.0000999999999999E+02   2.6622677649948839E-01   6.2330455983236845E+01
   4.1000999999999999E+02   2.6359398239435083E-01   6.2953016694193046E+01
   4.2000999999999999E+02   2.6103068774837285E-01   6.3571208877006221E+01
   4.3000999999999999E+02   2.5853357059253557E-01   6.4185228773688337E+01
   4.4000999999999999E+02   2.5609953975934147E-01   6.4795260427855240E+01
   4.5000999999999999E+02   2.5372571307210673E-01   6.5401476946266428E+01
   4.6000999999999999E+02   2.5140941663644262E-01   6.6004036746788415E+01
   4.7000999999999999E+02   2.4914813228810639E-01   6.6603093596429702E+01
   4.8000999999999999E+02   2.4693951780260126E-01   6.7198788277481583E+01
   4.9000999999999999E+02   2.4478137429365199E-01   6.7791254224487531E+01
   5.0000999999999999E+02   2.4267163750352305E-01   6.8380617301927131E+01
   5.1000999999999999E+02   2.4060837134517152E-01   6.8966995127343083E+01
   5.2000999999999999E+02   2.3858974791185600E-01   6.9550500469495674E+01
   5.3000999999999999E+02   2.3661404939072839E-01   7.0131238685485371E+01
   5.4000999999999999E+02   2.3467965083137932E-01   7.0709310821684525E+01
   5.5000999999999999E+02   2.3278502762580461E-01   7.1284809609125048E+01
   5.6000999999999999E+02   2.3092872715975810E-01   7.1857826344318468E+01
   5.7000999999999999E+02   2.2910938099965286E-01   7.2428445757031398E+01
   5.8000999999999999E+02   2.2732568875936351E-01   7.2996749574246650E+01
   5.9000999999999999E+02   2.2557642151831642E-01   7.3562814156146146E+01
   6.0000999999999999E+02   2.2386040961787301E-01   7.4126713171329456E+01
   6.1000999999999999E+02   2.2217654473792400E-01   7.4688515809508445E+01
   6.2000999999999999E+02   2.2052376865656961E-01   7.5248289448576159E+01
   6.3000999999999999E+02   2.1890107928693381E-01   7.5806096654320584E+01
   6.4000999999999999E+02   2.1730751745655488E-01   7.6361998739771863E+01
   6.5000999999999999E+02   2.1574217102528739E-01   7.6916053524905848E+01
   6.6000999999999999E+02   2.1420417092701691E-01   7.7468315870535847E+01
   6.7000999999999999E+02   2.1269268159194313E-01   7.8018840375507239E+01
   6.8000999999999999E+02   2.1120691211503495E-01   7.8567676635139520E+01
   6.9000999999999999E+02   2.0974610737922297E-01   7.9114871696561309E+01
   7.0000999999999999E+02   2.0830953311794978E-01   7.9660475091000563E+01
   7.1000999999999999E+02   2.0689650001348142E-01   8.0204529187681402E+01
   7.2000999999999999E+02   2.0550633728071205E-01   8.0747078624119112E+01
   7.3000999999999999E+02   2.0413840835942321E-01   8.1288163788088042E+01
   7.4000999999999999E+02   2.0279209661546116E-01   8.1827825892181451E+01
   7.5000999999999999E+02   2.0146682484666098E-01   8.2366098670539586E+01
   7.6000999999999999E+02   2.0016201638076736E-01   8.2903023631584688E+01
   7.7000999999999999E+02   1.9887713345589789E-01   8.3438634124521997E+01
   7.8000999999999999E+02   1.9761165713261628E-01   8.3972963007056890E+01
   7.9000999999999999E+02   1.9636508251480900E-01   8.4506044362082278E+01
   8.0000999999999999E+02   1.9513692993367784E-01   8.5037908405140399E+01
   8.1000999999999999E+02   1.9392673414689665E-01   8.5568585719546334E+01
   8.2000999999999999E+02   1.9273403975161593E-01   8.6098109060266651E+01
   8.3000999999999999E+02   1.9155842581104929E-01   8.6626502091474350E+01
   8.4000999999999999E+02   1.9039946931083551E-01   8.7153795303231135E+01
   8.5000999999999999E+02   1.8925677649341519E-01   8.7680011683691305E+01
   8.6000999999999999E+02   1.8812995586071343E-01   8.8205178692787200E+01
   8.7000999999999999E+02   1.8701862690680748E-01   8.8729324178116798E+01
   8.8000999999999999E+02   1.8592244254414717E-01   8.9252465421005610E+01
   8.9000999999999999E+02   1.8484103854698139E-01   8.9774632866189279E+01
   9.0000999999999999E+02   1.8377409603835060E-01   9.0295840011627632E+01
   9.1000999999999999E+02   1.8272127054457085E-01   9.0816117492531589E+01
   9.2000999999999999E+02   1.8168226181644867E-01   9.1335478809291487E+01
   9.3000999999999999E+02   1.8065674910248578E-01   9.1853952075417197E+01
   9.4000999999999999E+02   1.7964445500755985E-01   9.2371547863595794E+01
   9.5000999999999999E+02   1.7864508021989034E-01   9.2888291990661926E+01
   9.6000999999999999E+02   1.7765835417854442E-01   9.3404199599212760E+01
   9.7000999999999999E+02   1.7668400719556704E-01   9.3919289230252062E+01
   9.8000999999999999E+02   1.7572177678241271E-01   9.4433579480066058E+01
   9.9000999999999999E+02   1.7477141067573745E-01   9.4947087226687088E+01
   1.0000100000000000E+03   1.7383266997311353E-01   9.5459825685971310E+01
   1.1000100000000000E+03   1.6503542545564784E-01   1.0054832971979057E+02
   1.2000100000000000E+03   1.5717752065837093E-01   1.0557512489478651E+02
   1.3000100000000000E+03   1.5010333294497288E-01   1.1055075226240103E+02
   1.4000100000000000E+03   1.4369190535211740E-01   1.1548344587328471E+02
   1.5000100000000000E+03   1.3790750958922945E-01   1.2032728619048595E+02
   1.6000100000000000E+03   1.3328547611602981E-01   1.2449995946831213E+02
   1.7000100000000000E+03   1.2888689968793168E-01   1.2874882097667665E+02
   1.8000100000000000E+03   1.2472389866896227E-01   1.3304616477876223E+02
   1.9000100000000000E+03   1.2079324454206770E-01   1.3737553318539534E+02
   2.0000100000000000E+03   1.1708480207482225E-01   1.4172664667064211E+02
   2.1000100000000002E+03   1.1358559266547209E-01   1.4609279209408638E+02
   2.2000100000000002E+03   1.1028175563913979E-01   1.5046946140809399E+02
   2.3000100000000002E+03   1.0715953939345906E-01   1.5485356197017478E+02
   2.4000100000000002E+03   1.0420581854604899E-01   1.5924289646865950E+02
   2.5000100000000002E+03   1.0140827042033347E-01   1.6363592737928315E+02
   2.6000100000000002E+03   9.8755503738826453E-02   1.6803150959612117E+02
   2.7000100000000002E+03   9.6237016249759597E-02   1.7242883269671040E+02
   2.8000100000000002E+03   9.3843193415528159E-02   1.7682727718656892E+02
   2.9000100000000002E+03   9.1565231471685771E-02   1.8122639027338320E+02
   3.0000100000000002E+03   8.9395080118925260E-02   1.8562583480080556E+02
   3.1000100000000002E+03   8.7325385731073749E-02   1.9002534297716358E+02
   3.2000100000000002E+03   8.5349421875722739E-02   1.9442470739078897E+02
   3.3000100000000002E+03   8.3461022339384197E-02   1.9882378515186102E+02
   3.4000100000000002E+03   8.1654537097536686E-02   2.0322246581765262E+02
   3.5000100000000002E+03   7.9924796111702737E-02   2.0762062815860804E+02
   3.6000100000000002E+03   7.8267038887984725E-02   2.1201819578110872E+02
   3.7000100000000002E+03   7.6676870188701632E-02   2.1641515014009445E+02
   3.8000100000000002E+03   7.5150273590310332E-02   2.2081139005061436E+02
   3.9000100000000002E+03   7.3683526131321744E-02   2.2520687113406922E+02
   4.0000100000000002E+03   7.2273179190067816E-02   2.2960158332762040E+02
   4.1000100000000002E+03   7.0916054137071194E-02   2.3399548347806208E+02
   4.2000100000000002E+03   6.9609209927493129E-02   2.3838851771834791E+02
   4.3000100000000002E+03   6.8349902702702803E-02   2.4278068757959196E+02
   4.4000100000000002E+03   6.7135595922946240E-02   2.4717195320953022E+02
   4.5000100000000002E+03   6.5963935724348874E-02   2.5156225431277804E+02
   4.6000100000000002E+03   6.4832701058713041E-02   2.5595164327848528E+02
   4.7000100000000002E+03   6.3739863522856682E-02   2.6034000477911110E+02
   4.8000100000000002E+03   6.2683492287836387E-02   2.6472737507926689E+02
   4.9000100000000002E+03   6.1661806342220293E-02   2.6911369222731219E+02
   5.0000100000000002E+03   6.0673125068636431E-02   2.7349895617521605E+02
   5.1000100000000002E+03   5.9715890653079216E-02   2.7788309263548990E+02
   5.2000100000000002E+03   5.8788620392762864E-02   2.8226613013363374E+02
   5.3000100000000002E+03   5.7889936580764960E-02   2.8664803166625131E+02
   5.4000100000000002E+03   5.7018553472194998E-02   2.9102871545579370E+02
   5.5000100000000002E+03   5.6173231527253030E-02   2.9540825626365518E+02
   5.6000100000000002E+03   5.5352848583723198E-02   2.9978649335564569E+02
   5.7000100000000002E+03   5.4556299769952611E-02   3.0416352362847960E+02
   5.8000100000000002E+03   5.3782575500711853E-02   3.0853926610377300E+02
   5.9000100000000002E+03   5.3030712197055116E-02   3.1291370013095718E+02
   6.0000100000000002E+03   5.2299810187123964E-02   3.1728674185983550E+02
   6.1000100000000002E+03   5.1588996004040641E-02   3.2165844772130652E+02
   6.2000100000000002E+03   5.0897463514357782E-02   3.2602874933992234E+02
   6.3000100000000002E+03   5.0224448117340156E-02   3.3039758516393238E+02
   6.4000100000000002E+03   4.9569200951972626E-02   3.3476505683919095E+02
   6.5000100000000002E+03   4.8931053777509281E-02   3.3913098315057533E+02
   6.6000100000000002E+03   4.8309337212306007E-02   3.4349542617888244E+02
   6.7000100000000002E+03   4.7703434809409549E-02   3.4785831335749447E+02
   6.8000100000000002E+03   4.7112758166402147E-02   3.5221959019147852E+02
   6.9000100000000002E+03   4.6536727680943725E-02   3.5657935572800216E+02
   7.0000100000000002E+03   4.5974816143617557E-02   3.6093752549925227E+02
   7.1000100000000002E+03   4.5426524240148175E-02   3.6529399181931046E+02
   7.2000100000000002E+03   4.4891355970584149E-02   3.6964881134430266E+02
   7.3000100000000002E+03   4.4368851365171887E-02   3.7400193747603254E+02
   7.4000100000000002E+03   4.3858573642697969E-02   3.7835330691204877E+02
   7.5000100000000002E+03   4.3360090617415789E-02   3.8270299111172341E+02
   7.6000100000000002E+03   4.2873002144234035E-02   3.8705095384583700E+02
   7.7000100000000002E+03   4.2396944804920476E-02   3.9139698510149577E+02
   7.8000100000000002E+03   4.1931527414010787E-02   3.9574128102511594E+02
   7.9000100000000002E+03   4.1476404886659823E-02   4.0008376857892972E+02
   8.0000100000000002E+03   4.1031248532045879E-02   4.0442435869823129E+02
   8.1000100000000002E+03   4.0595733581170156E-02   4.0876306228044962E+02
   8.2000100000000002E+03   4.0169555700768335E-02   4.1309982360205686E+02
   8.3000100000000002E+03   3.9752412830803982E-02   4.1743469622306162E+02
   8.4000100000000002E+03   3.9344021840984351E-02   4.2176766882725047E+02
   8.5000100000000002E+03   3.8944123705423703E-02   4.2609859448061906E+02
   8.6000100000000002E+03   3.8552442142580641E-02   4.3042763186803444E+02
   8.7000100000000002E+03   3.8168747022401944E-02   4.3475454838538582E+02
   8.8000100000000002E+03   3.7792789764173690E-02   4.3907942434805364E+02
   8.9000100000000002E+03   3.7424331881722166E-02   4.4340234119890408E+02
   9.0000100000000002E+03   3.7063162035913214E-02   4.4772316938531094E+02
   9.1000100000000002E+03   3.6709066377745368E-02   4.5204190712462309E+02
   9.2000100000000002E+03   3.6361845632508667E-02   4.5635847371082809E+02
   9.3000100000000002E+03   3.6021297116173134E-02   4.6067292692549574E+02
   9.4000100000000002E+03   3.5687226032137559E-02   4.6498532441879632E+02
   9.5000100000000002E+03   3.5359462728404498E-02   4.6929548962943647E+02
   9.6000100000000002E+03   3.5037827143237700E-02   4.7360346594332253E+02
   9.7000100000000002E+03   3.4722146055853491E-02   4.7790929591355018E+02
   9.8000100000000002E+03   3.4412258665477397E-02   4.8221293857725306E+02
   9.9000100000000002E+03   3.4108010426462242E-02   4.8651434565312951E+02
   1.0000010000000000E+04   3.3809246870285359E-02   4.9081354689224816E+02
   1.1000010000000000E+04   3.1093680719224678E-02   5.3367874083496952E+02
   1.2000010000000000E+04   2.8793808207415360E-02   5.7630572012655421E+02
   1.3000010000000000E+04   2.6821488578777745E-02   6.1868439275552646E+02
   1.4000010000000000E+04   2.5111787590618866E-02   6.6080665561059106E+02
   1.5000010000000000E+04   2.3615787950322733E-02   7.0266706362146272E+02
   1.6000010000000000E+04   2.2295980399590687E-02   7.4426134562196830E+02
   1.7000010000000002E+04   2.1123099631593048E-02   7.8558718481549465E+02
   1.8000010000000002E+04   2.0074012309519874E-02   8.2664273182152340E+02
   1.9000010000000002E+04   1.9130168585125330E-02   8.6742760788125497E+02
   2.0000010000000002E+04   1.8276557361437878E-02   9.0794103320423619E+02
   2.1000010000000002E+04   1.7500843555002539E-02   9.4818494445755243E+02
   2.2000010000000002E+04   1.6792883173844971E-02   9.8815886482231474E+02
   2.3000010000000002E+04   1.6144182550692297E-02   1.0278647631774215E+03
   2.4000010000000002E+04   1.5547611221450427E-02   1.0673045613120462E+03
   2.5000010000000002E+04   1.4997140878081858E-02   1.1064799956912043E+03
   2.6000010000000002E+04   1.4487632297272500E-02   1.1453932591376201E+03
   2.7000010000000002E+04   1.4014692895810810E-02   1.1840456653260371E+03
   2.8000010000000002E+04   1.3574505793641360E-02   1.2224412900492821E+03
   2.9000010000000002E+04   1.3163805453245886E-02   1.2605804934673124E+03
   3.0000010000000002E+04   1.2779715853747443E-02   1.2984667706281173E+03
   3.1000010000000002E+04   1.2419737649463128E-02   1.3361020049306528E+03
   3.2000010000000002E+04   1.2081659179544457E-02   1.3734898599238652E+03
   3.3000010000000002E+04   1.1763554141404229E-02   1.4106311897485386E+03
   3.4000010000000002E+04   1.1463697779431580E-02   1.4475291213567916E+03
   3.5000010000000002E+04   1.1180553459043910E-02   1.4841873825787704E+03
   3.6000010000000002E+04   1.0912771305004187E-02   1.5206069943526625E+03
   3.7000010000000002E+04   1.0659133031636474E-02   1.5567904373563063E+03
   3.8000010000000002E+04   1.0418551917126531E-02   1.5927392315320039E+03
   3.9000010000000002E+04   1.0190036771494063E-02   1.6284569669641517E+03
   4.0000010000000002E+04   9.9726907706248844E-03   1.6639477504946863E+03
   4.1000010000000002E+04   9.7657388084814774E-03   1.6992095221457887E+03
   4.2000010000000002E+04   9.5684319190159611E-03   1.7342482566220699E+03
   4.3000010000000002E+04   9.3801103572231925E-03   1.7690662201412256E+03
   4.4000010000000002E+04   9.2001828880274288E-03   1.8036637506146633E+03
   4.5000010000000002E+04   9.0281002248717868E-03   1.8380429947426794E+03
   4.6000010000000002E+04   8.8633556612201618E-03   1.8722069844003079E+03
   4.7000010000000002E+04   8.7054865425804807E-03   1.9061584086076355E+03
   4.8000010000000002E+04   8.5540831733972936E-03   1.9398965427138812E+03
   4.9000010000000002E+04   8.4087380264553542E-03   1.9734276798673795E+03
   5.0000010000000002E+04   8.2691024255043700E-03   2.0067518238714104E+03
   5.1000010000000002E+04   8.1348568103367883E-03   2.0398682805424073E+03
   5.2000010000000002E+04   8.0056809247025691E-03   2.0727826315132470E+03
   5.3000010000000002E+04   7.8812917620515056E-03   2.1054970270306244E+03
   5.4000010000000002E+04   7.7614347771710378E-03   2.1380114438336814E+03
   5.5000010000000002E+04   7.6458683988898987E-03   2.1703272288298449E+03
   5.6000010000000002E+04   7.5343553744654391E-03   2.2024493867649212E+03
   5.7000010000000002E+04   7.4267022027319947E-03   2.2343748168677203E+03
   5.8000010000000002E+04   7.3226962063280450E-03   2.2661101739848705E+03
   5.9000010000000002E+04   7.2221589989537073E-03   2.2976559193122748E+03
   6.0000010000000002E+04   7.1249318014805791E-03   2.3290098539205824E+03
   6.1000010000000002E+04   7.0308329289961950E-03   2.3601807270549889E+03
   6.2000010000000002E+04   6.9397259143683405E-03   2.3911659594225921E+03
   6.3000010000000002E+04   6.8514703547114296E-03   2.4219671858828769E+03
   6.4000010000000002E+04   6.7659419313803671E-03   2.4525833272670329E+03
   6.5000010000000002E+04   6.6830038031275123E-03   2.4830206390717181E+03
   6.6000010000000009E+04   6.6025337941651250E-03   2.5132830654839040E+03
   6.7000010000000009E+04   6.5244450295020226E-03   2.5433636576177782E+03
   6.8000010000000009E+04   6.4486152108553987E-03   2.5732712887297898E+03
   6.9000010000000009E+04   6.3749563458003295E-03   2.6030039225432743E+03
   7.0000010000000009E+04   6.3033721189631924E-03   2.6325649288955287E+03
   7.1000010000000009E+04   6.2337928644249632E-03   2.6619486298396787E+03
   7.2000010000000009E+04   6.1661041893908558E-03   2.6911702858851154E+03
   7.3000010000000009E+04   6.1002531998660767E-03   2.7202209204242045E+03
   7.4000010000000009E+04   6.0361557784720148E-03   2.7491067134720288E+03
   7.5000010000000009E+04   5.9737604883306544E-03   2.7778208394152643E+03
   7.6000010000000009E+04   5.9129694719103048E-03   2.8063795108347408E+03
   7.7000010000000009E+04   5.8537458476418730E-03   2.8347722648131621E+03
   7.8000010000000009E+04   5.7960273753249929E-03   2.8630017250789715E+03
   7.9000010000000009E+04   5.7397621595276479E-03   2.8910668966684148E+03
   8.0000010000000009E+04   5.6848721885672414E-03   2.9189814341881615E+03
   8.1000010000000009E+04   5.6313329858103780E-03   2.9467332896089483E+03
   8.2000010000000009E+04   5.5790790730173142E-03   2.9743325299718153E+03
   8.3000010000000009E+04   5.5280765364914631E-03   3.0017739922052942E+03
   8.4000010000000009E+04   5.4782718379919543E-03   3.0290640670804860E+03
   8.5000010000000009E+04   5.4296355845207915E-03   3.0561970717644313E+03
   8.6000010000000009E+04   5.3821110153033430E-03   3.0831835922702785E+03
   8.7000010000000009E+04   5.3356727122038034E-03   3.1100176621040405E+03
   8.8000010000000009E+04   5.2902749399033420E-03   3.1367058541693837E+03
   8.9000010000000009E+04   5.2458884476554706E-03   3.1632461383308141E+03
   9.0000010000000009E+04   5.2024856518470145E-03   3.1896361632961143E+03
   9.1000010000000009E+04   5.1600181376859943E-03   3.2158872181022953E+03
   9.2000010000000009E+04   5.1184762156490345E-03   3.2419875906478615E+03
   9.3000010000000009E+04   5.0778217374349080E-03   3.2679438610113507E+03
   9.4000010000000009E+04   5.0380177615098661E-03   3.2937629757754680E+03
   9.5000010000000009E+04   4.9990435730213984E-03   3.3194422356536970E+03
   9.6000010000000009E+04   4.9608796796004944E-03   3.3449786017581332E+03
   9.7000010000000009E+04   4.9235001735772194E-03   3.3703738781639631E+03
   9.8000010000000009E+04   4.8868725859291086E-03   3.3956351597829689E+03
   9.9000010000000009E+04   4.8509805906422265E-03   3.4207591772622395E+03
   1.0000001000000001E+05   4.8158088699071788E-03   3.4457423088055889E+03
   1.1000001000000001E+05   4.4990036609900775E-03   3.6883802780699702E+03
   1.2000001000000001E+05   4.2347851852262012E-03   3.9185072319728602E+03
   1.3000001000000001E+05   4.0111181054118391E-03   4.1370101647646734E+03
   1.4000001000000001E+05   3.8194135207368423E-03   4.3446556085288903E+03
   1.5000001000000001E+05   3.6533289024301267E-03   4.5421687500192911E+03
   1.6000001000000001E+05   3.5080921058874650E-03   4.7302168453078557E+03
   1.7000001000000001E+05   3.3800491459499097E-03   4.9094068333426267E+03
   1.8000001000000001E+05   3.2663839308386578E-03   5.0802467577348780E+03
   1.9000001000000001E+05   3.1648043899447746E-03   5.2433055347379495E+03
   2.0000001000000001E+05   3.0735389001074228E-03   5.3989999520033480E+03
   2.1000001000000001E+05   2.9911051978195554E-03   5.5477943023391672E+03
   2.2000001000000001E+05   2.9163016524660986E-03   5.6900960022870267E+03
   2.3000001000000001E+05   2.8481579975454083E-03   5.8262344955797480E+03
   2.4000001000000001E+05   2.7858302076445760E-03   5.9565856988070645E+03
   2.5000001000000001E+05   2.7286349088295730E-03   6.0814425266142625E+03
   2.6000001000000001E+05   2.6759613387888647E-03   6.2011495209683508E+03
   2.7000001000000001E+05   2.6273337910941962E-03   6.3159224116892810E+03
   2.8000001000000001E+05   2.5822892141453449E-03   6.4260952194127067E+03
   2.9000001000000001E+05   2.5404821043204075E-03   6.5318454107352936E+03
   3.0000001000000001E+05   2.5015650262923831E-03   6.6334619327304599E+03
   3.1000001000000001E+05   2.4652684092683528E-03   6.7311276580570011E+03
   3.2000001000000001E+05   2.4313731697951668E-03   6.8249648307003308E+03
   3.3000001000000001E+05   2.3996102061238857E-03   6.9153049657031206E+03
   3.4000001000000001E+05   2.3698319972878181E-03   7.0021994779172683E+03
   3.5000001000000001E+05   2.3418555724767547E-03   7.0858496011393590E+03
   3.6000001000000001E+05   2.3155048371161276E-03   7.1664874580126689E+03
   3.7000001000000001E+05   2.2906837230511823E-03   7.2441412173904146E+03
   3.8000001000000001E+05   2.2672490170549168E-03   7.3190180034637369E+03
   3.9000001000000001E+05   2.2450958672386953E-03   7.3912373259008555E+03
   4.0000001000000001E+05   2.2241313996438821E-03   7.4609064809828051E+03
   4.1000001000000001E+05   2.2042869516731285E-03   7.5280744921004771E+03
   4.2000001000000001E+05   2.1854351697854317E-03   7.5930124139942418E+03
   4.3000001000000001E+05   2.1675518879916305E-03   7.6556581948936810E+03
   4.4000001000000001E+05   2.1505377845769369E-03   7.7162263751738028E+03
   4.5000001000000001E+05   2.1343555419855139E-03   7.7747292087632059E+03
   4.6000001000000001E+05   2.1189310458141542E-03   7.8313243873325255E+03
   4.7000001000000001E+05   2.1042237829974196E-03   7.8860606501284583E+03
   4.8000001000000001E+05   2.0901983584524718E-03   7.9389768473678196E+03
   4.9000001000000001E+05   2.0768088566714368E-03   7.9901606355609210E+03
   5.0000001000000001E+05   2.0639820285170544E-03   8.0398163089060454E+03
   5.1000001000000001E+05   2.0517398143427563E-03   8.0877878657709070E+03
   5.2000001000000001E+05   2.0400153606731013E-03   8.1342703070065172E+03
   5.3000001000000001E+05   2.0287587773069851E-03   8.1794033671108264E+03
   5.4000001000000001E+05   2.0180028100261972E-03   8.2229996369256678E+03
   5.5000001000000001E+05   2.0076706050504616E-03   8.2653181913490807E+03
   5.6000001000000001E+05   1.9977513178110378E-03   8.3063573660122511E+03
   5.7000001000000001E+05   1.9882366904747004E-03   8.3461071076997869E+03
   5.8000001000000001E+05   1.9790697612625846E-03   8.3847657616545657E+03
   5.9000001000000001E+05   1.9702969153041604E-03   8.4220993522688059E+03
   6.0000001000000001E+05   1.9618120474802934E-03   8.4585250638425823E+03
   6.1000001000000001E+05   1.9536651750524420E-03   8.4937974971657895E+03
   6.2000001000000001E+05   1.9458213878832669E-03   8.5280367856435041E+03
   6.3000001000000001E+05   1.9382459989670156E-03   8.5613675369401808E+03
   6.4000001000000001E+05   1.9309410433078638E-03   8.5937561023268845E+03
   6.5000001000000001E+05   1.9239287687614665E-03   8.6250783519614633E+03
   6.6000001000000001E+05   1.9171216924265715E-03   8.6557032032519091E+03
   6.7000001000000001E+05   1.9105810636462859E-03   8.6853348909944616E+03
   6.8000001000000001E+05   1.9042574494385950E-03   8.7141769507335157E+03
   6.9000001000000001E+05   1.8981390623801287E-03   8.7422658871751355E+03
   7.0000001000000001E+05   1.8922342641353041E-03   8.7695465031352160E+03
   7.1000001000000001E+05   1.8865133228336362E-03   8.7961405696490583E+03
   7.2000001000000001E+05   1.8809861107011274E-03   8.8219877221608294E+03
   7.3000001000000001E+05   1.8756638304369795E-03   8.8470205080909582E+03
   7.4000001000000001E+05   1.8704774676075746E-03   8.8715510673244953E+03
   7.5000001000000001E+05   1.8654794502345558E-03   8.8953198450264081E+03
   7.6000001000000001E+05   1.8606003247863558E-03   8.9186463922958919E+03
   7.7000001000000001E+05   1.8559155585541852E-03   8.9411591479343260E+03
   7.8000001000000001E+05   1.8513557932162410E-03   8.9631806241482336E+03
   7.9000001000000001E+05   1.8469351921135341E-03   8.9846338112010671E+03
   8.0000001000000001E+05   1.8426474256682203E-03   9.0055406927034401E+03
   8.1000001000000001E+05   1.8384864511294839E-03   9.0259225810262360E+03
   8.2000001000000001E+05   1.8344685626438899E-03   9.0456913310329965E+03
   8.3000001000000001E+05   1.8305443137173810E-03   9.0650831284504820E+03
   8.4000001000000001E+05   1.8267527720320434E-03   9.0838982856456932E+03
   8.5000001000000001E+05   1.8230441014058186E-03   9.1023779190882469E+03
   8.6000001000000001E+05   1.8194586517116767E-03   9.1203151874593932E+03
   8.7000001000000001E+05   1.8159692787121128E-03   9.1378398129779507E+03
   8.8000001000000001E+05   1.8125715186988285E-03   9.1549691711323921E+03
   8.9000001000000001E+05   1.8092846331810128E-03   9.1716007917369079E+03
   9.0000001000000001E+05   1.8060813749728017E-03   9.1878675037055255E+03
   9.1000001000000001E+05   1.8029817573562792E-03   9.2036629358315367E+03
   9.2000001000000001E+05   1.7999584109539099E-03   9.2191221048080679E+03
   9.3000001000000001E+05   1.7969832500291816E-03   9.2343856704790778E+03
   9.4000001000000001E+05   1.7941259504455761E-03   9.2490922223376929E+03
   9.5000001000000001E+05   1.7913098808009288E-03   9.2636324691855589E+03
   9.6000001000000001E+05   1.7886312776645430E-03   9.2775054206966634E+03
   9.7000001000000001E+05   1.7859878439253545E-03   9.2912370207901295E+03
   9.8000001000000001E+05   1.7833758502382672E-03   9.3048452865072486E+03
   9.9000001000000001E+05   1.7808687506644381E-03   9.3179446087586184E+03
   1.0000000100000000E+06   1.7784390442104221E-03   9.3306748005679838E+03
   1.1000000100000000E+06   1.7570964644534584E-03   9.4440098821335578E+03
   1.2000000100000000E+06   1.7403106553976326E-03   9.5351001401349986E+03
   1.3000000100000000E+06   1.7270251835346676E-03   9.6084507234559933E+03
   1.4000000100000000E+06   1.7163327492490522E-03   9.6683095870662564E+03
   1.5000000100000000E+06   1.7076973652052222E-03   9.7171997288677740E+03
   1.6000000100000000E+06   1.7006392993965292E-03   9.7575284659414738E+03
   1.7000000100000000E+06   1.6948900250158148E-03   9.7906271965967589E+03
   1.8000000100000000E+06   1.6901654012019330E-03   9.8179955419509970E+03
   1.9000000100000000E+06   1.6862477326006575E-03   9.8408057448165291E+03
   2.0000000100000000E+06   1.6830186584509059E-03   9.8596865167460346E+03
   2.1000000099999998E+06   1.6803594713314803E-03   9.8752895777780468E+03
   2.2000000099999998E+06   1.6781846973505624E-03   9.8880870504648665E+03
   2.3000000099999998E+06   1.6764365309866025E-03   9.8983982199401325E+03
   2.4000000099999998E+06   1.6750239411271776E-03   9.9067457883579482E+03
   2.5000000099999998E+06   1.6739264363018584E-03   9.9132411163903744E+03
   2.6000000099999998E+06   1.6729576048280155E-03   9.9189820030533938E+03
   2.7000000099999998E+06   1.6723018492818141E-03   9.9228715086853863E+03
   2.8000000099999998E+06   1.6717246632990267E-03   9.9262975168490229E+03
   2.9000000099999998E+06   1.6713777699393661E-03   9.9283577133865983E+03
   3.0000000099999998E+06   1.6710922517886616E-03   9.9300540448313914E+03
   3.1000000099999998E+06   1.6709746384830678E-03   9.9307529821186727E+03
   3.2000000099999998E+06   1.6710025803984864E-03   9.9305869235720711E+03
   3.3000000099999998E+06   1.6710788640113289E-03   9.9301335990375483E+03
   3.4000000099999998E+06   1.6711784072026927E-03   9.9295421139005593E+03
   3.5000000099999998E+06   1.6714410514081313E-03   9.9279818215428495E+03
   3.6000000099999998E+06   1.6716064335616562E-03   9.9269995861429161E+03
   3.7000000099999998E+06   1.6719053010830272E-03   9.9252250491765935E+03
   3.8000000099999998E+06   1.6723311455279601E-03   9.9226976777506625E+03
   3.9000000099999998E+06   1.6726968997110626E-03   9.9205279671569951E+03
   4.0000000099999998E+06   1.6730769980288183E-03   9.9182741701135783E+03
   4.1000000099999998E+06   1.6734603389689411E-03   9.9160021828688095E+03
   4.2000000099999998E+06   1.6740311389312969E-03   9.9126210906411488E+03
   4.3000000099999998E+06   1.6744936823872123E-03   9.9098829387659462E+03
   4.4000000099999998E+06   1.6750354204928496E-03   9.9066778953712474E+03
   4.5000000099999998E+06   1.6756538241164351E-03   9.9030218147297583E+03
   4.6000000099999998E+06   1.6761331110479128E-03   9.9001900653259345E+03
   4.7000000099999998E+06   1.6766755711932714E-03   9.8969870255523583E+03
   4.8000000099999998E+06   1.6771681786745833E-03   9.8940801436348356E+03
   4.9000000099999998E+06   1.6777158967981841E-03   9.8908500574078589E+03
   5.0000000099999998E+06   1.6784329127199540E-03   9.8866247488374338E+03
   5.1000000099999998E+06   1.6789708813328137E-03   9.8834569191501341E+03
   5.2000000099999998E+06   1.6795555390225650E-03   9.8800164618655435E+03
   5.3000000099999998E+06   1.6801858407041290E-03   9.8763100915111863E+03
   5.4000000099999998E+06   1.6807360354414986E-03   9.8730770473433950E+03
   5.5000000099999998E+06   1.6814527485912306E-03   9.8688686839778020E+03
   5.6000000099999998E+06   1.6820832361221420E-03   9.8651695812724010E+03
   5.7000000099999998E+06   1.6824882615556278E-03   9.8627947387980930E+03
   5.8000000099999998E+06   1.6831894192554746E-03   9.8586862442971142E+03
   5.9000000099999998E+06   1.6836552048625488E-03   9.8559588247257016E+03
   6.0000000099999998E+06   1.6844249677425394E-03   9.8514547646486553E+03
   6.1000000099999998E+06   1.6850901301611865E-03   9.8475660602042117E+03
   6.2000000099999998E+06   1.6856431304491913E-03   9.8443354197625486E+03
   6.3000000099999998E+06   1.6860771062702225E-03   9.8418016070855301E+03
   6.4000000099999998E+06   1.6868273641497235E-03   9.8374242242180644E+03
   6.5000000099999998E+06   1.6873081385960914E-03   9.8346211901563547E+03
   6.6000000099999998E+06   1.6881140602853007E-03   9.8299260485727555E+03
   6.7000000099999998E+06   1.6886405644889024E-03   9.8268611586876577E+03
   6.8000000099999998E+06   1.6891875231042953E-03   9.8236792228164195E+03
   6.9000000099999998E+06   1.6897547160830112E-03   9.8203817490308429E+03
   7.0000000099999998E+06   1.6903419716141495E-03   9.8169699698779532E+03
   7.1000000099999998E+06   1.6909491641269668E-03   9.8134448546404765E+03
   7.2000000099999998E+06   1.6914103682916465E-03   9.8107689802804380E+03
   7.3000000099999998E+06   1.6922230791825382E-03   9.8060572381369930E+03
   7.4000000099999998E+06   1.6925484582293411E-03   9.8041721012349881E+03
   7.5000000099999998E+06   1.6934027503068695E-03   9.7992260678408093E+03
   7.6000000099999998E+06   1.6937555592591363E-03   9.7971848909642995E+03
   7.7000000099999998E+06   1.6942962821374227E-03   9.7940581875245316E+03
   7.8000000099999998E+06   1.6948518203847825E-03   9.7908478927633041E+03
   7.9000000099999998E+06   1.6954221342865372E-03   9.7875544022807353E+03
   8.0000000099999998E+06   1.6960072096096665E-03   9.7841779681935968E+03
   8.1000000099999998E+06   1.6966070569730209E-03   9.7807187032255006E+03
   8.2000000099999998E+06   1.6972217113423421E-03   9.7771765840987755E+03
   8.3000000099999998E+06   1.6974690393955973E-03   9.7757520102215749E+03
   8.4000000099999998E+06   1.6981081920458335E-03   9.7720725050907186E+03
   8.5000000099999998E+06   1.6987622475941610E-03   9.7683100726198609E+03
   8.6000000099999998E+06   1.6992330980179818E-03   9.7656033145281835E+03
   8.7000000099999998E+06   1.6999144874486139E-03   9.7616888947550724E+03
   8.8000000099999998E+06   1.7002052850739894E-03   9.7600192869876064E+03
   8.9000000099999998E+06   1.7007065830664540E-03   9.7571424367868131E+03
   9.0000000099999998E+06   1.7014250833691613E-03   9.7530220615420167E+03
   9.1000000099999998E+06   1.7017395889692667E-03   9.7512195648050383E+03
   9.2000000099999998E+06   1.7022713350658607E-03   9.7481735328160103E+03
   9.3000000099999998E+06   1.7028132891720267E-03   9.7450709832250923E+03
   9.4000000099999998E+06   1.7033655008093004E-03   9.7419117425333934E+03
   9.5000000099999998E+06   1.7039280314267741E-03   9.7386955717052660E+03
   9.6000000099999998E+06   1.7045009543324213E-03   9.7354221668121972E+03
   9.7000000099999998E+06   1.7048606374795187E-03   9.7333682351263451E+03
   9.8000000099999998E+06   1.7054518781965860E-03   9.7299939015034561E+03
   9.9000000099999998E+06   1.7058254258517237E-03   9.7278631931957207E+03
   1.0000000010000000E+07   1.7062049695368315E-03   9.7256992392098327E+03
   1.1000000010000000E+07   1.7108309791880627E-03   9.6994013879943323E+03
   1.2000000010000000E+07   1.7150576811126271E-03   9.6754975397650633E+03
   1.3000000010000000E+07   1.7192372428308010E-03   9.6519758650862950E+03
   1.4000000010000000E+07   1.7226182486583001E-03   9.6330318032361683E+03
   1.5000000010000000E+07   1.7263261684297769E-03   9.6123413278580592E+03
   1.6000000010000000E+07   1.7300183146383942E-03   9.5918269961372389E+03
   1.7000000009999998E+07   1.7332546918449336E-03   9.5739168930200067E+03
   1.8000000009999998E+07   1.7359139547873511E-03   9.5592505195300182E+03
   1.9000000009999998E+07   1.7387470962799538E-03   9.5436745284367735E+03
   2.0000000009999998E+07   1.7413082415948652E-03   9.5296375321591022E+03
   2.1000000009999998E+07   1.7445032513226395E-03   9.5121842631013769E+03
   2.2000000009999998E+07   1.7468961272132668E-03   9.4991545952030974E+03
   2.3000000009999998E+07   1.7488870924394768E-03   9.4883405829325493E+03
   2.4000000009999998E+07   1.7515169499476115E-03   9.4740940843631179E+03
   2.5000000009999998E+07   1.7537139773968291E-03   9.4622250766297620E+03
   2.6000000009999998E+07   1.7560133779813217E-03   9.4498348259946470E+03
   2.7000000009999998E+07   1.7571811425052639E-03   9.4435547780246488E+03
   2.8000000009999998E+07   1.7596511040961010E-03   9.4302991857493453E+03
   2.9000000009999998E+07   1.7615751056390958E-03   9.4199993636604631E+03
   3.0000000009999998E+07   1.7635748983765450E-03   9.4093176249197022E+03
   3.1000000009999998E+07   1.7649426971705542E-03   9.4020255732738060E+03
   3.2000000009999998E+07   1.7670813246065111E-03   9.3906466799741156E+03
   3.3000000009999998E+07   1.7685488308534535E-03   9.3828545102441785E+03
   3.4000000009999998E+07   1.7702144965283390E-03   9.3740258068747244E+03
   3.5000000009999998E+07   1.7717942936310673E-03   9.3656675799271416E+03
   3.6000000009999998E+07   1.7733306879072854E-03   9.3575532681629084E+03
   3.7000000009999998E+07   1.7748259736020526E-03   9.3496695568875384E+03
   3.8000000009999998E+07   1.7762822697920651E-03   9.3420041715008083E+03
   3.9000000009999998E+07   1.7777015375658048E-03   9.3345457735737255E+03
   4.0000000009999998E+07   1.7790855951744968E-03   9.3272838694041675E+03
   4.1000000009999998E+07   1.7804361314308025E-03   9.3202087293212917E+03
   4.2000000009999998E+07   1.7817547175897801E-03   9.3133113162778791E+03
   4.3000000009999998E+07   1.7830428179113533E-03   9.3065832224929745E+03
   4.4000000009999998E+07   1.7843017990740895E-03   9.3000166130927955E+03
   4.5000000009999998E+07   1.7855329385854371E-03   9.2936041758528318E+03
   4.6000000009999998E+07   1.7867374323128420E-03   9.2873390762739255E+03
   4.7000000009999998E+07   1.7879164012427570E-03   9.2812149173339985E+03
   4.8000000009999998E+07   1.7890708975597787E-03   9.2752257033491514E+03
   4.9000000009999998E+07   1.7902019101257106E-03   9.2693658074552823E+03
   5.0000000009999998E+07   1.7913103694276774E-03   9.2636299422875454E+03
   5.1000000009999998E+07   1.7923971520554308E-03   9.2580131334906382E+03
   5.2000000009999998E+07   1.7934630847601892E-03   9.2525106957410535E+03
   5.3000000009999998E+07   1.7945089481408178E-03   9.2471182110027785E+03
   5.4000000009999998E+07   1.7955354799973659E-03   9.2418315087734954E+03
   5.5000000009999998E+07   1.7965433783871520E-03   9.2366466481080497E+03
   5.6000000009999998E+07   1.7975333044143076E-03   9.2315599012321236E+03
   5.7000000009999998E+07   1.7985058847800653E-03   9.2265677385813160E+03
   5.8000000009999998E+07   1.7994617141178437E-03   9.2216668151205140E+03
   5.9000000009999998E+07   1.8004013571344608E-03   9.2168539578150812E+03
   6.0000000009999998E+07   1.8013253505763966E-03   9.2121261541400945E+03
   6.1000000009999998E+07   1.8022342050378806E-03   9.2074805415268511E+03
   6.2000000009999998E+07   1.8031284066257701E-03   9.2029143976568739E+03
   6.3000000009999998E+07   1.8040084184945636E-03   9.1984251315235215E+03
   6.4000000009999998E+07   1.8048746822634752E-03   9.1940102751898448E+03
   6.5000000009999998E+07   1.8057276193262075E-03   9.1896674761791182E+03
   6.6000000009999998E+07   1.8065676320630295E-03   9.1853944904407799E+03
   6.7000000009999998E+07   1.8073951049637051E-03   9.1811891758407892E+03
   6.8000000009999990E+07   1.8082104056690274E-03   9.1770494861302941E+03
   6.9000000009999990E+07   1.8090138859378874E-03   9.1729734653513624E+03
   7.0000000009999990E+07   1.8098058825461881E-03   9.1689592426423660E+03
   7.1000000009999990E+07   1.8105867181232183E-03   9.1650050274096284E+03
   7.2000000009999990E+07   1.8113567019306795E-03   9.1611091048346425E+03
   7.3000000009999990E+07   1.8121161305889530E-03   9.1572698316896476E+03
   7.4000000009999990E+07   1.8128652887548582E-03   9.1534856324364755E+03
   7.5000000009999990E+07   1.8136044497547145E-03   9.1497549955861105E+03
   7.6000000009999990E+07   1.8143338761761941E-03   9.1460764702984088E+03
   7.7000000009999990E+07   1.8150538204221190E-03   9.1424486632033841E+03
   7.8000000009999990E+07   1.8157645252291177E-03   9.1388702354268753E+03
   7.9000000009999990E+07   1.8164662241537640E-03   9.1353398998052107E+03
   8.0000000009999990E+07   1.8171591420285938E-03   9.1318564182747195E+03
   8.1000000009999990E+07   1.8178434953902438E-03   9.1284185994229883E+03
   8.2000000009999990E+07   1.8185194928816866E-03   9.1250252961902188E+03
   8.3000000009999990E+07   1.8191873356304424E-03   9.1216754037097035E+03
   8.4000000009999990E+07   1.8198472176044595E-03   9.1183678572775007E+03
   8.5000000009999990E+07   1.8204993259472095E-03   9.1151016304422337E+03
   8.6000000009999990E+07   1.8211438412934684E-03   9.1118757332064852E+03
   8.7000000009999990E+07   1.8217809380670512E-03   9.1086892103322953E+03
   8.8000000009999990E+07   1.8224107847617770E-03   9.1055411397433891E+03
   8.9000000009999990E+07   1.8230335442067274E-03   9.1024306310178763E+03
   9.0000000009999990E+07   1.8236493738168942E-03   9.0993568239650776E+03
   9.1000000009999990E+07   1.8242584258301143E-03   9.0963188872812316E+03
   9.2000000009999990E+07   1.8248608475312286E-03   9.0933160172786411E+03
   9.3000000009999990E+07   1.8254567814642495E-03   9.0903474366836890E+03
   9.4000000009999990E+07   1.8260463656333112E-03   9.0874123934992404E+03
   9.5000000009999990E+07   1.8266297336931039E-03   9.0845101599273530E+03
   9.6000000009999990E+07   1.8272070151294378E-03   9.0816400313485483E+03
   9.7000000009999990E+07   1.8277783354305607E-03   9.0788013253540521E+03
   9.8000000009999990E+07   1.8283438162497619E-03   9.0759933808278656E+03
   9.9000000009999990E+07   1.8289035755598233E-03   9.0732155570755003E+03
   1.0000000000999999E+08   1.8294577277997656E-03   9.0704672329967143E+03
   1.1000000000999999E+08   1.8347137714531728E-03   9.0444823777701313E+03
   1.2000000000999999E+08   1.8395133659097525E-03   9.0208838281278950E+03
   1.3000000000999999E+08   1.8439294192183237E-03   8.9992795826181464E+03
   1.4000000000999999E+08   1.8480186697859688E-03   8.9793661965992269E+03
   1.5000000000999999E+08   1.8518261371372111E-03   8.9609040726758358E+03
   1.6000000000999999E+08   1.8553881403535202E-03   8.9437007886655010E+03
   1.7000000000999999E+08   1.8587344037302837E-03   8.9275995219424130E+03
   1.8000000000999999E+08   1.8618895619168321E-03   8.9124708111455802E+03
   1.9000000000999999E+08   1.8648742589225296E-03   8.8982065652769270E+03
   2.0000000000999999E+08   1.8677059657361533E-03   8.8847156236500450E+03
   2.1000000000999999E+08   1.8703995987870809E-03   8.8719204093720509E+03
   2.2000000000999999E+08   1.8729679947489708E-03   8.8597543688323694E+03
   2.3000000000999999E+08   1.8754222799454809E-03   8.8481599859434282E+03
   2.4000000000999999E+08   1.8777721612366815E-03   8.8370872232080237E+03
   2.5000000000999999E+08   1.8800261575947538E-03   8.8264922842298547E+03
   2.6000000000999999E+08   1.8821917863106456E-03   8.8163366214061462E+03
   2.7000000000999999E+08   1.8842757140945660E-03   8.8065861328230185E+03
   2.8000000000999999E+08   1.8862838807233769E-03   8.7972105067221892E+03
   2.9000000000999999E+08   1.8882216010099252E-03   8.7881826822047733E+03
   3.0000000000999999E+08   1.8900936495002039E-03   8.7794784023259090E+03
   3.1000000000999999E+08   1.8919043312938080E-03   8.7710758412463219E+03
   3.2000000000999999E+08   1.8936575416291855E-03   8.7629552912106374E+03
   3.3000000000999999E+08   1.8953568163066219E-03   8.7550988982097242E+03
   3.4000000000999999E+08   1.8970053745890332E-03   8.7474904375299011E+03
   3.5000000000999999E+08   1.8986061558880847E-03   8.7401151221899599E+03
   3.6000000000999999E+08   1.9001618512854584E-03   8.7329594386575754E+03
   3.7000000000999999E+08   1.9016749307379050E-03   8.7260110053201515E+03
   3.8000000000999999E+08   1.9031476666563475E-03   8.7192584500363901E+03
   3.9000000000999999E+08   1.9045821544238773E-03   8.7126913037678733E+03
   4.0000000000999999E+08   1.9059803303174379E-03   8.7062999078257471E+03
   4.1000000000999999E+08   1.9073439872177020E-03   8.7000753326968570E+03
   4.2000000000999999E+08   1.9086747884267577E-03   8.6940093067599955E+03
   4.3000000000999999E+08   1.9099742798606950E-03   8.6880941534828889E+03
   4.4000000000999999E+08   1.9112439008411506E-03   8.6823227359193952E+03
   4.5000000000999999E+08   1.9124849936746273E-03   8.6766884075136186E+03
   4.6000000000999999E+08   1.9136988121794428E-03   8.6711849683713008E+03
   4.7000000000999999E+08   1.9148865292960171E-03   8.6658066262866105E+03
   4.8000000000999999E+08   1.9160492438962732E-03   8.6605479619180023E+03
   4.9000000000999999E+08   1.9171879868912058E-03   8.6554038975949697E+03
   5.0000000000999999E+08   1.9183037267216513E-03   8.6503696693116090E+03
   5.1000000000999999E+08   1.9193973743055427E-03   8.6454408015246372E+03
   5.2000000000999999E+08   1.9204697875049330E-03   8.6406130844262370E+03
   5.3000000000999999E+08   1.9215217751676963E-03   8.6358825534059797E+03
   5.4000000000999999E+08   1.9225541007915419E-03   8.6312454704543306E+03
   5.5000000000999999E+08   1.9235674858519613E-03   8.6266983072916646E+03
   5.6000000000999999E+08   1.9245626128304130E-03   8.6222377300346197E+03
   5.7000000000999999E+08   1.9255401279745631E-03   8.6178605852350265E+03
   5.8000000000999999E+08   1.9265006438185467E-03   8.6135638871467509E+03
   5.9000000000999999E+08   1.9274447414878689E-03   8.6093448060932842E+03
   6.0000000000999999E+08   1.9283729728106235E-03   8.6052006578242053E+03
   6.1000000000999999E+08   1.9292858622542823E-03   8.6011288937612517E+03
   6.2000000000999999E+08   1.9301839087050229E-03   8.5971270920466231E+03
   6.3000000000999999E+08   1.9310675871047460E-03   8.5931929493156022E+03
   6.4000000000999999E+08   1.9319373499592060E-03   8.5893242731244827E+03
   6.5000000000999999E+08   1.9327936287292350E-03   8.5855189749722904E+03
   6.6000000000999999E+08   1.9336368351158077E-03   8.5817750638612342E+03
   6.7000000000999999E+08   1.9344673622484719E-03   8.5780906403470162E+03
   6.8000000000999999E+08   1.9352855857857685E-03   8.5744638910349004E+03
   6.9000000000999999E+08   1.9360918649353322E-03   8.5708930834822022E+03
   7.0000000000999999E+08   1.9368865434006232E-03   8.5673765614716776E+03
   7.1000000000999999E+08   1.9376699502605119E-03   8.5639127406240659E+03
   7.2000000000999999E+08   1.9384424007873645E-03   8.5605001043209559E+03
   7.3000000000999999E+08   1.9392041972087111E-03   8.5571371999121293E+03
   7.4000000000999999E+08   1.9399556294171180E-03   8.5538226351838093E+03
   7.5000000000999999E+08   1.9406969756323952E-03   8.5505550750668153E+03
   7.6000000000999999E+08   1.9414285030199946E-03   8.5473332385650538E+03
   7.7000000000999999E+08   1.9421504682689452E-03   8.5441558958873047E+03
   7.8000000000999999E+08   1.9428631181325502E-03   8.5410218657659880E+03
   7.9000000000999999E+08   1.9435666899346139E-03   8.5379300129488529E+03
   8.0000000000999999E+08   1.9442614120438540E-03   8.5348792458501503E+03
   8.1000000000999999E+08   1.9449475043188441E-03   8.5318685143494040E+03
   8.2000000000999999E+08   1.9456251785256588E-03   8.5288968077268109E+03
   8.3000000000999999E+08   1.9462946387302071E-03   8.5259631527252241E+03
   8.4000000000999999E+08   1.9469560816670814E-03   8.5230666117295004E+03
   8.5000000000999999E+08   1.9476096970865824E-03   8.5202062810548323E+03
   8.6000000000999999E+08   1.9482556680814414E-03   8.5173812893363702E+03
   8.7000000000999999E+08   1.9488941713946761E-03   8.5145907960129516E+03
   8.8000000000999999E+08   1.9495253777098306E-03   8.5118339898985778E+03
   8.9000000000999999E+08   1.9501494519248528E-03   8.5091100878353773E+03
   9.0000000000999999E+08   1.9507665534106342E-03   8.5064183334228874E+03
   9.1000000000999999E+08   1.9513768362553025E-03   8.5037579958181723E+03
   9.2000000000999999E+08   1.9519804494951359E-03   8.5011283686024162E+03
   9.3000000000999999E+08   1.9525775373330188E-03   8.4985287687093914E+03
   9.4000000000999999E+08   1.9531682393452037E-03   8.4959585354119408E+03
   9.5000000000999999E+08   1.9537526906771357E-03   8.4934170293627085E+03
   9.6000000000999999E+08   1.9543310222290273E-03   8.4909036316856600E+03
   9.7000000000999999E+08   1.9549033608318228E-03   8.4884177431152075E+03
   9.8000000000999999E+08   1.9554698294141221E-03   8.4859587831800673E+03
   9.9000000000999999E+08   1.9560305471606615E-03   8.4835261894288924E+03
   1.0000000000100000E+09   1.9565856296628018E-03   8.4811194166954065E+03
   1.1000000000100000E+09   1.9618496435724058E-03   8.4583629680935646E+03
   1.2000000000100000E+09   1.9666553248905510E-03   8.4376942742032825E+03
   1.3000000000100000E+09   1.9710761324758749E-03   8.4187698794346288E+03
   1.4000000000100000E+09   1.9751691677877166E-03   8.4013241218961030E+03
   1.5000000000100000E+09   1.9789796975675246E-03   8.3851473537384245E+03
   1.6000000000100000E+09   1.9825442139831304E-03   8.3700712736294099E+03
   1.7000000000100000E+09   1.9858925654614099E-03   8.3559587576706981E+03
   1.8000000000100000E+09   1.9890494775612463E-03   8.3426966304056841E+03
   1.9000000000100000E+09   1.9920356621121191E-03   8.3301904126385180E+03
   2.0000000000100000E+09   1.9948686415339738E-03   8.3183604316925084E+03
   2.1000000000100000E+09   1.9975633718343358E-03   8.3071388913796090E+03
   2.2000000000100002E+09   2.0001327205474021E-03   8.2964676312174397E+03
   2.3000000000100002E+09   2.0025878383480460E-03   8.2862963893004453E+03
   2.4000000000100002E+09   2.0049384515201268E-03   8.2765814389857915E+03
   2.5000000000100002E+09   2.0071930946828401E-03   8.2672845069659070E+03
   2.6000000000100002E+09   2.0093592978461740E-03   8.2583719058843744E+03
   2.7000000000100002E+09   2.0114437381456010E-03   8.2498138324559077E+03
   2.8000000000100002E+09   2.0134523639689021E-03   8.2415837946373649E+03
   2.9000000000100002E+09   2.0153904972919205E-03   8.2336581404238023E+03
   3.0000000000100002E+09   2.0172629186585795E-03   8.2260156674048940E+03
   3.1000000000100002E+09   2.0190739382217292E-03   8.2186372970448811E+03
   3.2000000000100002E+09   2.0208274555016145E-03   8.2115058012418904E+03
   3.3000000000100002E+09   2.0225270099461044E-03   8.2046055714245267E+03
   3.4000000000100002E+09   2.0241758239410474E-03   8.1979224224958871E+03
   3.5000000000100002E+09   2.0257768395844839E-03   8.1914434255078522E+03
   3.6000000000100002E+09   2.0273327502792005E-03   8.1851567641646880E+03
   3.7000000000100002E+09   2.0288460279958617E-03   8.1790516112020323E+03
   3.8000000000100002E+09   2.0303189468996647E-03   8.1731180214319547E+03
   3.9000000000100002E+09   2.0317536039075319E-03   8.1673468388323399E+03
   4.0000000000100002E+09   2.0331519366422468E-03   8.1617296155276372E+03
   4.1000000000100002E+09   2.0345157391693331E-03   8.1562585408828199E+03
   4.2000000000100002E+09   2.0358466758373371E-03   8.1509263792349811E+03
   4.3000000000100002E+09   2.0371462934893813E-03   8.1457264150317114E+03
   4.4000000000100002E+09   2.0384160322707012E-03   8.1406524043452537E+03
   4.5000000000100002E+09   2.0396572352215400E-03   8.1356985318947536E+03
   4.6000000000100002E+09   2.0408711568156083E-03   8.1308593728436235E+03
   4.7000000000100002E+09   2.0420589705802098E-03   8.1261298587501315E+03
   4.8000000000100002E+09   2.0432217759140726E-03   8.1215052471417357E+03
   4.9000000000100002E+09   2.0443606042021461E-03   8.1169810942607965E+03
   5.0000000000100002E+09   2.0454764243126276E-03   8.1125532305935731E+03
   5.1000000000100002E+09   2.0465701475495916E-03   8.1082177388489918E+03
   5.2000000000100002E+09   2.0476426321247251E-03   8.1039709340988302E+03
   5.3000000000100002E+09   2.0486946872030672E-03   8.0998093458303538E+03
   5.4000000000100002E+09   2.0497270765706009E-03   8.0957297016946686E+03
   5.5000000000100002E+09   2.0507405219652971E-03   8.0917289127625700E+03
   5.6000000000100002E+09   2.0517357061080174E-03   8.0878040601233142E+03
   5.7000000000100002E+09   2.0527132754651596E-03   8.0839523826824116E+03
   5.8000000000100002E+09   2.0536738427710186E-03   8.0801712660322401E+03
   5.9000000000100002E+09   2.0546179893345452E-03   8.0764582322842962E+03
   6.0000000000100002E+09   2.0555462671522319E-03   8.0728109307653249E+03
   6.1000000000100002E+09   2.0564592008463375E-03   8.0692271294908778E+03
   6.2000000000100002E+09   2.0573572894455349E-03   8.0657047073396516E+03
   6.3000000000100002E+09   2.0582410080230689E-03   8.0622416468608280E+03
   6.4000000000100002E+09   2.0591108092059230E-03   8.0588360276539634E+03
   6.5000000000100002E+09   2.0599671245669737E-03   8.0554860202677437E+03
   6.6000000000100002E+09   2.0608103659108621E-03   8.0521898805696092E+03
   6.7000000000100002E+09   2.0616409264631740E-03   8.0489459445433677E+03
   6.8000000000100002E+09   2.0624591819715277E-03   8.0457526234763936E+03
   6.9000000000100002E+09   2.0632654917262716E-03   8.0426083995020299E+03
   7.0000000000100002E+09   2.0640601995077471E-03   8.0395118214661898E+03
   7.1000000000100002E+09   2.0648436344663616E-03   8.0364615010903535E+03
   7.2000000000100002E+09   2.0656161119411258E-03   8.0334561094057544E+03
   7.3000000000100002E+09   2.0663779342217016E-03   8.0304943734363460E+03
   7.4000000000100002E+09   2.0671293912586470E-03   8.0275750731097251E+03
   7.5000000000100002E+09   2.0678707613259548E-03   8.0246970383777816E+03
   7.6000000000100002E+09   2.0686023116397276E-03   8.0218591465300715E+03
   7.7000000000100002E+09   2.0693242989364095E-03   8.0190603196847360E+03
   7.8000000000100002E+09   2.0700369700137112E-03   8.0162995224430615E+03
   7.9000000000100002E+09   2.0707405622370761E-03   8.0135757596950816E+03
   8.0000000000100002E+09   2.0714353040142889E-03   8.0108880745647120E+03
   8.1000000000100002E+09   2.0721214152406037E-03   8.0082355464839329E+03
   8.2000000000100002E+09   2.0727991077165737E-03   8.0056172893863477E+03
   8.3000000000100002E+09   2.0734685855405299E-03   8.0030324500115439E+03
   8.4000000000100002E+09   2.0741300454775865E-03   8.0004802063119805E+03
   8.5000000000100002E+09   2.0747836773067851E-03   7.9979597659552737E+03
   8.6000000000100002E+09   2.0754296641479542E-03   7.9954703649149697E+03
   8.7000000000100002E+09   2.0760681827696635E-03   7.9930112661436988E+03
   8.8000000000100002E+09   2.0766994038795808E-03   7.9905817583229864E+03
   8.9000000000100002E+09   2.0773234923984339E-03   7.9881811546844219E+03
   9.0000000000100002E+09   2.0779406077186470E-03   7.9858087918974952E+03
   9.1000000000100002E+09   2.0785509039487060E-03   7.9834640290194693E+03
   9.2000000000100002E+09   2.0791545301441622E-03   7.9811462465032919E+03
   9.3000000000100002E+09   2.0797516305261421E-03   7.9788548452597606E+03
   9.4000000000100002E+09   2.0803423446881819E-03   7.9765892457703349E+03
   9.5000000000100002E+09   2.0809268077921135E-03   7.9743488872474345E+03
   9.6000000000100002E+09   2.0815051507536929E-03   7.9721332268391734E+03
   9.7000000000100002E+09   2.0820775004186123E-03   7.9699417388757538E+03
   9.8000000000100002E+09   2.0826439797294819E-03   7.9677739141549409E+03
   9.9000000000100002E+09   2.0832047078843396E-03   7.9656292592641848E+03
   1.0000000000010000E+10   2.0837598004871945E-03   7.9635072959371901E+03
   1.1000000000010000E+10   2.0890239008684265E-03   7.9434401718726649E+03
   1.2000000000010000E+10   2.0938296481359396E-03   7.9252084279795463E+03
   1.3000000000010000E+10   2.0982505071736202E-03   7.9085105984379579E+03
   1.4000000000010000E+10   2.1023435834048977E-03   7.8931134307196126E+03
   1.5000000000010000E+10   2.1061541462662767E-03   7.8788328022323431E+03
   1.6000000000010000E+10   2.1097186898099392E-03   7.8655208650852510E+03
   1.7000000000010000E+10   2.1130670638125318E-03   7.8530571311922140E+03
   1.8000000000010002E+10   2.1162239948204200E-03   7.8413421333352489E+03
   1.9000000000010002E+10   2.1192101953990744E-03   7.8302928186109102E+03
   2.0000000000010002E+10   2.1220431885260946E-03   7.8198391361139547E+03
   2.1000000000010002E+10   2.1247379306378292E-03   7.8099214660224006E+03
   2.2000000000010002E+10   2.1273072896025955E-03   7.8004886530804615E+03
   2.3000000000010002E+10   2.1297624163587603E-03   7.7914964818146718E+03
   2.4000000000010002E+10   2.1321130374002293E-03   7.7829064796649654E+03
   2.5000000000010002E+10   2.1343676875153136E-03   7.7746849669927542E+03
   2.6000000000010002E+10   2.1365338968514069E-03   7.7668022953508462E+03
   2.7000000000010002E+10   2.1386183426565495E-03   7.7592322310055624E+03
   2.8000000000010002E+10   2.1406269734114644E-03   7.7519514517351381E+03
   2.9000000000010002E+10   2.1425651111692773E-03   7.7449391328436295E+03
   3.0000000000010002E+10   2.1444375365385995E-03   7.7381766040830107E+03
   3.1000000000010002E+10   2.1462485597267614E-03   7.7316470634104844E+03
   3.2000000000010002E+10   2.1480020803001545E-03   7.7253353366592655E+03
   3.3000000000010002E+10   2.1497016377459485E-03   7.7192276745715899E+03
   3.4000000000010002E+10   2.1513504544836337E-03   7.7133115804432200E+03
   3.5000000000010002E+10   2.1529514726401737E-03   7.7075756630088181E+03
   3.6000000000010002E+10   2.1545073856433479E-03   7.7020095102646046E+03
   3.7000000000010002E+10   2.1560206654854912E-03   7.6966035807563849E+03
   3.8000000000010002E+10   2.1574935863506806E-03   7.6913491095139634E+03
   3.9000000000010002E+10   2.1589282451723378E-03   7.6862380263294790E+03
   4.0000000000010002E+10   2.1603265795877222E-03   7.6812628844881456E+03
   4.1000000000010002E+10   2.1616903836750977E-03   7.6764167983894231E+03
   4.2000000000010002E+10   2.1630213217942625E-03   7.6716933887620517E+03
   4.3000000000010002E+10   2.1643209407983034E-03   7.6670867343914970E+03
   4.4000000000010002E+10   2.1655906808413085E-03   7.6625913294537249E+03
   4.5000000000010002E+10   2.1668318849714053E-03   7.6582020456927967E+03
   4.6000000000010002E+10   2.1680458076693428E-03   7.6539140987980545E+03
   4.7000000000010002E+10   2.1692336224687324E-03   7.6497230184341679E+03
   4.8000000000010002E+10   2.1703964287739580E-03   7.6456246214587882E+03
   4.9000000000010002E+10   2.1715352579750632E-03   7.6416149879298673E+03
   5.0000000000010002E+10   2.1726510789448266E-03   7.6376904395617375E+03
   5.1000000000010002E+10   2.1737448029914737E-03   7.6338475203363068E+03
   5.2000000000010002E+10   2.1748172883304423E-03   7.6300829790162561E+03
   5.3000000000010002E+10   2.1758693441301779E-03   7.6263937533409226E+03
   5.4000000000010002E+10   2.1769017341797541E-03   7.6227769557145157E+03
   5.5000000000010002E+10   2.1779151802199608E-03   7.6192298602209403E+03
   5.6000000000010002E+10   2.1789103649742280E-03   7.6157498908206217E+03
   5.7000000000010002E+10   2.1798879349112991E-03   7.6123346106026393E+03
   5.8000000000010002E+10   2.1808485027676140E-03   7.6089817119812187E+03
   5.9000000000010002E+10   2.1817926498540956E-03   7.6056890077387052E+03
   6.0000000000010002E+10   2.1827209281690407E-03   7.6024544228291161E+03
   6.1000000000010002E+10   2.1836338623363650E-03   7.5992759868660924E+03
   6.2000000000010002E+10   2.1845319513862723E-03   7.5961518272278254E+03
   6.3000000000010002E+10   2.1854156703934174E-03   7.5930801627194096E+03
   6.4000000000010002E+10   2.1862854719860796E-03   7.5900592977393453E+03
   6.5000000000010002E+10   2.1871417877383365E-03   7.5870876169028970E+03
   6.6000000000010002E+10   2.1879850294559420E-03   7.5841635800801714E+03
   6.7000000000010002E+10   2.1888155903655128E-03   7.5812857178111290E+03
   6.8000000000010002E+10   2.1896338462156196E-03   7.5784526270637189E+03
   6.9000000000010010E+10   2.1904401562974972E-03   7.5756629673048501E+03
   7.0000000000010010E+10   2.1912348643923101E-03   7.5729154568569629E+03
   7.1000000000010010E+10   2.1920182996512361E-03   7.5702088695156481E+03
   7.2000000000010010E+10   2.1927907774139930E-03   7.5675420314062585E+03
   7.3000000000010010E+10   2.1935525999709142E-03   7.5649138180595401E+03
   7.4000000000010010E+10   2.1943040572731769E-03   7.5623231516882461E+03
   7.5000000000010010E+10   2.1950454275953542E-03   7.5597689986484538E+03
   7.6000000000010010E+10   2.1957769781540911E-03   7.5572503670706992E+03
   7.7000000000010010E+10   2.1964989656863398E-03   7.5547663046475691E+03
   7.8000000000010010E+10   2.1972116369902870E-03   7.5523158965654757E+03
   7.9000000000010010E+10   2.1979152294318203E-03   7.5498982635695629E+03
   8.0000000000010010E+10   2.1986099714191450E-03   7.5475125601515310E+03
   8.1000000000010010E+10   2.1992960828479090E-03   7.5451579728512388E+03
   8.2000000000010010E+10   2.1999737755190275E-03   7.5428337186635135E+03
   8.3000000000010010E+10   2.2006432535311865E-03   7.5405390435425406E+03
   8.4000000000010010E+10   2.2013047136498244E-03   7.5382732209967526E+03
   8.5000000000010010E+10   2.2019583456542899E-03   7.5360355507677168E+03
   8.6000000000010010E+10   2.2026043326647017E-03   7.5338253575870340E+03
   8.7000000000010010E+10   2.2032428514499000E-03   7.5316419900059000E+03
   8.8000000000010010E+10   2.2038740727178185E-03   7.5294848192921581E+03
   8.9000000000010010E+10   2.2044981613894197E-03   7.5273532383904303E+03
   9.0000000000010010E+10   2.2051152768573653E-03   7.5252466609407820E+03
   9.1000000000010010E+10   2.2057255732303572E-03   7.5231645203523149E+03
   9.2000000000010010E+10   2.2063291995641503E-03   7.5211062689278060E+03
   9.3000000000010010E+10   2.2069263000800681E-03   7.5190713770361781E+03
   9.4000000000010010E+10   2.2075170143718314E-03   7.5170593323297117E+03
   9.5000000000010010E+10   2.2081014776014498E-03   7.5150696390030353E+03
   9.6000000000010010E+10   2.2086798206848416E-03   7.5131018170914031E+03
   9.7000000000010010E+10   2.2092521704678591E-03   7.5111554018055949E+03
   9.8000000000010010E+10   2.2098186498932630E-03   7.5092299429013810E+03
   9.9000000000010010E+10   2.2103793781592324E-03   7.5073250040812627E+03
   1.0000000000001001E+11   2.2109344708699124E-03   7.5054401624265793E+03
