   1.0000000000000000E+00   7.1427281487173769E-02   2.3905779689793135E+02   1.2270889437618979E-03
   2.0000000000000000E+00   1.2596632185684342E-01   1.3555407746316206E+02   4.3695587571949265E-03
   3.0000000000000000E+00   1.7162962194415110E-01   9.9488936451124417E+01   8.8697464648519412E-03
   4.0000000000000000E+00   2.1420352855398767E-01   7.9715066628459056E+01   1.4734940213941089E-02
   5.0000000000000000E+00   2.5320481006981577E-01   6.7436509385520864E+01   2.1678134365302099E-02
   6.0000000000000000E+00   2.9224462951640717E-01   5.8427929296724756E+01   3.0035305315776955E-02
   7.0000000000000000E+00   3.3083225280123030E-01   5.1613010539789364E+01   3.9686257872693823E-02
   7.5789999999999997E+00   3.5547160678212031E-01   4.8035478009916318E+01   4.6375504879636466E-02
   7.5810000000000004E+00   3.5543161004490964E-01   4.8040883444707298E+01   4.6371699799877188E-02
   8.0000000000000000E+00   3.7369027003214661E-01   4.5693586159637675E+01   5.1609813746406476E-02
   9.0000000000000000E+00   4.2780167248885592E-01   3.9913935939969853E+01   6.7759531385716665E-02
   9.9990000000000006E+00   5.4183867725163448E-01   3.1513528412816250E+01   1.0216034074709968E-01
   1.0000999999999999E+01   5.4187155961404432E-01   3.1511616079083844E+01   1.0217426471887980E-01
   1.0999000000000001E+01   6.8857594753969376E-01   2.4797916063932561E+01   1.4891333531191281E-01
   1.1000999999999999E+01   6.8859064415746107E-01   2.4797386801014298E+01   1.4892142848256465E-01
   1.2000000000000000E+01   8.0478765297388166E-01   2.1217085634496325E+01   1.8951038878528562E-01
   1.3000000000000000E+01   8.8706041799345159E-01   1.9249250901485055E+01   2.2148220535566379E-01
   1.4000000000000000E+01   9.5276187980843041E-01   1.7921842710757318E+01   2.4981953546367683E-01
   1.5000000000000000E+01   1.0129392809355349E+00   1.6857129417433317E+01   2.7833615510564047E-01
   1.6000000000000000E+01   1.0694258183636600E+00   1.5966744263626607E+01   3.0759571515194467E-01
   1.7000000000000000E+01   1.1192896382569824E+00   1.5255433416968506E+01   3.3586829754055952E-01
   1.8000000000000000E+01   1.1699318928650919E+00   1.4595079127996003E+01   3.6640935830464921E-01
   1.9000000000000000E+01   1.2222293297825617E+00   1.3970576662376361E+01   3.9966955873711529E-01
   2.0000000000000000E+01   1.2873912669833734E+00   1.3263449107234534E+01   4.4220376502633013E-01
   2.1000000000000000E+01   1.3411245618426664E+00   1.2732037751416065E+01   4.8025005040057012E-01
   2.2000000000000000E+01   1.3930775049975159E+00   1.2257213607625232E+01   5.1900488905201314E-01
   2.3000000000000000E+01   1.4416688185979178E+00   1.1844085361670331E+01   5.5734803025111124E-01
   2.4000000000000000E+01   1.4956017384252054E+00   1.1416975597201132E+01   6.0120550367792813E-01
   2.5000000000000000E+01   1.5346596785373077E+00   1.1126407235125034E+01   6.3650552004032657E-01
   2.6000000000000000E+01   1.5639551502526727E+00   1.0917991189180508E+01   6.6599103880583910E-01
   2.7000000000000000E+01   1.6040092570708293E+00   1.0645355365288989E+01   7.0506750975205190E-01
   2.8000000000000000E+01   1.6246708117498172E+00   1.0509974345105409E+01   7.3026475284153425E-01
   2.9000000000000000E+01   1.6456044126033229E+00   1.0376277810120451E+01   7.5660263901347824E-01
   3.0000000000000000E+01   1.6669627275545005E+00   1.0243329540896344E+01   7.8430911801660275E-01
   3.1000000000000000E+01   1.6889441864277150E+00   1.0110013514921418E+01   8.1367364778944518E-01
   3.2000000000000000E+01   1.7006450186018667E+00   1.0040454277030754E+01   8.3469300626528597E-01
   3.3000000000000000E+01   1.7243062423623579E+00   9.9026774544053673E+00   8.6779066554309081E-01
   3.4000000000000000E+01   1.7362761409771770E+00   9.8344083338737818E+00   8.9070382380639801E-01
   3.5000000000000000E+01   1.7474180039010834E+00   9.7717023131339680E+00   9.1346994301878126E-01
   3.6000000000000000E+01   1.7579886249925023E+00   9.7129459815503552E+00   9.3628700189266068E-01
   3.7000000000000000E+01   1.7682047300193411E+00   9.6568277761282673E+00   9.5933222203495039E-01
   3.8000000000000000E+01   1.7782458578079954E+00   9.6022990722893873E+00   9.8276076581081107E-01
   3.9000000000000000E+01   1.7882504143975262E+00   9.5485779917936870E+00   1.0066975808340872E+00
   4.0000000000000000E+01   1.7983181405788895E+00   9.4951211164647056E+00   1.0312360670153160E+00
   4.1000000000000000E+01   1.8180541722239081E+00   9.3920460740975127E+00   1.0677999303094134E+00
   4.2000000000000000E+01   1.8283001333858899E+00   9.3394121889112025E+00   1.0938295992209037E+00
   4.3000000000000000E+01   1.8386845791497082E+00   9.2866654478760751E+00   1.1205143075397441E+00
   4.4000000000000000E+01   1.8491723995023166E+00   9.2339949240686074E+00   1.1478048824721598E+00
   4.5000000000000000E+01   1.8597198725147484E+00   9.1816239655721290E+00   1.1756392978012531E+00
   4.6000000000000000E+01   1.8702824636149207E+00   9.1297699053055137E+00   1.2039526302328327E+00
   4.7000000000000000E+01   1.8808233383101871E+00   9.0786030792627752E+00   1.2326877499461779E+00
   4.8000000000000000E+01   1.8913178193734890E+00   9.0282280301194646E+00   1.2618024287761116E+00
   4.9000000000000000E+01   1.9104270619499328E+00   8.9379222535215810E+00   1.3036315310930320E+00
   5.0000000000000000E+01   1.9207164438069477E+00   8.8900413206689866E+00   1.3335595850504653E+00
   5.1000000000000000E+01   1.9309873616380426E+00   8.8427552090487787E+00   1.3638765314452386E+00
   5.2000000000000000E+01   1.9416848873449550E+00   8.7940369016729196E+00   1.3952477810553052E+00
   5.3000000000000000E+01   1.9539362647173484E+00   8.7388974036992053E+00   1.4294383313387753E+00
   5.4000000000000000E+01   1.9582737233743068E+00   8.7195412709259816E+00   1.4517080071358772E+00
   5.5000000000000000E+01   1.9735562316174728E+00   8.6520202856027826E+00   1.4914994395446011E+00
   5.6000000000000000E+01   1.9903967577514265E+00   8.5788165019029954E+00   1.5345079741529690E+00
   5.7000000000000000E+01   1.9973522558349828E+00   8.5489419809896976E+00   1.5618532978134221E+00
   5.8000000000000000E+01   2.0148270142246094E+00   8.4747963126270847E+00   1.6071170363717775E+00
   5.9000000000000000E+01   2.0223900020553014E+00   8.4431037205380939E+00   1.6361009258130392E+00
   6.0000000000000000E+01   2.0405137073846915E+00   8.3681126418980813E+00   1.6836962013706041E+00
   6.1000000000000000E+01   2.0487158875408844E+00   8.3346103061796075E+00   1.7144208013199727E+00
   6.2000000000000000E+01   2.0674674343590076E+00   8.2590169339359516E+00   1.7643624577680421E+00
   6.2999000000000002E+01   2.0762354011214628E+00   8.2241390073154008E+00   1.7967316618343014E+00
   6.3000999999999998E+01   2.0762121277086778E+00   8.2242311962489705E+00   1.7967218525726043E+00
   6.4000000000000000E+01   2.0954301268462467E+00   8.1488035950076458E+00   1.8487499306286157E+00
   6.5000000000000000E+01   2.1047199166154025E+00   8.1128364947440801E+00   1.8830642304854894E+00
   6.6000000000000000E+01   2.1241634212872889E+00   8.0385757421546167E+00   1.9369001463308653E+00
   6.7000000000000000E+01   2.1337068304321973E+00   8.0026216850388234E+00   1.9725851293996126E+00
   6.8000000000000000E+01   2.1533119269811207E+00   7.9297608194977824E+00   2.0285075062154707E+00
   6.8998999999999995E+01   2.1626573492313539E+00   7.8954941968967036E+00   2.0642283480463157E+00
   6.9001000000000005E+01   2.1626365489642629E+00   7.8955701358648973E+00   2.0642210114162767E+00
   7.0000000000000000E+01   2.1819930337365347E+00   7.8255284442827726E+00   2.1210692280511503E+00
   7.1000000000000000E+01   2.1911930345210564E+00   7.7926719744545050E+00   2.1573648694450553E+00
   7.2000000000000000E+01   2.2101499616968812E+00   7.7258325664120715E+00   2.2148617543277003E+00
   7.3000000000000000E+01   2.2196395751262221E+00   7.6928023549774549E+00   2.2532014923642834E+00
   7.4000000000000000E+01   2.2294053031042038E+00   7.6591046621073069E+00   2.2917105357285119E+00
   7.5000000000000000E+01   2.2504293179611330E+00   7.5875515904681556E+00   2.3558999065000243E+00
   7.6000000000000000E+01   2.2608044824371234E+00   7.5527311996149349E+00   2.3966362077897703E+00
   7.7000000000000000E+01   2.2715924048402618E+00   7.5168628466746803E+00   2.4395740384737206E+00
   7.8000000000000000E+01   2.2822198370422888E+00   7.4818596673234339E+00   2.4823575057384666E+00
   7.9000000000000000E+01   2.3022322047026780E+00   7.4168229059836923E+00   2.5465199410077619E+00
   8.0000000000000000E+01   2.3127134339697255E+00   7.3832098261403880E+00   2.5899818971416337E+00
   8.1000000000000000E+01   2.3228263851079061E+00   7.3510653487513808E+00   2.6323311770970270E+00
   8.2000000000000000E+01   2.3429508192982951E+00   7.2879244455699377E+00   2.6998233092972321E+00
   8.3000000000000000E+01   2.3533775501468326E+00   7.2556350126084936E+00   2.7445304606311196E+00
   8.4000000000000000E+01   2.3634261640119316E+00   7.2247861222568552E+00   2.7880006579075971E+00
   8.5000000000000000E+01   2.3738641060227881E+00   7.1930185503922202E+00   2.8334464428812116E+00
   8.6000000000000000E+01   2.3931505100088759E+00   7.1350500017940064E+00   2.9006840044804014E+00
   8.7000000000000000E+01   2.4035039904196611E+00   7.1043146251447462E+00   2.9468516230522797E+00
   8.8000000000000000E+01   2.4139791031828959E+00   7.0734864805656308E+00   2.9940086440803766E+00
   8.9000000000000000E+01   2.4236220442099099E+00   7.0453429780956691E+00   3.0379427887056667E+00
   9.0000000000000000E+01   2.4429020240438928E+00   6.9897394093875294E+00   3.1088678582263229E+00
   9.1000000000000000E+01   2.4528627161453866E+00   6.9613551701603145E+00   3.1555974603200152E+00
   9.2000000000000000E+01   2.4622395731281577E+00   6.9348444956714221E+00   3.2003084830235693E+00
   9.3000000000000000E+01   2.4807082700356040E+00   6.8832150708664699E+00   3.2711163573231876E+00
   9.4000000000000000E+01   2.4895919588358675E+00   6.8586534793904708E+00   3.3148959687322122E+00
   9.5000000000000000E+01   2.4998116890696855E+00   6.8306139319985251E+00   3.3642432110190663E+00
   9.6000000000000000E+01   2.5102956449030440E+00   6.8020866727001232E+00   3.4142872055956883E+00
   9.7000000000000000E+01   2.5207543386907840E+00   6.7738645883281956E+00   3.4637995425976054E+00
   9.8000000000000000E+01   2.5321264798108691E+00   6.7434421964607196E+00   3.5171280656306712E+00
   9.9000000000000000E+01   2.5434327234568683E+00   6.7134657792420747E+00   3.5698609511871262E+00
   1.0000000000000000E+02   2.5556374529443127E+00   6.6814048804379569E+00   3.6265073642708332E+00
   1.0099900000000000E+02   2.5582763119135237E+00   6.6745130192603472E+00   3.6559314161085616E+00
   1.0100100000000000E+02   2.5582594686059994E+00   6.6745569635422735E+00   3.6559218641256894E+00
   1.1000000000000000E+02   2.6265530887767286E+00   6.5010102494005393E+00   4.0558346622919963E+00
   1.2000000000000000E+02   2.6869554905867239E+00   6.3548684042412651E+00   4.4766136784083477E+00
   1.3000000000000000E+02   2.7159878588147941E+00   6.2869384689309609E+00   4.8094949975994705E+00
   1.4000000000000000E+02   2.7379629970552890E+00   6.2364789330961692E+00   5.1297220952629221E+00
   1.5000000000000000E+02   2.7322309753527705E+00   6.2495626119338237E+00   5.3475235828004646E+00
   1.6000000000000000E+02   2.7155361797609561E+00   6.2879841844844302E+00   5.5231179905858196E+00
   1.7000000000000000E+02   2.6945430399596395E+00   6.3369737642000787E+00   5.6796041270858932E+00
   1.8000000000000000E+02   2.6577185249142681E+00   6.4247768868913484E+00   5.7547196732456314E+00
   1.9000000000000000E+02   2.6213531910855132E+00   6.5139061034584307E+00   5.8282682592739743E+00
   2.0000000000000000E+02   2.5792394701941292E+00   6.6202649067893526E+00   5.8647694395346974E+00
   2.1000000000000000E+02   2.5318813298400848E+00   6.7440951317456257E+00   5.8613711458328375E+00
   2.2000000000000000E+02   2.4903944818435533E+00   6.8564432965222197E+00   5.8829511422501035E+00
   2.3000000000000000E+02   2.4454238574736107E+00   6.9825312689853094E+00   5.8748961047281947E+00
   2.4000000000000000E+02   2.3972841671224092E+00   7.1227469754778836E+00   5.8345994053711117E+00
   2.5000000000000000E+02   2.3546886920657188E+00   7.2515949170981084E+00   5.8203634952438064E+00
   2.6000000000000000E+02   2.3096077466318383E+00   7.3931378934944441E+00   5.7777320145264968E+00
   2.7000000000000000E+02   2.2664405737479094E+00   7.5339493779426991E+00   5.7380023931269948E+00
   2.8000000000000000E+02   2.2245636556980792E+00   7.6757743061184112E+00   5.6962847432682802E+00
   2.9000000000000000E+02   2.1809082694647266E+00   7.8294207921560313E+00   5.6277884127879672E+00
   3.0000000000000000E+02   2.1422569015950348E+00   7.9706820120493678E+00   5.5893707094643261E+00
   3.1000000000000000E+02   2.1017154343513993E+00   8.1244341035168119E+00   5.5222826341357347E+00
   3.2000000000000000E+02   2.0659172142775932E+00   8.2652143235579789E+00   5.4869428598166818E+00
   3.3000000000000000E+02   2.0287120172603181E+00   8.4167927263483620E+00   5.4274811960347673E+00
   3.4000000000000000E+02   1.9929507900969259E+00   8.5678224648495789E+00   5.3703181632229704E+00
   3.5000000000000000E+02   1.9581883523833090E+00   8.7199214161139764E+00   5.3110333700451289E+00
   3.6000000000000000E+02   1.9250777932714036E+00   8.8699005361830778E+00   5.2581901118174699E+00
   3.7000000000000000E+02   1.8928413175202139E+00   9.0209614470494621E+00   5.2031851118399839E+00
   3.7299900000000002E+02   1.8824007686261255E+00   9.0709953137102506E+00   5.1767404864119619E+00
   3.7300099999999998E+02   1.8823936070865823E+00   9.0710298241821263E+00   5.1767199512718065E+00
   3.7899900000000002E+02   1.8635748353960815E+00   9.1626309963039443E+00   5.1423594839279430E+00
   3.7900099999999998E+02   1.8635678373455760E+00   9.1626654037202933E+00   5.1423392955189620E+00
   3.8000000000000000E+02   1.8620789329951528E+00   9.1699918022629863E+00   5.1541866122138984E+00
   3.9000000000000000E+02   1.8301947069036728E+00   9.3297442541618931E+00   5.0816569181343461E+00
   4.0000000000000000E+02   1.8017081496598606E+00   9.4772555443875550E+00   5.0386951686920529E+00
   4.1000000000000000E+02   1.7738391979922843E+00   9.6261535826126394E+00   4.9920225405777945E+00
   4.2000000000000000E+02   1.7454672294683431E+00   9.7826233930115993E+00   4.9311310712866607E+00
   4.3000000000000000E+02   1.7196393022678649E+00   9.9295523940475618E+00   4.8904237411127092E+00
   4.4000000000000000E+02   1.6931323602951727E+00   1.0085005136725011E+01   4.8333642890688067E+00
   4.5000000000000000E+02   1.6688946776738893E+00   1.0231471631590134E+01   4.7946941300397388E+00
   4.6000000000000000E+02   1.6441382735388645E+00   1.0385530721804299E+01   4.7421068947735803E+00
   4.7000000000000000E+02   1.6201782106017295E+00   1.0539117511270851E+01   4.6897573600750304E+00
   4.8000000000000000E+02   1.5983152305154005E+00   1.0683279633909256E+01   4.6590625508345571E+00
   4.9000000000000000E+02   1.5756859078599255E+00   1.0836708296721090E+01   4.6078014645788938E+00
   5.0000000000000000E+02   1.5547922393536555E+00   1.0982334564411337E+01   4.7385867114142890E+00
   5.1000000000000000E+02   1.5338503626252185E+00   1.1132277937143423E+01   4.6737178496616636E+00
   5.2000000000000000E+02   1.5136056282288639E+00   1.1281174060321545E+01   4.6292207290195515E+00
   5.3000000000000000E+02   1.4936753389544064E+00   1.1431700119441667E+01   4.5799158936057784E+00
   5.4000000000000000E+02   1.4744965198989386E+00   1.1580392574885487E+01   4.5369719337532946E+00
   5.5000000000000000E+02   1.4556548254307982E+00   1.1730286777072148E+01   4.4901168217646790E+00
   5.6000000000000000E+02   1.4375277917799230E+00   1.1878204128206711E+01   4.4498399513987259E+00
   5.7000000000000000E+02   1.4196893944582709E+00   1.2027453763749346E+01   4.4052730245259459E+00
   5.7699900000000002E+02   1.4075461853263262E+00   1.2131217240856238E+01   4.3766073696145442E+00
   5.7700099999999998E+02   1.4075427178295778E+00   1.2131247126241457E+01   4.3765984650519343E+00
   5.8000000000000000E+02   1.4024810862756021E+00   1.2175029465870956E+01   4.3592395225406380E+00
   5.9000000000000000E+02   1.3854972565463914E+00   1.2324274530355533E+01   4.3163741479355346E+00
   6.0000000000000000E+02   1.3691675060486923E+00   1.2471263359156067E+01   4.2805091572501768E+00
   6.0799900000000002E+02   1.3562491317644012E+00   1.2590053074185754E+01   4.2480577424462203E+00
   6.0800099999999998E+02   1.3562459289383462E+00   1.2590082806072250E+01   4.2480495595674226E+00
   6.1000000000000000E+02   1.3530677725299896E+00   1.2619655051575549E+01   4.2401979730107895E+00
   6.2000000000000000E+02   1.3375595801724409E+00   1.2765972300486819E+01   4.2062970853706725E+00
   6.3000000000000000E+02   1.3222461096027887E+00   1.2913820223575224E+01   4.1676513509500666E+00
   6.4000000000000000E+02   1.3075293709858715E+00   1.3059170164458710E+01   4.1362550008687133E+00
   6.5000000000000000E+02   1.2929588446147124E+00   1.3206335701907351E+01   4.0994574553789231E+00
   6.6000000000000000E+02   1.2789614063025398E+00   1.3350870844567915E+01   4.0700746066196025E+00
   6.7000000000000000E+02   1.2650713954034822E+00   1.3497458414421086E+01   4.0346637274669268E+00
   6.8000000000000000E+02   1.2517484337810740E+00   1.3641118366854336E+01   4.0073841461689019E+00
   6.9000000000000000E+02   1.2385026823248395E+00   1.3787009745251074E+01   3.9736723454168827E+00
   7.0000000000000000E+02   1.2258020503122053E+00   1.3929858043868650E+01   3.9481797675625785E+00
   7.1000000000000000E+02   1.2131537966370505E+00   1.4075089735585030E+01   3.9159578614926849E+00
   7.2000000000000000E+02   1.2010107717839940E+00   1.4217398338041885E+01   3.8914583496947648E+00
   7.2399900000000002E+02   1.1961602430810105E+00   1.4275051064020131E+01   3.8795849116322483E+00
   7.2400099999999998E+02   1.1961578164709858E+00   1.4275080023394503E+01   3.8795786449659251E+00
   7.3000000000000000E+02   1.1889276178898842E+00   1.4361890744061787E+01   3.8609031684865203E+00
   7.4000000000000000E+02   1.1772033565058444E+00   1.4504926830496498E+01   3.8339762322824855E+00
   7.5000000000000000E+02   1.1658819427467055E+00   1.4645778380017203E+01   3.8124918339032536E+00
   7.6000000000000000E+02   1.1545605782414647E+00   1.4789391628752668E+01   3.7836265882092461E+00
   7.7000000000000000E+02   1.1437189053881349E+00   1.4929584944595687E+01   3.7633422509745018E+00
   7.8000000000000000E+02   1.1328635808404535E+00   1.5072643202162352E+01   3.7354278295078203E+00
   7.9000000000000000E+02   1.1224832240236811E+00   1.5212030064488447E+01   3.7164795332108644E+00
   8.0000000000000000E+02   1.1120833113754125E+00   1.5354288996220687E+01   3.6901965574234774E+00
   8.1000000000000000E+02   1.1021217023527949E+00   1.5493069879923551E+01   3.6721959440888305E+00
   8.2000000000000000E+02   1.0921392081178050E+00   1.5634681388428202E+01   3.6470577050081525E+00
   8.3000000000000000E+02   1.0825847692746078E+00   1.5772666524925832E+01   3.6302652918188443E+00
   8.4000000000000000E+02   1.0729748431627997E+00   1.5913931868523195E+01   3.6055176843939449E+00
   8.5000000000000000E+02   1.0638137707800990E+00   1.6050975292612360E+01   3.5904194789714996E+00
   8.6000000000000000E+02   1.0545719900892410E+00   1.6191638609031518E+01   3.5664975407015951E+00
   8.7000000000000000E+02   1.0457670133325851E+00   1.6327966299412928E+01   3.5525563984966562E+00
   8.8000000000000000E+02   1.0368711812626841E+00   1.6468052019671539E+01   3.5294940514689110E+00
   8.9000000000000000E+02   1.0284075844125251E+00   1.6603580924081129E+01   3.5166569536118244E+00
   9.0000000000000000E+02   1.0198327395819862E+00   1.6743185316575580E+01   3.4942946432237827E+00
   9.1000000000000000E+02   1.0116640672523025E+00   1.6878378014461692E+01   3.4814515337159198E+00
   9.2000000000000000E+02   1.0034236660401465E+00   1.7016988066583021E+01   3.4608721802145750E+00
   9.3000000000000000E+02   9.9554877338539072E-01   1.7151594183243589E+01   3.4487797413418901E+00
   9.4000000000000000E+02   9.8759963819042906E-01   1.7289646421923567E+01   3.4289340349256623E+00
   9.5000000000000000E+02   9.8000400708293756E-01   1.7423651768075967E+01   3.4174960749551304E+00
   9.6000000000000000E+02   9.7231047083755784E-01   1.7561518735906823E+01   3.3974615540557984E+00
   9.7000000000000000E+02   9.6501058866391232E-01   1.7694363928558939E+01   3.3879652583661035E+00
   9.8000000000000000E+02   9.5756841268005888E-01   1.7831883680187048E+01   3.3682156736313864E+00
   9.9000000000000000E+02   9.5052350164608779E-01   1.7964046676554300E+01   3.3595574038723113E+00
   1.0000000000000000E+03   9.4332874638567255E-01   1.8101058211313191E+01   3.3404001894102695E+00
   1.1000000000000000E+03   8.7873685817681724E-01   1.9431583405024668E+01   3.2098904427994328E+00
   1.2000000000000000E+03   8.2345561165535930E-01   2.0736088635556786E+01   3.1107856793120758E+00
   1.3000000000000000E+03   7.7538562486144802E-01   2.2021621246567857E+01   3.0230598912838893E+00
   1.4000000000000000E+03   7.3316966974152376E-01   2.3289627565679272E+01   2.9448809309501582E+00
   1.5000000000000000E+03   6.9575174214710234E-01   2.4542157089018037E+01   2.8737828883260903E+00
   1.6000000000000000E+03   6.6232739975479082E-01   2.5780676682036432E+01   2.8084835910135535E+00
   1.7000000000000000E+03   6.3220459990487543E-01   2.7009054589766325E+01   2.7442277417166174E+00
   1.8000000000000000E+03   6.0500189018509920E-01   2.8223463145723429E+01   2.6873797022321089E+00
   1.9000000000000000E+03   5.8021858543526350E-01   2.9428992761275978E+01   2.6315215797382905E+00
   2.0000000000000000E+03   5.5755059583609423E-01   3.0625469111240701E+01   2.5777669634585987E+00
   2.1000000000000000E+03   5.3674053132087063E-01   3.1812854730220376E+01   2.5266617517709813E+00
   2.2000000000000000E+03   5.1759066942666365E-01   3.2989869329844083E+01   2.4801318808890001E+00
   2.3000000000000000E+03   4.9984099737294679E-01   3.4161360593620508E+01   2.4328977654467590E+00
   2.4000000000000000E+03   4.8338292827954060E-01   3.5324475797079728E+01   2.3886429711425583E+00
   2.5000000000000000E+03   4.6807765783403449E-01   3.6479520577302367E+01   2.3472589462307223E+00
   2.6000000000000000E+03   4.5372586619210242E-01   3.7633403389664124E+01   2.3016955402725263E+00
   2.7000000000000000E+03   4.4037323917042343E-01   3.8774491799044299E+01   2.2643645548866762E+00
   2.8000000000000000E+03   4.2779002783148373E-01   3.9915022417162298E+01   2.2229384870937228E+00
   2.9000000000000000E+03   4.1597747493203324E-01   4.1048493199113942E+01   2.1842637475396351E+00
   3.0000000000000000E+03   4.0489118133238433E-01   4.2172438763774167E+01   2.1506342849682190E+00
   3.1000000000000000E+03   3.9440086810312536E-01   4.3294145453725100E+01   2.1152820124268721E+00
   3.2000000000000000E+03   3.8448840181524097E-01   4.4410308529767732E+01   2.0814524728985035E+00
   3.3000000000000000E+03   3.7510761273587717E-01   4.5520933116212909E+01   2.0492377981604939E+00
   3.3569989999999998E+03   3.6997350571883786E-01   4.6152625219894887E+01   2.0306363963197032E+00
   3.3570010000000002E+03   3.6997332617439010E-01   4.6152647617313889E+01   2.0306355227320152E+00
   3.4000000000000000E+03   3.6618683655580725E-01   4.6629880831693612E+01   2.0153907148491284E+00
   3.5000000000000000E+03   3.5773722533591107E-01   4.7731260102156540E+01   1.9850582636122507E+00
   3.5299989999999998E+03   3.5529142962422905E-01   4.8059838000572228E+01   1.9769658760530522E+00
   3.5300010000000002E+03   3.5529126535202660E-01   4.8059860221482815E+01   1.9769650609827343E+00
   3.6000000000000000E+03   3.4969540489581963E-01   4.8828918858167931E+01   1.9550758271615822E+00
   3.7000000000000000E+03   3.4205815880125862E-01   4.9919138343527010E+01   1.9285737127379998E+00
   3.8000000000000000E+03   3.3473576995564619E-01   5.1011126038291920E+01   1.8981023809793867E+00
   3.8119989999999998E+03   3.3389192305545357E-01   5.1140046738705514E+01   1.8959473677017471E+00
   3.8120010000000002E+03   3.3389177972497264E-01   5.1140068691709267E+01   1.8959466365324413E+00
   3.9000000000000000E+03   3.2778353826249212E-01   5.2093063127099867E+01   1.8731616242897817E+00
   4.0000000000000000E+03   3.2112443206671759E-01   5.3173308679249182E+01   1.8471961527843150E+00
   4.1000000000000000E+03   3.1475502418204854E-01   5.4249328013446245E+01   1.8222268183010255E+00
   4.2000000000000000E+03   3.0863972615412483E-01   5.5324208466298742E+01   1.7960419974812163E+00
   4.3000000000000000E+03   3.0281299470504275E-01   5.6388757580778304E+01   1.7754337304875092E+00
   4.4000000000000000E+03   2.9718820162919352E-01   5.7456010895201089E+01   1.7507905628307112E+00
   4.5000000000000000E+03   2.9179262106419801E-01   5.8518438500798801E+01   1.7278235247830831E+00
   4.6000000000000000E+03   2.8663133583095268E-01   5.9572162622172868E+01   1.7091082194611364E+00
   4.7000000000000000E+03   2.8164022839801101E-01   6.0627874958976371E+01   1.6872359822465826E+00
   4.8000000000000000E+03   2.7683381722846218E-01   6.1680501037344342E+01   1.6656805971582835E+00
   4.9000000000000000E+03   2.7221469681485588E-01   6.2727136890576183E+01   1.6070191351368499E+00
   5.0000000000000000E+03   2.6775208425456903E-01   6.3772607403861059E+01   1.5870935001092183E+00
   5.1000000000000000E+03   2.6345994378399579E-01   6.4811554673114671E+01   1.5697911773716515E+00
   5.2000000000000000E+03   2.5929608716415148E-01   6.5852318627247158E+01   1.5043723150473993E+00
   5.3000000000000000E+03   2.5528115971766618E-01   6.6888009164549800E+01   1.4861547606944479E+00
   5.4000000000000000E+03   2.5139953292421291E-01   6.7920764816534771E+01   1.4684040934812859E+00
   5.5000000000000000E+03   2.4764345726560708E-01   6.8950937526357905E+01   1.4507586839195241E+00
   5.6000000000000000E+03   2.4400989411794383E-01   6.9977689275496033E+01   1.4340234547255657E+00
   5.7000000000000000E+03   2.4049162100848995E-01   7.1001428154244749E+01   1.4178450352003646E+00
   5.8000000000000000E+03   2.3708292531123301E-01   7.2022261950397535E+01   1.4021472152551242E+00
   5.9000000000000000E+03   2.3377661934216334E-01   7.3040873799874106E+01   1.3863611539624301E+00
   6.0000000000000000E+03   2.3057192705047649E-01   7.4056060376309674E+01   1.3715569783831103E+00
   6.1000000000000000E+03   2.2746227243187792E-01   7.5068486602963915E+01   1.3571739728646133E+00
   6.2000000000000000E+03   2.2444287909810312E-01   7.6078370672070335E+01   1.3293629810968994E+00
   6.3000000000000000E+03   2.2150903104128525E-01   7.7086015276504199E+01   1.3153238351802798E+00
   6.4000000000000000E+03   2.1865861412844087E-01   7.8090902655690002E+01   1.3018152245396410E+00
   6.5000000000000000E+03   2.1588858176763209E-01   7.9092874717713428E+01   1.2832023017730469E+00
   6.6000000000000000E+03   2.1319381804986340E-01   8.0092606375380313E+01   1.2703842321991403E+00
   6.7000000000000000E+03   2.1057101481793361E-01   8.1090213510610468E+01   1.2576095065686204E+00
   6.8000000000000000E+03   2.0801970255681576E-01   8.2084765725825662E+01   1.2455996453029798E+00
   6.9000000000000000E+03   2.0553491198283533E-01   8.3077120018219333E+01   1.2337161199977045E+00
   7.0000000000000000E+03   2.0311489397334628E-01   8.4066944657307374E+01   1.2222218929398638E+00
   7.1000000000000000E+03   2.0075519431256755E-01   8.5055077200875303E+01   1.2105716685312238E+00
   7.2000000000000000E+03   1.9845625382259541E-01   8.6040365177890109E+01   1.1995202578647990E+00
   7.3000000000000000E+03   1.9621487199387747E-01   8.7023212752522454E+01   1.1888285918506307E+00
   7.4000000000000000E+03   1.9402878798532064E-01   8.8003686092313245E+01   1.1784630020198930E+00
   7.5000000000000000E+03   1.9189409648665198E-01   8.8982667332446582E+01   1.1638420823168734E+00
   7.6000000000000000E+03   1.8981111625545238E-01   8.9959159861595651E+01   1.1536448781482664E+00
   7.7000000000000000E+03   1.8777816119031748E-01   9.0933090634677157E+01   1.1439345169970079E+00
   7.8000000000000000E+03   1.8579263785833805E-01   9.1904871729909885E+01   1.1344373632328251E+00
   7.9000000000000000E+03   1.8385084817158465E-01   9.2875549504107468E+01   1.1244817118689125E+00
   8.0000000000000000E+03   1.8195525948423263E-01   9.3843116154671080E+01   1.1153913867557135E+00
   8.1000000000000000E+03   1.8010229262679162E-01   9.4808612937068645E+01   1.1064920729731451E+00
   8.2000000000000000E+03   1.7829025119864284E-01   9.5772194138128739E+01   1.0976933969821407E+00
   8.3000000000000000E+03   1.7651653245943508E-01   9.6734556887220677E+01   1.0885799096415252E+00
   8.4000000000000000E+03   1.7478299125590779E-01   9.7693994295654889E+01   1.0802189389719505E+00
   8.5000000000000000E+03   1.7308639390846292E-01   9.8651593375747581E+01   1.0719395989372873E+00
   8.6000000000000000E+03   1.7142547794847618E-01   9.9607413991660621E+01   1.0637203265819744E+00
   8.7000000000000000E+03   1.6979881015875425E-01   1.0056165019511957E+02   1.0554587357468241E+00
   8.8000000000000000E+03   1.6820672836248127E-01   1.0151346927059556E+02   1.0476496675341518E+00
   8.9000000000000000E+03   1.6664751615886678E-01   1.0246326464568573E+02   1.0400701972686397E+00
   9.0000000000000000E+03   1.6511942351600747E-01   1.0341150778713082E+02   1.0324496128586902E+00
   9.1000000000000000E+03   1.6362122669546597E-01   1.0435839466301545E+02   1.0246906002029335E+00
   9.2000000000000000E+03   1.6215401953968167E-01   1.0530265360800121E+02   1.0175248462605972E+00
   9.3000000000000000E+03   1.6071492134294449E-01   1.0624557077868222E+02   1.0102237630066018E+00
   9.4000000000000000E+03   1.5930448892894580E-01   1.0718623602846615E+02   1.0033112334513716E+00
   9.5000000000000000E+03   1.5792021299876910E-01   1.0812579483327602E+02   9.9615714335830874E-01
   9.6000000000000000E+03   1.5656258074894655E-01   1.0906340754635939E+02   9.8922620602834888E-01
   9.7000000000000000E+03   1.5523120514158842E-01   1.0999881457570082E+02   9.8266909345964493E-01
   9.8000000000000000E+03   1.5392373847286345E-01   1.1093317197296700E+02   9.7586844127269812E-01
   9.9000000000000000E+03   1.5264114124560302E-01   1.1186530978078645E+02   9.6944935695770584E-01
   1.0000000000000000E+04   1.5138177331316210E-01   1.1279593425959376E+02   9.6304637323959097E-01
   1.1000000000000000E+04   1.3994640398699193E-01   1.2201277106283710E+02   9.0430825785421964E-01
   1.2000000000000000E+04   1.3026937150244722E-01   1.3107646374429149E+02   8.5361730022817395E-01
   1.3000000000000000E+04   1.2196755928206111E-01   1.3999828029061470E+02   8.0939499502006373E-01
   1.4000000000000000E+04   1.1476210962905058E-01   1.4878820723952407E+02   7.7025529176156304E-01
   1.5000000000000000E+04   1.0844570793182506E-01   1.5745435090401730E+02   7.3530907168934334E-01
   1.6000000000000000E+04   1.0286075481366297E-01   1.6600353148938839E+02   7.0391863185017267E-01
   1.7000000000000000E+04   9.7885383700912695E-02   1.7444124858217160E+02   6.7572492839417320E-01
   1.8000000000000000E+04   9.3423316482957125E-02   1.8277287933625365E+02   6.5025063173460129E-01
   1.9000000000000000E+04   8.9396946011856146E-02   1.9100483084139782E+02   6.2661208241387722E-01
   2.0000000000000000E+04   8.5745149006567503E-02   1.9913952857466384E+02   6.0508933625267702E-01
   2.1000000000000000E+04   8.2416966369673827E-02   2.0718123103612766E+02   5.8528807457173515E-01
   2.2000000000000000E+04   7.9370511725751616E-02   2.1513340634280081E+02   5.6699504130987166E-01
   2.3000000000000000E+04   7.6571044823129625E-02   2.2299876657258676E+02   5.5014942450176629E-01
   2.4000000000000000E+04   7.3988702457292957E-02   2.3078183538342449E+02   5.3417172406442903E-01
   2.5000000000000000E+04   7.1599545042687479E-02   2.3848264036526959E+02   5.1960558419783975E-01
   2.5519999000000000E+04   7.0425990720260151E-02   2.4245663250314698E+02   5.1223257666898159E-01
   2.5520001000000000E+04   7.0425986290361828E-02   2.4245664775402651E+02   5.1223254729015677E-01
   2.6000000000000000E+04   6.9381617139141774E-02   2.4610623468877213E+02   5.0568581615499131E-01
   2.7000000000000000E+04   6.7317291960741876E-02   2.5365323014909910E+02   4.9272893910706095E-01
   2.8000000000000000E+04   6.5390796297371365E-02   2.6112617551070508E+02   4.8053962576000209E-01
   2.9000000000000000E+04   6.3588616607003032E-02   2.6852681284548748E+02   4.6909424808444222E-01
   3.0000000000000000E+04   6.1898918052410663E-02   2.7585697921689535E+02   4.5832518401370997E-01
   3.1000000000000000E+04   6.0311334868262526E-02   2.8311839868955741E+02   4.4817293636446970E-01
   3.2000000000000000E+04   5.8816747983855125E-02   2.9031269385072460E+02   4.3858482331338344E-01
   3.3000000000000000E+04   5.7406887843830683E-02   2.9744250545654995E+02   4.2928889079917132E-01
   3.4000000000000000E+04   5.6074972509953261E-02   3.0450747965505138E+02   4.2061339627311062E-01
   3.5000000000000000E+04   5.4814578275705801E-02   3.1150925698720602E+02   4.0632596605050497E-01
   3.6000000000000000E+04   5.3619976106124859E-02   3.1844938753677849E+02   3.9849340083059681E-01
   3.7000000000000000E+04   5.2486053256822318E-02   3.2532925398639418E+02   3.8814262982456110E-01
   3.8000000000000000E+04   5.1408270600574506E-02   3.3214983408800634E+02   3.8101101744515598E-01
   3.9000000000000000E+04   5.0382513555932103E-02   3.3891220079315985E+02   3.7424387767697437E-01
   4.0000000000000000E+04   4.9405015839292105E-02   3.4561771230426586E+02   3.6644948637896491E-01
   4.1000000000000000E+04   4.8472436071445330E-02   3.5226718388084140E+02   3.6025228505924545E-01
   4.2000000000000000E+04   4.7581693604085706E-02   3.5886172301496129E+02   3.5432000737522262E-01
   4.3000000000000000E+04   4.6730000732778498E-02   3.6540227440559011E+02   3.4863577318045408E-01
   4.4000000000000000E+04   4.5914814072464886E-02   3.7188974616739620E+02   3.4318410950567479E-01
   4.5000000000000000E+04   4.5133808232957047E-02   3.7832501220811423E+02   3.3795080945372902E-01
   4.6000000000000000E+04   4.4384852836368609E-02   3.8470891440561070E+02   3.3292280762392978E-01
   4.7000000000000000E+04   4.3665992379053303E-02   3.9104226471040192E+02   3.2808805995381818E-01
   4.8000000000000000E+04   4.2975428558026732E-02   3.9732584697035975E+02   3.2343545183337330E-01
   4.9000000000000000E+04   4.2311504712272852E-02   4.0356041853976706E+02   3.1895470581121854E-01
   5.0000000000000000E+04   4.1672683137423144E-02   4.0974679970625994E+02   3.1461685535396955E-01
   5.1000000000000000E+04   4.1057568616185654E-02   4.1588552674307118E+02   3.1045173589705966E-01
   5.2000000000000000E+04   4.0464844091820613E-02   4.2197737156693194E+02   3.0643198085700718E-01
   5.3000000000000000E+04   3.9893296722106779E-02   4.2802300019667081E+02   3.0254997293365454E-01
   5.4000000000000000E+04   3.9341800401712541E-02   4.3402305884274875E+02   2.9879861856868961E-01
   5.5000000000000000E+04   3.8809308104148350E-02   4.3997817494991551E+02   2.9517130601085290E-01
   5.6000000000000000E+04   3.8294845030529469E-02   4.4588895808611852E+02   2.9166186504080877E-01
   5.7000000000000000E+04   3.7797502437531251E-02   4.5175600104670383E+02   2.8826452989358914E-01
   5.8000000000000000E+04   3.7316432138961547E-02   4.5757988028293141E+02   2.8497390765193920E-01
   5.9000000000000000E+04   3.6850841488868982E-02   4.6336115705498452E+02   2.8178494951130661E-01
   6.0000000000000000E+04   3.6399988889017389E-02   4.6910037810160173E+02   2.7869292124584683E-01
   6.1000000000000000E+04   3.5963179751516111E-02   4.7479807594077687E+02   2.7569338379900443E-01
   6.2000000000000000E+04   3.5539762778457294E-02   4.8045476997619284E+02   2.7278216479345790E-01
   6.3000000000000000E+04   3.5129126636992414E-02   4.8607096689819826E+02   2.6995534377625763E-01
   6.4000000000000000E+04   3.4730696936699543E-02   4.9164716106485412E+02   2.6720923140577774E-01
   6.5000000000000000E+04   3.4343933450899408E-02   4.9718383525125853E+02   2.6454035237932555E-01
   6.6000000000000000E+04   3.3968327601078131E-02   5.0268146113234621E+02   2.6194543175689361E-01
   6.7000000000000000E+04   3.3603400182013639E-02   5.0814049942100075E+02   2.5942137889769612E-01
   6.8000000000000000E+04   3.3248699224603800E-02   5.1356140086516825E+02   2.5696527606671660E-01
   6.9000000000000000E+04   3.2903798124140772E-02   5.1894460591783286E+02   2.5457436527151123E-01
   7.0000000000000000E+04   3.2568293825739482E-02   5.2429054595537923E+02   2.5224603872556156E-01
   7.1000000000000000E+04   3.2241805268220208E-02   5.2959964272108300E+02   2.4997782746163216E-01
   7.2000000000000000E+04   3.1923971838179521E-02   5.3487230966389302E+02   2.4776739309255838E-01
   7.3000000000000000E+04   3.1614452066892035E-02   5.4010895126707157E+02   2.4561251905212134E-01
   7.4000000000000000E+04   3.1312922326519929E-02   5.4530996413166383E+02   2.4351110224624822E-01
   7.5000000000000000E+04   3.1019075699509305E-02   5.5047573680611879E+02   2.4146114652001016E-01
   7.6000000000000000E+04   3.0732620887087937E-02   5.5560665045349856E+02   2.3946075490827112E-01
   7.7000000000000000E+04   3.0453281256759428E-02   5.6070307848820471E+02   2.3750812442561581E-01
   7.8000000000000000E+04   3.0180793879324472E-02   5.6576538771664514E+02   2.3560153989740990E-01
   7.9000000000000000E+04   2.9914908859239909E-02   5.7079393526074784E+02   2.3373971122538134E-01
   8.0000000000000000E+04   2.9655388256765069E-02   5.7578907424477597E+02   2.3192107506797544E-01
   8.1000000000000000E+04   2.9402005513829915E-02   5.8075115123355852E+02   2.3014414059983451E-01
   8.2000000000000000E+04   2.9154544778186933E-02   5.8568050644054802E+02   2.2840748580586995E-01
   8.3000000000000000E+04   2.8912800261678306E-02   5.9057747420487965E+02   2.2670975200462329E-01
   8.4000000000000000E+04   2.8676569990417098E-02   5.9544250084435566E+02   2.2503162779161523E-01
   8.5000000000000000E+04   2.8445678013743699E-02   6.0027567430391900E+02   2.2340785328449733E-01
   8.6000000000000000E+04   2.8219939697910031E-02   6.0507742870891923E+02   2.2181928404479714E-01
   8.7000000000000000E+04   2.7999184107505133E-02   6.0984807575714910E+02   2.2026478518176645E-01
   8.8000000000000000E+04   2.7783247830566873E-02   6.1458792200478911E+02   2.1874327048517653E-01
   8.9000000000000000E+04   2.7571974557134105E-02   6.1929726923797784E+02   2.1725369954724488E-01
   9.0000000000000000E+04   2.7365209311525383E-02   6.2397653737443147E+02   2.1577692975089807E-01
   9.1000000000000000E+04   2.7162819760081381E-02   6.2862577234437322E+02   2.1434828451968030E-01
   9.2000000000000000E+04   2.6964663281699355E-02   6.3324538386952372E+02   2.1294871985256203E-01
   9.3000000000000000E+04   2.6770608415054631E-02   6.3783565490912702E+02   2.1157735583535431E-01
   9.4000000000000000E+04   2.6580523913728227E-02   6.4239698984688505E+02   2.1021523732920949E-01
   9.5000000000000000E+04   2.6394299396964572E-02   6.4692941054900155E+02   2.0889778201201836E-01
   9.6000000000000000E+04   2.6211813569234008E-02   6.5143331290796880E+02   2.0760609856941079E-01
   9.7000000000000000E+04   2.6032955077998497E-02   6.5590896229691339E+02   2.0633943799454363E-01
   9.8000000000000000E+04   2.5857611922091284E-02   6.6035674919167730E+02   2.0507906561436823E-01
   9.9000000000000000E+04   2.5685691435807116E-02   6.6477667511525203E+02   2.0386034075405682E-01
   1.0000000000000000E+05   2.5517089768612378E-02   6.6916912177562608E+02   2.0266456426140364E-01
   1.1000000000000000E+05   2.3994352766732167E-02   7.1163613858369001E+02   1.9176892708232457E-01
   1.2000000000000000E+05   2.2718235743675118E-02   7.5160979679005231E+02   1.8259500289700623E-01
   1.3000000000000000E+05   2.1633583754513682E-02   7.8929356987233052E+02   1.7475103876367029E-01
   1.4000000000000000E+05   2.0700607053615254E-02   8.2486704406816204E+02   1.6796589972448561E-01
   1.5000000000000000E+05   1.9889867444497444E-02   8.5848981137659848E+02   1.6206717132946852E-01
   1.6000000000000000E+05   1.9179090858117018E-02   8.9030542047333449E+02   1.5685590539276081E-01
   1.7000000000000000E+05   1.8551131549570013E-02   9.2044242719673537E+02   1.5225559629410759E-01
   1.8000000000000000E+05   1.7992550431766778E-02   9.4901768459600487E+02   1.4814427518365858E-01
   1.9000000000000000E+05   1.7492678918565069E-02   9.7613685303570674E+02   1.4447222047377628E-01
   2.0000000000000000E+05   1.7042924402378160E-02   1.0018966315633888E+03   1.4115348762248173E-01
   2.1000000000000000E+05   1.6636297075857627E-02   1.0263851668957950E+03   1.3813961243272110E-01
   2.2000000000000000E+05   1.6267052137167899E-02   1.0496830284153109E+03   1.3541189435530690E-01
   2.3000000000000000E+05   1.5930416883643581E-02   1.0718645139954890E+03   1.3292435153527310E-01
   2.4000000000000000E+05   1.5622396944533656E-02   1.0929979958489571E+03   1.3063829481860295E-01
   2.5000000000000000E+05   1.5339625747464019E-02   1.1131463590990854E+03   1.2853981260035574E-01
   2.6000000000000000E+05   1.5079242506945614E-02   1.1323677925377995E+03   1.2660801175064473E-01
   2.7000000000000000E+05   1.4838807372639467E-02   1.1507156958056046E+03   1.2453361103140961E-01
   2.8000000000000000E+05   1.4616212540319669E-02   1.1682403018996267E+03   1.2290047695120589E-01
   2.9000000000000000E+05   1.4409637050708536E-02   1.1849881083502069E+03   1.2138651383366474E-01
   3.0000000000000000E+05   1.4217499739986355E-02   1.2010022059440212E+03   1.1998012431311039E-01
   3.1000000000000000E+05   1.4038419604642659E-02   1.2163227080835500E+03   1.1867115726491599E-01
   3.2000000000000000E+05   1.3871185069999740E-02   1.2309870039627751E+03   1.1745068906828532E-01
   3.3000000000000000E+05   1.3714728926396389E-02   1.2450299705062246E+03   1.1631084325599797E-01
   3.4000000000000000E+05   1.3568107069442710E-02   1.2584842132612607E+03   1.1524464117618627E-01
   3.5000000000000000E+05   1.3430481741357157E-02   1.2713801991295284E+03   1.1424587768621806E-01
   3.6000000000000000E+05   1.3301106618755302E-02   1.2837464611143787E+03   1.1330901679487748E-01
   3.7000000000000000E+05   1.3179314847840852E-02   1.2956097299344488E+03   1.1242910386677843E-01
   3.8000000000000000E+05   1.3064508655990341E-02   1.3069950811278934E+03   1.1160169137442359E-01
   3.9000000000000000E+05   1.2956150768780353E-02   1.3179260457417142E+03   1.1082277570582505E-01
   4.0000000000000000E+05   1.2853756729318273E-02   1.3284247485239114E+03   1.1008874310090952E-01
   4.1000000000000000E+05   1.2756888826527762E-02   1.3385119822651766E+03   1.0939632353321352E-01
   4.2000000000000000E+05   1.2665150602540131E-02   1.3482073041679848E+03   1.0874255090468531E-01
   4.3000000000000000E+05   1.2578181785352638E-02   1.3575291597881323E+03   1.0812472844573676E-01
   4.4000000000000000E+05   1.2495654661683703E-02   1.3664949146755139E+03   1.0754039913054675E-01
   4.5000000000000000E+05   1.2417270231139249E-02   1.3751209591873037E+03   1.0698731959724303E-01
   4.6000000000000000E+05   1.2342755395239460E-02   1.3834227450799194E+03   1.0646343751701515E-01
   4.7000000000000000E+05   1.2271859733254181E-02   1.3914149054736827E+03   1.0596687171229817E-01
   4.8000000000000000E+05   1.2204353976475589E-02   1.3991112174921693E+03   1.0549589497815254E-01
   4.9000000000000000E+05   1.2140026906860116E-02   1.4065247698160567E+03   1.0504891834433872E-01
   5.0000000000000000E+05   1.2078684541043418E-02   1.4136678951015233E+03   1.0462447810836853E-01
   5.1000000000000000E+05   1.2020147811374757E-02   1.4205522942549610E+03   1.0422122332281536E-01
   5.2000000000000000E+05   1.1964251076171536E-02   1.4271890853862035E+03   1.0383790537384383E-01
   5.3000000000000000E+05   1.1910841698517576E-02   1.4335887406561155E+03   1.0347336882442948E-01
   5.4000000000000000E+05   1.1859777919781624E-02   1.4397612388889124E+03   1.0312654250142436E-01
   5.5000000000000000E+05   1.1810928098451256E-02   1.4457160697617999E+03   1.0279643215397438E-01
   5.6000000000000000E+05   1.1764170425213483E-02   1.4514621884545074E+03   1.0248211399180696E-01
   5.7000000000000000E+05   1.1719391386313919E-02   1.4570081318960717E+03   1.0218272832678020E-01
   5.8000000000000000E+05   1.1676485081602897E-02   1.4623620405797790E+03   1.0189747412712902E-01
   5.9000000000000000E+05   1.1635353162393645E-02   1.4675316092613907E+03   1.0162560435594892E-01
   6.0000000000000000E+05   1.1595903614396269E-02   1.4725241877255087E+03   1.0136642146524874E-01
   6.1000000000000000E+05   1.1558050418476551E-02   1.4773467784355641E+03   1.0111927327841216E-01
   6.2000000000000000E+05   1.1521713368367784E-02   1.4820060180989481E+03   1.0088354966404636E-01
   6.3000000000000000E+05   1.1486817057899008E-02   1.4865082698422725E+03   1.0065867896866965E-01
   6.4000000000000000E+05   1.1453291150059689E-02   1.4908595553028590E+03   1.0044412529559515E-01
   6.5000000000000000E+05   1.1421069275806767E-02   1.4950656666537020E+03   1.0023938558906609E-01
   6.6000000000000000E+05   1.1390089239419776E-02   1.4991321131740310E+03   1.0004398725138465E-01
   6.7000000000000000E+05   1.1360292853853385E-02   1.5030641173075282E+03   9.9857486086969718E-02
   6.8000000000000000E+05   1.1331624889714457E-02   1.5068667306690591E+03   9.9679463952693587E-02
   6.9000000000000000E+05   1.1304034006612609E-02   1.5105446905718361E+03   9.9509527185971128E-02
   7.0000000000000000E+05   1.1277471126371777E-02   1.5141026174567262E+03   9.9347304611464307E-02
   7.1000000000000000E+05   1.1251890186744036E-02   1.5175448984428126E+03   9.9192445887701791E-02
   7.2000000000000000E+05   1.1227248128340547E-02   1.5208756727866116E+03   9.9044620774161513E-02
   7.3000000000000000E+05   1.1203503748410526E-02   1.5240989724446401E+03   9.8903516894731272E-02
   7.4000000000000000E+05   1.1180618300079985E-02   1.5272186289205495E+03   9.8768838992555480E-02
   7.5000000000000000E+05   1.1158554973079897E-02   1.5302383321071886E+03   9.8640307661069682E-02
   7.6000000000000000E+05   1.1137279470654134E-02   1.5331615405471427E+03   9.8517658659955265E-02
   7.7000000000000000E+05   1.1116758389405741E-02   1.5359916940359929E+03   9.8400641283342624E-02
   7.8000000000000000E+05   1.1096961176844345E-02   1.5387319355827344E+03   9.8289018297032515E-02
   7.9000000000000000E+05   1.1077857688455055E-02   1.5413854403028997E+03   9.8182564107731907E-02
   8.0000000000000000E+05   1.1059420395214081E-02   1.5439551025767498E+03   9.8081065216159682E-02
   8.1000000000000000E+05   1.1041622242629152E-02   1.5464438264160649E+03   9.7984318358685318E-02
   8.2000000000000000E+05   1.1024438146343381E-02   1.5488543111283839E+03   9.7892130703803037E-02
   8.3000000000000000E+05   1.1007843929339234E-02   1.5511891938458043E+03   9.7804318773272225E-02
   8.4000000000000000E+05   1.0991816865430333E-02   1.5534509680955878E+03   9.7720707945906107E-02
   8.5000000000000000E+05   1.0976334674333503E-02   1.5556421207399992E+03   9.7641132095532684E-02
   8.6000000000000000E+05   1.0961377395651135E-02   1.5577648624256535E+03   9.7565433277915281E-02
   8.7000000000000000E+05   1.0946924759581467E-02   1.5598214956019297E+03   9.7493460483629238E-02
   8.8000000000000000E+05   1.0932957795480508E-02   1.5618141833302204E+03   9.7425070105399275E-02
   8.9000000000000000E+05   1.0919458848362727E-02   1.5637449426619189E+03   9.7360125207364812E-02
   9.0000000000000000E+05   1.0906410640853263E-02   1.5656157752553022E+03   9.7298494924724074E-02
   9.1000000000000000E+05   1.0893796740053030E-02   1.5674285979608831E+03   9.7240054445713209E-02
   9.2000000000000000E+05   1.0881601507258870E-02   1.5691852471662050E+03   9.7184684599490756E-02
   9.3000000000000000E+05   1.0869809837323078E-02   1.5708875137908856E+03   9.7132271319852123E-02
   9.4000000000000000E+05   1.0858407852451613E-02   1.5725370406746056E+03   9.7082705882541726E-02
   9.5000000000000000E+05   1.0847381494221403E-02   1.5741355238430999E+03   9.7035884134597794E-02
   9.6000000000000000E+05   1.0836717754662127E-02   1.5756845326516061E+03   9.6991706387197979E-02
   9.7000000000000000E+05   1.0826403999064663E-02   1.5771856058768321E+03   9.6950077205245178E-02
   9.8000000000000000E+05   1.0816428701712476E-02   1.5786401428438921E+03   9.6910905664077077E-02
   9.9000000000000000E+05   1.0806779869618590E-02   1.5800496315036723E+03   9.6874103818696933E-02
   1.0000000000000000E+06   1.0797446584713459E-02   1.5814154223190628E+03   9.6839588377472960E-02
   1.1000000000000000E+06   1.0719347420626347E-02   1.5929373198480048E+03   9.6604019059943619E-02
   1.2000000000000000E+06   1.0663470141705935E-02   1.6012844152813909E+03   9.6526188966508275E-02
   1.3000000000000000E+06   1.0623945995649914E-02   1.6072416555697664E+03   9.6561742514159984E-02
   1.4000000000000000E+06   1.0596673338639137E-02   1.6113782132426311E+03   9.6679854277134228E-02
   1.5000000000000000E+06   1.0578714827243258E-02   1.6141137018608767E+03   9.6858607908388572E-02
   1.6000000000000000E+06   1.0567923024057955E-02   1.6157620103647828E+03   9.7082123964819383E-02
   1.7000000000000000E+06   1.0562703038924537E-02   1.6165605042391412E+03   9.7338711149564411E-02
   1.8000000000000000E+06   1.0561845869075414E-02   1.6166916997650646E+03   9.7619643526669131E-02
   1.9000000000000000E+06   1.0564430266335583E-02   1.6162962053092278E+03   9.7918335467611528E-02
   2.0000000000000000E+06   1.0569742280500156E-02   1.6154839065692113E+03   9.8229767238146859E-02
   2.1000000000000000E+06   1.0577222099850347E-02   1.6143414962397119E+03   9.8550083542467470E-02
   2.2000000000000000E+06   1.0586428056536357E-02   1.6129376650502456E+03   9.8876301174083442E-02
   2.3000000000000000E+06   1.0597010429894665E-02   1.6113269552478760E+03   9.9206105588859922E-02
   2.4000000000000000E+06   1.0608684757658022E-02   1.6095537704055314E+03   9.9537685974347978E-02
   2.5000000000000000E+06   1.0621227325297881E-02   1.6076530543755468E+03   9.9869632058093433E-02
   2.6000000000000000E+06   1.0634452025900635E-02   1.6056538229844571E+03   1.0020083607340899E-01
   2.7000000000000000E+06   1.0648211192941032E-02   1.6035790651909467E+03   1.0053043457079754E-01
   2.8000000000000000E+06   1.0662378776032414E-02   1.6014483174350371E+03   1.0085775133837943E-01
   2.9000000000000000E+06   1.0676858303971365E-02   1.5992764973176470E+03   1.0118226424451128E-01
   3.0000000000000000E+06   1.0691561708380995E-02   1.5970771171200427E+03   1.0150356882660794E-01
   3.1000000000000000E+06   1.0706425500003456E-02   1.5948598858439400E+03   1.0182135913246790E-01
   3.2000000000000000E+06   1.0721391359098153E-02   1.5926336404315782E+03   1.0213540504527074E-01
   3.3000000000000000E+06   1.0736409034679381E-02   1.5904059258154068E+03   1.0244553652359117E-01
   3.4000000000000000E+06   1.0751443116243972E-02   1.5881820111138172E+03   1.0275163676383646E-01
   3.5000000000000000E+06   1.0766460362658136E-02   1.5859667871861689E+03   1.0305362974259308E-01
   3.6000000000000000E+06   1.0781435174704196E-02   1.5837639677873999E+03   1.0335146839862122E-01
   3.7000000000000000E+06   1.0796343017542951E-02   1.5815770694749719E+03   1.0364513410649896E-01
   3.8000000000000000E+06   1.0811165023310670E-02   1.5794087421582299E+03   1.0393462755863730E-01
   3.9000000000000000E+06   1.0825889741753518E-02   1.5772605262065422E+03   1.0421997007774819E-01
   4.0000000000000000E+06   1.0840508287556895E-02   1.5751335728723820E+03   1.0450119579267930E-01
   4.1000000000000000E+06   1.0855002117692391E-02   1.5730304209615481E+03   1.0477834387964667E-01
   4.2000000000000000E+06   1.0869361989676430E-02   1.5709522386824538E+03   1.0505146685633840E-01
   4.3000000000000000E+06   1.0883591098885962E-02   1.5688983898411961E+03   1.0532062585066343E-01
   4.4000000000000000E+06   1.0897679467528901E-02   1.5668701397953712E+03   1.0558588089609933E-01
   4.5000000000000000E+06   1.0911619989665923E-02   1.5648683299916629E+03   1.0584730107047056E-01
   4.6000000000000000E+06   1.0925414743629734E-02   1.5628924806436480E+03   1.0610495571747966E-01
   4.7000000000000000E+06   1.0939061695180521E-02   1.5609427048258710E+03   1.0635892001593919E-01
   4.8000000000000000E+06   1.0952556656141020E-02   1.5590194222970019E+03   1.0660926198923018E-01
   4.9000000000000000E+06   1.0965899334486018E-02   1.5571224967416217E+03   1.0685605794178464E-01
   5.0000000000000000E+06   1.0979091290862129E-02   1.5552515320592922E+03   1.0709938416312387E-01
   5.1000000000000000E+06   1.0992130987225462E-02   1.5534065751742050E+03   1.0733931047950682E-01
   5.2000000000000000E+06   1.1005021155942821E-02   1.5515870718259685E+03   1.0757591161990537E-01
   5.3000000000000000E+06   1.1017759346923492E-02   1.5497932032342051E+03   1.0780925973070205E-01
   5.4000000000000000E+06   1.1030348634201038E-02   1.5480243750218483E+03   1.0803942739304076E-01
   5.5000000000000000E+06   1.1042789871419649E-02   1.5462803104608004E+03   1.0826648435921588E-01
   5.6000000000000000E+06   1.1055081306588669E-02   1.5445611006547329E+03   1.0849049685790431E-01
   5.7000000000000000E+06   1.1067240030110129E-02   1.5428642104333437E+03   1.0871154415922754E-01
   5.8000000000000000E+06   1.1079248393096952E-02   1.5411919604014906E+03   1.0892967925096707E-01
   5.9000000000000000E+06   1.1091115878424455E-02   1.5395428862075669E+03   1.0914497531584105E-01
   6.0000000000000000E+06   1.1102846517997400E-02   1.5379162922817732E+03   1.0935748980326765E-01
   6.1000000000000000E+06   1.1114441276028279E-02   1.5363119140824649E+03   1.0956729116649561E-01
   6.2000000000000000E+06   1.1125894619351444E-02   1.5347303866273287E+03   1.0977443249709427E-01
   6.3000000000000000E+06   1.1137225902938001E-02   1.5331689147319628E+03   1.0997898296645800E-01
   6.4000000000000000E+06   1.1148417306916493E-02   1.5316298341414481E+03   1.1018098733146409E-01
   6.5000000000000000E+06   1.1159486302727532E-02   1.5301106240489519E+03   1.1038051304512696E-01
   6.6000000000000000E+06   1.1170426123530901E-02   1.5286121014454889E+03   1.1057760865311350E-01
   6.7000000000000000E+06   1.1181249555698398E-02   1.5271324073104108E+03   1.1077233442160253E-01
   6.8000000000000000E+06   1.1191940237235262E-02   1.5256736713017194E+03   1.1096472642463258E-01
   6.9000000000000000E+06   1.1202518992331592E-02   1.5242329481807262E+03   1.1115485009406562E-01
   7.0000000000000000E+06   1.1212978158877946E-02   1.5228111843964241E+03   1.1134274935097391E-01
   7.1000000000000000E+06   1.1223310464349602E-02   1.5214092673432679E+03   1.1152846209837164E-01
   7.2000000000000000E+06   1.1233543828118042E-02   1.5200233169511548E+03   1.1171205249735192E-01
   7.3000000000000000E+06   1.1243667504514712E-02   1.5186547044259239E+03   1.1189355699109357E-01
   7.4000000000000000E+06   1.1253673448657811E-02   1.5173044276283551E+03   1.1207301380334711E-01
   7.5000000000000000E+06   1.1263571780280285E-02   1.5159710333294699E+03   1.1225047131389840E-01
   7.6000000000000000E+06   1.1273367055039696E-02   1.5146538267907072E+03   1.1242597095576806E-01
   7.7000000000000000E+06   1.1283059181809893E-02   1.5133527419815546E+03   1.1259955296683684E-01
   7.8000000000000000E+06   1.1292650840743337E-02   1.5120673428709483E+03   1.1277125627194864E-01
   7.9000000000000000E+06   1.1302135729385297E-02   1.5107983977167164E+03   1.1294110997723611E-01
   8.0000000000000000E+06   1.1311527014593871E-02   1.5095440720516394E+03   1.1310916419332950E-01
   8.1000000000000000E+06   1.1320826636128054E-02   1.5083040399399870E+03   1.1327544852911731E-01
   8.2000000000000000E+06   1.1330030328243758E-02   1.5070788035021044E+03   1.1344000427314083E-01
   8.3000000000000000E+06   1.1339137872973153E-02   1.5058683245602851E+03   1.1360284935931224E-01
   8.4000000000000000E+06   1.1348153596728737E-02   1.5046719631689100E+03   1.1376403962839687E-01
   8.5000000000000000E+06   1.1357074674932513E-02   1.5034900306168520E+03   1.1392358104901931E-01
   8.6000000000000000E+06   1.1365913471658114E-02   1.5023208291450367E+03   1.1408152745604921E-01
   8.7000000000000000E+06   1.1374662316128190E-02   1.5011653160482028E+03   1.1423789575193793E-01
   8.8000000000000000E+06   1.1383329311311620E-02   1.5000223646138809E+03   1.1439272575167844E-01
   8.9000000000000000E+06   1.1391910432767723E-02   1.4988924510516574E+03   1.1454603623926018E-01
   9.0000000000000000E+06   1.1400405194489900E-02   1.4977755842384490E+03   1.1469785425866821E-01
   9.1000000000000000E+06   1.1408826680677489E-02   1.4966699932124993E+03   1.1484822722730914E-01
   9.2000000000000000E+06   1.1417169857068697E-02   1.4955762911909719E+03   1.1499716981423529E-01
   9.3000000000000000E+06   1.1425431814593471E-02   1.4944948101587106E+03   1.1514469837787700E-01
   9.4000000000000000E+06   1.1433615359280341E-02   1.4934251340607382E+03   1.1529084636209588E-01
   9.5000000000000000E+06   1.1441722840577886E-02   1.4923669091314696E+03   1.1543563634281243E-01
   9.6000000000000000E+06   1.1449758579931104E-02   1.4913195270912781E+03   1.1557909944599115E-01
   9.7000000000000000E+06   1.1457718017798116E-02   1.4902835385028604E+03   1.1572124369486386E-01
   9.8000000000000000E+06   1.1465608031487481E-02   1.4892580056669628E+03   1.1586210923420512E-01
   9.9000000000000000E+06   1.1473427273755107E-02   1.4882430631508805E+03   1.1600171476400478E-01
   1.0000000000000000E+07   1.1481178870240420E-02   1.4872382656620521E+03   1.1614007656983623E-01
   1.1000000000000000E+07   1.1555098793195938E-02   1.4777241507261440E+03   1.1745980737014752E-01
   1.2000000000000000E+07   1.1623188416004199E-02   1.4690675174138025E+03   1.1867578182661043E-01
   1.3000000000000000E+07   1.1686257552128626E-02   1.4611391606393217E+03   1.1980284006422305E-01
   1.4000000000000000E+07   1.1744974794082126E-02   1.4538344143008096E+03   1.2085290385250541E-01
   1.5000000000000000E+07   1.1799895889872746E-02   1.4470677292489488E+03   1.2183571359525783E-01
   1.6000000000000000E+07   1.1851438744049408E-02   1.4407743160555608E+03   1.2275921331047061E-01
   1.7000000000000000E+07   1.1900013728800733E-02   1.4348931807873619E+03   1.2363012516288718E-01
   1.8000000000000000E+07   1.1945936495448764E-02   1.4293771406902749E+03   1.2445408423791074E-01
   1.9000000000000000E+07   1.1989466508367425E-02   1.4241875181698349E+03   1.2523582070852426E-01
   2.0000000000000000E+07   1.2030849876779208E-02   1.4192886392580763E+03   1.2597944189785468E-01
   2.1000000000000000E+07   1.2070264096403816E-02   1.4146540965760239E+03   1.2668843467896557E-01
   2.2000000000000000E+07   1.2107881631136637E-02   1.4102589594881272E+03   1.2736586431275990E-01
   2.3000000000000000E+07   1.2143896922985540E-02   1.4060765386119781E+03   1.2801447697625723E-01
   2.4000000000000000E+07   1.2178421541276978E-02   1.4020904509552490E+03   1.2863655901960364E-01
   2.5000000000000000E+07   1.2211526904379396E-02   1.3982893936554731E+03   1.2923301067571175E-01
   2.6000000000000000E+07   1.2243317631574185E-02   1.3946586264083314E+03   1.2980513607541494E-01
   2.7000000000000000E+07   1.2273927541068253E-02   1.3911804916233052E+03   1.3035640155702755E-01
   2.8000000000000000E+07   1.2303463564567751E-02   1.3878407865494462E+03   1.3088832292890484E-01
   2.9000000000000000E+07   1.2331969865340674E-02   1.3846326853848868E+03   1.3140212910094892E-01
   3.0000000000000000E+07   1.2359531666182290E-02   1.3815449494298271E+03   1.3189905173798014E-01
   3.1000000000000000E+07   1.2386203877634545E-02   1.3785699573026166E+03   1.3238017267827784E-01
   3.2000000000000000E+07   1.2412028929470038E-02   1.3757016397367699E+03   1.3284639513102406E-01
   3.3000000000000000E+07   1.2437099220709250E-02   1.3729285460953661E+03   1.3329873153394131E-01
   3.4000000000000000E+07   1.2461376029836673E-02   1.3702538555813051E+03   1.3373777684870286E-01
   3.5000000000000000E+07   1.2484990551539581E-02   1.3676621123775326E+03   1.3416450412600281E-01
   3.6000000000000000E+07   1.2507935574546773E-02   1.3651532220456677E+03   1.3457946586079395E-01
   3.7000000000000000E+07   1.2530273139060834E-02   1.3627195801106038E+03   1.3498336573028374E-01
   3.8000000000000000E+07   1.2552016674295176E-02   1.3603589760759280E+03   1.3537672624110367E-01
   3.9000000000000000E+07   1.2573212423185374E-02   1.3580657015899053E+03   1.3576012681244753E-01
   4.0000000000000000E+07   1.2593850070626722E-02   1.3558402279663176E+03   1.3613395381061116E-01
   4.1000000000000000E+07   1.2614020509201226E-02   1.3536721728236223E+03   1.3649884829751258E-01
   4.2000000000000000E+07   1.2633649379028122E-02   1.3515689757131538E+03   1.3685495990604324E-01
   4.3000000000000000E+07   1.2652880937656400E-02   1.3495146785041100E+03   1.3720302935982676E-01
   4.4000000000000000E+07   1.2671658087503118E-02   1.3475149370998174E+03   1.3754320765790498E-01
   4.5000000000000000E+07   1.2689999452257407E-02   1.3455673197601805E+03   1.3787583290672922E-01
   4.6000000000000000E+07   1.2707963008506011E-02   1.3436652702957133E+03   1.3820134643071175E-01
   4.7000000000000000E+07   1.2725528007435441E-02   1.3418106141258111E+03   1.3851993981267358E-01
   4.8000000000000000E+07   1.2742700992397084E-02   1.3400022931496298E+03   1.3883187533250554E-01
   4.9000000000000000E+07   1.2759546305690218E-02   1.3382332052917366E+03   1.3913755584074389E-01
   5.0000000000000000E+07   1.2776053186829376E-02   1.3365041849023260E+03   1.3943716069794898E-01
   5.1000000000000000E+07   1.2792235170639193E-02   1.3348135273437877E+03   1.3973093113313123E-01
   5.2000000000000000E+07   1.2808104523914940E-02   1.3331596817350862E+03   1.4001908734184321E-01
   5.3000000000000000E+07   1.2823673386192122E-02   1.3315411299478287E+03   1.4030183677621430E-01
   5.4000000000000000E+07   1.2838952506655512E-02   1.3299565164588480E+03   1.4057938362803046E-01
   5.5000000000000000E+07   1.2853952999676118E-02   1.3284044644602641E+03   1.4085191476899003E-01
   5.6000000000000000E+07   1.2868684155657853E-02   1.3268838013422564E+03   1.4111960445684313E-01
   5.7000000000000000E+07   1.2883156112944260E-02   1.3253932810436042E+03   1.4138262592270542E-01
   5.8000000000000000E+07   1.2897377190300539E-02   1.3239318582985682E+03   1.4164113453998117E-01
   5.9000000000000000E+07   1.2911356391865681E-02   1.3224984294825742E+03   1.4189528548639829E-01
   6.0000000000000000E+07   1.2925101657336414E-02   1.3210920117630237E+03   1.4214522457139245E-01
   6.1000000000000000E+07   1.2938620536979169E-02   1.3197116726570903E+03   1.4239108287110896E-01
   6.2000000000000000E+07   1.2951920381727277E-02   1.3183565098826671E+03   1.4263299864490406E-01
   6.3000000000000000E+07   1.2965008438516111E-02   1.3170256411099167E+03   1.4287109239465057E-01
   6.4000000000000000E+07   1.2977891037307836E-02   1.3157182859407246E+03   1.4310548237712939E-01
   6.5000000000000000E+07   1.2990574761365893E-02   1.3144336462705351E+03   1.4333628800826168E-01
   6.6000000000000000E+07   1.3003065223909552E-02   1.3131710298072510E+03   1.4356360415515812E-01
   6.7000000000000000E+07   1.3015368839232679E-02   1.3119296703495365E+03   1.4378754871837252E-01
   6.8000000000000000E+07   1.3027490344928236E-02   1.3107089776028708E+03   1.4400821046559861E-01
   6.9000000000000000E+07   1.3039435733212238E-02   1.3095082410077346E+03   1.4422568948348874E-01
   7.0000000000000000E+07   1.3051209839708696E-02   1.3083268724084264E+03   1.4444007558003236E-01
   7.1000000000000000E+07   1.3062817361777458E-02   1.3071643029087506E+03   1.4465145743477437E-01
   7.2000000000000000E+07   1.3074263056714112E-02   1.3060199627820243E+03   1.4485990875582472E-01
   7.3000000000000000E+07   1.3085551363028032E-02   1.3048933191288088E+03   1.4506552657883512E-01
   7.4000000000000000E+07   1.3096686242693023E-02   1.3037838911548236E+03   1.4526836646522182E-01
   7.5000000000000000E+07   1.3107672137264095E-02   1.3026911546092576E+03   1.4546851028776311E-01
   7.6000000000000000E+07   1.3118513400884879E-02   1.3016145983111460E+03   1.4566603838482051E-01
   7.7000000000000000E+07   1.3129212940012808E-02   1.3005538586927285E+03   1.4586101265781859E-01
   7.8000000000000000E+07   1.3139774503341733E-02   1.2995084920513323E+03   1.4605348568249080E-01
   7.9000000000000000E+07   1.3150202232050526E-02   1.2984780195330575E+03   1.4624354234897993E-01
   8.0000000000000000E+07   1.3160499366902834E-02   1.2974620547966801E+03   1.4643123047381632E-01
   8.1000000000000000E+07   1.3170668491083750E-02   1.2964602793162489E+03   1.4661660829111536E-01
   8.2000000000000000E+07   1.3180713178870821E-02   1.2954722797628604E+03   1.4679972780860046E-01
   8.3000000000000000E+07   1.3190635971723319E-02   1.2944977472910525E+03   1.4698064452411627E-01
   8.4000000000000000E+07   1.3200440816518638E-02   1.2935362377720523E+03   1.4715943027941983E-01
   8.5000000000000000E+07   1.3210130121424333E-02   1.2925874608183713E+03   1.4733611614158326E-01
   8.6000000000000000E+07   1.3219705349072366E-02   1.2916512206476930E+03   1.4751074024707142E-01
   8.7000000000000000E+07   1.3229170596746316E-02   1.2907270660589845E+03   1.4768337661361391E-01
   8.8000000000000000E+07   1.3238527978437616E-02   1.2898147421332369E+03   1.4785405218309280E-01
   8.9000000000000000E+07   1.3247780201620162E-02   1.2889139380983925E+03   1.4802282127988850E-01
   9.0000000000000000E+07   1.3256928260539489E-02   1.2880245117987297E+03   1.4818971201014683E-01
   9.1000000000000000E+07   1.3265976499892832E-02   1.2871459971959166E+03   1.4835478503497534E-01
   9.2000000000000000E+07   1.3274925462416277E-02   1.2862782995712696E+03   1.4851806277392895E-01
   9.3000000000000000E+07   1.3283777797167017E-02   1.2854211212697141E+03   1.4867958749666868E-01
   9.4000000000000000E+07   1.3292535534841105E-02   1.2845742263374937E+03   1.4883940374141935E-01
   9.5000000000000000E+07   1.3301200740245215E-02   1.2837373771127197E+03   1.4899753539928109E-01
   9.6000000000000000E+07   1.3309775708057310E-02   1.2829103153402766E+03   1.4915403321151066E-01
   9.7000000000000000E+07   1.3318261767841521E-02   1.2820928773124369E+03   1.4930891550208117E-01
   9.8000000000000000E+07   1.3326661460851283E-02   1.2812847839567933E+03   1.4946222998197403E-01
   9.9000000000000000E+07   1.3334975076713341E-02   1.2804859741020739E+03   1.4961399094618341E-01
   1.0000000000000000E+08   1.3343205942806996E-02   1.2796960958199868E+03   1.4976424273575836E-01
   1.1000000000000000E+08   1.3421265556861827E-02   1.2722532371026796E+03   1.5118967499088826E-01
   1.2000000000000000E+08   1.3492537326707927E-02   1.2655328006343480E+03   1.5249182592876931E-01
   1.3000000000000000E+08   1.3558106798756020E-02   1.2594124536840823E+03   1.5369031348622073E-01
   1.4000000000000000E+08   1.3618819322070198E-02   1.2537980089845666E+03   1.5480044104067003E-01
   1.5000000000000000E+08   1.3675343896115570E-02   1.2486156604502148E+03   1.5583432012693704E-01
   1.6000000000000000E+08   1.3728222411228000E-02   1.2438062291857032E+03   1.5680179404868436E-01
   1.7000000000000000E+08   1.3777895372968049E-02   1.2393219783214097E+03   1.5771083662538743E-01
   1.8000000000000000E+08   1.3824730514469689E-02   1.2351234284719187E+03   1.5856814564384825E-01
   1.9000000000000000E+08   1.3869032979242201E-02   1.2311780191372177E+03   1.5937924650216423E-01
   2.0000000000000000E+08   1.3911065174389354E-02   1.2274580225652417E+03   1.6014893870021435E-01
   2.1000000000000000E+08   1.3951045751756173E-02   1.2239404023589204E+03   1.6088116718789139E-01
   2.2000000000000000E+08   1.3989165911531678E-02   1.2206051925266349E+03   1.6157941812601895E-01
   2.3000000000000000E+08   1.4025555889923548E-02   1.2174382737300000E+03   1.6223936948769224E-01
   2.4000000000000000E+08   1.4060331078329205E-02   1.2144272034283574E+03   1.6285807916234196E-01
   2.5000000000000000E+08   1.4093684053292114E-02   1.2115532380437878E+03   1.6345152786008815E-01
   2.6000000000000000E+08   1.4125729237120847E-02   1.2088047465797590E+03   1.6402177042506128E-01
   2.7000000000000000E+08   1.4156566853077240E-02   1.2061715759157016E+03   1.6457059741422678E-01
   2.8000000000000000E+08   1.4186281352178264E-02   1.2036451362294672E+03   1.6509946769003803E-01
   2.9000000000000000E+08   1.4214957808500642E-02   1.2012169702340616E+03   1.6560995771110779E-01
   3.0000000000000000E+08   1.4242654640072336E-02   1.1988810360317377E+03   1.6610296655933329E-01
   3.1000000000000000E+08   1.4269448220259126E-02   1.1966299107830591E+03   1.6657998499466703E-01
   3.2000000000000000E+08   1.4295388119453295E-02   1.1944585490124612E+03   1.6704180731013574E-01
   3.3000000000000000E+08   1.4320532627048918E-02   1.1923612756190419E+03   1.6748952879388962E-01
   3.4000000000000000E+08   1.4344926935219018E-02   1.1903336021049906E+03   1.6792391918438052E-01
   3.5000000000000000E+08   1.4368613309366894E-02   1.1883713607631719E+03   1.6834572595135572E-01
   3.6000000000000000E+08   1.4391631315473464E-02   1.1864706770505820E+03   1.6875564052956069E-01
   3.7000000000000000E+08   1.4414022702453462E-02   1.1846275604814832E+03   1.6915446004960252E-01
   3.8000000000000000E+08   1.4435807993230354E-02   1.1828398215562001E+03   1.6954240050662259E-01
   3.9000000000000000E+08   1.4457036855083283E-02   1.1811029273767315E+03   1.6992055725945132E-01
   4.0000000000000000E+08   1.4477724355928255E-02   1.1794152265193725E+03   1.7028904582643456E-01
   4.1000000000000000E+08   1.4497902906821418E-02   1.1777736863376335E+03   1.7064850036176665E-01
   4.2000000000000000E+08   1.4517590295074771E-02   1.1761765006224964E+03   1.7099917045985130E-01
   4.3000000000000000E+08   1.4536822384086642E-02   1.1746204293879462E+03   1.7134183698350344E-01
   4.4000000000000000E+08   1.4555610233361686E-02   1.1731042723028831E+03   1.7167656784792895E-01
   4.5000000000000000E+08   1.4573976246624105E-02   1.1716259352822431E+03   1.7200380432804943E-01
   4.6000000000000000E+08   1.4591937337063290E-02   1.1701837909734782E+03   1.7232381472984334E-01
   4.7000000000000000E+08   1.4609499831782020E-02   1.1687770798002311E+03   1.7263661148555556E-01
   4.8000000000000000E+08   1.4626713246291789E-02   1.1674016071287328E+03   1.7294342184999739E-01
   4.9000000000000000E+08   1.4643561048165964E-02   1.1660584808959943E+03   1.7324360618892987E-01
   5.0000000000000000E+08   1.4660067141236044E-02   1.1647455899231634E+03   1.7353769592688514E-01
   5.1000000000000000E+08   1.4676248678124592E-02   1.1634613807125897E+03   1.7382603539638136E-01
   5.2000000000000000E+08   1.4692115858143676E-02   1.1622048665827488E+03   1.7410877821136836E-01
   5.3000000000000000E+08   1.4707680437056041E-02   1.1609749493680201E+03   1.7438612950129581E-01
   5.4000000000000000E+08   1.4722954772418903E-02   1.1597704954388571E+03   1.7465832777190465E-01
   5.5000000000000000E+08   1.4737949744445361E-02   1.1585904991410157E+03   1.7492557030617670E-01
   5.6000000000000000E+08   1.4752673333668974E-02   1.1574341927413614E+03   1.7518795945290067E-01
   5.7000000000000000E+08   1.4767136746987604E-02   1.1563005641032880E+03   1.7544572681531889E-01
   5.8000000000000000E+08   1.4781348652540235E-02   1.1551888093646794E+03   1.7569901700826684E-01
   5.9000000000000000E+08   1.4795317049405170E-02   1.1540981848319807E+03   1.7594796372271967E-01
   6.0000000000000000E+08   1.4809050618556769E-02   1.1530279010145109E+03   1.7619272687052606E-01
   6.1000000000000000E+08   1.4822557914710318E-02   1.1519771856506770E+03   1.7643347668321199E-01
   6.2000000000000000E+08   1.4835845885010791E-02   1.1509453982656912E+03   1.7667032702418048E-01
   6.3000000000000000E+08   1.4848920846891305E-02   1.1499319530891664E+03   1.7690337703022516E-01
   6.4000000000000000E+08   1.4861789470506506E-02   1.1489362424772805E+03   1.7713274630994455E-01
   6.5000000000000000E+08   1.4874458878834077E-02   1.1479576292371712E+03   1.7735857385863196E-01
   6.6000000000000000E+08   1.4886934864755487E-02   1.1469955841049227E+03   1.7758095740925578E-01
   6.7000000000000000E+08   1.4899223247552237E-02   1.1460495803724141E+03   1.7779999974814020E-01
   6.8000000000000000E+08   1.4911329574607802E-02   1.1451191166620883E+03   1.7801580198463923E-01
   6.9000000000000000E+08   1.4923259156952431E-02   1.1442037138902838E+03   1.7822845398700793E-01
   7.0000000000000000E+08   1.4935017113945352E-02   1.1433029115707136E+03   1.7843805308654889E-01
   7.1000000000000000E+08   1.4946608288071969E-02   1.1424162740893487E+03   1.7864468119377791E-01
   7.2000000000000000E+08   1.4958037335404531E-02   1.1415433835237427E+03   1.7884842167780768E-01
   7.3000000000000000E+08   1.4969308736652649E-02   1.1406838385878884E+03   1.7904935340774381E-01
   7.4000000000000000E+08   1.4980426801359671E-02   1.1398372541149733E+03   1.7924755525143132E-01
   7.5000000000000000E+08   1.4991395620802674E-02   1.1390032644484311E+03   1.7944309868693972E-01
   7.6000000000000000E+08   1.5002219160985316E-02   1.1381815161811494E+03   1.7963605390384438E-01
   7.7000000000000000E+08   1.5012901228405779E-02   1.1373716706018308E+03   1.7982649201416623E-01
   7.8000000000000000E+08   1.5023445450856177E-02   1.1365734049880714E+03   1.8001447377134897E-01
   7.9000000000000000E+08   1.5033855344402597E-02   1.1357864073828284E+03   1.8020006082987930E-01
   8.0000000000000000E+08   1.5044134299775740E-02   1.1350103774988697E+03   1.8038331548841738E-01
   8.1000000000000000E+08   1.5054285581721092E-02   1.1342450266431053E+03   1.8056429935307639E-01
   8.2000000000000000E+08   1.5064312295807725E-02   1.1334900800937364E+03   1.8074306287166547E-01
   8.3000000000000000E+08   1.5074217483136471E-02   1.1327452698512702E+03   1.8091966165813336E-01
   8.4000000000000000E+08   1.5084004033288351E-02   1.1320103410904294E+03   1.8109414604249158E-01
   8.5000000000000000E+08   1.5093674790337706E-02   1.1312850440942959E+03   1.8126657041385957E-01
   8.6000000000000000E+08   1.5103232399911723E-02   1.1305691456374573E+03   1.8143697377197149E-01
   8.7000000000000000E+08   1.5112679540462477E-02   1.1298624115607774E+03   1.8160541278151096E-01
   8.8000000000000000E+08   1.5122018721530591E-02   1.1291646218120716E+03   1.8177193014755177E-01
   8.9000000000000000E+08   1.5131252359002270E-02   1.1284755647190905E+03   1.8193656411880063E-01
   9.0000000000000000E+08   1.5140382842479937E-02   1.1277950318946689E+03   1.8209936182546191E-01
   9.1000000000000000E+08   1.5149412417324908E-02   1.1271228269688438E+03   1.8226036017710204E-01
   9.2000000000000000E+08   1.5158343324841986E-02   1.1264587550770593E+03   1.8241960137888175E-01
   9.3000000000000000E+08   1.5167177672960393E-02   1.1258026324286700E+03   1.8257712235508197E-01
   9.4000000000000000E+08   1.5175917544944566E-02   1.1251542781622652E+03   1.8273296187772489E-01
   9.5000000000000000E+08   1.5184564935070194E-02   1.1245135190732562E+03   1.8288715210932074E-01
   9.6000000000000000E+08   1.5193121762479819E-02   1.1238801885271757E+03   1.8303972686925166E-01
   9.7000000000000000E+08   1.5201589915486853E-02   1.1232541231319815E+03   1.8319072276277681E-01
   9.8000000000000000E+08   1.5209971233772665E-02   1.1226351640177845E+03   1.8334017425536858E-01
   9.9000000000000000E+08   1.5218267457585966E-02   1.1220231605418742E+03   1.8348810630767357E-01
   1.0000000000000000E+09   1.5226480279542489E-02   1.1214179664143116E+03   1.8363455142454388E-01
   1.1000000000000000E+09   1.5304365057837230E-02   1.1157110070363926E+03   1.8502340751682694E-01
   1.2000000000000000E+09   1.5375468368227625E-02   1.1105514408924944E+03   1.8629140212325285E-01
   1.3000000000000000E+09   1.5440877146439129E-02   1.1058470570546529E+03   1.8745790870494305E-01
   1.4000000000000000E+09   1.5501436273484048E-02   1.1015268681870589E+03   1.8853797400852729E-01
   1.5000000000000000E+09   1.5557815511375504E-02   1.0975350966366161E+03   1.8954352439558442E-01
   1.6000000000000000E+09   1.5610554829684528E-02   1.0938271404846171E+03   1.9048419463602712E-01
   1.7000000000000000E+09   1.5660095778605016E-02   1.0903668018468022E+03   1.9136783282195174E-01
   1.8000000000000000E+09   1.5706804213206398E-02   1.0871243009685675E+03   1.9220096579357179E-01
   1.9000000000000000E+09   1.5750986682212739E-02   1.0840748516418264E+03   1.9298906797190740E-01
   2.0000000000000000E+09   1.5792902365198744E-02   1.0811976263691208E+03   1.9373675426284517E-01
   2.1000000000000000E+09   1.5832757300685573E-02   1.0784759866174911E+03   1.9444480521700347E-01
   2.2000000000000000E+09   1.5870719469534698E-02   1.0758963122944529E+03   1.9511199755069097E-01
   2.3000000000000000E+09   1.5906993841032842E-02   1.0734428341001646E+03   1.9574953202295489E-01
   2.4000000000000000E+09   1.5941724222984750E-02   1.0711042489439815E+03   1.9635994470659623E-01
   2.5000000000000000E+09   1.5975036635653004E-02   1.0688706974620459E+03   1.9694544875934583E-01
   2.6000000000000000E+09   1.6007042296456154E-02   1.0667335185659185E+03   1.9750797607141124E-01
   2.7000000000000000E+09   1.6037839926051376E-02   1.0646850591765572E+03   1.9804928684752696E-01
   2.8000000000000000E+09   1.6067517413804317E-02   1.0627185339822354E+03   1.9857091668208665E-01
   2.9000000000000000E+09   1.6096153318564038E-02   1.0608279017222649E+03   1.9907423480469211E-01
   3.0000000000000000E+09   1.6123818402110406E-02   1.0590077440029481E+03   1.9956050485221627E-01
   3.1000000000000000E+09   1.6150576252056251E-02   1.0572532078264501E+03   2.0003083119370302E-01
   3.2000000000000000E+09   1.6176484438325242E-02   1.0555599157427289E+03   2.0048621547832768E-01
   3.3000000000000000E+09   1.6201595330565498E-02   1.0539239008468783E+03   2.0092758937906280E-01
   3.4000000000000000E+09   1.6225956609490739E-02   1.0523415636859686E+03   2.0135580560939359E-01
   3.5000000000000000E+09   1.6249611581780957E-02   1.0508096433441463E+03   2.0177159170925182E-01
   3.6000000000000000E+09   1.6272600185381580E-02   1.0493251451032168E+03   2.0217567367969713E-01
   3.7000000000000000E+09   1.6294958907755792E-02   1.0478853397172409E+03   2.0256869808058522E-01
   3.8000000000000000E+09   1.6316721173610649E-02   1.0464877329857356E+03   2.0295120362477853E-01
   3.9000000000000000E+09   1.6337918316081886E-02   1.0451299988398459E+03   2.0332381836636898E-01
   4.0000000000000000E+09   1.6358578683243859E-02   1.0438100327275001E+03   2.0368698385441314E-01
   4.1000000000000000E+09   1.6378728864146045E-02   1.0425258695203652E+03   2.0404118381580730E-01
   4.2000000000000000E+09   1.6398393398923669E-02   1.0412756991092137E+03   2.0438684869713553E-01
   4.3000000000000000E+09   1.6417595259599370E-02   1.0400578331195161E+03   2.0472438112568811E-01
   4.4000000000000000E+09   1.6436355669336163E-02   1.0388707140590734E+03   2.0505415518940620E-01
   4.5000000000000000E+09   1.6454694462265093E-02   1.0377128903784969E+03   2.0537651899116427E-01
   4.6000000000000000E+09   1.6472630132327568E-02   1.0365830115508968E+03   2.0569179894059281E-01
   4.7000000000000000E+09   1.6490180093852724E-02   1.0354798100172079E+03   2.0600029847218915E-01
   4.8000000000000000E+09   1.6507360540933391E-02   1.0344021085860802E+03   2.0630230416959655E-01
   4.9000000000000000E+09   1.6524186683490625E-02   1.0333488042586748E+03   2.0659808302647359E-01
   5.0000000000000000E+09   1.6540672958659561E-02   1.0323188538585264E+03   2.0688788743220579E-01
   5.1000000000000000E+09   1.6556832708259195E-02   1.0313112931445128E+03   2.0717195384488557E-01
   5.2000000000000000E+09   1.6572678654927613E-02   1.0303252060978755E+03   2.0745050361553946E-01
   5.3000000000000000E+09   1.6588222772083900E-02   1.0293597322232656E+03   2.0772374967441037E-01
   5.4000000000000000E+09   1.6603476331430070E-02   1.0284140628073794E+03   2.0799188767122423E-01
   5.5000000000000000E+09   1.6618449978885650E-02   1.0274874354965048E+03   2.0825510668955716E-01
   5.6000000000000000E+09   1.6633153839249942E-02   1.0265791271910794E+03   2.0851358245659130E-01
   5.7000000000000000E+09   1.6647597426474571E-02   1.0256884590191673E+03   2.0876748460129613E-01
   5.8000000000000000E+09   1.6661789774514737E-02   1.0248147877156530E+03   2.0901697066224406E-01
   5.9000000000000000E+09   1.6675739536702320E-02   1.0239574990452772E+03   2.0926219398699575E-01
   6.0000000000000000E+09   1.6689454868584419E-02   1.0231160145843916E+03   2.0950329506959969E-01
   6.1000000000000000E+09   1.6702943438533579E-02   1.0222897906329298E+03   2.0974041074020067E-01
   6.2000000000000000E+09   1.6716212710811969E-02   1.0214783005057100E+03   2.0997367177910647E-01
   6.3000000000000000E+09   1.6729269624408242E-02   1.0206810538709431E+03   2.1020320178115434E-01
   6.4000000000000000E+09   1.6742120950297073E-02   1.0198975745918962E+03   2.1042911676759407E-01
   6.5000000000000000E+09   1.6754772978901680E-02   1.0191274195260083E+03   2.1065152883606200E-01
   6.6000000000000000E+09   1.6767231922190016E-02   1.0183701537601153E+03   2.1087054525450838E-01
   6.7000000000000000E+09   1.6779503366019171E-02   1.0176253836756522E+03   2.1108626932360364E-01
   6.8000000000000000E+09   1.6791593116914732E-02   1.0168927052866528E+03   2.1129879850025568E-01
   6.9000000000000000E+09   1.6803506393125105E-02   1.0161717531597000E+03   2.1150822321715482E-01
   7.0000000000000000E+09   1.6815248115635631E-02   1.0154621824970141E+03   2.1171463656682377E-01
   7.1000000000000000E+09   1.6826823367119964E-02   1.0147636412525507E+03   2.1191812137175295E-01
   7.2000000000000000E+09   1.6838236769502902E-02   1.0140758076082246E+03   2.1211876145647363E-01
   7.3000000000000000E+09   1.6849492699852482E-02   1.0133983767286745E+03   2.1231663382282406E-01
   7.4000000000000000E+09   1.6860595387402439E-02   1.0127310547698750E+03   2.1251181287318810E-01
   7.5000000000000000E+09   1.6871549168212607E-02   1.0120735434836854E+03   2.1270437368801259E-01
   7.6000000000000000E+09   1.6882357836399558E-02   1.0114255790690987E+03   2.1289438398977462E-01
   7.7000000000000000E+09   1.6893025209057083E-02   1.0107868981085387E+03   2.1308190986947623E-01
   7.8000000000000000E+09   1.6903554887171580E-02   1.0101572518151719E+03   2.1326701657347713E-01
   7.9000000000000000E+09   1.6913950534146550E-02   1.0095363892817336E+03   2.1344976555197986E-01
   8.0000000000000000E+09   1.6924215315629480E-02   1.0089240908536067E+03   2.1363021748547034E-01
   8.1000000000000000E+09   1.6934352560705745E-02   1.0083201285387992E+03   2.1380842609781969E-01
   8.2000000000000000E+09   1.6944365480550099E-02   1.0077242827612691E+03   2.1398444804434819E-01
   8.3000000000000000E+09   1.6954257049729277E-02   1.0071363493338574E+03   2.1415833580134480E-01
   8.4000000000000000E+09   1.6964030090288577E-02   1.0065561343531954E+03   2.1433014324326977E-01
   8.5000000000000000E+09   1.6973687493893479E-02   1.0059834409508961E+03   2.1449991655851403E-01
   8.6000000000000000E+09   1.6983231979089693E-02   1.0054180836577962E+03   2.1466770429897902E-01
   8.7000000000000000E+09   1.6992666084520401E-02   1.0048598887191096E+03   2.1483355385575170E-01
   8.8000000000000000E+09   1.7001992393592923E-02   1.0043086807383138E+03   2.1499750820599209E-01
   8.9000000000000000E+09   1.7011213195244616E-02   1.0037643026839170E+03   2.1515960795406008E-01
   9.0000000000000000E+09   1.7020331064071626E-02   1.0032265815778670E+03   2.1531989725892664E-01
   9.1000000000000000E+09   1.7029348124547133E-02   1.0026953718867760E+03   2.1547841477415608E-01
   9.2000000000000000E+09   1.7038266806022224E-02   1.0021705109522562E+03   2.1563520274037884E-01
   9.3000000000000000E+09   1.7047089024689623E-02   1.0016518671312007E+03   2.1579029462540505E-01
   9.4000000000000000E+09   1.7055816806668407E-02   1.0011393030474010E+03   2.1594372424656458E-01
   9.5000000000000000E+09   1.7064452212339272E-02   1.0006326800449581E+03   2.1609553604317311E-01
   9.6000000000000000E+09   1.7072997173311753E-02   1.0001318677322763E+03   2.1624575380223571E-01
   9.7000000000000000E+09   1.7081453722516172E-02   9.9963673046306167E+02   2.1639441636376786E-01
   9.8000000000000000E+09   1.7089823359687405E-02   9.9914716444702242E+02   2.1654155582790099E-01
   9.9000000000000000E+09   1.7098108077823859E-02   9.9866303763038263E+02   2.1668719978448076E-01
   1.0000000000000000E+10   1.7106309532473142E-02   9.9818423829628364E+02   2.1683138299832061E-01
   1.1000000000000000E+10   1.7184086683228274E-02   9.9366634174382136E+02   2.1819869595639671E-01
   1.2000000000000000E+10   1.7255091566977573E-02   9.8957739426955027E+02   2.1944696455167839E-01
   1.3000000000000000E+10   1.7320409633206291E-02   9.8584553785586468E+02   2.2059526965728893E-01
   1.4000000000000000E+10   1.7380884935270371E-02   9.8241537265355237E+02   2.2165842704654481E-01
   1.5000000000000000E+10   1.7437185911547966E-02   9.7924336170688480E+02   2.2264821979854893E-01
   1.6000000000000000E+10   1.7489851995890295E-02   9.7629462815033799E+02   2.2357410858904589E-01
   1.7000000000000000E+10   1.7539324098908921E-02   9.7354085336699882E+02   2.2444384210779361E-01
   1.8000000000000000E+10   1.7585967732302282E-02   9.7095871041364285E+02   2.2526386239945212E-01
   1.9000000000000000E+10   1.7630088997470619E-02   9.6852877788546266E+02   2.2603953071553140E-01
   2.0000000000000000E+10   1.7671946405899919E-02   9.6623474056210637E+02   2.2677540088334128E-01
   2.1000000000000000E+10   1.7711761157998912E-02   9.6406271507453698E+02   2.2747537483107449E-01
   2.2000000000000000E+10   1.7749723369690041E-02   9.6200082644050451E+02   2.2814276093933566E-01
   2.3000000000000000E+10   1.7785998066303987E-02   9.6003881744942032E+02   2.2878049491436417E-01
   2.4000000000000000E+10   1.7820728141279073E-02   9.5816783777649812E+02   2.2939106825704664E-01
   2.5000000000000000E+10   1.7854040780351292E-02   9.5638005764632237E+02   2.2997673277818947E-01
   2.6000000000000000E+10   1.7886046615867148E-02   9.5466868209905522E+02   2.3053940717966470E-01
   2.7000000000000000E+10   1.7916844137847845E-02   9.5302768832275069E+02   2.3108085036618548E-01
   2.8000000000000000E+10   1.7946521613038276E-02   9.5145170294876925E+02   2.3160260119785131E-01
   2.9000000000000000E+10   1.7975157676505236E-02   9.4993595372187895E+02   2.3210604162596052E-01
   3.0000000000000000E+10   1.8002822681386352E-02   9.4847618359240755E+02   2.3259241299466388E-01
   3.1000000000000000E+10   1.8029580587023700E-02   9.4706853929933379E+02   2.3306283547758239E-01
   3.2000000000000000E+10   1.8055488914894988E-02   9.4570956406756852E+02   2.3351832184123472E-01
   3.3000000000000000E+10   1.8080599613871973E-02   9.4439614367830598E+02   2.3395979080983947E-01
   3.4000000000000000E+10   1.8104960962376748E-02   9.4312540006109953E+02   2.3438808048370197E-01
   3.5000000000000000E+10   1.8128616348360042E-02   9.4189474930759570E+02   2.3480395494819642E-01
   3.6000000000000000E+10   1.8151604874819437E-02   9.4070186457284342E+02   2.3520811217294441E-01
   3.7000000000000000E+10   1.8173963383611269E-02   9.3954456660400797E+02   2.3560119599352289E-01
   3.8000000000000000E+10   1.8195725485732023E-02   9.3842087055674278E+02   2.3598379574872075E-01
   3.9000000000000000E+10   1.8216922553208819E-02   9.3732893142944374E+02   2.3635645783157891E-01
   4.0000000000000000E+10   1.8237583289962399E-02   9.3626706341788361E+02   2.3671968451502803E-01
   4.1000000000000000E+10   1.8257733387657422E-02   9.3523375482497477E+02   2.3707394145844915E-01
   4.2000000000000000E+10   1.8277397995766446E-02   9.3422753909978121E+02   2.3741966180947166E-01
   4.3000000000000000E+10   1.8296599552744354E-02   9.3324710427796390E+02   2.3775724640991511E-01
   4.4000000000000000E+10   1.8315360370997461E-02   9.3229115916119076E+02   2.3808707075387450E-01
   4.5000000000000000E+10   1.8333699110523627E-02   9.3135861169069176E+02   2.3840948188875802E-01
   4.6000000000000000E+10   1.8351634824233801E-02   9.3044836137344316E+02   2.3872480728582110E-01
   4.7000000000000000E+10   1.8369184859984480E-02   9.2955940510615483E+02   2.3903335091662162E-01
   4.8000000000000000E+10   1.8386365053057425E-02   9.2869082613437831E+02   2.3933539801223580E-01
   4.9000000000000000E+10   1.8403191186444703E-02   9.2784171928341038E+02   2.3963121735585011E-01
   5.0000000000000000E+10   1.8419677403634638E-02   9.2701127042337919E+02   2.3992105975314337E-01
   5.1000000000000000E+10   1.8435837304186992E-02   9.2619870033536120E+02   2.4020516301939968E-01
   5.2000000000000000E+10   1.8451683246990421E-02   9.2540329910103083E+02   2.4048374955930041E-01
   5.3000000000000000E+10   1.8467227564415323E-02   9.2462436449500512E+02   2.4075702929110651E-01
   5.4000000000000000E+10   1.8482480737009192E-02   9.2386129295624244E+02   2.4102520011657697E-01
   5.5000000000000000E+10   1.8497454005493050E-02   9.2311344824327989E+02   2.4128845015865946E-01
   5.6000000000000000E+10   1.8512158625126566E-02   9.2238019868498293E+02   2.4154695800970932E-01
   5.7000000000000000E+10   1.8526602026705811E-02   9.2166110796348141E+02   2.4180088992174803E-01
   5.8000000000000000E+10   1.8540794831762190E-02   9.2095558500440279E+02   2.4205040558622654E-01
   5.9000000000000000E+10   1.8554744534171004E-02   9.2026319841191253E+02   2.4229565516116719E-01
   6.0000000000000000E+10   1.8568459702714521E-02   9.1958346702478104E+02   2.4253678263931810E-01
   6.1000000000000000E+10   1.8581947851536024E-02   9.1891596549285794E+02   2.4277392419280996E-01
   6.2000000000000000E+10   1.8595217601343656E-02   9.1826021705163214E+02   2.4300721093474553E-01
   6.3000000000000000E+10   1.8608274031953274E-02   9.1761592297121820E+02   2.4323676300188690E-01
   6.4000000000000000E+10   1.8621125243693731E-02   9.1698263812037328E+02   2.4346270148320548E-01
   6.5000000000000000E+10   1.8633777564589667E-02   9.1636000760150591E+02   2.4368513685762316E-01
   6.6000000000000000E+10   1.8646236762627229E-02   9.1574770652683060E+02   2.4390417672570186E-01
   6.7000000000000000E+10   1.8658508487500884E-02   9.1514541809012576E+02   2.4411992200030297E-01
   6.8000000000000000E+10   1.8670597923166232E-02   9.1455285047649261E+02   2.4433247015951276E-01
   6.9000000000000000E+10   1.8682511068552569E-02   9.1396967399495645E+02   2.4454191665824354E-01
   7.0000000000000000E+10   1.8694252918733268E-02   9.1339561013541606E+02   2.4474834866868517E-01
   7.1000000000000000E+10   1.8705827855666556E-02   9.1283041213059994E+02   2.4495185236921496E-01
   7.2000000000000000E+10   1.8717241862518653E-02   9.1227375679348404E+02   2.4515251094050122E-01
   7.3000000000000000E+10   1.8728497519461679E-02   9.1172548854965282E+02   2.4535040026426322E-01
   7.4000000000000000E+10   1.8739600488764191E-02   9.1118530306823050E+02   2.4554559859710984E-01
   7.5000000000000000E+10   1.8750553292110714E-02   9.1065305032447043E+02   2.4573817494866834E-01
   7.6000000000000000E+10   1.8761362584003214E-02   9.1012838082940129E+02   2.4592820228268505E-01
   7.7000000000000000E+10   1.8772029904894870E-02   9.0961119480636091E+02   2.4611574427457966E-01
   7.8000000000000000E+10   1.8782559709455429E-02   9.0910125216512506E+02   2.4630086768024118E-01
   7.9000000000000000E+10   1.8792955442512440E-02   9.0859836298581467E+02   2.4648363292758774E-01
   8.0000000000000000E+10   1.8803220220610199E-02   9.0810235429865304E+02   2.4666409745547707E-01
   8.1000000000000000E+10   1.8813357311695304E-02   9.0761304682802938E+02   2.4684232089429156E-01
   8.2000000000000000E+10   1.8823369895400826E-02   9.0713026655786030E+02   2.4701835807488184E-01
   8.3000000000000000E+10   1.8833261529020578E-02   9.0665382225062513E+02   2.4719226025605118E-01
   8.4000000000000000E+10   1.8843034821416464E-02   9.0618356929027743E+02   2.4736408137772040E-01
   8.5000000000000000E+10   1.8852691705531902E-02   9.0571939633011698E+02   2.4753386785053183E-01
   8.6000000000000000E+10   1.8862237002565296E-02   9.0526105405259705E+02   2.4770166914185282E-01
   8.7000000000000000E+10   1.8871670668146261E-02   9.0480852760713390E+02   2.4786752975019283E-01
   8.8000000000000000E+10   1.8880997231176151E-02   9.0436158332451009E+02   2.4803149605514876E-01
   8.9000000000000000E+10   1.8890217211034791E-02   9.0392018048143916E+02   2.4819360750778988E-01
   9.0000000000000000E+10   1.8899335465824708E-02   9.0348407125790152E+02   2.4835390912591218E-01
   9.1000000000000000E+10   1.8908352567941201E-02   9.0305321361962331E+02   2.4851243896069480E-01
   9.2000000000000000E+10   1.8917271331843313E-02   9.0262745885499407E+02   2.4866923681690728E-01
   9.3000000000000000E+10   1.8926093056990358E-02   9.0220673116818523E+02   2.4882433860397418E-01
   9.4000000000000000E+10   1.8934820812960031E-02   9.0179087087240453E+02   2.4897778222799183E-01
   9.5000000000000000E+10   1.8943456832132558E-02   9.0137975882883870E+02   2.4912960273041568E-01
   9.6000000000000000E+10   1.8952002850385365E-02   9.0097330005334788E+02   2.4927983339947063E-01
   9.7000000000000000E+10   1.8960457963121128E-02   9.0057152543172856E+02   2.4942850585881443E-01
   9.8000000000000000E+10   1.8968827924422477E-02   9.0017414986129302E+02   2.4957565406853366E-01
   9.9000000000000000E+10   1.8977112429721135E-02   8.9978117661302565E+02   2.4972130864035214E-01
   1.0000000000000000E+11   1.8985314309873314E-02   8.9939246051102623E+02   2.4986549918118101E-01
   1.1000000000000000E+11   1.9063091413769127E-02   8.9572295385410757E+02   2.5123289929886966E-01
