   1.0000000000000000E+00   0.0000000000000000E+00   1.7075248550732156E+31
   2.0000000000000000E+00   0.0000000000000000E+00   2.0563934909099941E+13
   3.0000000000000000E+00   8.3034928024286019E-03   2.0563934909099939E+03
   4.0000000000000000E+00   7.9944230641426119E-03   2.1358950375443324E+03
   5.0000000000000000E+00   7.5245043841996040E-03   2.2692854809929763E+03
   6.0000000000000000E+00   7.0571108653650332E-03   2.4195806012534472E+03
   7.0000000000000000E+00   6.6300751918506222E-03   2.5754230618259435E+03
   7.5789999999999997E+00   6.4039581747319741E-03   2.6663585371475060E+03
   7.5810000000000004E+00   6.4032035780188651E-03   2.6666727588278864E+03
   8.0000000000000000E+00   6.2490163190629701E-03   2.7324698286741814E+03
   9.0000000000000000E+00   5.9107178093785523E-03   2.8888620809538252E+03
   9.9990000000000006E+00   5.6101901123928591E-03   3.0436131768535065E+03
   1.0000999999999999E+01   5.6096223851408323E-03   3.0439212086650068E+03
   1.0999000000000001E+01   5.3415762363623444E-03   3.1966685104096800E+03
   1.1000999999999999E+01   5.3410680729692635E-03   3.1969726499365711E+03
   1.2000000000000000E+01   5.1003088485781370E-03   3.3478852080678203E+03
   1.3000000000000000E+01   4.8829131386223627E-03   3.4969388285185987E+03
   1.4000000000000000E+01   4.6858302361863051E-03   3.6440177492706885E+03
   1.5000000000000000E+01   4.5063086847218206E-03   3.7891875025392837E+03
   1.6000000000000000E+01   4.3420549207840902E-03   3.9325270781348631E+03
   1.7000000000000000E+01   4.1911498192213426E-03   4.0741202980676330E+03
   1.8000000000000000E+01   4.0519794858998254E-03   4.2140510854388622E+03
   1.9000000000000000E+01   3.9231791589592691E-03   4.3524009123411633E+03
   2.0000000000000000E+01   3.8035881497495709E-03   4.4892474890732847E+03
   2.1000000000000000E+01   3.6922137332766267E-03   4.6246641674177572E+03
   2.2000000000000000E+01   3.5882021700454694E-03   4.7587197547778596E+03
   2.3000000000000000E+01   3.4908153710656738E-03   4.8914785617892594E+03
   2.4000000000000000E+01   3.3994120216129719E-03   5.0230005783853758E+03
   2.5000000000000000E+01   3.3134322334096747E-03   5.1533417157474023E+03
   2.6000000000000000E+01   3.2323849982852249E-03   5.2825540768783894E+03
   2.7000000000000000E+01   3.1558378757965948E-03   5.4106862338173923E+03
   2.8000000000000000E+01   3.0834084709883860E-03   5.5377834988105524E+03
   2.9000000000000000E+01   3.0147573540838068E-03   5.6638881824442469E+03
   3.0000000000000000E+01   2.9495821477750891E-03   5.7890398352228485E+03
   3.1000000000000000E+01   2.8876125649721497E-03   5.9132754711838725E+03
   3.2000000000000000E+01   2.8286062242810260E-03   6.0366297734045111E+03
   3.3000000000000000E+01   2.7723451051124138E-03   6.1591352819835138E+03
   3.4000000000000000E+01   2.7186325314416345E-03   6.2808225654820335E+03
   3.5000000000000000E+01   2.6672905945844842E-03   6.4017203770000824E+03
   3.6000000000000000E+01   2.6181579422309216E-03   6.5218557961336783E+03
   3.7000000000000000E+01   2.5710878743918425E-03   6.6412543580491547E+03
   3.8000000000000000E+01   2.5259466976258974E-03   6.7599401708598807E+03
   3.9000000000000000E+01   2.4826001873166307E-03   6.8779695731789543E+03
   4.0000000000000000E+01   2.4409728962449121E-03   6.9952634775256975E+03
   4.1000000000000000E+01   2.4009259679130747E-03   7.1119429665606285E+03
   4.2000000000000000E+01   2.3623772884518086E-03   7.2279938662644681E+03
   4.3000000000000000E+01   2.3252401011664495E-03   7.3434345735592715E+03
   4.4000000000000000E+01   2.2894343816497104E-03   7.4582825730205695E+03
   4.5000000000000000E+01   2.2548861885097918E-03   7.5725544986449377E+03
   4.6000000000000000E+01   2.2215270883955236E-03   7.6862661904629731E+03
   4.7000000000000000E+01   2.1892936455421559E-03   7.7994327464937469E+03
   4.8000000000000000E+01   2.1581269675075496E-03   7.9120685704848029E+03
   4.9000000000000000E+01   2.1279722999783010E-03   8.0241874158353849E+03
   5.0000000000000000E+01   2.0987677295721198E-03   8.1358448150969652E+03
   5.1000000000000000E+01   2.0704985341676494E-03   8.2469261721049679E+03
   5.2000000000000000E+01   2.0430875418919244E-03   8.3575706868244470E+03
   5.3000000000000000E+01   2.0165042187554076E-03   8.4677474968393835E+03
   5.4000000000000000E+01   1.9907097576361017E-03   8.5774676520440753E+03
   5.5000000000000000E+01   1.9656678000054099E-03   8.6867417529478607E+03
   5.6000000000000000E+01   1.9413442430442544E-03   8.7955799760459668E+03
   5.7000000000000000E+01   1.9177070648729625E-03   8.9039920973870430E+03
   5.8000000000000000E+01   1.8947261659293009E-03   9.0119875144898888E+03
   5.9000000000000000E+01   1.8723732247701084E-03   9.1195752667466568E+03
   6.0000000000000000E+01   1.8506215667799899E-03   9.2267640544373608E+03
   6.1000000000000000E+01   1.8294460444509364E-03   9.3335622564681198E+03
   6.2000000000000000E+01   1.8088229280530156E-03   9.4399779469357163E+03
   6.2999000000000002E+01   1.7887496411920260E-03   9.5459130543015417E+03
   6.3000999999999998E+01   1.7887099706216788E-03   9.5461247665531464E+03
   6.4000000000000000E+01   1.7691454915522357E-03   9.6516926574255103E+03
   6.5000000000000000E+01   1.7500499423329322E-03   9.7570064360390334E+03
   6.6000000000000000E+01   1.7314241797643916E-03   9.8619672465563726E+03
   6.7000000000000000E+01   1.7132502199357178E-03   9.9665818524586757E+03
   6.8000000000000000E+01   1.6955110080229994E-03   1.0070856791807120E+04
   6.8998999999999995E+01   1.6782074749345070E-03   1.0174694610628241E+04
   6.9001000000000005E+01   1.6781732418183154E-03   1.0174902164588786E+04
   7.0000000000000000E+01   1.6612728980503434E-03   1.0278412758536862E+04
   7.1000000000000000E+01   1.6447440175918753E-03   1.0381705826620122E+04
   7.2000000000000000E+01   1.6285898216579281E-03   1.0484683327659084E+04
   7.3000000000000000E+01   1.6127970861784403E-03   1.0587350818690000E+04
   7.4000000000000000E+01   1.5973532175288445E-03   1.0689713685961146E+04
   7.5000000000000000E+01   1.5822462148486127E-03   1.0791777152309949E+04
   7.6000000000000000E+01   1.5674646350566331E-03   1.0893546284133692E+04
   7.7000000000000000E+01   1.5529975603393951E-03   1.0995025997980643E+04
   7.8000000000000000E+01   1.5388345679090603E-03   1.1096221066786722E+04
   7.9000000000000000E+01   1.5249657018474227E-03   1.1197136125780609E+04
   8.0000000000000000E+01   1.5113814468686721E-03   1.1297775678078620E+04
   8.1000000000000000E+01   1.4980727038490934E-03   1.1398144099989031E+04
   8.2000000000000000E+01   1.4850307669854589E-03   1.1498245646044154E+04
   8.3000000000000000E+01   1.4722473024561830E-03   1.1598084453776984E+04
   8.4000000000000000E+01   1.4597143284703613E-03   1.1697664548258124E+04
   8.5000000000000000E+01   1.4474241965997756E-03   1.1796989846407550E+04
   8.6000000000000000E+01   1.4353695742979930E-03   1.1896064161094735E+04
   8.7000000000000000E+01   1.4235434285187736E-03   1.1994891205039883E+04
   8.8000000000000000E+01   1.4119390103534907E-03   1.2093474594527444E+04
   8.9000000000000000E+01   1.4005498406137636E-03   1.2191817852943574E+04
   9.0000000000000000E+01   1.3893696962917516E-03   1.2289924414147115E+04
   9.1000000000000000E+01   1.3783925978359478E-03   1.2387797625683714E+04
   9.2000000000000000E+01   1.3676127971853297E-03   1.2485440751852102E+04
   9.3000000000000000E+01   1.3570247665093053E-03   1.2582856976630626E+04
   9.4000000000000000E+01   1.3466231876050208E-03   1.2680049406471764E+04
   9.5000000000000000E+01   1.3364029419073735E-03   1.2777021072971904E+04
   9.6000000000000000E+01   1.3263591010705394E-03   1.2873774935423053E+04
   9.7000000000000000E+01   1.3164869180829347E-03   1.2970313883253089E+04
   9.8000000000000000E+01   1.3067818188805069E-03   1.3066640738359960E+04
   9.9000000000000000E+01   1.2972393944257526E-03   1.3162758257346044E+04
   1.0000000000000000E+02   1.2878553932224224E-03   1.3258669133657255E+04
   1.0099900000000000E+02   1.2786348681617619E-03   1.3354280393808209E+04
   1.0100100000000000E+02   1.2786165604645194E-03   1.3354471605254939E+04
   1.1000000000000000E+02   1.2018928729549583E-03   1.4206963810968589E+04
   1.2000000000000000E+02   1.1280353523637925E-03   1.5137157284078959E+04
   1.3000000000000000E+02   1.0638017679083765E-03   1.6051156395711898E+04
   1.4000000000000000E+02   1.0073574256825527E-03   1.6950536240066456E+04
   1.5000000000000000E+02   9.5731429434820251E-04   1.7836617139784819E+04
   1.6000000000000000E+02   9.1260150124488531E-04   1.8710519901007952E+04
   1.7000000000000000E+02   8.7237870878616771E-04   1.9573206428307665E+04
   1.8000000000000000E+02   8.3597659909798703E-04   2.0425510198678094E+04
   1.9000000000000000E+02   8.0285501513263277E-04   2.1268159541746532E+04
   2.0000000000000000E+02   7.7257290654411724E-04   2.2101795708981528E+04
   2.1000000000000000E+02   7.4476635233504808E-04   2.2926987097626716E+04
   2.2000000000000000E+02   7.1913222434141094E-04   2.3744240589927475E+04
   2.3000000000000000E+02   6.9541586350800708E-04   2.4554010695983430E+04
   2.4000000000000000E+02   6.7340165856316105E-04   2.5356707001829589E+04
   2.5000000000000000E+02   6.5290575576775454E-04   2.6152700293862941E+04
   2.6000000000000000E+02   6.3377035496547224E-04   2.6942327638001338E+04
   2.7000000000000000E+02   6.1585920129665378E-04   2.7725896625042333E+04
   2.8000000000000000E+02   5.9905398855028612E-04   2.8503688944721576E+04
   2.9000000000000000E+02   5.8325146499457108E-04   2.9275963414667287E+04
   3.0000000000000000E+02   5.6836108583646541E-04   3.0042958563220887E+04
   3.1000000000000000E+02   5.5430309491259918E-04   3.0804894844443425E+04
   3.2000000000000000E+02   5.4100694628125617E-04   3.1561976547811570E+04
   3.3000000000000000E+02   5.2840999710035094E-04   3.2314393452872882E+04
   3.4000000000000000E+02   5.1645641862361113E-04   3.3062322269590091E+04
   3.5000000000000000E+02   5.0509628377766371E-04   3.3805927897597532E+04
   3.6000000000000000E+02   4.9428479861866447E-04   3.4545364531644307E+04
   3.7000000000000000E+02   4.8398165173690449E-04   3.5280776635752249E+04
   3.7299900000000002E+02   4.8098529235738897E-04   3.5500562744951145E+04
   3.7300099999999998E+02   4.8098330806813354E-04   3.5500709201977901E+04
   3.7899900000000002E+02   4.7511427055267380E-04   3.5939245796320705E+04
   3.7900099999999998E+02   4.7511234045476911E-04   3.5939391796028780E+04
   3.8000000000000000E+02   4.7415046090607302E-04   3.6012299804796952E+04
   3.9000000000000000E+02   4.6475830034172969E-04   3.6740061529136743E+04
   4.0000000000000000E+02   4.5577529512113115E-04   3.7464181875399983E+04
   4.1000000000000000E+02   4.4717427183096718E-04   3.8184774094486900E+04
   4.2000000000000000E+02   4.3893045650554547E-04   3.8901945166150545E+04
   4.3000000000000000E+02   4.3102121251192908E-04   3.9615796288122554E+04
   4.4000000000000000E+02   4.2342581231865018E-04   4.0326423316588305E+04
   4.5000000000000000E+02   4.1612523811831493E-04   4.1033917163844875E+04
   4.6000000000000000E+02   4.0910200711335331E-04   4.1738364158162090E+04
   4.7000000000000000E+02   4.0234001795842386E-04   4.2439846370182953E+04
   4.8000000000000000E+02   3.9582441541368199E-04   4.3138441909619352E+04
   4.9000000000000000E+02   3.8954147072460012E-04   4.3834225195509673E+04
   5.0000000000000000E+02   3.8347847562551031E-04   4.4527267202885101E+04
   5.1000000000000000E+02   3.7762364818064685E-04   4.5217635688334158E+04
   5.2000000000000000E+02   3.7196604894024931E-04   4.5905395396650943E+04
   5.3000000000000000E+02   3.6649550610995895E-04   4.6590608250484540E+04
   5.4000000000000000E+02   3.6120254861689169E-04   4.7273333524683869E+04
   5.5000000000000000E+02   3.5607834611176454E-04   4.7953628006833766E+04
   5.6000000000000000E+02   3.5111465507826634E-04   4.8631546145306718E+04
   5.7000000000000000E+02   3.4630377033259763E-04   4.9307140186006989E+04
   5.7699900000000002E+02   3.4302365449156096E-04   4.9778632835224031E+04
   5.7700099999999998E+02   3.4302272714820776E-04   4.9778767409060216E+04
   5.8000000000000000E+02   3.4163848129112383E-04   4.9980460298855069E+04
   5.9000000000000000E+02   3.3711203246513722E-04   5.0651554694945560E+04
   6.0000000000000000E+02   3.3271808771105030E-04   5.1320469735210769E+04
   6.0799900000000002E+02   3.2929474776872893E-04   5.1853996051964023E+04
   6.0800099999999998E+02   3.2929390170858246E-04   5.1854129281274581E+04
   6.1000000000000000E+02   3.2845069782374913E-04   5.1987250031342468E+04
   6.2000000000000000E+02   3.2430427111203677E-04   5.2651938539635230E+04
   6.3000000000000000E+02   3.2027354663910186E-04   5.3314576648358947E+04
   6.4000000000000000E+02   3.1635356984909755E-04   5.3975204259200073E+04
   6.5000000000000000E+02   3.1253967033389936E-04   5.4633859863261350E+04
   6.6000000000000000E+02   3.0882744152277756E-04   5.5290580612062528E+04
   6.7000000000000000E+02   3.0521272210267975E-04   5.5945402383940258E+04
   6.8000000000000000E+02   3.0169157899855872E-04   5.6598359846211475E+04
   6.9000000000000000E+02   2.9826029176222008E-04   5.7249486513427466E+04
   7.0000000000000000E+02   2.9491533823481161E-04   5.7898814802019027E+04
   7.1000000000000000E+02   2.9165338136270417E-04   5.8546376081603339E+04
   7.2000000000000000E+02   2.8847125705936045E-04   5.9192200723202339E+04
   7.2399900000000002E+02   2.8722039401851940E-04   5.9449986513252901E+04
   7.2400099999999998E+02   2.8721977147311842E-04   5.9450115370383792E+04
   7.3000000000000000E+02   2.8536596301712811E-04   5.9836318144596931E+04
   7.4000000000000000E+02   2.8233464838286554E-04   6.0478756853026862E+04
   7.5000000000000000E+02   2.7937460422017345E-04   6.1119544485422375E+04
   7.6000000000000000E+02   2.7648325468880450E-04   6.1758707846343852E+04
   7.7000000000000000E+02   2.7365814887878281E-04   6.2396272943787473E+04
   7.8000000000000000E+02   2.7089695324292428E-04   6.3032265023003383E+04
   7.9000000000000000E+02   2.6819744457694733E-04   6.3666708598460114E+04
   8.0000000000000000E+02   2.6555750350123959E-04   6.4299627484080702E+04
   8.1000000000000000E+02   2.6297510840273366E-04   6.4931044821862917E+04
   8.2000000000000000E+02   2.6044832979923456E-04   6.5560983108989560E+04
   8.3000000000000000E+02   2.5797532509204109E-04   6.6189464223526069E+04
   8.4000000000000000E+02   2.5555433367583871E-04   6.6816509448794895E+04
   8.5000000000000000E+02   2.5318367237765098E-04   6.7442139496509757E+04
   8.6000000000000000E+02   2.5086173119916199E-04   6.8066374528747576E+04
   8.7000000000000000E+02   2.4858696933900546E-04   6.8689234178828308E+04
   8.8000000000000000E+02   2.4635791147365870E-04   6.9310737571169477E+04
   8.9000000000000000E+02   2.4417314427743379E-04   6.9930903340176374E+04
   9.0000000000000000E+02   2.4203131316372447E-04   7.0549749648226061E+04
   9.1000000000000000E+02   2.3993111923118388E-04   7.1167294202797537E+04
   9.2000000000000000E+02   2.3787131639987355E-04   7.1783554272797715E+04
   9.3000000000000000E+02   2.3585070872366592E-04   7.2398546704128603E+04
   9.4000000000000000E+02   2.3386814786629912E-04   7.3012287934541499E+04
   9.5000000000000000E+02   2.3192253072952610E-04   7.3624794007813529E+04
   9.6000000000000000E+02   2.3001279722270165E-04   7.4236080587288627E+04
   9.7000000000000000E+02   2.2813792816401930E-04   7.4846162968815712E+04
   9.8000000000000000E+02   2.2629694330436912E-04   7.5455056093117310E+04
   9.9000000000000000E+02   2.2448889946550157E-04   7.6062774557617740E+04
   1.0000000000000000E+03   2.2271288878480275E-04   7.6669332627763579E+04
   1.1000000000000000E+03   2.0653707153072887E-04   8.2674013067875232E+04
   1.2000000000000000E+03   1.9277457814765718E-04   8.8576246488544974E+04
   1.3000000000000000E+03   1.8090837787367676E-04   9.4386168022883518E+04
   1.4000000000000000E+03   1.7056116428101903E-04   1.0011217162307087E+05
   1.5000000000000000E+03   1.6145079893609780E-04   1.0576131343574545E+05
   1.6000000000000000E+03   1.5336186233462848E-04   1.1133960093334519E+05
   1.7000000000000000E+03   1.4612688315658660E-04   1.1685220530184489E+05
   1.8000000000000000E+03   1.3961359803477556E-04   1.2230362078684471E+05
   1.9000000000000000E+03   1.3371608876970234E-04   1.2769778646562615E+05
   2.0000000000000000E+03   1.2834848195511950E-04   1.3303818082322922E+05
   2.1000000000000000E+03   1.2344038340434047E-04   1.3832789626714456E+05
   2.2000000000000000E+03   1.1893351256002710E-04   1.4356969859201027E+05
   2.3000000000000000E+03   1.1477918304127847E-04   1.4876607498235392E+05
   2.4000000000000000E+03   1.1093639022209720E-04   1.5391927316678612E+05
   2.5000000000000000E+03   1.0737034116545859E-04   1.5903133365683415E+05
   2.6000000000000000E+03   1.0405131152568151E-04   1.6410411652060453E+05
   2.7000000000000000E+03   1.0095374728833760E-04   1.6913932379313203E+05
   2.8000000000000000E+03   9.8055552042827408E-05   1.7413851837042597E+05
   2.9000000000000000E+03   9.5337516396474314E-05   1.7910314004533502E+05
   3.0000000000000000E+03   9.2782857394375286E-05   1.8403451920168285E+05
   3.1000000000000000E+03   9.0376843876248763E-05   1.8893388857562852E+05
   3.2000000000000000E+03   8.8106489554699906E-05   1.9380239341088702E+05
   3.3000000000000000E+03   8.5960299894946086E-05   1.9864110027070850E+05
   3.3569989999999998E+03   8.4788587326967282E-05   2.0138616633492752E+05
   3.3570010000000002E+03   8.4788546842199861E-05   2.0138626249263290E+05
   3.4000000000000000E+03   8.3928062062155952E-05   2.0345100471980957E+05
   3.5000000000000000E+03   8.2000669589262144E-05   2.0823303805031534E+05
   3.5299989999999998E+03   8.1441674316792774E-05   2.0966229751506160E+05
   3.5300010000000002E+03   8.1441637334529453E-05   2.0966239272172187E+05
   3.6000000000000000E+03   8.0169975222606620E-05   2.1298807319472914E+05
   3.7000000000000000E+03   7.8428666778970730E-05   2.1771692994417434E+05
   3.8000000000000000E+03   7.6770161905703158E-05   2.2242037957019944E+05
   3.8119989999999998E+03   7.6576433474725183E-05   2.2298307424265213E+05
   3.8120010000000002E+03   7.6576401275608207E-05   2.2298316800336659E+05
   3.9000000000000000E+03   7.5188518455530608E-05   2.2709914893230831E+05
   4.0000000000000000E+03   7.3678357827502473E-05   2.3175392414023587E+05
   4.1000000000000000E+03   7.2233993355858098E-05   2.3638799071527974E+05
   4.2000000000000000E+03   7.0853402406017709E-05   2.4099405209765802E+05
   4.3000000000000000E+03   6.9530119524201754E-05   2.4558060114924266E+05
   4.4000000000000000E+03   6.8261251498739114E-05   2.5014555367546351E+05
   4.5000000000000000E+03   6.7043411322110176E-05   2.5468943500941651E+05
   4.6000000000000000E+03   6.5873491465976542E-05   2.5921274507745614E+05
   4.7000000000000000E+03   6.4748635386402954E-05   2.6371596017169370E+05
   4.8000000000000000E+03   6.3666212465794209E-05   2.6819953456326836E+05
   4.9000000000000000E+03   6.2623795915516653E-05   2.7266390197374363E+05
   5.0000000000000000E+03   6.1619143237300487E-05   2.7710947691976093E+05
   5.1000000000000000E+03   6.0650178902871227E-05   2.8153665594420535E+05
   5.2000000000000000E+03   5.9714978962250848E-05   2.8594581874551729E+05
   5.3000000000000000E+03   5.8811757333708322E-05   2.9033732921538426E+05
   5.4000000000000000E+03   5.7938853563957680E-05   2.9471153639384831E+05
   5.5000000000000000E+03   5.7094721877129781E-05   2.9906877534982661E+05
   5.6000000000000000E+03   5.6277921356281312E-05   3.0340936799412104E+05
   5.7000000000000000E+03   5.5487107122545574E-05   3.0773362383122201E+05
   5.8000000000000000E+03   5.4721022395142422E-05   3.1204184065551974E+05
   5.9000000000000000E+03   5.3978491330881197E-05   3.1633430519691791E+05
   6.0000000000000000E+03   5.3258412554943750E-05   3.2061129372034082E+05
   6.1000000000000000E+03   5.2559753305999654E-05   3.2487307258314383E+05
   6.2000000000000000E+03   5.1881544128372168E-05   3.2911989875402173E+05
   6.3000000000000000E+03   5.1222874052287204E-05   3.3335202029667667E+05
   6.4000000000000000E+03   5.0582886210419784E-05   3.3756967682114500E+05
   6.5000000000000000E+03   4.9960773845152586E-05   3.4177309990543470E+05
   6.6000000000000000E+03   4.9355776666343073E-05   3.4596251348985848E+05
   6.7000000000000000E+03   4.8767177524071746E-05   3.5013813424620940E+05
   6.8000000000000000E+03   4.8194299364909530E-05   3.5430017192375078E+05
   6.9000000000000000E+03   4.7636502443797542E-05   3.5844882967379614E+05
   7.0000000000000000E+03   4.7093181766737124E-05   3.6258430435449479E+05
   7.1000000000000000E+03   4.6563764742208464E-05   3.6670678681730456E+05
   7.2000000000000000E+03   4.6047709021626975E-05   3.7081646217649005E+05
   7.3000000000000000E+03   4.5544500511246309E-05   3.7491351006288372E+05
   7.4000000000000000E+03   4.5053651539770409E-05   3.7899810486302647E+05
   7.5000000000000000E+03   4.4574699167570001E-05   3.8307041594472801E+05
   7.6000000000000000E+03   4.4107203624847720E-05   3.8713060786997719E+05
   7.7000000000000000E+03   4.3650746867372673E-05   3.9117884059608798E+05
   7.8000000000000000E+03   4.3204931239546218E-05   3.9521526966585917E+05
   7.9000000000000000E+03   4.2769378235566982E-05   3.9924004638749687E+05
   8.0000000000000000E+03   4.2343727350364343E-05   4.0325331800496863E+05
   8.1000000000000000E+03   4.1927635012770733E-05   4.0725522785941092E+05
   8.2000000000000000E+03   4.1520773594117661E-05   4.1124591554217204E+05
   8.3000000000000000E+03   4.1122830486082068E-05   4.1522551704001118E+05
   8.4000000000000000E+03   4.0733507242179071E-05   4.1919416487296578E+05
   8.5000000000000000E+03   4.0352518777816254E-05   4.2315198822531139E+05
   8.6000000000000000E+03   3.9979592624278329E-05   4.2709911307007435E+05
   8.7000000000000000E+03   3.9614468232433272E-05   4.3103566228745342E+05
   8.8000000000000000E+03   3.9256896322317723E-05   4.3496175577753969E+05
   8.9000000000000000E+03   3.8906638275099871E-05   4.3887751056765713E+05
   9.0000000000000000E+03   3.8563465564218813E-05   4.4278304091464909E+05
   9.1000000000000000E+03   3.8227159222775283E-05   4.4667845840239496E+05
   9.2000000000000000E+03   3.7897509344495502E-05   4.5056387203483301E+05
   9.3000000000000000E+03   3.7574314615813975E-05   4.5443938832474855E+05
   9.4000000000000000E+03   3.7257381876826215E-05   4.5830511137855408E+05
   9.5000000000000000E+03   3.6946525709044901E-05   4.6216114297729370E+05
   9.6000000000000000E+03   3.6641568048062382E-05   4.6600758265406999E+05
   9.7000000000000000E+03   3.6342337819373311E-05   4.6984452776809857E+05
   9.8000000000000000E+03   3.6048670595752387E-05   4.7367207357555471E+05
   9.9000000000000000E+03   3.5760408274705828E-05   4.7749031329739833E+05
   1.0000000000000000E+04   3.5477398774632374E-05   4.8129933818433114E+05
   1.1000000000000000E+04   3.2906528014750100E-05   5.1890155482457188E+05
   1.2000000000000000E+04   3.0729109544984347E-05   5.5567013830113446E+05
   1.3000000000000000E+04   2.8859334284398600E-05   5.9167160207028978E+05
   1.4000000000000000E+04   2.7234906490394762E-05   6.2696189380177518E+05
   1.5000000000000000E+04   2.5809459865716775E-05   6.6158876007372607E+05
   1.6000000000000000E+04   2.4547741843626368E-05   6.9559345456313784E+05
   1.7000000000000000E+04   2.3422451888495160E-05   7.2901200233094837E+05
   1.8000000000000000E+04   2.2412105209772496E-05   7.6187615535941394E+05
   1.9000000000000000E+04   2.1499552762806920E-05   7.9421412803858088E+05
   2.0000000000000000E+04   2.0670933134092487E-05   8.2605117243449553E+05
   2.1000000000000000E+04   1.9914915687882567E-05   8.5741003468680347E+05
   2.2000000000000000E+04   1.9222144458957332E-05   8.8831132172535837E+05
   2.3000000000000000E+04   1.8584823123601001E-05   9.1877379930768232E+05
   2.4000000000000000E+04   1.7996400866311759E-05   9.4881463674750971E+05
   2.5000000000000000E+04   1.7451331556019828E-05   9.7844960975725995E+05
   2.5519999000000000E+04   1.7183431238491949E-05   9.9370424414901168E+05
   2.5520001000000000E+04   1.7183430227396916E-05   9.9370430261984188E+05
   2.6000000000000000E+04   1.6944886960014324E-05   1.0076932700126863E+06
   2.7000000000000000E+04   1.6473010316778247E-05   1.0365590880095861E+06
   2.8000000000000000E+04   1.6032200416760409E-05   1.0650595742853445E+06
   2.9000000000000000E+04   1.5619419001593866E-05   1.0932063829640357E+06
   3.0000000000000000E+04   1.5232016169863851E-05   1.1210104007449187E+06
   3.1000000000000000E+04   1.4867669819976035E-05   1.1484818238154608E+06
   3.2000000000000000E+04   1.4524336132475014E-05   1.1756302246788100E+06
   3.3000000000000000E+04   1.4200208805790019E-05   1.2024646105041686E+06
   3.4000000000000000E+04   1.3893685286101063E-05   1.2289934743097902E+06
   3.5000000000000000E+04   1.3603338625788190E-05   1.2552248400522929E+06
   3.6000000000000000E+04   1.3327893902066068E-05   1.2811663025082441E+06
   3.7000000000000000E+04   1.3066208353603633E-05   1.3068250626833790E+06
   3.8000000000000000E+04   1.2817254566541062E-05   1.3322079593633432E+06
   3.9000000000000000E+04   1.2580106175606269E-05   1.3573214973210874E+06
   4.0000000000000000E+04   1.2353925650664478E-05   1.3821718726155467E+06
   4.1000000000000000E+04   1.2137953821126285E-05   1.4067649953497467E+06
   4.2000000000000000E+04   1.1931500855462420E-05   1.4311065102019294E+06
   4.3000000000000000E+04   1.1733938464582855E-05   1.4552018149976884E+06
   4.4000000000000000E+04   1.1544693139005155E-05   1.4790560775531873E+06
   4.5000000000000000E+04   1.1363240262823625E-05   1.5026742509877344E+06
   4.6000000000000000E+04   1.1189098974224040E-05   1.5260610876771980E+06
   4.7000000000000000E+04   1.1021827663997964E-05   1.5492211519970752E+06
   4.8000000000000000E+04   1.0861020021224306E-05   1.5721588319848576E+06
   4.9000000000000000E+04   1.0706301549807254E-05   1.5948783500348509E+06
   5.0000000000000000E+04   1.0557326491514264E-05   1.6173837727247376E+06
   5.1000000000000000E+04   1.0413775101043660E-05   1.6396790198610004E+06
   5.2000000000000000E+04   1.0275351226856114E-05   1.6617678728201070E+06
   5.3000000000000000E+04   1.0141780158343298E-05   1.6836539822532965E+06
   5.4000000000000000E+04   1.0012806705625816E-05   1.7053408752151607E+06
   5.5000000000000000E+04   9.8881934830740610E-06   1.7268319617693983E+06
   5.6000000000000000E+04   9.7677193716889094E-06   1.7481305411193161E+06
   5.7000000000000000E+04   9.6511781388963829E-06   1.7692398073055071E+06
   5.8000000000000000E+04   9.5383771972071548E-06   1.7901628545086060E+06
   5.9000000000000000E+04   9.4291364856543950E-06   1.8109026819911508E+06
   6.0000000000000000E+04   9.3232874600241091E-06   1.8314621987090386E+06
   6.1000000000000000E+04   9.2206721796880140E-06   1.8518442276200636E+06
   6.2000000000000000E+04   9.1211424803896383E-06   1.8720515097142451E+06
   6.3000000000000000E+04   9.0245592236581056E-06   1.8920867077883398E+06
   6.4000000000000000E+04   8.9307916146662579E-06   1.9119524099846843E+06
   6.5000000000000000E+04   8.8397165813353829E-06   1.9316511331127619E+06
   6.6000000000000000E+04   8.7512182083438718E-06   1.9511853257700417E+06
   6.7000000000000000E+04   8.6651872204382924E-06   1.9705573712772566E+06
   6.8000000000000000E+04   8.5815205100910137E-06   1.9897695904418535E+06
   6.9000000000000000E+04   8.4999963738047171E-06   2.0088536276738481E+06
   7.0000000000000000E+04   8.4208957723081756E-06   2.0277235358836199E+06
   7.1000000000000000E+04   8.3436365542833370E-06   2.0464995616289538E+06
   7.2000000000000000E+04   8.2686269324167044E-06   2.0650645736342962E+06
   7.3000000000000000E+04   8.1954225248159641E-06   2.0835104595312611E+06
   7.4000000000000000E+04   8.1240713975400193E-06   2.1018092671985342E+06
   7.5000000000000000E+04   8.0545033061066013E-06   2.1199629451745823E+06
   7.6000000000000000E+04   7.9866515537681640E-06   2.1379733967079017E+06
   7.7000000000000000E+04   7.9204527686192992E-06   2.1558424814278302E+06
   7.8000000000000000E+04   7.8558466973839038E-06   2.1735720169308339E+06
   7.9000000000000000E+04   7.7927760144388357E-06   2.1911637802875773E+06
   8.0000000000000000E+04   7.7311861447720946E-06   2.2086195094757373E+06
   8.1000000000000000E+04   7.6710250996992134E-06   2.2259409047431867E+06
   8.2000000000000000E+04   7.6122433242745680E-06   2.2431296299057011E+06
   8.3000000000000000E+04   7.5547935554339042E-06   2.2601873135832436E+06
   8.4000000000000000E+04   7.4986306899950133E-06   2.2771155503783738E+06
   8.5000000000000000E+04   7.4437116617234257E-06   2.2939159020002619E+06
   8.6000000000000000E+04   7.3899953267426630E-06   2.3105898983373959E+06
   8.7000000000000000E+04   7.3374423566330684E-06   2.3271390384819973E+06
   8.8000000000000000E+04   7.2860151386222192E-06   2.3435647917087744E+06
   8.9000000000000000E+04   7.2356776823217092E-06   2.3598685984107060E+06
   9.0000000000000000E+04   7.1863955325134415E-06   2.3760518709940938E+06
   9.1000000000000000E+04   7.1381356875305872E-06   2.3921159947352135E+06
   9.2000000000000000E+04   7.0908665228176236E-06   2.4080623286005883E+06
   9.3000000000000000E+04   7.0445577192885629E-06   2.4238922060328592E+06
   9.4000000000000000E+04   6.9991801961345076E-06   2.4396069357040473E+06
   9.5000000000000000E+04   6.9547060477602207E-06   2.4552078022379228E+06
   9.6000000000000000E+04   6.9111084845556058E-06   2.4706960669030971E+06
   9.7000000000000000E+04   6.8683617772319023E-06   2.4860729682783033E+06
   9.8000000000000000E+04   6.8264412044737815E-06   2.5013397228912939E+06
   9.9000000000000000E+04   6.7853230036783359E-06   2.5164975258326884E+06
   1.0000000000000000E+05   6.7449843245699737E-06   2.5315475513459835E+06
   1.1000000000000000E+05   6.3800159617617313E-06   2.6763645503509250E+06
   1.2000000000000000E+05   6.0732291422948841E-06   2.8115600697193444E+06
   1.3000000000000000E+05   5.8117890081928973E-06   2.9380365540905092E+06
   1.4000000000000000E+05   5.5864010455689782E-06   3.0565740646701162E+06
   1.5000000000000000E+05   5.3901630557845219E-06   3.1678538059080872E+06
   1.6000000000000000E+05   5.2177645874675959E-06   3.2725218366012000E+06
   1.7000000000000000E+05   5.0653785363557495E-06   3.3709718687711004E+06
   1.8000000000000000E+05   4.9296045740303586E-06   3.4638170859963596E+06
   1.9000000000000000E+05   4.8079826919042953E-06   3.5514371920438781E+06
   2.0000000000000000E+05   4.6984685037704372E-06   3.6342158167133774E+06
   2.1000000000000000E+05   4.5993936554961478E-06   3.7124999140544785E+06
   2.2000000000000000E+05   4.5093828116673290E-06   3.7866043456218890E+06
   2.3000000000000000E+05   4.4272917837807038E-06   3.8568157204562388E+06
   2.4000000000000000E+05   4.3521607568958093E-06   3.9233956428831760E+06
   2.5000000000000000E+05   4.2831784723149978E-06   3.9865834825937646E+06
   2.6000000000000000E+05   4.2196544764295974E-06   4.0465987549720295E+06
   2.7000000000000000E+05   4.1609973872105152E-06   4.1036431801701295E+06
   2.8000000000000000E+05   4.1066977048417103E-06   4.1579024749254859E+06
   2.9000000000000000E+05   4.0563140922939267E-06   4.2095479201601390E+06
   3.0000000000000000E+05   4.0094623329937649E-06   4.2587377390280906E+06
   3.1000000000000000E+05   3.9658063736858167E-06   4.3056183135997234E+06
   3.2000000000000000E+05   3.9250007628701736E-06   4.3503809508168893E+06
   3.3000000000000000E+05   3.8869358457161777E-06   4.3929844042964913E+06
   3.4000000000000000E+05   3.8512303502171223E-06   4.4337126055753855E+06
   3.5000000000000000E+05   3.8177296675631490E-06   4.4726185554230884E+06
   3.6000000000000000E+05   3.7862511621162969E-06   4.5098034492746321E+06
   3.7000000000000000E+05   3.7566314895435063E-06   4.5453616087339697E+06
   3.8000000000000000E+05   3.7287241227468933E-06   4.5793810399019513E+06
   3.9000000000000000E+05   3.7023972494107593E-06   4.6119439380659936E+06
   4.0000000000000000E+05   3.6775319775050368E-06   4.6431271448295033E+06
   4.1000000000000000E+05   3.6540207972756296E-06   4.6730025629474111E+06
   4.2000000000000000E+05   3.6317662578728818E-06   4.7016375334499357E+06
   4.3000000000000000E+05   3.6106351035901382E-06   4.7291537529654671E+06
   4.4000000000000000E+05   3.5906808873468435E-06   4.7554347173828278E+06
   4.5000000000000000E+05   3.5716959009975812E-06   4.7807117470339546E+06
   4.6000000000000000E+05   3.5536576319202112E-06   4.8049785092846956E+06
   4.7000000000000000E+05   3.5365045011603802E-06   4.8282841277678320E+06
   4.8000000000000000E+05   3.5201800069430305E-06   4.8506748282911042E+06
   4.9000000000000000E+05   3.5045890859812804E-06   4.8722541022098493E+06
   5.0000000000000000E+05   3.4898133179196122E-06   4.8928830843339358E+06
   5.1000000000000000E+05   3.4756792228593427E-06   4.9127803389994195E+06
   5.2000000000000000E+05   3.4621892151875141E-06   4.9319224021115070E+06
   5.3000000000000000E+05   3.4493056378642948E-06   4.9503437339071622E+06
   5.4000000000000000E+05   3.4369936142293501E-06   4.9680768913970795E+06
   5.5000000000000000E+05   3.4252207990658060E-06   4.9851526521704113E+06
   5.6000000000000000E+05   3.4139571558371120E-06   5.0016001289111851E+06
   5.7000000000000000E+05   3.4031747569437211E-06   5.0174468754190207E+06
   5.8000000000000000E+05   3.3928476042734288E-06   5.0327189848507168E+06
   5.9000000000000000E+05   3.3829514676823450E-06   5.0474411808308875E+06
   6.0000000000000000E+05   3.3734637393528924E-06   5.0616369020191645E+06
   6.1000000000000000E+05   3.3643633022397908E-06   5.0753283806670001E+06
   6.2000000000000000E+05   3.3556304110418396E-06   5.0885367156482292E+06
   6.3000000000000000E+05   3.3472465843320728E-06   5.1012819404039942E+06
   6.4000000000000000E+05   3.3391945066470653E-06   5.1135830862029269E+06
   6.5000000000000000E+05   3.3314579394810416E-06   5.1254582410822986E+06
   6.6000000000000000E+05   3.3240216402561182E-06   5.1369246048038667E+06
   6.7000000000000000E+05   3.3168712884491417E-06   5.1479985401290553E+06
   6.8000000000000000E+05   3.3099934181502477E-06   5.1586956206923425E+06
   6.9000000000000000E+05   3.3033753564109787E-06   5.1690306757279681E+06
   7.0000000000000000E+05   3.2970051668120567E-06   5.1790178318836475E+06
   7.1000000000000000E+05   3.2908715977439616E-06   5.1886705523357401E+06
   7.2000000000000000E+05   3.2849640349490090E-06   5.1980016734025553E+06
   7.3000000000000000E+05   3.2792724579222372E-06   5.2070234388365271E+06
   7.4000000000000000E+05   3.2737873998112594E-06   5.2157475319614774E+06
   7.5000000000000000E+05   3.2684999104930477E-06   5.2241851058078762E+06
   7.6000000000000000E+05   3.2634015225390905E-06   5.2323468113867752E+06
   7.7000000000000000E+05   3.2584842198096829E-06   5.2402428242323874E+06
   7.8000000000000000E+05   3.2537404084445639E-06   5.2478828693328081E+06
   7.9000000000000000E+05   3.2491628900401515E-06   5.2552762445594575E+06
   8.0000000000000000E+05   3.2447448368244007E-06   5.2624318426972311E+06
   8.1000000000000000E+05   3.2404797686586977E-06   5.2693581721696593E+06
   8.2000000000000000E+05   3.2363615317125876E-06   5.2760633765463280E+06
   8.3000000000000000E+05   3.2323842786718256E-06   5.2825552529132813E+06
   8.4000000000000000E+05   3.2285424503533238E-06   5.2888412691812329E+06
   8.5000000000000000E+05   3.2248307586124124E-06   5.2949285804007081E+06
   8.6000000000000000E+05   3.2212441704380830E-06   5.3008240441487422E+06
   8.7000000000000000E+05   3.2177778931418015E-06   5.3065342350463113E+06
   8.8000000000000000E+05   3.2144273605534668E-06   5.3120654584622830E+06
   8.9000000000000000E+05   3.2111882201461313E-06   5.3174237634551106E+06
   9.0000000000000000E+05   3.2080563210178331E-06   5.3226149550001128E+06
   9.1000000000000000E+05   3.2050277026650815E-06   5.3276446055469513E+06
   9.2000000000000000E+05   3.2020985844883024E-06   5.3325180659485515E+06
   9.3000000000000000E+05   3.1992653559744706E-06   5.3372404758001631E+06
   9.4000000000000000E+05   3.1965245675069146E-06   5.3418167732243538E+06
   9.5000000000000000E+05   3.1938729217562983E-06   5.3462517041356005E+06
   9.6000000000000000E+05   3.1913072656107440E-06   5.3505498310155170E+06
   9.7000000000000000E+05   3.1888245826063366E-06   5.3547155412280364E+06
   9.8000000000000000E+05   3.1864219858225055E-06   5.3587530549016576E+06
   9.9000000000000000E+05   3.1840967112095366E-06   5.3626664324042527E+06
   1.0000000000000000E+06   3.1818461113181060E-06   5.3664595814341865E+06
   1.1000000000000000E+06   3.1629373195138506E-06   5.3985415535697863E+06
   1.2000000000000000E+06   3.1492605247792750E-06   5.4219866588931791E+06
   1.3000000000000000E+06   3.1394192613696649E-06   5.4389831778258812E+06
   1.4000000000000000E+06   3.1324431780562366E-06   5.4510960231776014E+06
   1.5000000000000000E+06   3.1276411716582016E-06   5.4594653330002259E+06
   1.6000000000000000E+06   3.1245105498979451E-06   5.4649354764668290E+06
   1.7000000000000000E+06   3.1226789641215485E-06   5.4681408966213269E+06
   1.8000000000000000E+06   3.1218662191744944E-06   5.4695644694369109E+06
   1.9000000000000000E+06   3.1218585258783739E-06   5.4695779482601071E+06
   2.0000000000000000E+06   3.1224907595813545E-06   5.4684704825264262E+06
   2.1000000000000000E+06   3.1236339966803823E-06   5.4664690449901447E+06
   2.2000000000000000E+06   3.1251866064884869E-06   5.4637532732543601E+06
   2.3000000000000000E+06   3.1270677847316562E-06   5.4604663941422813E+06
   2.4000000000000000E+06   3.1292127932313994E-06   5.4567233611170640E+06
   2.5000000000000000E+06   3.1315694107605539E-06   5.4526169824175006E+06
   2.6000000000000000E+06   3.0589797689577657E-06   5.5820076758957841E+06
   2.7000000000000000E+06   3.0516710179743506E-06   5.5953765822589984E+06
   2.8000000000000000E+06   3.0504245418048147E-06   5.5976629864869276E+06
   2.9000000000000000E+06   3.0505594723346072E-06   5.5974153939914480E+06
   3.0000000000000000E+06   3.0515251493858739E-06   5.5956440516862832E+06
   3.1000000000000000E+06   3.0532680474936261E-06   5.5924498881612867E+06
   3.2000000000000000E+06   3.0550647588490163E-06   5.5891609175463738E+06
   3.3000000000000000E+06   3.0571276997349821E-06   5.5853893680046098E+06
   3.4000000000000000E+06   3.0594378087741282E-06   5.5811719727599109E+06
   3.5000000000000000E+06   3.0617635479374741E-06   5.5769324715602966E+06
   3.6000000000000000E+06   3.0640990919041736E-06   5.5726815741199832E+06
   3.7000000000000000E+06   3.0666482576468554E-06   5.5680492564330110E+06
   3.8000000000000000E+06   3.0691923680461189E-06   5.5634337972769197E+06
   3.9000000000000000E+06   3.0719330696874991E-06   5.5584702411726648E+06
   4.0000000000000000E+06   3.0744543885858000E-06   5.5539118141175294E+06
   4.1000000000000000E+06   3.0771632259514593E-06   5.5490226864557993E+06
   4.2000000000000000E+06   3.0796514976041518E-06   5.5445392324475795E+06
   4.3000000000000000E+06   3.0823198849172006E-06   5.5397392834815551E+06
   4.4000000000000000E+06   3.0849651778727538E-06   5.5349890732012875E+06
   4.5000000000000000E+06   3.0875862060890613E-06   5.5302904634882351E+06
   4.6000000000000000E+06   3.0901820318746973E-06   5.5256448890725207E+06
   4.7000000000000000E+06   3.0927519150474457E-06   5.5210534241865333E+06
   4.8000000000000000E+06   3.0952952829280104E-06   5.5165168392528100E+06
   4.9000000000000000E+06   3.0978117046671133E-06   5.5120356492316378E+06
   5.0000000000000000E+06   3.1004928530874151E-06   5.5072691213362841E+06
   5.1000000000000000E+06   3.1029535481399860E-06   5.5029017630533436E+06
   5.2000000000000000E+06   3.1053866899593854E-06   5.4985901130900644E+06
   5.3000000000000000E+06   3.1079824642682185E-06   5.4939977129995050E+06
   5.4000000000000000E+06   3.1103594978384422E-06   5.4897990288899653E+06
   5.5000000000000000E+06   3.1128985808001372E-06   5.4853211910113534E+06
   5.6000000000000000E+06   3.1152199096544362E-06   5.4812337638874026E+06
   5.7000000000000000E+06   3.1175457621946096E-06   5.4771444762087362E+06
   5.8000000000000000E+06   3.1199693136330760E-06   5.4728899018717390E+06
   5.9000000000000000E+06   3.1223972256240773E-06   5.4686342950228918E+06
   6.0000000000000000E+06   3.1246096432087844E-06   5.4647621624814915E+06
   6.1000000000000000E+06   3.1269835898065333E-06   5.4606134187575346E+06
   6.2000000000000000E+06   3.1291432076294691E-06   5.4568447072346620E+06
   6.3000000000000000E+06   3.1314644838162437E-06   5.4527996849330207E+06
   6.4000000000000000E+06   3.1335867614614061E-06   5.4491066788809141E+06
   6.5000000000000000E+06   3.1358425589627522E-06   5.4451868133265488E+06
   6.6000000000000000E+06   3.1380875430185249E-06   5.4412913332263138E+06
   6.7000000000000000E+06   3.1403078805595047E-06   5.4374440978984153E+06
   6.8000000000000000E+06   3.1421342195574367E-06   5.4342836294043390E+06
   6.9000000000000000E+06   3.1444884267953236E-06   5.4302151043800274E+06
   7.0000000000000000E+06   3.1466368515304235E-06   5.4265075241927924E+06
   7.1000000000000000E+06   3.1487621005020466E-06   5.4228449167403411E+06
   7.2000000000000000E+06   3.1506769572128902E-06   5.4195491263049198E+06
   7.3000000000000000E+06   3.1527567776875213E-06   5.4159739411476208E+06
   7.4000000000000000E+06   3.1548145127376001E-06   5.4124413596395748E+06
   7.5000000000000000E+06   3.1568505189442559E-06   5.4089506133608846E+06
   7.6000000000000000E+06   3.1586773493798983E-06   5.4058223306930410E+06
   7.7000000000000000E+06   3.1606707866884326E-06   5.4024128747121468E+06
   7.8000000000000000E+06   3.1626435418224346E-06   5.3990430236386228E+06
   7.9000000000000000E+06   3.1645959537639223E-06   5.3957120593619915E+06
   8.0000000000000000E+06   3.1665283564738591E-06   5.3924192770364415E+06
   8.1000000000000000E+06   3.1682527656639865E-06   5.3894843037100965E+06
   8.2000000000000000E+06   3.1701459726946740E-06   5.3862657107293801E+06
   8.3000000000000000E+06   3.1720201424550565E-06   5.3830832667778675E+06
   8.4000000000000000E+06   3.1738755875271432E-06   5.3799363207037272E+06
   8.5000000000000000E+06   3.1757126149902067E-06   5.3768242347032456E+06
   8.6000000000000000E+06   3.1775315264005012E-06   5.3737463842176106E+06
   8.7000000000000000E+06   3.1791434904973690E-06   5.3710216609508181E+06
   8.8000000000000000E+06   3.1809269015094475E-06   5.3680103565502968E+06
   8.9000000000000000E+06   3.1826930695528179E-06   5.3650314930089395E+06
   9.0000000000000000E+06   3.1844422741850100E-06   5.3620844972302737E+06
   9.1000000000000000E+06   3.1861747895653924E-06   5.3591688085201671E+06
   9.2000000000000000E+06   3.1878908845116638E-06   5.3562838783761654E+06
   9.3000000000000000E+06   3.1895908225635144E-06   5.3534291702684825E+06
   9.4000000000000000E+06   3.1910846123402386E-06   5.3509231578192851E+06
   9.5000000000000000E+06   3.1927528633258099E-06   5.3481272374289893E+06
   9.6000000000000000E+06   3.1944057184524211E-06   5.3453599998576660E+06
   9.7000000000000000E+06   3.1960434208642946E-06   5.3426209541654345E+06
   9.8000000000000000E+06   3.1976662088179985E-06   5.3399096202239133E+06
   9.9000000000000000E+06   3.1992743157691704E-06   5.3372255284795500E+06
   1.0000000000000000E+07   3.2008679704607988E-06   5.3345682197176022E+06
   1.1000000000000000E+07   3.2158640360928805E-06   5.3096923125760509E+06
   1.2000000000000000E+07   3.2293477013301801E-06   5.2875224751112442E+06
   1.3000000000000000E+07   3.2423360876719813E-06   5.2663413319969252E+06
   1.4000000000000000E+07   3.2543108955976382E-06   5.2469629050596207E+06
   1.5000000000000000E+07   3.2652729725643002E-06   5.2293479577980097E+06
   1.6000000000000000E+07   3.2757151735181920E-06   5.2126780401340444E+06
   1.7000000000000000E+07   3.2853138585331278E-06   5.1974481848611413E+06
   1.8000000000000000E+07   3.2945424439628447E-06   5.1828892300422676E+06
   1.9000000000000000E+07   3.3032556155725759E-06   5.1692180496822940E+06
   2.0000000000000000E+07   3.3115027890309678E-06   5.1563443060631761E+06
   2.1000000000000000E+07   3.3187069576667600E-06   5.1451510388060985E+06
   2.2000000000000000E+07   3.3265552409735681E-06   5.1330121744002132E+06
   2.3000000000000000E+07   3.3336397354218800E-06   5.1221037382347034E+06
   2.4000000000000000E+07   3.3404001108881331E-06   5.1117375116456505E+06
   2.5000000000000000E+07   3.3468619429773412E-06   5.1018682101784451E+06
   2.6000000000000000E+07   3.3530479835450229E-06   5.0924557699527126E+06
   2.7000000000000000E+07   3.3587627861823601E-06   5.0837911569635561E+06
   2.8000000000000000E+07   3.3644555358060051E-06   5.0751892450382849E+06
   2.9000000000000000E+07   3.3699274654031018E-06   5.0669483916294510E+06
   3.0000000000000000E+07   3.3751933837878831E-06   5.0590430263196044E+06
   3.1000000000000000E+07   3.3802667057017120E-06   5.0514500888140704E+06
   3.2000000000000000E+07   3.3851596192584797E-06   5.0441487171209073E+06
   3.3000000000000000E+07   3.3898832291650003E-06   5.0371199821352409E+06
   3.4000000000000000E+07   3.3944476797788226E-06   5.0303466606516549E+06
   3.5000000000000000E+07   3.3988622612973318E-06   5.0238130403715167E+06
   3.6000000000000000E+07   3.4025943080981376E-06   5.0183028020981681E+06
   3.7000000000000000E+07   3.4067275969654923E-06   5.0122142333721546E+06
   3.8000000000000000E+07   3.4110640483596721E-06   5.0058422558624726E+06
   3.9000000000000000E+07   3.4149575366476715E-06   5.0001349555562129E+06
   4.0000000000000000E+07   3.4187376429768119E-06   4.9946062944637537E+06
   4.1000000000000000E+07   3.4224101022266161E-06   4.9892467707546279E+06
   4.2000000000000000E+07   3.4259802414230909E-06   4.9840475856449790E+06
   4.3000000000000000E+07   3.4294530169353931E-06   4.9790005771797504E+06
   4.4000000000000000E+07   3.4322455767929779E-06   4.9749495392130222E+06
   4.5000000000000000E+07   3.4361246439976576E-06   4.9693332808982348E+06
   4.6000000000000000E+07   3.4393318352592707E-06   4.9646993569159228E+06
   4.7000000000000000E+07   3.4424583922525233E-06   4.9601902492594002E+06
   4.8000000000000000E+07   3.4455078490197222E-06   4.9558002184177935E+06
   4.9000000000000000E+07   3.4484835218319375E-06   4.9515238923517540E+06
   5.0000000000000000E+07   3.4513885264151573E-06   4.9473562364964029E+06
   5.1000000000000000E+07   3.4536061715429421E-06   4.9441794178586314E+06
   5.2000000000000000E+07   3.4569980830182735E-06   4.9393283249448361E+06
   5.3000000000000000E+07   3.4597079966999557E-06   4.9354594569886802E+06
   5.4000000000000000E+07   3.4623579898947747E-06   4.9316819926096359E+06
   5.5000000000000000E+07   3.4643151114989269E-06   4.9288959003917240E+06
   5.6000000000000000E+07   3.4674873664393547E-06   4.9243866656870199E+06
   5.7000000000000000E+07   3.4699710188736111E-06   4.9208620065867184E+06
   5.8000000000000000E+07   3.4724033058791677E-06   4.9174151291187434E+06
   5.9000000000000000E+07   3.4747860920375953E-06   4.9140430801941333E+06
   6.0000000000000000E+07   3.4771211467817055E-06   4.9107430629894435E+06
   6.1000000000000000E+07   3.4794101506307196E-06   4.9075124263912654E+06
   6.2000000000000000E+07   3.4816547009277252E-06   4.9043486553052701E+06
   6.3000000000000000E+07   3.4838563171262499E-06   4.9012493617466763E+06
   6.4000000000000000E+07   3.4860164456675166E-06   4.8982122766384482E+06
   6.5000000000000000E+07   3.4881364644856424E-06   4.8952352422513552E+06
   6.6000000000000000E+07   3.4902176871741842E-06   4.8923162052269997E+06
   6.7000000000000000E+07   3.4922613668439221E-06   4.8894532101311916E+06
   6.8000000000000000E+07   3.4942686996988473E-06   4.8866443934903424E+06
   6.9000000000000000E+07   3.4962408283545095E-06   4.8838879782685190E+06
   7.0000000000000000E+07   3.4981788449205856E-06   4.8811822687469814E+06
   7.1000000000000000E+07   3.5000837938673631E-06   4.8785256457717912E+06
   7.2000000000000000E+07   3.5017174872391329E-06   4.8762496154979179E+06
   7.3000000000000000E+07   3.5035590418381211E-06   4.8736865418353938E+06
   7.4000000000000000E+07   3.5053704054383455E-06   4.8711681151415734E+06
   7.5000000000000000E+07   3.5071524567928851E-06   4.8686929812987428E+06
   7.6000000000000000E+07   3.5089060386789076E-06   4.8662598435268840E+06
   7.7000000000000000E+07   3.5106319597885456E-06   4.8638674592823582E+06
   7.8000000000000000E+07   3.5123309964987017E-06   4.8615146373601379E+06
   7.9000000000000000E+07   3.5140038945288197E-06   4.8592002351840651E+06
   8.0000000000000000E+07   3.5156513704950103E-06   4.8569231562707340E+06
   8.1000000000000000E+07   3.5172741133681775E-06   4.8546823478539549E+06
   8.2000000000000000E+07   3.5188727858430770E-06   4.8524767986578830E+06
   8.3000000000000000E+07   3.5204480256247510E-06   4.8503055368078966E+06
   8.4000000000000000E+07   3.5220004466381970E-06   4.8481676278691972E+06
   8.5000000000000000E+07   3.5229814494510340E-06   4.8468176161963316E+06
   8.6000000000000000E+07   3.5250391759236120E-06   4.8439883072386542E+06
   8.7000000000000000E+07   3.5265266030625801E-06   4.8419451978338445E+06
   8.8000000000000000E+07   3.5279934511297866E-06   4.8399320427491358E+06
   8.9000000000000000E+07   3.5294402309626077E-06   4.8379480691971127E+06
   9.0000000000000000E+07   3.5308674355380697E-06   4.8359925322798360E+06
   9.1000000000000000E+07   3.5322755407743641E-06   4.8340647137026107E+06
   9.2000000000000000E+07   3.5336650062885376E-06   4.8321639205597909E+06
   9.3000000000000000E+07   3.5344760538135892E-06   4.8310550957923457E+06
   9.4000000000000000E+07   3.5363897793746088E-06   4.8284407590816589E+06
   9.5000000000000000E+07   3.5377259309353589E-06   4.8266171218688898E+06
   9.6000000000000000E+07   3.5390451320025311E-06   4.8248179703405797E+06
   9.7000000000000000E+07   3.5403477707048395E-06   4.8230427225325070E+06
   9.8000000000000000E+07   3.5416342226397872E-06   4.8212908158553364E+06
   9.9000000000000000E+07   3.5429048513929571E-06   4.8195617062701294E+06
   1.0000000000000000E+08   3.5441600090311462E-06   4.8178548675063783E+06
   1.1000000000000000E+08   3.5553542304296995E-06   4.8026855958789932E+06
   1.2000000000000000E+08   3.5664716064258930E-06   4.7877147037892621E+06
   1.3000000000000000E+08   3.5760006264012345E-06   4.7749568119947761E+06
   1.4000000000000000E+08   3.5846846001441758E-06   4.7633893788160309E+06
   1.5000000000000000E+08   3.5926536023194957E-06   4.7528235228990633E+06
   1.6000000000000000E+08   3.5992547065736884E-06   4.7441067506408701E+06
   1.7000000000000000E+08   3.6060842196373374E-06   4.7351219524344364E+06
   1.8000000000000000E+08   3.6132069757790136E-06   4.7257875524971010E+06
   1.9000000000000000E+08   3.6191696217618505E-06   4.7180017338948995E+06
   2.0000000000000000E+08   3.6247739372034461E-06   4.7107071631357800E+06
   2.1000000000000000E+08   3.6293160261946393E-06   4.7048117131413501E+06
   2.2000000000000000E+08   3.6350586717764139E-06   4.6973790776223345E+06
   2.3000000000000000E+08   3.6398009124549679E-06   4.6912589346034499E+06
   2.4000000000000000E+08   3.6443104496373653E-06   4.6854538839936834E+06
   2.5000000000000000E+08   3.6486085625475048E-06   4.6799343525110846E+06
   2.6000000000000000E+08   3.6527138065046280E-06   4.6746746269376865E+06
   2.7000000000000000E+08   3.6566424500966447E-06   4.6696522243460976E+06
   2.8000000000000000E+08   3.6604088292510316E-06   4.6648473837896362E+06
   2.9000000000000000E+08   3.6640256362749958E-06   4.6602426526937680E+06
   3.0000000000000000E+08   3.6675041575452857E-06   4.6558225477679819E+06
   3.1000000000000000E+08   3.6708544703088076E-06   4.6515732750624996E+06
   3.2000000000000000E+08   3.6740856066690258E-06   4.6474824973424627E+06
   3.3000000000000000E+08   3.6772056910459135E-06   4.6435391396001624E+06
   3.4000000000000000E+08   3.6802220560455097E-06   4.6397332255217060E+06
   3.5000000000000000E+08   3.6831413406440923E-06   4.6360557392419018E+06
   3.6000000000000000E+08   3.6853155791106729E-06   4.6333205892920299E+06
   3.7000000000000000E+08   3.6887122459762154E-06   4.6290541012946926E+06
   3.8000000000000000E+08   3.6913743706264536E-06   4.6257157460391549E+06
   3.9000000000000000E+08   3.6939605372177082E-06   4.6224772513658842E+06
   4.0000000000000000E+08   3.6964749571889491E-06   4.6193329451682093E+06
   4.1000000000000000E+08   3.6989215039053889E-06   4.6162776184095284E+06
   4.2000000000000000E+08   3.7013037475266696E-06   4.6133064767090222E+06
   4.3000000000000000E+08   3.7036249855383406E-06   4.6104150980205638E+06
   4.4000000000000000E+08   3.7058882695724114E-06   4.6075993955161301E+06
   4.5000000000000000E+08   3.7080964290407306E-06   4.6048555849313382E+06
   4.6000000000000000E+08   3.7102520920212505E-06   4.6021801557505485E+06
   4.7000000000000000E+08   3.7123577037684785E-06   4.5995698457071586E+06
   4.8000000000000000E+08   3.7144155431625559E-06   4.5970216181557924E+06
   4.9000000000000000E+08   3.7164277373642680E-06   4.5945326419402184E+06
   5.0000000000000000E+08   3.7183962749039138E-06   4.5921002734366711E+06
   5.1000000000000000E+08   3.7203230173992385E-06   4.5897220404987661E+06
   5.2000000000000000E+08   3.7222097100698565E-06   4.5873956280694613E+06
   5.3000000000000000E+08   3.7235048804066427E-06   4.5857999651305359E+06
   5.4000000000000000E+08   3.7258694006215428E-06   4.5828897137091551E+06
   5.5000000000000000E+08   3.7271026598818103E-06   4.5813732834699089E+06
   5.6000000000000000E+08   3.7288496576364553E-06   4.5792268711512946E+06
   5.7000000000000000E+08   3.7310964774848632E-06   4.5764693177386308E+06
   5.8000000000000000E+08   3.7327740847019223E-06   4.5744125316107068E+06
   5.9000000000000000E+08   3.7344212884490709E-06   4.5723948188565569E+06
   6.0000000000000000E+08   3.7360391766226875E-06   4.5704147476761406E+06
   6.1000000000000000E+08   3.7376287796900700E-06   4.5684709630655367E+06
   6.2000000000000000E+08   3.7391910746526077E-06   4.5665621814521868E+06
   6.3000000000000000E+08   3.7407269886744293E-06   4.5646871857876405E+06
   6.4000000000000000E+08   3.7422374024094624E-06   4.5628448210522821E+06
   6.5000000000000000E+08   3.7437231530565334E-06   4.5610339901312422E+06
   6.6000000000000000E+08   3.7451850371685002E-06   4.5592536500257105E+06
   6.7000000000000000E+08   3.7466238132388194E-06   4.5575028083674163E+06
   6.8000000000000000E+08   3.7480402040861349E-06   4.5557805202080337E+06
   6.9000000000000000E+08   3.7494348990555943E-06   4.5540858850577893E+06
   7.0000000000000000E+08   3.7508085560533722E-06   4.5524180441506887E+06
   7.1000000000000000E+08   3.7521618034293575E-06   4.5507761779158665E+06
   7.2000000000000000E+08   3.7530282499833411E-06   4.5497255585027775E+06
   7.3000000000000000E+08   3.7548094452722380E-06   4.5475672732825298E+06
   7.4000000000000000E+08   3.7561049637328803E-06   4.5459987714939928E+06
   7.5000000000000000E+08   3.7573823234571599E-06   4.5444533137158258E+06
   7.6000000000000000E+08   3.7586420288013087E-06   4.5429302444579247E+06
   7.7000000000000000E+08   3.7594360726229397E-06   4.5419707160544535E+06
   7.8000000000000000E+08   3.7611103909620855E-06   4.5399487852746435E+06
   7.9000000000000000E+08   3.7623199569871076E-06   4.5384892156822672E+06
   8.0000000000000000E+08   3.7635136890842671E-06   4.5370496725592846E+06
   8.1000000000000000E+08   3.7646919982234258E-06   4.5356296235628407E+06
   8.2000000000000000E+08   3.7658552795286518E-06   4.5342285572029101E+06
   8.3000000000000000E+08   3.7670039130835308E-06   4.5328459817698961E+06
   8.4000000000000000E+08   3.7681382646860021E-06   4.5314814243301218E+06
   8.5000000000000000E+08   3.7692586865564362E-06   4.5301344297841135E+06
   8.6000000000000000E+08   3.7703655180024060E-06   4.5288045599830514E+06
   8.7000000000000000E+08   3.7714590860432633E-06   4.5274913928991463E+06
   8.8000000000000000E+08   3.7725397059973997E-06   4.5261945218460551E+06
   8.9000000000000000E+08   3.7736076820348455E-06   4.5249135547457486E+06
   9.0000000000000000E+08   3.7742564862951583E-06   4.5241357106319414E+06
   9.1000000000000000E+08   3.7757068663900975E-06   4.5223978330334676E+06
   9.2000000000000000E+08   3.7767386318413187E-06   4.5211623612956395E+06
   9.3000000000000000E+08   3.7777588685413429E-06   4.5199413580690501E+06
   9.4000000000000000E+08   3.7787678321531833E-06   4.5187344947314467E+06
   9.5000000000000000E+08   3.7797657699020944E-06   4.5175414536796687E+06
   9.6000000000000000E+08   3.7807529209435314E-06   4.5163619278434170E+06
   9.7000000000000000E+08   3.7817295167113333E-06   4.5151956202254081E+06
   9.8000000000000000E+08   3.7826957812472803E-06   4.5140422434663465E+06
   9.9000000000000000E+08   3.7836519315132390E-06   4.5129015194331203E+06
   1.0000000000000000E+09   3.7845981776869973E-06   4.5117731788286967E+06
   1.1000000000000000E+09   3.7935578241482256E-06   4.5011172472548494E+06
   1.2000000000000000E+09   3.8017170954160014E-06   4.4914569185910737E+06
   1.3000000000000000E+09   3.8092075707392129E-06   4.4826248592744833E+06
   1.4000000000000000E+09   3.8161307766799544E-06   4.4744925030026566E+06
   1.5000000000000000E+09   3.8225667085311561E-06   4.4669589447906399E+06
   1.6000000000000000E+09   3.8283025429606696E-06   4.4602662300369777E+06
   1.7000000000000000E+09   3.8342214858142261E-06   4.4533808529076418E+06
   1.8000000000000000E+09   3.8392799986620328E-06   4.4475132203649608E+06
   1.9000000000000000E+09   3.8445582066479470E-06   4.4414072132412829E+06
   2.0000000000000000E+09   3.8493193551379297E-06   4.4359137227574391E+06
   2.1000000000000000E+09   3.8538450192782675E-06   4.4307045211511757E+06
   2.2000000000000000E+09   3.8581574025357052E-06   4.4257521840632418E+06
   2.3000000000000000E+09   3.8622757078221356E-06   4.4210330495438846E+06
   2.4000000000000000E+09   3.8662166552098663E-06   4.4165265616252124E+06
   2.5000000000000000E+09   3.8699948925229267E-06   4.4122147509090034E+06
   2.6000000000000000E+09   3.8736233243659919E-06   4.4080818192426907E+06
   2.7000000000000000E+09   3.8771133783040270E-06   4.4041138044308154E+06
   2.8000000000000000E+09   3.8804752220777064E-06   4.4002983071721904E+06
   2.9000000000000000E+09   3.8837179422857786E-06   4.3966242668700218E+06
   3.0000000000000000E+09   3.8868496924603845E-06   4.3930817761886464E+06
   3.1000000000000000E+09   3.8898778166212443E-06   4.3896619265958732E+06
   3.2000000000000000E+09   3.8928089530274430E-06   4.3863566788842063E+06
   3.3000000000000000E+09   3.8956491218185720E-06   4.3831587539796373E+06
   3.4000000000000000E+09   3.8984037994578126E-06   4.3800615403429922E+06
   3.5000000000000000E+09   3.9010779822931841E-06   4.3770590150301885E+06
   3.6000000000000000E+09   3.9036762410918761E-06   4.3741456760656303E+06
   3.7000000000000000E+09   3.9062027680441243E-06   4.3713164842392225E+06
   3.8000000000000000E+09   3.9086614174512022E-06   4.3685668127956586E+06
   3.9000000000000000E+09   3.9108991792535032E-06   4.3660671799755823E+06
   4.0000000000000000E+09   3.9133890190647952E-06   4.3632893299252754E+06
   4.1000000000000000E+09   3.9156642868320581E-06   4.3607539615064329E+06
   4.2000000000000000E+09   3.9178843589351282E-06   4.3582829370117430E+06
   4.3000000000000000E+09   3.9200518499364357E-06   4.3558731374966484E+06
   4.4000000000000000E+09   3.9221691929246707E-06   4.3535216638626298E+06
   4.5000000000000000E+09   3.9242386559297269E-06   4.3512258167404216E+06
   4.6000000000000000E+09   3.9262623565227195E-06   4.3489830786180049E+06
   4.7000000000000000E+09   3.9282422748364668E-06   4.3467910979199987E+06
   4.8000000000000000E+09   3.9301802652073697E-06   4.3446476747883251E+06
   4.9000000000000000E+09   3.9320780666100787E-06   4.3425507483510021E+06
   5.0000000000000000E+09   3.9338005421602036E-06   4.3406492951865504E+06
   5.1000000000000000E+09   3.9357595369158809E-06   4.3384887695940332E+06
   5.2000000000000000E+09   3.9375461867747451E-06   4.3365201932319542E+06
   5.3000000000000000E+09   3.9392986240824059E-06   4.3345910478440952E+06
   5.4000000000000000E+09   3.9408865844914446E-06   4.3328444462036332E+06
   5.5000000000000000E+09   3.9427059326075694E-06   4.3308450700098705E+06
   5.6000000000000000E+09   3.9443631669248171E-06   4.3290254543282092E+06
   5.7000000000000000E+09   3.9459909247371208E-06   4.3272396912239986E+06
   5.8000000000000000E+09   3.9475902363137383E-06   4.3254865699224742E+06
   5.9000000000000000E+09   3.9491620788372083E-06   4.3237649430078082E+06
   6.0000000000000000E+09   3.9507073799888855E-06   4.3220737220938392E+06
   6.1000000000000000E+09   3.9522270212368360E-06   4.3204118738575196E+06
   6.2000000000000000E+09   3.9537218408551699E-06   4.3187784163993867E+06
   6.3000000000000000E+09   3.9551926367008018E-06   4.3171724158991585E+06
   6.4000000000000000E+09   3.9566401687705683E-06   4.3155929835383259E+06
   6.5000000000000000E+09   3.9580651615593158E-06   4.3140392726645283E+06
   6.6000000000000000E+09   3.9594683062371201E-06   4.3125104761754284E+06
   6.7000000000000000E+09   3.9608502626622695E-06   4.3110058241017926E+06
   6.8000000000000000E+09   3.9622116612443866E-06   4.3095245813721744E+06
   6.9000000000000000E+09   3.9635531046710650E-06   4.3080660457428722E+06
   7.0000000000000000E+09   3.9648751695098096E-06   4.3066295458787996E+06
   7.1000000000000000E+09   3.9661784076958710E-06   4.3052144395723063E+06
   7.2000000000000000E+09   3.9674633479156501E-06   4.3038201120882006E+06
   7.3000000000000000E+09   3.9687304968943333E-06   4.3024459746244103E+06
   7.4000000000000000E+09   3.9699803405956272E-06   4.3010914628787087E+06
   7.5000000000000000E+09   3.9712133453405892E-06   4.2997560357129872E+06
   7.6000000000000000E+09   3.9724299588521989E-06   4.2984391739070248E+06
   7.7000000000000000E+09   3.9736306112313388E-06   4.2971403789948476E+06
   7.8000000000000000E+09   3.9748157158695716E-06   4.2958591721771443E+06
   7.9000000000000000E+09   3.9759856703036643E-06   4.2945950933037559E+06
   8.0000000000000000E+09   3.9771408570160605E-06   4.2933476999211060E+06
   8.1000000000000000E+09   3.9782816441855506E-06   4.2921165663794708E+06
   8.2000000000000000E+09   3.9794083863916639E-06   4.2909012829957800E+06
   8.3000000000000000E+09   3.9805214252763212E-06   4.2897014552677162E+06
   8.4000000000000000E+09   3.9816210901656180E-06   4.2885167031355826E+06
   8.5000000000000000E+09   3.9827076986547859E-06   4.2873466602883153E+06
   8.6000000000000000E+09   3.9837815571587871E-06   4.2861909735106416E+06
   8.7000000000000000E+09   3.9848429614309998E-06   4.2850493020684198E+06
   8.8000000000000000E+09   3.9858921970521457E-06   4.2839213171295840E+06
   8.9000000000000000E+09   3.9869295398915729E-06   4.2828067012181338E+06
   9.0000000000000000E+09   3.9879552565425789E-06   4.2817051476991288E+06
   9.1000000000000000E+09   3.9889696047337081E-06   4.2806163602923853E+06
   9.2000000000000000E+09   3.9899728337174750E-06   4.2795400526131094E+06
   9.3000000000000000E+09   3.9909651846379737E-06   4.2784759477377106E+06
   9.4000000000000000E+09   3.9919468908788351E-06   4.2774237777930479E+06
   9.5000000000000000E+09   3.9929181783926548E-06   4.2763832835677546E+06
   9.6000000000000000E+09   3.9938792660131806E-06   4.2753542141440911E+06
   9.7000000000000000E+09   3.9948303657512312E-06   4.2743363265491612E+06
   9.8000000000000000E+09   3.9957716830754255E-06   4.2733293854242079E+06
   9.9000000000000000E+09   3.9967034171786217E-06   4.2723331627108892E+06
   1.0000000000000000E+10   3.9976257612308989E-06   4.2713474373535560E+06
   1.1000000000000000E+10   4.0063713879338038E-06   4.2620233865883155E+06
   1.2000000000000000E+10   4.0143537115110696E-06   4.2535485853598965E+06
   1.3000000000000000E+10   4.0216012019670721E-06   4.2458830931272358E+06
   1.4000000000000000E+10   4.0284915479979001E-06   4.2386209198374273E+06
   1.5000000000000000E+10   4.0348177880461197E-06   4.2319751343717892E+06
   1.6000000000000000E+10   4.0407348834687333E-06   4.2257779941439917E+06
   1.7000000000000000E+10   4.0462925594798835E-06   4.2199737907550214E+06
   1.8000000000000000E+10   4.0515319931675122E-06   4.2145165284459786E+06
   1.9000000000000000E+10   4.0564876670738607E-06   4.2093677960197907E+06
   2.0000000000000000E+10   4.0611029175784899E-06   4.2045840495255422E+06
   2.1000000000000000E+10   4.0656601176235720E-06   4.1998711295898613E+06
   2.2000000000000000E+10   4.0699231892094771E-06   4.1954719430586547E+06
   2.3000000000000000E+10   4.0739965085121194E-06   4.1912771685138918E+06
   2.4000000000000000E+10   4.0778962510794250E-06   4.1872689983744235E+06
   2.5000000000000000E+10   4.0816366083647703E-06   4.1834318409773954E+06
   2.6000000000000000E+10   4.0852300995149167E-06   4.1797519686246533E+06
   2.7000000000000000E+10   4.0886878242215578E-06   4.1762172327213818E+06
   2.8000000000000000E+10   4.0920196695195870E-06   4.1728168312389455E+06
   2.9000000000000000E+10   4.0952344802447958E-06   4.1695411173895653E+06
   3.0000000000000000E+10   4.0983402005549204E-06   4.1663814410575656E+06
   3.1000000000000000E+10   4.1013439922156677E-06   4.1633300164874988E+06
   3.2000000000000000E+10   4.1042523340842323E-06   4.1603798111848067E+06
   3.3000000000000000E+10   4.1070711062666731E-06   4.1575244520793208E+06
   3.4000000000000000E+10   4.1098056616979832E-06   4.1547581458334583E+06
   3.5000000000000000E+10   4.1124608873351397E-06   4.1520756108143465E+06
   3.6000000000000000E+10   4.1150412567209904E-06   4.1494720187418777E+06
   3.7000000000000000E+10   4.1175508753391808E-06   4.1469429444088158E+06
   3.8000000000000000E+10   4.1199935199150499E-06   4.1444843221705444E+06
   3.9000000000000000E+10   4.1222927151531582E-06   4.1421727496364242E+06
   4.0000000000000000E+10   4.1246915508646628E-06   4.1397637472195132E+06
   4.1000000000000000E+10   4.1269531335989528E-06   4.1374951442304146E+06
   4.2000000000000000E+10   4.1291601841936061E-06   4.1352836385704004E+06
   4.3000000000000000E+10   4.1313152708087177E-06   4.1331264818696892E+06
   4.4000000000000000E+10   4.1334207843476868E-06   4.1310211182447709E+06
   4.5000000000000000E+10   4.1354789544037240E-06   4.1289651667914642E+06
   4.6000000000000000E+10   4.1374124801195993E-06   4.1270355887355395E+06
   4.7000000000000000E+10   4.1394614595172652E-06   4.1249927599817393E+06
   4.8000000000000000E+10   4.1413895675001778E-06   4.1230722858654200E+06
   4.9000000000000000E+10   4.1432778993438549E-06   4.1211931628907295E+06
   5.0000000000000000E+10   4.1451280631662770E-06   4.1193536823296957E+06
   5.1000000000000000E+10   4.1469415714902620E-06   4.1175522385274242E+06
   5.2000000000000000E+10   4.1487198486734985E-06   4.1157873208025265E+06
   5.3000000000000000E+10   4.1503851458939288E-06   4.1141359055857980E+06
   5.4000000000000000E+10   4.1521760059253919E-06   4.1123614524925747E+06
   5.5000000000000000E+10   4.1538563513066351E-06   4.1106978929016110E+06
   5.6000000000000000E+10   4.1554273836801607E-06   4.1091437712984048E+06
   5.7000000000000000E+10   4.1570482390577833E-06   4.1075415941293854E+06
   5.8000000000000000E+10   4.1587198828663855E-06   4.1058905220043571E+06
   5.9000000000000000E+10   4.1602852849312536E-06   4.1043455872075660E+06
   6.0000000000000000E+10   4.1618243671380923E-06   4.1028277611998497E+06
   6.1000000000000000E+10   4.1633379999843894E-06   4.1013361275966987E+06
   6.2000000000000000E+10   4.1648270114824108E-06   4.0998698153982791E+06
   6.3000000000000000E+10   4.1662921898796833E-06   4.0984279960511532E+06
   6.4000000000000000E+10   4.1677342861652307E-06   4.0970098807434402E+06
   6.5000000000000000E+10   4.1691540163813214E-06   4.0956147179117342E+06
   6.6000000000000000E+10   4.1705520637587668E-06   4.0942417909399895E+06
   6.7000000000000000E+10   4.1719290806914866E-06   4.0928904160331469E+06
   6.8000000000000000E+10   4.1732856905647837E-06   4.0915599402496968E+06
   6.9000000000000000E+10   4.1746224894501128E-06   4.0902497396791768E+06
   7.0000000000000000E+10   4.1759400476777909E-06   4.0889592177520795E+06
   7.1000000000000000E+10   4.1772389112982393E-06   4.0876878036706219E+06
   7.2000000000000000E+10   4.1784406176677829E-06   4.0865121975247292E+06
   7.3000000000000000E+10   4.1797826255791954E-06   4.0852001360635431E+06
   7.4000000000000000E+10   4.1810284587100982E-06   4.0839828571748342E+06
   7.5000000000000000E+10   4.1822575644535010E-06   4.0827826329637822E+06
   7.6000000000000000E+10   4.1834703860795396E-06   4.0815990015251213E+06
   7.7000000000000000E+10   4.1846673494683380E-06   4.0804315193420500E+06
   7.8000000000000000E+10   4.1858488640080155E-06   4.0792797603261634E+06
   7.9000000000000000E+10   4.1870153234353153E-06   4.0781433149192426E+06
   8.0000000000000000E+10   4.1881671066234204E-06   4.0770217892519934E+06
   8.1000000000000000E+10   4.1892254733746063E-06   4.0759917696617297E+06
   8.2000000000000000E+10   4.1904280898449343E-06   4.0748219954214809E+06
   8.3000000000000000E+10   4.1915379797332242E-06   4.0737430111080455E+06
   8.4000000000000000E+10   4.1926345743560034E-06   4.0726775128869773E+06
   8.5000000000000000E+10   4.1937181884924121E-06   4.0716251744303526E+06
   8.6000000000000000E+10   4.1947891258729863E-06   4.0705856810331540E+06
   8.7000000000000000E+10   4.1957684654555843E-06   4.0696355605213549E+06
   8.8000000000000000E+10   4.1968941330826850E-06   4.0685440254815584E+06
   8.9000000000000000E+10   4.1979287595854174E-06   4.0675412872939012E+06
   9.0000000000000000E+10   4.1989518235633406E-06   4.0665502411603425E+06
   9.1000000000000000E+10   4.1999635806147351E-06   4.0655706229321430E+06
   9.2000000000000000E+10   4.2008849602233028E-06   4.0646789218013980E+06
   9.3000000000000000E+10   4.2019541547791705E-06   4.0636446571677392E+06
   9.4000000000000000E+10   4.2029334426053855E-06   4.0626978237721669E+06
   9.5000000000000000E+10   4.2039023655996592E-06   4.0617614458551984E+06
   9.6000000000000000E+10   4.2048611408841527E-06   4.0608352995794201E+06
   9.7000000000000000E+10   4.2057305492766494E-06   4.0599958439251320E+06
   9.8000000000000000E+10   4.2067490833298475E-06   4.0590128416255019E+06
   9.9000000000000000E+10   4.2076786520701289E-06   4.0581161164318803E+06
   1.0000000000000000E+11   4.2085193770289286E-06   4.0573054371408653E+06
   1.1000000000000000E+11   4.2173255598903793E-06   4.0488333917422290E+06
