   1.0000000000000000E+00   7.1427281487173769E-02   2.3905779689793135E+02   1.2270889437618979E-03
   2.0000000000000000E+00   1.2596632185684342E-01   1.3555407746316206E+02   4.3695587571949265E-03
   3.0000000000000000E+00   1.7162962194415110E-01   9.9488936451124417E+01   8.8697464648519412E-03
   4.0000000000000000E+00   2.1420352855398767E-01   7.9715066628459056E+01   1.4734940213941089E-02
   5.0000000000000000E+00   2.5320481006981577E-01   6.7436509385520864E+01   2.1678134365302099E-02
   6.0000000000000000E+00   2.9224462951640717E-01   5.8427929296724756E+01   3.0035305315776955E-02
   7.0000000000000000E+00   3.3083225280123030E-01   5.1613010539789364E+01   3.9686257872693823E-02
   7.5789999999999997E+00   3.5547160678212031E-01   4.8035478009916318E+01   4.6375504879636466E-02
   7.5810000000000004E+00   3.5543161004490964E-01   4.8040883444707298E+01   4.6371699799877188E-02
   8.0000000000000000E+00   3.7369027003214661E-01   4.5693586159637675E+01   5.1609813746406476E-02
   9.0000000000000000E+00   4.2780167248885592E-01   3.9913935939969853E+01   6.7759531385716665E-02
   9.9990000000000006E+00   5.4183867725163448E-01   3.1513528412816250E+01   1.0216034074709968E-01
   1.0000999999999999E+01   5.4187155961404432E-01   3.1511616079083844E+01   1.0217426471887980E-01
   1.0999000000000001E+01   6.8857594753969376E-01   2.4797916063932561E+01   1.4891333531191281E-01
   1.1000999999999999E+01   6.8859064415746107E-01   2.4797386801014298E+01   1.4892142848256465E-01
   1.2000000000000000E+01   8.0478765297388166E-01   2.1217085634496325E+01   1.8951038878528562E-01
   1.3000000000000000E+01   8.8706041799345159E-01   1.9249250901485055E+01   2.2148220535566379E-01
   1.4000000000000000E+01   9.5276187980843041E-01   1.7921842710757318E+01   2.4981953546367683E-01
   1.5000000000000000E+01   1.0129392809355349E+00   1.6857129417433317E+01   2.7833615510564047E-01
   1.6000000000000000E+01   1.0694258183636600E+00   1.5966744263626607E+01   3.0759571515194467E-01
   1.7000000000000000E+01   1.1192896382569824E+00   1.5255433416968506E+01   3.3586829754055952E-01
   1.8000000000000000E+01   1.1699318928650919E+00   1.4595079127996003E+01   3.6640935830464921E-01
   1.9000000000000000E+01   1.2222293297825617E+00   1.3970576662376361E+01   3.9966955873711529E-01
   2.0000000000000000E+01   1.2873912669833734E+00   1.3263449107234534E+01   4.4220376502633013E-01
   2.1000000000000000E+01   1.3411245618426664E+00   1.2732037751416065E+01   4.8025005040057012E-01
   2.2000000000000000E+01   1.3930775049975159E+00   1.2257213607625232E+01   5.1900488905201314E-01
   2.3000000000000000E+01   1.4416688185979178E+00   1.1844085361670331E+01   5.5734803025111124E-01
   2.4000000000000000E+01   1.4956017384252054E+00   1.1416975597201132E+01   6.0120550367792813E-01
   2.5000000000000000E+01   1.5346596785373077E+00   1.1126407235125034E+01   6.3650552004032657E-01
   2.6000000000000000E+01   1.5639551502526727E+00   1.0917991189180508E+01   6.6599103880583910E-01
   2.7000000000000000E+01   1.6040092570708293E+00   1.0645355365288989E+01   7.0506750975205190E-01
   2.8000000000000000E+01   1.6246708117498172E+00   1.0509974345105409E+01   7.3026475284153425E-01
   2.9000000000000000E+01   1.6456044126033229E+00   1.0376277810120451E+01   7.5660263901347824E-01
   3.0000000000000000E+01   1.6669627275545005E+00   1.0243329540896344E+01   7.8430911801660275E-01
   3.1000000000000000E+01   1.6889441864277150E+00   1.0110013514921418E+01   8.1367364778944518E-01
   3.2000000000000000E+01   1.7006450186018667E+00   1.0040454277030754E+01   8.3469300626528597E-01
   3.3000000000000000E+01   1.7243062423623579E+00   9.9026774544053673E+00   8.6779066554309081E-01
   3.4000000000000000E+01   1.7362761409771770E+00   9.8344083338737818E+00   8.9070382380639801E-01
   3.5000000000000000E+01   1.7474180039010834E+00   9.7717023131339680E+00   9.1346994301878126E-01
   3.6000000000000000E+01   1.7579886249925023E+00   9.7129459815503552E+00   9.3628700189266068E-01
   3.7000000000000000E+01   1.7682047300193411E+00   9.6568277761282673E+00   9.5933222203495039E-01
   3.8000000000000000E+01   1.7782458578079954E+00   9.6022990722893873E+00   9.8276076581081107E-01
   3.9000000000000000E+01   1.7882504143975262E+00   9.5485779917936870E+00   1.0066975808340872E+00
   4.0000000000000000E+01   1.7983181405788895E+00   9.4951211164647056E+00   1.0312360670153160E+00
   4.1000000000000000E+01   1.8180541722239081E+00   9.3920460740975127E+00   1.0677999303094134E+00
   4.2000000000000000E+01   1.8283001333858899E+00   9.3394121889112025E+00   1.0938295992209037E+00
   4.3000000000000000E+01   1.8386845791497082E+00   9.2866654478760751E+00   1.1205143075397441E+00
   4.4000000000000000E+01   1.8491723995023166E+00   9.2339949240686074E+00   1.1478048824721598E+00
   4.5000000000000000E+01   1.8597198725147484E+00   9.1816239655721290E+00   1.1756392978012531E+00
   4.6000000000000000E+01   1.8702824636149207E+00   9.1297699053055137E+00   1.2039526302328327E+00
   4.7000000000000000E+01   1.8808233383101871E+00   9.0786030792627752E+00   1.2326877499461779E+00
   4.8000000000000000E+01   1.8913178193734890E+00   9.0282280301194646E+00   1.2618024287761116E+00
   4.9000000000000000E+01   1.9104270619499328E+00   8.9379222535215810E+00   1.3036315310930320E+00
   5.0000000000000000E+01   1.9207164438069477E+00   8.8900413206689866E+00   1.3335595850504653E+00
   5.1000000000000000E+01   1.9309873616380426E+00   8.8427552090487787E+00   1.3638765314452386E+00
   5.2000000000000000E+01   1.9416848873449550E+00   8.7940369016729196E+00   1.3952477810553052E+00
   5.3000000000000000E+01   1.9539362647173484E+00   8.7388974036992053E+00   1.4294383313387753E+00
   5.4000000000000000E+01   1.9582737233743068E+00   8.7195412709259816E+00   1.4517080071358772E+00
   5.5000000000000000E+01   1.9735562316174728E+00   8.6520202856027826E+00   1.4914994395446011E+00
   5.6000000000000000E+01   1.9903967577514265E+00   8.5788165019029954E+00   1.5345079741529690E+00
   5.7000000000000000E+01   1.9973522558349828E+00   8.5489419809896976E+00   1.5618532978134221E+00
   5.8000000000000000E+01   2.0148270142246094E+00   8.4747963126270847E+00   1.6071170363717775E+00
   5.9000000000000000E+01   2.0223900020553014E+00   8.4431037205380939E+00   1.6361009258130392E+00
   6.0000000000000000E+01   2.0405137073846915E+00   8.3681126418980813E+00   1.6836962013706041E+00
   6.1000000000000000E+01   2.0487158875408844E+00   8.3346103061796075E+00   1.7144208013199727E+00
   6.2000000000000000E+01   2.0674674343590076E+00   8.2590169339359516E+00   1.7643624577680421E+00
   6.2999000000000002E+01   2.0762354011214628E+00   8.2241390073154008E+00   1.7967316618343014E+00
   6.3000999999999998E+01   2.0762121277086778E+00   8.2242311962489705E+00   1.7967218525726043E+00
   6.4000000000000000E+01   2.0954301268462467E+00   8.1488035950077098E+00   1.8487499306286157E+00
   6.5000000000000000E+01   2.1045547454316789E+00   8.1134732122303337E+00   1.8824548229829474E+00
   6.6000000000000000E+01   2.1239394683147688E+00   8.0394233477286647E+00   1.9360738604219456E+00
   6.7000000000000000E+01   2.1332002148921938E+00   8.0045222344941003E+00   1.9707049364526599E+00
   6.8000000000000000E+01   2.1524669131638876E+00   7.9328738789454558E+00   2.0253537561201971E+00
   6.8998999999999995E+01   2.1616585261324381E+00   7.8991424150985505E+00   2.0604996571389660E+00
   6.9001000000000005E+01   2.1616372482520374E+00   7.8992201695912208E+00   2.0604905450104405E+00
   7.0000000000000000E+01   2.1805556892226439E+00   7.8306867534391609E+00   2.1156737058873682E+00
   7.1000000000000000E+01   2.1895030933946047E+00   7.7986866528051806E+00   2.1510036546399851E+00
   7.2000000000000000E+01   2.2079065998089002E+00   7.7336824629312044E+00   2.2063722527316347E+00
   7.3000000000000000E+01   2.2167236502542154E+00   7.7029216288525433E+00   2.2420887263812190E+00
   7.4000000000000000E+01   2.2261726013337748E+00   7.6702267113079214E+00   2.2793818216658011E+00
   7.5000000000000000E+01   2.2464048315564824E+00   7.6011448652828575E+00   2.3404489639766646E+00
   7.6000000000000000E+01   2.2564134006871988E+00   7.5674291535105356E+00   2.3797665838676569E+00
   7.7000000000000000E+01   2.2662983227872324E+00   7.5344222687029001E+00   2.4191056468769259E+00
   7.8000000000000000E+01   2.2760758071014511E+00   7.5020561694196104E+00   2.4584973646549666E+00
   7.9000000000000000E+01   2.2955203320392035E+00   7.4385089569489997E+00   2.5203937222522672E+00
   8.0000000000000000E+01   2.3050674049674820E+00   7.4077003188429709E+00   2.5600906509246166E+00
   8.1000000000000000E+01   2.3145632709638568E+00   7.3773090435421480E+00   2.5999542791543058E+00
   8.2000000000000000E+01   2.3335438969127380E+00   7.3173033399211347E+00   2.6627509622485537E+00
   8.3000000000000000E+01   2.3429186979459504E+00   7.2880243628181045E+00   2.7031400121520188E+00
   8.4000000000000000E+01   2.3522689834236123E+00   7.2590544155711179E+00   2.7437506925107966E+00
   8.5000000000000000E+01   2.3615926655815374E+00   7.2303953173598696E+00   2.7845764582103230E+00
   8.6000000000000000E+01   2.3801504330524068E+00   7.1740207314686941E+00   2.8488017836129047E+00
   8.7000000000000000E+01   2.3893362290948446E+00   7.1464402300553553E+00   2.8900788506477593E+00
   8.8000000000000000E+01   2.3984557983054207E+00   7.1192675565654877E+00   2.9314629811008546E+00
   8.9000000000000000E+01   2.4074900178221772E+00   7.0925521702384797E+00   2.9729020832635471E+00
   9.0000000000000000E+01   2.4253630062441740E+00   7.0402857249704027E+00   3.0377706185277522E+00
   9.1000000000000000E+01   2.4340792179847837E+00   7.0150751152910509E+00   3.0791507525119708E+00
   9.2000000000000000E+01   2.4426417877823989E+00   6.9904840882273866E+00   3.1203881629306562E+00
   9.3000000000000000E+01   2.4596457274257610E+00   6.9421577100873515E+00   3.1847674624835998E+00
   9.4000000000000000E+01   2.4679071005722610E+00   6.9189186848940665E+00   3.2259395211260080E+00
   9.5000000000000000E+01   2.4766333877755513E+00   6.8945402395906124E+00   3.2686606016676492E+00
   9.6000000000000000E+01   2.4858195386497184E+00   6.8690620076175470E+00   3.3129618812449091E+00
   9.7000000000000000E+01   2.4954532075839633E+00   6.8425440712887573E+00   3.3588560260733229E+00
   9.8000000000000000E+01   2.5055219309613102E+00   6.8150465337099586E+00   3.4063566825276537E+00
   9.9000000000000000E+01   2.5160134608013163E+00   6.7866284567865236E+00   3.4554793542194542E+00
   1.0000000000000000E+02   2.5269158936855152E+00   6.7573474025792972E+00   3.5062418889617075E+00
   1.0099900000000000E+02   2.5280290222418911E+00   6.7543720426079572E+00   3.5286363854285061E+00
   1.0100100000000000E+02   2.5280110149161099E+00   6.7544201548104361E+00   3.5286217930108172E+00
   1.1000000000000000E+02   2.5866409900439891E+00   6.6013214112259826E+00   3.8832955484366649E+00
   1.2000000000000000E+02   2.6373059965381858E+00   6.4745041239604690E+00   4.2558222408947257E+00
   1.3000000000000000E+02   2.6575843866626325E+00   6.4251011694778519E+00   4.5422700342369371E+00
   1.4000000000000000E+02   2.6729952397806120E+00   6.3880579720499693E+00   4.8253735682662775E+00
   1.5000000000000000E+02   2.6623570031616084E+00   6.4135833513142373E+00   5.0133366513259254E+00
   1.6000000000000000E+02   2.6408366115516380E+00   6.4658481619199843E+00   5.1573279027697057E+00
   1.7000000000000000E+02   2.6166366993623069E+00   6.5256474293483384E+00   5.2905812706274924E+00
   1.8000000000000000E+02   2.5780949144621181E+00   6.6232040003440531E+00   5.3512142628459856E+00
   1.9000000000000000E+02   2.5400871956501581E+00   6.7223080294145552E+00   5.4096100161344030E+00
   2.0000000000000000E+02   2.4963658340047212E+00   6.8400425603244592E+00   5.4301501473233467E+00
   2.1000000000000000E+02   2.4480360016191001E+00   6.9750806521794626E+00   5.4145377329101407E+00
   2.2000000000000000E+02   2.4067115218021953E+00   7.0948463893777589E+00   5.4323016257020571E+00
   2.3000000000000000E+02   2.3613619484682120E+00   7.2311017638819299E+00   5.4155671909348895E+00
   2.4000000000000000E+02   2.3129581377942476E+00   7.3824287053530364E+00   5.3669114476030106E+00
   2.5000000000000000E+02   2.2708881645978609E+00   7.5191939510398225E+00   5.3509689008485664E+00
   2.6000000000000000E+02   2.2261660728017416E+00   7.6702492052814835E+00   5.3048650944839650E+00
   2.7000000000000000E+02   2.1832436629495757E+00   7.8210457405672216E+00   5.2604180730301922E+00
   2.8000000000000000E+02   2.1420053238130468E+00   7.9716181658857908E+00   5.2175572550638956E+00
   2.9000000000000000E+02   2.0990492870104820E+00   8.1347535078850637E+00   5.1485203613437474E+00
   3.0000000000000000E+02   2.0610825996341773E+00   8.2846017688776055E+00   5.1093562018426955E+00
   3.1000000000000000E+02   2.0215766212537920E+00   8.4465008010144089E+00   5.0453234845366985E+00
   3.2000000000000000E+02   1.9864724713476494E+00   8.5957639972468805E+00   5.0094330973755756E+00
   3.3000000000000000E+02   1.9499975503643341E+00   8.7565487185057478E+00   4.9498759336324012E+00
   3.4000000000000000E+02   1.9149700678490293E+00   8.9167182492370536E+00   4.8926964222900304E+00
   3.5000000000000000E+02   1.8813004478267541E+00   9.0763006889501305E+00   4.8377543044142781E+00
   3.6000000000000000E+02   1.8489062358715431E+00   9.2353242254511496E+00   4.7849185332381898E+00
   3.7000000000000000E+02   1.8177116156200031E+00   9.3938160509074837E+00   4.7340670786762127E+00
   3.7299900000000002E+02   1.8073405413976309E+00   9.4477206478905913E+00   4.7058472071345125E+00
   3.7300099999999998E+02   1.8073336602672196E+00   9.4477566185579320E+00   4.7058284565611856E+00
   3.7899900000000002E+02   1.7890050025247932E+00   9.5445504772955587E+00   4.6723794925298572E+00
   3.7900099999999998E+02   1.7889982796229040E+00   9.5445863448965316E+00   4.6723610621320022E+00
   3.8000000000000000E+02   1.7876467605699409E+00   9.5518023623907649E+00   4.6850870629197905E+00
   3.9000000000000000E+02   1.7567556566744837E+00   9.7197629538620003E+00   4.6165268949925506E+00
   4.0000000000000000E+02   1.7288600677360826E+00   9.8765937564235333E+00   4.5714776164196236E+00
   4.1000000000000000E+02   1.7019095225250442E+00   1.0032994307122980E+01   4.5279827159839963E+00
   4.2000000000000000E+02   1.6742166403872134E+00   1.0198948056556761E+01   4.4660432937540442E+00
   4.3000000000000000E+02   1.6490923895973524E+00   1.0354331060190814E+01   4.4258541916809326E+00
   4.4000000000000000E+02   1.6232715717764965E+00   1.0519033812712639E+01   4.3679102439099191E+00
   4.5000000000000000E+02   1.5997822313377681E+00   1.0673483063037596E+01   4.3306686238879211E+00
   4.6000000000000000E+02   1.5756419558746302E+00   1.0837010582936516E+01   4.2763201870427023E+00
   4.7000000000000000E+02   1.5523026334415102E+00   1.0999948194944258E+01   4.2238202833108254E+00
   4.8000000000000000E+02   1.5309969132397183E+00   1.1153026111985749E+01   4.1906154779345144E+00
   4.9000000000000000E+02   1.5090900998102195E+00   1.1314929806298187E+01   4.1411208495590275E+00
   5.0000000000000000E+02   1.4887163115246764E+00   1.1469779983296116E+01   4.2690342321246604E+00
   5.1000000000000000E+02   1.4684823790540242E+00   1.1627819846045272E+01   4.2194997543071064E+00
   5.2000000000000000E+02   1.4488216080393679E+00   1.1785611462434913E+01   4.1711296094941019E+00
   5.3000000000000000E+02   1.4297107661340238E+00   1.1943148890809635E+01   4.1238896989191272E+00
   5.4000000000000000E+02   1.4111277370353073E+00   1.2100427270040207E+01   4.0777464364423608E+00
   5.5000000000000000E+02   1.3930514707438424E+00   1.2257442678420599E+01   4.0326668689827603E+00
   5.6000000000000000E+02   1.3754619337465033E+00   1.2414192012004541E+01   3.9886187670108635E+00
   5.7000000000000000E+02   1.3583400597990145E+00   1.2570672879410390E+01   3.9455706908385513E+00
   5.7699900000000002E+02   1.3466249126430672E+00   1.2680033163219875E+01   3.9160198190099118E+00
   5.7700099999999998E+02   1.3466215958746772E+00   1.2680064394512547E+01   3.9160114415835401E+00
   5.8000000000000000E+02   1.3416677017912899E+00   1.2726883510674529E+01   3.9034920373465885E+00
   5.9000000000000000E+02   1.3254275850418125E+00   1.2882822678082029E+01   3.8623530709464045E+00
   6.0000000000000000E+02   1.3096032622524527E+00   1.3038489627281148E+01   3.8221249418547392E+00
   6.0799900000000002E+02   1.2972341554071691E+00   1.3162811416550058E+01   3.7905833334993120E+00
   6.0800099999999998E+02   1.2972310941104559E+00   1.3162842479073543E+01   3.7905755165817787E+00
   6.1000000000000000E+02   1.2941790702786189E+00   1.3193884017190983E+01   3.7827796942146290E+00
   6.2000000000000000E+02   1.2791400887979787E+00   1.3349005867510531E+01   3.7442902661118653E+00
   6.3000000000000000E+02   1.2644721009168558E+00   1.3503855512787565E+01   3.7066304831725048E+00
   6.4000000000000000E+02   1.2501615557201489E+00   1.3658433562129540E+01   3.6697750471267092E+00
   6.5000000000000000E+02   1.2361955327337399E+00   1.3812740863875892E+01   3.6336995204459028E+00
   6.6000000000000000E+02   1.2225617082638061E+00   1.3966778474504320E+01   3.5983803079949230E+00
   6.7000000000000000E+02   1.2092483235502278E+00   1.4120547631276427E+01   3.5637946364369442E+00
   6.8000000000000000E+02   1.1962441546697959E+00   1.4274049728122188E+01   3.5299205320077993E+00
   6.9000000000000000E+02   1.1835384841138037E+00   1.4427286294384899E+01   3.4967367971537207E+00
   7.0000000000000000E+02   1.1711210739679350E+00   1.4580258976024261E+01   3.4642229864471341E+00
   7.1000000000000000E+02   1.1589821406119223E+00   1.4732969519027035E+01   3.4323593820949330E+00
   7.2000000000000000E+02   1.1471123308653999E+00   1.4885419754707298E+01   3.4011269693158095E+00
   7.2399900000000002E+02   1.1424389081218762E+00   1.4946312165438398E+01   3.3888096762015341E+00
   7.2400099999999998E+02   1.1424365811418431E+00   1.4946342608940077E+01   3.3888035403418408E+00
   7.3000000000000000E+02   1.1355026994977200E+00   1.5037611586731805E+01   3.3705074117812126E+00
   7.4000000000000000E+02   1.1241446880322956E+00   1.5189546979598058E+01   3.3404830273037081E+00
   7.5000000000000000E+02   1.1130301047683955E+00   1.5341227948443727E+01   3.3110367638941662E+00
   7.6000000000000000E+02   1.1021511059519140E+00   1.5492656550014965E+01   3.2821521762911456E+00
   7.7000000000000000E+02   1.0915001780286897E+00   1.5643834874650237E+01   3.2538134030453101E+00
   7.8000000000000000E+02   1.0810701209140332E+00   1.5794765039195811E+01   3.2260051442084747E+00
   7.9000000000000000E+02   1.0708540322204831E+00   1.5945449180711918E+01   3.1987126396770940E+00
   8.0000000000000000E+02   1.0608452923853178E+00   1.6095889450890947E+01   3.1719216482159442E+00
   8.1000000000000000E+02   1.0510375506420857E+00   1.6246088011128410E+01   3.1456184271767307E+00
   8.2000000000000000E+02   1.0414247117859843E+00   1.6396047028161139E+01   3.1197897129216248E+00
   8.3000000000000000E+02   1.0320009236862551E+00   1.6545768670187073E+01   3.0944227019583050E+00
   8.4000000000000000E+02   1.0227605654966740E+00   1.6695255103466035E+01   3.0695050327736966E+00
   8.5000000000000000E+02   1.0136982365256799E+00   1.6844508489287080E+01   3.0450247683672549E+00
   8.6000000000000000E+02   1.0048087457213615E+00   1.6993530981334839E+01   3.0209703794609712E+00
   8.7000000000000000E+02   9.9608710173853576E-01   1.7142324723339570E+01   2.9973307283818533E+00
   8.8000000000000000E+02   9.8752850354952437E-01   1.7290891847027925E+01   2.9740950535934698E+00
   8.9000000000000000E+02   9.7912833156672818E-01   1.7439234470326905E+01   2.9512529548600335E+00
   9.0000000000000000E+02   9.7088213924545630E-01   1.7587354695805391E+01   2.9287943790203590E+00
   9.1000000000000000E+02   9.6278564513953546E-01   1.7735254609303468E+01   2.9067096063581688E+00
   9.2000000000000000E+02   9.5483472538122349E-01   1.7882936278752076E+01   2.8849892375406818E+00
   9.3000000000000000E+02   9.4702540656013767E-01   1.8030401753163368E+01   2.8636241811082512E+00
   9.4000000000000000E+02   9.3935385897893631E-01   1.8177653061746827E+01   2.8426056414955063E+00
   9.5000000000000000E+02   9.3181639026074148E-01   1.8324692213188211E+01   2.8219251075565221E+00
   9.6000000000000000E+02   9.2440943929080532E-01   1.8471521195015125E+01   2.8015743415829313E+00
   9.7000000000000000E+02   9.1712957047029742E-01   1.8618141973086850E+01   2.7815453687875631E+00
   9.8000000000000000E+02   9.0997346826585235E-01   1.8764556491160857E+01   2.7618304672383394E+00
   9.9000000000000000E+02   9.0293793203580186E-01   1.8910766670565700E+01   2.7424221582191488E+00
   1.0000000000000000E+03   8.9601987111888126E-01   1.9056774409935674E+01   2.7233131970037130E+00
   1.1000000000000000E+03   8.3269041236273100E-01   2.0506118837470115E+01   2.5472445662036916E+00
   1.2000000000000000E+03   7.7837176822637144E-01   2.1937137557854253E+01   2.3945819566389104E+00
   1.3000000000000000E+03   7.3123142426015653E-01   2.3351360436962224E+01   2.2608513384610487E+00
   1.4000000000000000E+03   6.8990567753883958E-01   2.4750120352170715E+01   2.1426554505276521E+00
   1.5000000000000000E+03   6.5335843889968037E-01   2.6134580245857922E+01   2.0373693638209862E+00
   1.6000000000000000E+03   6.2078813405952271E-01   2.7505758589604323E+01   1.9429329478815993E+00
   1.7000000000000000E+03   5.9156465753685161E-01   2.8864551546790899E+01   1.8577065136883459E+00
   1.8000000000000000E+03   5.6518565177964308E-01   3.0211751655347275E+01   1.7803684625672169E+00
   1.9000000000000000E+03   5.4124553857123781E-01   3.1548063372137605E+01   1.7098414173622669E+00
   2.0000000000000000E+03   5.1941316309694852E-01   3.2874115952169390E+01   1.6452380307391405E+00
   2.1000000000000000E+03   4.9941537777655493E-01   3.4190474123469727E+01   1.5858206279545066E+00
   2.2000000000000000E+03   4.8102480060558922E-01   3.5497646959647746E+01   1.5309707359172857E+00
   2.3000000000000000E+03   4.6405055804745682E-01   3.6796095284483918E+01   1.4801657843436198E+00
   2.4000000000000000E+03   4.4833119522614423E-01   3.8086237880723814E+01   1.4329610828747259E+00
   2.5000000000000000E+03   4.3372918250540998E-01   3.9368456722459932E+01   1.3889757295607188E+00
   2.6000000000000000E+03   4.2012661336090251E-01   4.0643101407298758E+01   1.3478814838509250E+00
   2.7000000000000000E+03   4.0742180196945754E-01   4.1910492929419142E+01   1.3093938998030981E+00
   2.8000000000000000E+03   3.9552656784816764E-01   4.3170926907966653E+01   1.2732652002646478E+00
   2.9000000000000000E+03   3.8436405054672779E-01   4.4424676362016562E+01   1.2392785048998551E+00
   3.0000000000000000E+03   3.7386693715659464E-01   4.5671994107304997E+01   1.2072431203947052E+00
   3.1000000000000000E+03   3.6397601418723519E-01   4.6913114834947258E+01   1.1769906709392566E+00
   3.2000000000000000E+03   3.5463897640875403E-01   4.8148256922136405E+01   1.1483718986165423E+00
   3.3000000000000000E+03   3.4580944083547094E-01   4.9377624015927928E+01   1.1212540017597368E+00
   3.3569989999999998E+03   3.4098775761408334E-01   5.0075840464798333E+01   1.1064226440631846E+00
   3.3570010000000002E+03   3.4098759100226350E-01   5.0075864932629798E+01   1.1064221312919575E+00
   3.4000000000000000E+03   3.3744612566655569E-01   5.0601406423035691E+01   1.0955184082866680E+00
   3.5000000000000000E+03   3.2951216275577927E-01   5.1819782334977482E+01   1.0710589029928606E+00
   3.5299989999999998E+03   3.2721074374493919E-01   5.2184253962156923E+01   1.0639555975488126E+00
   3.5300010000000002E+03   3.2721059148178777E-01   5.2184278245414163E+01   1.0639551274654664E+00
   3.6000000000000000E+03   3.2197451887371431E-01   5.3032918910671491E+01   1.0477800446284424E+00
   3.7000000000000000E+03   3.1480350612626834E-01   5.4240973237074563E+01   1.0255958215701975E+00
   3.8000000000000000E+03   3.0797236585986221E-01   5.5444093183678596E+01   1.0044285050079864E+00
   3.8119989999999998E+03   3.0717436148288846E-01   5.5588130690013195E+01   1.0019535538207709E+00
   3.8120010000000002E+03   3.0717422884758633E-01   5.5588154692510201E+01   1.0019531424233730E+00
   3.9000000000000000E+03   3.0145691345385428E-01   5.6642418165493368E+01   9.8420766647144053E-01
   4.0000000000000000E+03   2.9523523382415262E-01   5.7836079825426530E+01   9.6486933275912734E-01
   4.1000000000000000E+03   2.8928741935542940E-01   5.9025202647173764E+01   9.4635525627619532E-01
   4.2000000000000000E+03   2.8359534350375054E-01   6.0209904506088407E+01   9.2861228272971152E-01
   4.3000000000000000E+03   2.7814246450514402E-01   6.1390297166998621E+01   9.1159180129538386E-01
   4.4000000000000000E+03   2.7291365461427430E-01   6.2566486733196477E+01   8.9524926492611434E-01
   4.5000000000000000E+03   2.6789505106075018E-01   6.3738574053986646E+01   8.7954377053517252E-01
   4.6000000000000000E+03   2.6307392555955184E-01   6.4906655094812308E+01   8.6443769047917052E-01
   4.7000000000000000E+03   2.5843856972682577E-01   6.6070821274011081E+01   8.4989634814257475E-01
   4.8000000000000000E+03   2.5397819417746126E-01   6.7231159769571519E+01   8.3588773156238139E-01
   4.9000000000000000E+03   2.4968283942620415E-01   6.8387753799871746E+01   8.2238223996585957E-01
   5.0000000000000000E+03   2.4554329700876823E-01   6.9540682880552865E+01   8.0935245887447749E-01
   5.1000000000000000E+03   2.4155103947703843E-01   7.0690023059724041E+01   7.9677296006940412E-01
   5.2000000000000000E+03   2.3769815811797015E-01   7.1835847134573385E+01   7.8462012325820096E-01
   5.3000000000000000E+03   2.3397730742091685E-01   7.2978224849875687E+01   7.7287197673303498E-01
   5.4000000000000000E+03   2.3038165544619654E-01   7.4117223082112631E+01   7.6150805469088867E-01
   5.5000000000000000E+03   2.2690483938238895E-01   7.5252906007686676E+01   7.5050926921065342E-01
   5.6000000000000000E+03   2.2354092565712702E-01   7.6385335260365821E+01   7.3985779515069416E-01
   5.7000000000000000E+03   2.2028437407520834E-01   7.7514570075235639E+01   7.2953696646728938E-01
   5.8000000000000000E+03   2.1713000550731598E-01   7.8640667423355382E+01   7.1953118264383742E-01
   5.9000000000000000E+03   2.1407297272993164E-01   7.9763682135968679E+01   7.0982582409722039E-01
   6.0000000000000000E+03   2.1110873405828953E-01   8.0883667020699804E+01   7.0040717556590759E-01
   6.1000000000000000E+03   2.0823302946867911E-01   8.2000672968648772E+01   6.9126235661204616E-01
   6.2000000000000000E+03   2.0544185893495695E-01   8.3114749054807731E+01   6.8237925847549630E-01
   6.3000000000000000E+03   2.0273146274347920E-01   8.4225942631992268E+01   6.7374648660769398E-01
   6.4000000000000000E+03   2.0009830358090724E-01   8.5334299417625971E+01   6.6535330829880668E-01
   6.5000000000000000E+03   1.9753905020653123E-01   8.6439863575731607E+01   6.5718960487313083E-01
   6.6000000000000000E+03   1.9505056255078088E-01   8.7542677793029512E+01   6.4924582799635366E-01
   6.7000000000000000E+03   1.9262987809413687E-01   8.8642783350501858E+01   6.4151295968331645E-01
   6.8000000000000000E+03   1.9027419939908632E-01   8.9740220190957501E+01   6.3398247564345800E-01
   6.9000000000000000E+03   1.8798088268747556E-01   9.0835026980484628E+01   6.2664631164772078E-01
   7.0000000000000000E+03   1.8574742735036662E-01   9.1927241169935144E+01   6.1949683261857513E-01
   7.1000000000000000E+03   1.8357146631920629E-01   9.3016899048137347E+01   6.1252680420053596E-01
   7.2000000000000000E+03   1.8145075720089388E-01   9.4104035795382401E+01   6.0572936657142362E-01
   7.3000000000000000E+03   1.7938317411568205E-01   9.5188685532571384E+01   5.9909801029393150E-01
   7.4000000000000000E+03   1.7736670017149045E-01   9.6270881367374045E+01   5.9262655402492304E-01
   7.5000000000000000E+03   1.7539942051597884E-01   9.7350655438320615E+01   5.8630912391299372E-01
   7.6000000000000000E+03   1.7347951591722358E-01   9.8428038955790484E+01   5.8014013454074809E-01
   7.7000000000000000E+03   1.7160525682451108E-01   9.9503062241233323E+01   5.7411427127524250E-01
   7.8000000000000000E+03   1.6977499786938577E-01   1.0057575476377731E+02   5.6822647390597081E-01
   7.9000000000000000E+03   1.6798717276573805E-01   1.0164614517647715E+02   5.6247192146283986E-01
   8.0000000000000000E+03   1.6624028958358431E-01   1.0271426134725817E+02   5.5684601811580958E-01
   8.1000000000000000E+03   1.6453292635323344E-01   1.0378013039209881E+02   5.5134438006496811E-01
   8.2000000000000000E+03   1.6286372698327159E-01   1.0484377870393466E+02   5.4596282334270807E-01
   8.3000000000000000E+03   1.6123139746227783E-01   1.0590523198018631E+02   5.4069735245305450E-01
   8.4000000000000000E+03   1.5963470231652890E-01   1.0696451525229644E+02   5.3554414978106080E-01
   8.5000000000000000E+03   1.5807246131870592E-01   1.0802165290704886E+02   5.3049956571643453E-01
   8.6000000000000000E+03   1.5654354640675175E-01   1.0907666871405246E+02   5.2556010942669107E-01
   8.7000000000000000E+03   1.5504687881461071E-01   1.1012958584705858E+02   5.2072244023980085E-01
   8.8000000000000000E+03   1.5358142638702593E-01   1.1118042690723844E+02   5.1598335958296049E-01
   8.9000000000000000E+03   1.5214620107304405E-01   1.1222921394228227E+02   5.1133980343944063E-01
   9.0000000000000000E+03   1.5074025657568546E-01   1.1327596846804367E+02   5.0678883528353746E-01
   9.1000000000000000E+03   1.4936268615702517E-01   1.1432071148466713E+02   5.0232763945971060E-01
   9.2000000000000000E+03   1.4801262057150869E-01   1.1536346349926740E+02   4.9795351496904239E-01
   9.3000000000000000E+03   1.4668922613979296E-01   1.1640424453844798E+02   4.9366386964291675E-01
   9.4000000000000000E+03   1.4539170293232398E-01   1.1744307416689546E+02   4.8945621466640410E-01
   9.5000000000000000E+03   1.4411928306462538E-01   1.1847997150440546E+02   4.8532815943107743E-01
   9.6000000000000000E+03   1.4287122909957781E-01   1.1951495523868644E+02   4.8127740669717911E-01
   9.7000000000000000E+03   1.4164683254319269E-01   1.2054804363892404E+02   4.7730174803948927E-01
   9.8000000000000000E+03   1.4044541242286909E-01   1.2157925457415475E+02   4.7339905955541706E-01
   9.9000000000000000E+03   1.3926631396114342E-01   1.2260860552032928E+02   4.6956729782795142E-01
   1.0000000000000000E+04   1.3810890731284875E-01   1.2363611357848741E+02   4.6580449611051544E-01
   1.1000000000000000E+04   1.2760497016142733E-01   1.3381335013151156E+02   4.3158478380490994E-01
   1.2000000000000000E+04   1.1872428359915470E-01   1.4382271286961662E+02   4.0255064677651514E-01
   1.3000000000000000E+04   1.1111158665252134E-01   1.5367657924039452E+02   3.7758375945567080E-01
   1.4000000000000000E+04   1.0450907407526147E-01   1.6338532038314241E+02   3.5586895985866712E-01
   1.5000000000000000E+04   9.8724965265700446E-02   1.7295775698453988E+02   3.3679744547043028E-01
   1.6000000000000000E+04   9.3613537757568477E-02   1.8240148764543039E+02   3.1990497487496605E-01
   1.7000000000000000E+04   8.9062015853149448E-02   1.9172313120429260E+02   3.0483110779983325E-01
   1.8000000000000000E+04   8.4981711211601071E-02   2.0092850929084580E+02   2.9129155396212220E-01
   1.9000000000000000E+04   8.1301885588781181E-02   2.1002278639756867E+02   2.7905894895029237E-01
   2.0000000000000000E+04   7.7965405240804156E-02   2.1901057908944998E+02   2.6794919737413458E-01
   2.1000000000000000E+04   7.4925603690587317E-02   2.2789604233615631E+02   2.5781158360664930E-01
   2.2000000000000000E+04   7.2143977287130609E-02   2.3668293865714170E+02   2.4852148733972926E-01
   2.3000000000000000E+04   6.9588465964221483E-02   2.4537469412691610E+02   2.3997493485212476E-01
   2.4000000000000000E+04   6.7232152451518368E-02   2.5397444419238627E+02   2.3208446646503042E-01
   2.5000000000000000E+04   6.5052265448424768E-02   2.6248507155019661E+02   2.2477596251426712E-01
   2.5519999000000000E+04   6.3981893988147839E-02   2.6687625961643488E+02   2.2118416821384704E-01
   2.5520001000000000E+04   6.3981889949601509E-02   2.6687627646170375E+02   2.2118415465798508E-01
   2.6000000000000000E+04   6.3029406818437009E-02   2.7090923765028043E+02   2.1798617737037057E-01
   2.7000000000000000E+04   6.1146946026500310E-02   2.7924940917461294E+02   2.1166080326994466E-01
   2.8000000000000000E+04   5.9390540962586481E-02   2.8750788044663273E+02   2.0575293536076419E-01
   2.9000000000000000E+04   5.7747755346116654E-02   2.9568679247167330E+02   2.0022184391326783E-01
   3.0000000000000000E+04   5.6207750670520550E-02   3.0378814926831194E+02   1.9503198407864419E-01
   3.1000000000000000E+04   5.4761036240167940E-02   3.1181383193415974E+02   1.9015219109001813E-01
   3.2000000000000000E+04   5.3399264884236387E-02   3.1976561077665355E+02   1.8555502149062272E-01
   3.3000000000000000E+04   5.2115064845864305E-02   3.2764515598769708E+02   1.8121621029640744E-01
   3.4000000000000000E+04   5.0901900609751249E-02   3.3545404682710534E+02   1.7711422088700129E-01
   3.5000000000000000E+04   4.9753956960748177E-02   3.4319377982746454E+02   1.7322986960750822E-01
   3.6000000000000000E+04   4.8666041894619663E-02   3.5086577592865495E+02   1.6954601095609889E-01
   3.7000000000000000E+04   4.7633504876727802E-02   3.5847138678797023E+02   1.6604727221435428E-01
   3.8000000000000000E+04   4.6652167668066687E-02   3.6601190050210960E+02   1.6271982866159246E-01
   3.9000000000000000E+04   4.5718265539331553E-02   3.7348854663006131E+02   1.5955121228925420E-01
   4.0000000000000000E+04   4.4828397097022410E-02   3.8090250056846952E+02   1.5653014832417822E-01
   4.1000000000000000E+04   4.3979481237796290E-02   3.8825488773745616E+02   1.5364641492846945E-01
   4.2000000000000000E+04   4.3168720128210783E-02   3.9554678711851534E+02   1.5089072232158934E-01
   4.3000000000000000E+04   4.2393567214335647E-02   4.0277923450985406E+02   1.4825460826184833E-01
   4.4000000000000000E+04   4.1651699475050069E-02   4.0995322558111855E+02   1.4573034732959084E-01
   4.5000000000000000E+04   4.0940993300026284E-02   4.1706971849950685E+02   1.4331087194845205E-01
   4.6000000000000000E+04   4.0259503434642255E-02   4.2412963633424630E+02   1.4098970339366942E-01
   4.7000000000000000E+04   3.9605444538800910E-02   4.3113386933465097E+02   1.3876089133921854E-01
   4.8000000000000000E+04   3.8977174999391621E-02   4.3808327696911539E+02   1.3661896073406296E-01
   4.9000000000000000E+04   3.8373182688192529E-02   4.4497868966147104E+02   1.3455886498875058E-01
   5.0000000000000000E+04   3.7792072352564272E-02   4.5182091078351687E+02   1.3257594460690816E-01
   5.1000000000000000E+04   3.7232554510439081E-02   4.5861071783147952E+02   1.3066589055667524E-01
   5.2000000000000000E+04   3.6693435542340613E-02   4.6534886413208710E+02   1.2882471171430832E-01
   5.3000000000000000E+04   3.6173608904490277E-02   4.7203608011067388E+02   1.2704870590591752E-01
   5.4000000000000000E+04   3.5672047291870936E-02   4.7867307449503534E+02   1.2533443406710337E-01
   5.5000000000000000E+04   3.5187795631774821E-02   4.8526053548273683E+02   1.2367869713514333E-01
   5.6000000000000000E+04   3.4719964818984636E-02   4.9179913170290803E+02   1.2207851534587223E-01
   5.7000000000000000E+04   3.4267726070520692E-02   4.9828951345042378E+02   1.2053110964082463E-01
   5.8000000000000000E+04   3.3830305901073922E-02   5.0473231311189875E+02   1.1903388496346200E-01
   5.9000000000000000E+04   3.3406981533366534E-02   5.1112814648272200E+02   1.1758441517367214E-01
   6.0000000000000000E+04   3.2997076793339138E-02   5.1747761347693097E+02   1.1618042944017214E-01
   6.1000000000000000E+04   3.2599958420494478E-02   5.2378129844477144E+02   1.1481979995575267E-01
   6.2000000000000000E+04   3.2215032667528641E-02   5.3003977139974381E+02   1.1350053075979248E-01
   6.3000000000000000E+04   3.1841742261166220E-02   5.3625358847141069E+02   1.1222074763930516E-01
   6.4000000000000000E+04   3.1479563642561215E-02   5.4242329228623623E+02   1.1097868892463096E-01
   6.5000000000000000E+04   3.1128004427457581E-02   5.4854941281331605E+02   1.0977269711526720E-01
   6.6000000000000000E+04   3.0786601107639852E-02   5.5463246790483959E+02   1.0860121125475057E-01
   6.7000000000000000E+04   3.0454916975855034E-02   5.6067296339272855E+02   1.0746275995439905E-01
   6.8000000000000000E+04   3.0132540169955799E-02   5.6667139426092422E+02   1.0635595502387701E-01
   6.9000000000000000E+04   2.9819081968425785E-02   5.7262824418311891E+02   1.0527948564792766E-01
   7.0000000000000000E+04   2.9514175128127398E-02   5.7854398696913677E+02   1.0423211302078889E-01
   7.1000000000000000E+04   2.9217472469194098E-02   5.8441908583077179E+02   1.0321266546240558E-01
   7.2000000000000000E+04   2.8928645457758050E-02   5.9025399497759543E+02   1.0222003387854536E-01
   7.3000000000000000E+04   2.8647383021770226E-02   5.9604915875757422E+02   1.0125316764339903E-01
   7.4000000000000000E+04   2.8373390357043358E-02   6.0180501293154168E+02   1.0031107075529737E-01
   7.5000000000000000E+04   2.8106387897226141E-02   6.0752198443889472E+02   9.9392798314678676E-02
   7.6000000000000000E+04   2.7846110316190748E-02   6.1320049216367511E+02   9.8497453268804699E-02
   7.7000000000000000E+04   2.7592305661375945E-02   6.1884094646843175E+02   9.7624183422869867E-02
   7.8000000000000000E+04   2.7344734470833760E-02   6.2444375054893419E+02   9.6772178618665911E-02
   7.9000000000000000E+04   2.7103169064043676E-02   6.3000929929574090E+02   9.5940668201192084E-02
   8.0000000000000000E+04   2.6867392765822312E-02   6.3553798091094939E+02   9.5128918591395509E-02
   8.1000000000000000E+04   2.6637199276251605E-02   6.4103017639529378E+02   9.4336231089805961E-02
   8.2000000000000000E+04   2.6412392053750851E-02   6.4648625978226323E+02   9.3561939811497533E-02
   8.3000000000000000E+04   2.6192783729072962E-02   6.5190659867814293E+02   9.2805409771301764E-02
   8.4000000000000000E+04   2.5978195574878678E-02   6.5729155443129355E+02   9.2066035096883825E-02
   8.5000000000000000E+04   2.5768457042510219E-02   6.6264148150442713E+02   9.1343237387348952E-02
   8.6000000000000000E+04   2.5563405244681005E-02   6.6795672905451499E+02   9.0636464138070305E-02
   8.7000000000000000E+04   2.5362884574430877E-02   6.7323763985214259E+02   8.9945187328661969E-02
   8.8000000000000000E+04   2.5166746279653752E-02   6.7848455104173615E+02   8.9268902054174648E-02
   8.9000000000000000E+04   2.4974848077991937E-02   6.8369779457353422E+02   8.8607125271130099E-02
   9.0000000000000000E+04   2.4787053834991014E-02   6.8887769657512217E+02   8.7959394622706341E-02
   9.1000000000000000E+04   2.4603233199839911E-02   6.9402457847870437E+02   8.7325267337024740E-02
   9.2000000000000000E+04   2.4423261343081964E-02   6.9913875591266299E+02   8.6704319199692431E-02
   9.3000000000000000E+04   2.4247018620187261E-02   7.0422054019110931E+02   8.6096143574441925E-02
   9.4000000000000000E+04   2.4074390342842967E-02   7.0927023727553819E+02   8.5500350512495549E-02
   9.5000000000000000E+04   2.3905266496209034E-02   7.1428814874078068E+02   8.4916565888604051E-02
   9.6000000000000000E+04   2.3739541508586960E-02   7.1927457169110767E+02   8.4344430599525705E-02
   9.7000000000000000E+04   2.3577114054016263E-02   7.2422979808351306E+02   8.3783599835642070E-02
   9.8000000000000000E+04   2.3417886786323859E-02   7.2915411653216177E+02   8.3233742344229575E-02
   9.9000000000000000E+04   2.3261766191279797E-02   7.3404781091528650E+02   8.2694539781406076E-02
   1.0000000000000000E+05   2.3108662406521558E-02   7.3891116025448991E+02   8.2165686097321444E-02
   1.1000000000000000E+05   2.1726046662241448E-02   7.8593445076263708E+02   7.7386698686366606E-02
   1.2000000000000000E+05   2.0567545023313451E-02   8.3020353335204811E+02   7.3378106427289841E-02
   1.3000000000000000E+05   1.9583000162266408E-02   8.7194241991754041E+02   6.9968531786071764E-02
   1.4000000000000000E+05   1.8736233644750040E-02   9.1134904028679773E+02   6.7034124169762871E-02
   1.5000000000000000E+05   1.8000479821701613E-02   9.4859963289123073E+02   6.4483100021943643E-02
   1.6000000000000000E+05   1.7355503395788882E-02   9.8385210508358261E+02   6.2245962580337801E-02
   1.7000000000000000E+05   1.6785716883742155E-02   1.0172486923850378E+03   6.0269103363293539E-02
   1.8000000000000000E+05   1.6278915269249745E-02   1.0489180801245802E+03   5.8510493365516822E-02
   1.9000000000000000E+05   1.5825403358602171E-02   1.0789771460359405E+03   5.6936707528767401E-02
   2.0000000000000000E+05   1.5417380582797281E-02   1.1075324020855221E+03   5.5520823898029530E-02
   2.1000000000000000E+05   1.5048498755475165E-02   1.1346811949942576E+03   5.4240911149717526E-02
   2.2000000000000000E+05   1.4713538293633727E-02   1.1605127339166472E+03   5.3078920302985250E-02
   2.3000000000000000E+05   1.4408167459386209E-02   1.1851089737028617E+03   5.2019859950968222E-02
   2.4000000000000000E+05   1.4128761093208993E-02   1.2085453521426871E+03   5.1051173577074227E-02
   2.5000000000000000E+05   1.3872261773983050E-02   1.2308914601623364E+03   5.0162263437272391E-02
   2.6000000000000000E+05   1.3636072792903711E-02   1.2522116015410400E+03   4.9344122194514936E-02
   2.7000000000000000E+05   1.3417974278782096E-02   1.2725653065033316E+03   4.8589044755921650E-02
   2.8000000000000000E+05   1.3216057291422931E-02   1.2920077580031225E+03   4.7890400901566182E-02
   2.9000000000000000E+05   1.3028671020874443E-02   1.3105901993667903E+03   4.7242453724095954E-02
   3.0000000000000000E+05   1.2854380645305023E-02   1.3283602704708126E+03   4.6640214075294263E-02
   3.1000000000000000E+05   1.2691933053186527E-02   1.3453623241768616E+03   4.6079322303181222E-02
   3.2000000000000000E+05   1.2540228932474225E-02   1.3616377055536864E+03   4.5555952083352377E-02
   3.3000000000000000E+05   1.2398300024539460E-02   1.3772249838232501E+03   4.5066731156781038E-02
   3.4000000000000000E+05   1.2265289780971101E-02   1.3921602225186261E+03   4.4608675873303298E-02
   3.5000000000000000E+05   1.2140438199169096E-02   1.4064771197386274E+03   4.4179136890679233E-02
   3.6000000000000000E+05   1.2023068243578182E-02   1.4202072386848899E+03   4.3775753558157923E-02
   3.7000000000000000E+05   1.1912575002248274E-02   1.4333801505979627E+03   4.3396415662372144E-02
   3.8000000000000000E+05   1.1808416245771350E-02   1.4460235983675529E+03   4.3039231158940011E-02
   3.9000000000000000E+05   1.1710104648769102E-02   1.4581636170541833E+03   4.2702498718956851E-02
   4.0000000000000000E+05   1.1617200795087787E-02   1.4698246894339857E+03   4.2384684217825735E-02
   4.1000000000000000E+05   1.1529307693410228E-02   1.4810298245827723E+03   4.2084400843386507E-02
   4.2000000000000000E+05   1.1446065789448010E-02   1.4918006645107371E+03   4.1800391890214880E-02
   4.3000000000000000E+05   1.1367148334484645E-02   1.5021576254908880E+03   4.1531515707598755E-02
   4.4000000000000000E+05   1.1292258135174914E-02   1.5121199273282170E+03   4.1276733074461301E-02
   4.5000000000000000E+05   1.1221124035916926E-02   1.5217057129105040E+03   4.1035095896096212E-02
   4.6000000000000000E+05   1.1153498393418258E-02   1.5309320850226113E+03   4.0805737473746072E-02
   4.7000000000000000E+05   1.1089154102580013E-02   1.5398152458499439E+03   4.0587863929230181E-02
   4.8000000000000000E+05   1.1027883289965073E-02   1.5483704444233592E+03   4.0380746962135471E-02
   4.9000000000000000E+05   1.0969494405159857E-02   1.5566121755529830E+03   4.0183716863285097E-02
   5.0000000000000000E+05   1.0913811574941448E-02   1.5645540912523741E+03   3.9996157285023294E-02
   5.1000000000000000E+05   1.0860672434624878E-02   1.5722091475933487E+03   3.9817499575991018E-02
   5.2000000000000000E+05   1.0809926771504738E-02   1.5795896597322917E+03   3.9647218440770175E-02
   5.3000000000000000E+05   1.0761436222218514E-02   1.5867072199413201E+03   3.9484828199163512E-02
   5.4000000000000000E+05   1.0715072251641453E-02   1.5935728803057191E+03   3.9329878697100661E-02
   5.5000000000000000E+05   1.0670715485831549E-02   1.6001971539213534E+03   3.9181952282323046E-02
   5.6000000000000000E+05   1.0628255511444308E-02   1.6065899556466106E+03   3.9040661208849310E-02
   5.7000000000000000E+05   1.0587589414369955E-02   1.6127607411330910E+03   3.8905644744955656E-02
   5.8000000000000000E+05   1.0548621165749245E-02   1.6187185303586871E+03   3.8776566850627546E-02
   5.9000000000000000E+05   1.0511261620634933E-02   1.6244718442942465E+03   3.8653114323521483E-02
   6.0000000000000000E+05   1.0475427356004109E-02   1.6300288255968180E+03   3.8534994831909163E-02
   6.1000000000000000E+05   1.0441040381101850E-02   1.6353972331759333E+03   3.8421935088442688E-02
   6.2000000000000000E+05   1.0408028000112191E-02   1.6405844171968120E+03   3.8313679604012892E-02
   6.3000000000000000E+05   1.0376321839928777E-02   1.6455974298161671E+03   3.8209988999435632E-02
   6.4000000000000000E+05   1.0345858156270985E-02   1.6504429398524333E+03   3.8110639001009625E-02
   6.5000000000000000E+05   1.0316576766062168E-02   1.6551273681114451E+03   3.8015419080274414E-02
   6.6000000000000000E+05   1.0288421283073846E-02   1.6596568201210582E+03   3.7924131486294546E-02
   6.7000000000000000E+05   1.0261338981473956E-02   1.6640370795234601E+03   3.7836590490056443E-02
   6.8000000000000000E+05   1.0235279769960545E-02   1.6682737486908950E+03   3.7752621215185675E-02
   6.9000000000000000E+05   1.0210197146364845E-02   1.6723720713670539E+03   3.7672059146977646E-02
   7.0000000000000000E+05   1.0186046592312804E-02   1.6763371732089358E+03   3.7594749134983771E-02
   7.1000000000000000E+05   1.0162786346125849E-02   1.6801739177800787E+03   3.7520544644372447E-02
   7.2000000000000000E+05   1.0140377407917440E-02   1.6838868874249279E+03   3.7449307862414571E-02
   7.3000000000000000E+05   1.0118782409560370E-02   1.6874805544389628E+03   3.7380908227197425E-02
   7.4000000000000000E+05   1.0097966229250169E-02   1.6909591657448127E+03   3.7315222392280752E-02
   7.5000000000000000E+05   1.0077895485920588E-02   1.6943268140245434E+03   3.7252133607010456E-02
   7.6000000000000000E+05   1.0058539129232599E-02   1.6975873266831829E+03   3.7191531635849200E-02
   7.7000000000000000E+05   1.0039866830939881E-02   1.7007445256257110E+03   3.7133311678928908E-02
   7.8000000000000000E+05   1.0021850953629820E-02   1.7038018854738268E+03   3.7077374825532021E-02
   7.9000000000000000E+05   1.0004464117847915E-02   1.7067629359847469E+03   3.7023626696976682E-02
   8.0000000000000000E+05   9.9876814188587879E-03   1.7096308777421145E+03   3.6971978339534868E-02
   8.1000000000000000E+05   9.9714782945169063E-03   1.7124089374111618E+03   3.6922344775792211E-02
   8.2000000000000000E+05   9.9558320287306493E-03   1.7151001042862331E+03   3.6874645577310378E-02
   8.3000000000000000E+05   9.9407206963287066E-03   1.7177073043645987E+03   3.6828804139154493E-02
   8.4000000000000000E+05   9.9261237133111049E-03   1.7202332999168602E+03   3.6784747509290214E-02
   8.5000000000000000E+05   9.9120208384860953E-03   1.7226808568070094E+03   3.6742406333939652E-02
   8.6000000000000000E+05   9.8983940533810422E-03   1.7250524134164657E+03   3.6701714821931554E-02
   8.7000000000000000E+05   9.8852249387398963E-03   1.7273505313788842E+03   3.6662609771957011E-02
   8.8000000000000000E+05   9.8724962878716637E-03   1.7295776116633294E+03   3.6625031270979949E-02
   8.9000000000000000E+05   9.8601921284511840E-03   1.7317358859024887E+03   3.6588922209332450E-02
   9.0000000000000000E+05   9.8482967888851528E-03   1.7338275761554412E+03   3.6554227886010419E-02
   9.1000000000000000E+05   9.8367953692866644E-03   1.7358548093870133E+03   3.6520896194219374E-02
   9.2000000000000000E+05   9.8256736952881812E-03   1.7378196223756595E+03   3.6488877393094588E-02
   9.3000000000000000E+05   9.8149180610862426E-03   1.7397240042615697E+03   3.6458123757156874E-02
   9.4000000000000000E+05   9.8045159266784230E-03   1.7415697703412181E+03   3.6428589966178530E-02
   9.5000000000000000E+05   9.7944545133671884E-03   1.7433588085409303E+03   3.6400232501574578E-02
   9.6000000000000000E+05   9.7847220373642688E-03   1.7450928585940446E+03   3.6373009671365385E-02
   9.7000000000000000E+05   9.7753070360218821E-03   1.7467736294942024E+03   3.6346881545369816E-02
   9.8000000000000000E+05   9.7661991060893436E-03   1.7484026656885926E+03   3.6321810338122346E-02
   9.9000000000000000E+05   9.7573873298601559E-03   1.7499816265853703E+03   3.6297758995018733E-02
   1.0000000000000000E+06   9.7488618196991585E-03   1.7515120089433256E+03   3.6274692981523075E-02
   1.1000000000000000E+06   9.6774287939555646E-03   1.7644406292503236E+03   3.6091455441721869E-02
   1.2000000000000000E+06   9.6261628150290414E-03   1.7738374967098084E+03   3.5977057693045718E-02
   1.3000000000000000E+06   9.5897434517042152E-03   1.7805740723645404E+03   3.5912881854990045E-02
   1.4000000000000000E+06   9.5644518953813401E-03   1.7852824957986115E+03   3.5885941087608828E-02
   1.5000000000000000E+06   9.5476245595719246E-03   1.7884289902888413E+03   3.5886957780771854E-02
   1.6000000000000000E+06   9.5373137662946063E-03   1.7903624615011649E+03   3.5909172005092652E-02
   1.7000000000000000E+06   9.5320729347457382E-03   1.7913468211610605E+03   3.5947573353989855E-02
   1.8000000000000000E+06   9.5308048317670844E-03   1.7915851653806531E+03   3.5998392446711984E-02
   1.9000000000000000E+06   9.5326735415677353E-03   1.7912339572182580E+03   3.6058759383083505E-02
   2.0000000000000000E+06   9.5370310051882574E-03   1.7904155435211462E+03   3.6126463569660955E-02
   2.1000000000000000E+06   9.5433687977795906E-03   1.7892265207968253E+03   3.6199787566941068E-02
   2.2000000000000000E+06   9.5512856771577080E-03   1.7877434649000520E+03   3.6277383130170017E-02
   2.3000000000000000E+06   9.5604639702331819E-03   1.7860271848622101E+03   3.6358190054782510E-02
   2.4000000000000000E+06   9.5706447886838280E-03   1.7841272900360536E+03   3.6441361119618668E-02
   2.5000000000000000E+06   9.5816249477495615E-03   1.7820827515005819E+03   3.6526225866618509E-02
   2.6000000000000000E+06   9.5932349029594754E-03   1.7799260336536231E+03   3.6612242846811700E-02
   2.7000000000000000E+06   9.6053404056997329E-03   1.7776828128443881E+03   3.6698979633349837E-02
   2.8000000000000000E+06   9.6178263177203252E-03   1.7753750157945706E+03   3.6786085011850080E-02
   2.9000000000000000E+06   9.6306050651426261E-03   1.7730192895703881E+03   3.6873278381852781E-02
   3.0000000000000000E+06   9.6435958518053828E-03   1.7706308739115702E+03   3.6960330897950408E-02
   3.1000000000000000E+06   9.6567411407932520E-03   1.7682205934464464E+03   3.7047060023579499E-02
   3.2000000000000000E+06   9.6699874863629149E-03   1.7657984123363656E+03   3.7133317628191907E-02
   3.3000000000000000E+06   9.6832886321422031E-03   1.7633728787194746E+03   3.7218982846062114E-02
   3.4000000000000000E+06   9.6966124346126604E-03   1.7609498849083623E+03   3.7303961912470984E-02
   3.5000000000000000E+06   9.7099283239107052E-03   1.7585349738045281E+03   3.7388181210833274E-02
   3.6000000000000000E+06   9.7232128705673788E-03   1.7561323379455919E+03   3.7471579671322072E-02
   3.7000000000000000E+06   9.7364433043774165E-03   1.7537460052846282E+03   3.7554111896456979E-02
   3.8000000000000000E+06   9.7496021758736191E-03   1.7513790042619989E+03   3.7635741680617348E-02
   3.9000000000000000E+06   9.7626791673154599E-03   1.7490330531293603E+03   3.7716445669574723E-02
   4.0000000000000000E+06   9.7756662888914356E-03   1.7467094360755329E+03   3.7796207333900829E-02
   4.1000000000000000E+06   9.7885456922375356E-03   1.7444111809452029E+03   3.7875010728992367E-02
   4.2000000000000000E+06   9.8013086622555333E-03   1.7421396610524359E+03   3.7952849985153470E-02
   4.3000000000000000E+06   9.8139587804372073E-03   1.7398940562873918E+03   3.8029725453458472E-02
   4.4000000000000000E+06   9.8264863391655886E-03   1.7376759058499943E+03   3.8105634958840784E-02
   4.5000000000000000E+06   9.8388844025658548E-03   1.7354862453998496E+03   3.8180584421624711E-02
   4.6000000000000000E+06   9.8511551379017494E-03   1.7333244996859432E+03   3.8254579688961489E-02
   4.7000000000000000E+06   9.8632965318659321E-03   1.7311908341766011E+03   3.8327632479480220E-02
   4.8000000000000000E+06   9.8753043536641775E-03   1.7290858022412729E+03   3.8399747706278263E-02
   4.9000000000000000E+06   9.8871782283064796E-03   1.7270092797403615E+03   3.8470939242667396E-02
   5.0000000000000000E+06   9.8989195862542803E-03   1.7249608305176037E+03   3.8541221718068237E-02
   5.1000000000000000E+06   9.9105267341477333E-03   1.7229405670132187E+03   3.8610604402218411E-02
   5.2000000000000000E+06   9.9220022132223383E-03   1.7209478675561272E+03   3.8679102521905616E-02
   5.3000000000000000E+06   9.9333433691337902E-03   1.7189830167142563E+03   3.8746730006634721E-02
   5.4000000000000000E+06   9.9445530439844099E-03   1.7170453488667545E+03   3.8813502457116754E-02
   5.5000000000000000E+06   9.9556318548566520E-03   1.7151345891122264E+03   3.8879434071144608E-02
   5.6000000000000000E+06   9.9665777955787009E-03   1.7132509173115523E+03   3.8944536763769355E-02
   5.7000000000000000E+06   9.9774076928939911E-03   1.7113912828172113E+03   3.9008836998658342E-02
   5.8000000000000000E+06   9.9881036365307048E-03   1.7095586081306542E+03   3.9072336376279895E-02
   5.9000000000000000E+06   9.9986748345287577E-03   1.7077511603603343E+03   3.9135057978236250E-02
   6.0000000000000000E+06   1.0009125043576520E-02   1.7059681517007732E+03   3.9197010634418106E-02
   6.1000000000000000E+06   1.0019454952446570E-02   1.7042093239375952E+03   3.9258215453689578E-02
   6.2000000000000000E+06   1.0029658752531827E-02   1.7024755250443375E+03   3.9318679641453982E-02
   6.3000000000000000E+06   1.0039755525411581E-02   1.7007633808924002E+03   3.9378427767596418E-02
   6.4000000000000000E+06   1.0049727172103695E-02   1.6990758314444688E+03   3.9437461178808031E-02
   6.5000000000000000E+06   1.0059590893880255E-02   1.6974098381197464E+03   3.9495805338542578E-02
   6.6000000000000000E+06   1.0069339656761203E-02   1.6957664685853294E+03   3.9553467952625841E-02
   6.7000000000000000E+06   1.0078985977417382E-02   1.6941434970730540E+03   3.9610469677532033E-02
   6.8000000000000000E+06   1.0088513234753328E-02   1.6925436041368944E+03   3.9666808138165033E-02
   6.9000000000000000E+06   1.0097941993844754E-02   1.6909632241045208E+03   3.9722511425163691E-02
   7.0000000000000000E+06   1.0107264334834982E-02   1.6894035799461399E+03   3.9777587267805482E-02
   7.1000000000000000E+06   1.0116472737538707E-02   1.6878658198100866E+03   3.9832038437994655E-02
   7.2000000000000000E+06   1.0125594874860885E-02   1.6863452233434091E+03   3.9885894932666206E-02
   7.3000000000000000E+06   1.0134619762322371E-02   1.6848435314971625E+03   3.9939160126832435E-02
   7.4000000000000000E+06   1.0143539116039744E-02   1.6833620253636586E+03   3.9991840091177115E-02
   7.5000000000000000E+06   1.0152362822969298E-02   1.6818989676078281E+03   4.0043952022641403E-02
   7.6000000000000000E+06   1.0161095213183764E-02   1.6804535527407966E+03   4.0095507062101361E-02
   7.7000000000000000E+06   1.0169735974851770E-02   1.6790257478617621E+03   4.0146516064535953E-02
   7.8000000000000000E+06   1.0178287570178484E-02   1.6776150637324479E+03   4.0196989361410078E-02
   7.9000000000000000E+06   1.0186743483909157E-02   1.6762224922718424E+03   4.0246928300378279E-02
   8.0000000000000000E+06   1.0195116671619516E-02   1.6748458208688373E+03   4.0296356030632953E-02
   8.1000000000000000E+06   1.0203408877983660E-02   1.6734846907464587E+03   4.0345276103728442E-02
   8.2000000000000000E+06   1.0211615629164294E-02   1.6721397642470388E+03   4.0393704230460528E-02
   8.3000000000000000E+06   1.0219736524970187E-02   1.6708110340234009E+03   4.0441633779495556E-02
   8.4000000000000000E+06   1.0227775685792714E-02   1.6694977554553909E+03   4.0489096324618293E-02
   8.5000000000000000E+06   1.0235730114202261E-02   1.6682003491905225E+03   4.0536074663329549E-02
   8.6000000000000000E+06   1.0243611990529134E-02   1.6669167639812308E+03   4.0582599997937847E-02
   8.7000000000000000E+06   1.0251413463096635E-02   1.6656482164337808E+03   4.0628666845229394E-02
   8.8000000000000000E+06   1.0259142468368390E-02   1.6643933548422394E+03   4.0674293821334133E-02
   8.9000000000000000E+06   1.0266794806556871E-02   1.6631528020631210E+03   4.0719478648073189E-02
   9.0000000000000000E+06   1.0274369831068574E-02   1.6619266029434204E+03   4.0764228068361053E-02
   9.1000000000000000E+06   1.0281880465936845E-02   1.6607126106261660E+03   4.0808569709705846E-02
   9.2000000000000000E+06   1.0289321515697008E-02   1.6595116135386372E+03   4.0852498942404614E-02
   9.3000000000000000E+06   1.0296689923086941E-02   1.6583240515426737E+03   4.0896013533633244E-02
   9.4000000000000000E+06   1.0303988338453607E-02   1.6571494444543173E+03   4.0939128484210413E-02
   9.5000000000000000E+06   1.0311218973123685E-02   1.6559873857047357E+03   4.0981848600988621E-02
   9.6000000000000000E+06   1.0318385991934222E-02   1.6548371580671346E+03   4.1024187749727083E-02
   9.7000000000000000E+06   1.0325484712040154E-02   1.6536994656358711E+03   4.1066137027391210E-02
   9.8000000000000000E+06   1.0332521861171569E-02   1.6525731839870559E+03   4.1107720228532443E-02
   9.9000000000000000E+06   1.0339495968426055E-02   1.6514585046384482E+03   4.1148939869192554E-02
   1.0000000000000000E+07   1.0346410022533050E-02   1.6503549070203701E+03   4.1189796745423099E-02
   1.1000000000000000E+07   1.0412345599499767E-02   1.6399041299159808E+03   4.1579755412838169E-02
   1.2000000000000000E+07   1.0473087052376815E-02   1.6303930699074076E+03   4.1939425383924540E-02
   1.3000000000000000E+07   1.0529353801999861E-02   1.6216805771584029E+03   4.2273059164487092E-02
   1.4000000000000000E+07   1.0581741283059292E-02   1.6136520534733322E+03   4.2584090592172358E-02
   1.5000000000000000E+07   1.0630745458151927E-02   1.6062136581060195E+03   4.2875361056521004E-02
   1.6000000000000000E+07   1.0676734846349553E-02   1.5992949901317722E+03   4.3149135830850463E-02
   1.7000000000000000E+07   1.0720078584556515E-02   1.5928286734139228E+03   4.3407410342626497E-02
   1.8000000000000000E+07   1.0761057601005439E-02   1.5867630472618941E+03   4.3651844899447796E-02
   1.9000000000000000E+07   1.0799901914730847E-02   1.5810558915763731E+03   4.3883797163538754E-02
   2.0000000000000000E+07   1.0836832342552406E-02   1.5756678714760308E+03   4.4104488462105802E-02
   2.1000000000000000E+07   1.0872004682888783E-02   1.5705703822595412E+03   4.4314919037248879E-02
   2.2000000000000000E+07   1.0905572517213245E-02   1.5657360971907490E+03   4.4515994968725117E-02
   2.3000000000000000E+07   1.0937713792062967E-02   1.5611350667378897E+03   4.4708577021826443E-02
   2.4000000000000000E+07   1.0968525583392043E-02   1.5567496671190327E+03   4.4893295099014768E-02
   2.5000000000000000E+07   1.0998094208720291E-02   1.5525643103869165E+03   4.5070758025996534E-02
   2.6000000000000000E+07   1.1026525539165048E-02   1.5485611029587415E+03   4.5241506645269575E-02
   2.7000000000000000E+07   1.1053900517561150E-02   1.5447260922608261E+03   4.5406036573738276E-02
   2.8000000000000000E+07   1.1080317316906393E-02   1.5410432808344465E+03   4.5564837092533339E-02
   2.9000000000000000E+07   1.1105812082657658E-02   1.5375056253109221E+03   4.5718213212884364E-02
   3.0000000000000000E+07   1.1130462934564885E-02   1.5341004818142965E+03   4.5866564353855048E-02
   3.1000000000000000E+07   1.1154318341527261E-02   1.5308195470055230E+03   4.6010218490669719E-02
   3.2000000000000000E+07   1.1177414926706635E-02   1.5276563197035478E+03   4.6149397338888211E-02
   3.3000000000000000E+07   1.1199839574077452E-02   1.5245976014025784E+03   4.6284485706008703E-02
   3.4000000000000000E+07   1.1221548733264253E-02   1.5216481215392016E+03   4.6415511830844983E-02
   3.5000000000000000E+07   1.1242669401770008E-02   1.5187895276938311E+03   4.6542930991947548E-02
   3.6000000000000000E+07   1.1263190005322912E-02   1.5160224183967866E+03   4.6666813575721625E-02
   3.7000000000000000E+07   1.1283168869711445E-02   1.5133380301139496E+03   4.6787424707241024E-02
   3.8000000000000000E+07   1.1302616061569390E-02   1.5107341926609890E+03   4.6904882621274457E-02
   3.9000000000000000E+07   1.1321574610472134E-02   1.5082043918995189E+03   4.7019391424399828E-02
   4.0000000000000000E+07   1.1340031169951378E-02   1.5057497016390803E+03   4.7130990651163045E-02
   4.1000000000000000E+07   1.1358073954110573E-02   1.5033577541157404E+03   4.7239999819197395E-02
   4.2000000000000000E+07   1.1375626070358287E-02   1.5010381358460349E+03   4.7346269318526694E-02
   4.3000000000000000E+07   1.1392829417577126E-02   1.4987715452307275E+03   4.7450260033359934E-02
   4.4000000000000000E+07   1.1409624462623327E-02   1.4965653432914282E+03   4.7551862467635715E-02
   4.5000000000000000E+07   1.1426028252299599E-02   1.4944167976563158E+03   4.7651178617988607E-02
   4.6000000000000000E+07   1.1442096317779591E-02   1.4923181973393589E+03   4.7748415203208591E-02
   4.7000000000000000E+07   1.1457806420823275E-02   1.4902720401786344E+03   4.7843557158321150E-02
   4.8000000000000000E+07   1.1473163340520296E-02   1.4882772992890914E+03   4.7936662457173783E-02
   4.9000000000000000E+07   1.1488229710376901E-02   1.4863254810537699E+03   4.8027949026783374E-02
   5.0000000000000000E+07   1.1502993527971858E-02   1.4844178177802355E+03   4.8117422521600381E-02
   5.1000000000000000E+07   1.1517466674819381E-02   1.4825524599141013E+03   4.8205153456539515E-02
   5.2000000000000000E+07   1.1531660347540570E-02   1.4807276694005218E+03   4.8291208318815962E-02
   5.3000000000000000E+07   1.1545585109250980E-02   1.4789418110174854E+03   4.8375649864555184E-02
   5.4000000000000000E+07   1.1559250936365619E-02   1.4771933445110278E+03   4.8458537393897896E-02
   5.5000000000000000E+07   1.1572667262806480E-02   1.4754808172538135E+03   4.8539927003949906E-02
   5.6000000000000000E+07   1.1585843015071231E-02   1.4738028582400204E+03   4.8619871807186979E-02
   5.7000000000000000E+07   1.1598786651514918E-02   1.4721581716913431E+03   4.8698422146851710E-02
   5.8000000000000000E+07   1.1611506193531981E-02   1.4705455318314926E+03   4.8775625782335255E-02
   5.9000000000000000E+07   1.1624009252247811E-02   1.4689637783478370E+03   4.8851528061534887E-02
   6.0000000000000000E+07   1.1636303060488113E-02   1.4674118112918841E+03   4.8926172084863398E-02
   6.1000000000000000E+07   1.1648394494452789E-02   1.4658885873811837E+03   4.8999598846378112E-02
   6.2000000000000000E+07   1.1660290096814435E-02   1.4643931162053229E+03   4.9071847371378194E-02
   6.3000000000000000E+07   1.1671996099400284E-02   1.4629244565639890E+03   4.9142954840472139E-02
   6.4000000000000000E+07   1.1683518440879434E-02   1.4614817135040084E+03   4.9212956701205700E-02
   6.5000000000000000E+07   1.1694862786203988E-02   1.4600640351997306E+03   4.9281886778091130E-02
   6.6000000000000000E+07   1.1706034542477770E-02   1.4586706103395718E+03   4.9349777368494357E-02
   6.7000000000000000E+07   1.1717038874738074E-02   1.4573006655757010E+03   4.9416659330589190E-02
   6.8000000000000000E+07   1.1727880719914974E-02   1.4559534632490661E+03   4.9482562172189715E-02
   6.9000000000000000E+07   1.1738564798271598E-02   1.4546282994703356E+03   4.9547514121705827E-02
   7.0000000000000000E+07   1.1749095631364632E-02   1.4533245014321928E+03   4.9611542211762200E-02
   7.1000000000000000E+07   1.1759477545649762E-02   1.4520414265384504E+03   4.9674672332463775E-02
   7.2000000000000000E+07   1.1769714689014272E-02   1.4507784599630113E+03   4.9736929305279072E-02
   7.3000000000000000E+07   1.1779811037444347E-02   1.4495350134611892E+03   4.9798336936276756E-02
   7.4000000000000000E+07   1.1789770407096518E-02   1.4483105235411706E+03   4.9858918070426618E-02
   7.5000000000000000E+07   1.1799596460903526E-02   1.4471044503351313E+03   4.9918694648681664E-02
   7.6000000000000000E+07   1.1809292715811036E-02   1.4459162764143125E+03   4.9977687742733402E-02
   7.7000000000000000E+07   1.1818862552968131E-02   1.4447455052638686E+03   5.0035917614419959E-02
   7.8000000000000000E+07   1.1828309221588434E-02   1.4435916605534183E+03   5.0093403745350852E-02
   7.9000000000000000E+07   1.1837635850187444E-02   1.4424542845235248E+03   5.0150164885551726E-02
   8.0000000000000000E+07   1.1846845445895605E-02   1.4413329378453197E+03   5.0206219079956808E-02
   8.1000000000000000E+07   1.1855940907112426E-02   1.4402271978674125E+03   5.0261583713003904E-02
   8.2000000000000000E+07   1.1864925025611541E-02   1.4391366581646030E+03   5.0316275534955587E-02
   8.3000000000000000E+07   1.1873800490389779E-02   1.4380609278850729E+03   5.0370310689880592E-02
   8.4000000000000000E+07   1.1882569898117199E-02   1.4369996303104215E+03   5.0423704755837379E-02
   8.5000000000000000E+07   1.1891235748104861E-02   1.4359524033028686E+03   5.0476472752400831E-02
   8.6000000000000000E+07   1.1899800457319563E-02   1.4349188973357263E+03   5.0528629188056735E-02
   8.7000000000000000E+07   1.1908266356829971E-02   1.4338987757809659E+03   5.0580188067382098E-02
   8.8000000000000000E+07   1.1916635697285653E-02   1.4328917141120226E+03   5.0631162918600280E-02
   8.9000000000000000E+07   1.1924910655705620E-02   1.4318973989597393E+03   5.0681566821133520E-02
   9.0000000000000000E+07   1.1933093335475526E-02   1.4309155279938755E+03   5.0731412416821546E-02
   9.1000000000000000E+07   1.1941185767842999E-02   1.4299458096293022E+03   5.0780711928919142E-02
   9.2000000000000000E+07   1.1949189924430885E-02   1.4289879614199383E+03   5.0829477193871098E-02
   9.3000000000000000E+07   1.1957107704671479E-02   1.4280417114634745E+03   5.0877719655177907E-02
   9.4000000000000000E+07   1.1964940954450359E-02   1.4271067960749961E+03   5.0925450403173825E-02
   9.5000000000000000E+07   1.1972691455694120E-02   1.4261829609424456E+03   5.0972680172455480E-02
   9.6000000000000000E+07   1.1980360937917376E-02   1.4252699596628729E+03   5.1019419364728626E-02
   9.7000000000000000E+07   1.1987951077260186E-02   1.4243675537783943E+03   5.1065678065218466E-02
   9.8000000000000000E+07   1.1995463496418432E-02   1.4234755127078195E+03   5.1111466047497160E-02
   9.9000000000000000E+07   1.2002899769454192E-02   1.4225936131022629E+03   5.1156792789520809E-02
   1.0000000000000000E+08   1.2010261425418754E-02   1.4217216383478353E+03   5.1201667491131364E-02
   1.1000000000000000E+08   1.2080079551849292E-02   1.4135046443562678E+03   5.1627393492485366E-02
   1.2000000000000000E+08   1.2143826167869682E-02   1.4060847310141928E+03   5.2016296403764414E-02
   1.3000000000000000E+08   1.2202472826970063E-02   1.3993269063457551E+03   5.2374240662166692E-02
   1.4000000000000000E+08   1.2256775146691157E-02   1.3931273394814457E+03   5.2705792788621052E-02
   1.5000000000000000E+08   1.2307332390304638E-02   1.3874045170165020E+03   5.3014578143860652E-02
   1.6000000000000000E+08   1.2354627818570840E-02   1.3820933177012039E+03   5.3303522974778285E-02
   1.7000000000000000E+08   1.2399056822725105E-02   1.3771409224802071E+03   5.3575023348219578E-02
   1.8000000000000000E+08   1.2440947002023578E-02   1.3725039217637361E+03   5.3831065940335043E-02
   1.9000000000000000E+08   1.2480572836278807E-02   1.3681462201075774E+03   5.4073316297668830E-02
   2.0000000000000000E+08   1.2518166569224718E-02   1.3640374935344601E+03   5.4303184505352750E-02
   2.1000000000000000E+08   1.2553926460458284E-02   1.3601520292885975E+03   5.4521874907705187E-02
   2.2000000000000000E+08   1.2588023096973586E-02   1.3564678440125672E+03   5.4730424259498894E-02
   2.3000000000000000E+08   1.2620604331357060E-02   1.3529659992831819E+03   5.4929731476730269E-02
   2.4000000000000000E+08   1.2651799131065681E-02   1.3496300703039919E+03   5.5120580994980434E-02
   2.5000000000000000E+08   1.2681720676351394E-02   1.3464457218785556E+03   5.5303661457722142E-02
   2.6000000000000000E+08   1.2710468832392624E-02   1.3434003714493911E+03   5.5479580680426757E-02
   2.7000000000000000E+08   1.2738132155183154E-02   1.3404829171743386E+03   5.5648877830005126E-02
   2.8000000000000000E+08   1.2764789541620419E-02   1.3376835156629265E+03   5.5812033383800988E-02
   2.9000000000000000E+08   1.2790511584529700E-02   1.3349934002158996E+03   5.5969477372381761E-02
   3.0000000000000000E+08   1.2815361699270533E-02   1.3324047304653213E+03   5.6121596167838787E-02
   3.1000000000000000E+08   1.2839397056507428E-02   1.3299104681927304E+03   5.6268738223674744E-02
   3.2000000000000000E+08   1.2862669394116049E-02   1.3275042705010460E+03   5.6411218884101777E-02
   3.3000000000000000E+08   1.2885225662463728E-02   1.3251804041332771E+03   5.6549324424447857E-02
   3.4000000000000000E+08   1.2907108612051950E-02   1.3229336688767171E+03   5.6683315538505315E-02
   3.5000000000000000E+08   1.2928357272304437E-02   1.3207593347773063E+03   5.6813430292223147E-02
   3.6000000000000000E+08   1.2949007384583494E-02   1.3186530861864503E+03   5.6939886677442965E-02
   3.7000000000000000E+08   1.2969091739939147E-02   1.3166109773244830E+03   5.7062884793926086E-02
   3.8000000000000000E+08   1.2988640518042190E-02   1.3146293891969192E+03   5.7182608762843770E-02
   3.9000000000000000E+08   1.3007681537177105E-02   1.3127049968074316E+03   5.7299228382326435E-02
   4.0000000000000000E+08   1.3026240506153927E-02   1.3108347372110454E+03   5.7412900562085437E-02
   4.1000000000000000E+08   1.3044341234523558E-02   1.3090157826859263E+03   5.7523770639547590E-02
   4.2000000000000000E+08   1.3062005802063072E-02   1.3072455187575570E+03   5.7631973427955750E-02
   4.3000000000000000E+08   1.3079254729771988E-02   1.3055215227106319E+03   5.7737634248666042E-02
   4.4000000000000000E+08   1.3096107138013704E-02   1.3038415439629623E+03   5.7840869810788648E-02
   4.5000000000000000E+08   1.3112580839392048E-02   1.3022034914313510E+03   5.7941788942415966E-02
   4.6000000000000000E+08   1.3128692479406397E-02   1.3006054165345338E+03   5.8040493318327460E-02
   4.7000000000000000E+08   1.3144457639962869E-02   1.2990455002737103E+03   5.8137078077945513E-02
   4.8000000000000000E+08   1.3159890897622793E-02   1.2975220450966381E+03   5.8231632319514164E-02
   4.9000000000000000E+08   1.3175005947883664E-02   1.2960334604991203E+03   5.8324239677058728E-02
   5.0000000000000000E+08   1.3189815649392285E-02   1.2945782567870001E+03   5.8414978712456947E-02
   5.1000000000000000E+08   1.3204332082035477E-02   1.2931550376533678E+03   5.8503923299183129E-02
   5.2000000000000000E+08   1.3218566647813184E-02   1.2917624887534234E+03   5.8591143058096970E-02
   5.3000000000000000E+08   1.3232530080626111E-02   1.2903993753796344E+03   5.8676703603495015E-02
   5.4000000000000000E+08   1.3246232510547358E-02   1.2890645349261333E+03   5.8760666879951240E-02
   5.5000000000000000E+08   1.3259683529078945E-02   1.2877568694068411E+03   5.8843091451098846E-02
   5.6000000000000000E+08   1.3272892184434495E-02   1.2864753448955757E+03   5.8924032684782308E-02
   5.7000000000000000E+08   1.3285867051961320E-02   1.2852189837479543E+03   5.9003543018221583E-02
   5.8000000000000000E+08   1.3298616280708064E-02   1.2839868592571358E+03   5.9081672193484328E-02
   5.9000000000000000E+08   1.3311147569568586E-02   1.2827780971919290E+03   5.9158467345550060E-02
   6.0000000000000000E+08   1.3323468245517079E-02   1.2815918675287444E+03   5.9233973268017465E-02
   6.1000000000000000E+08   1.3335585281361726E-02   1.2804273821110135E+03   5.9308232559353517E-02
   6.2000000000000000E+08   1.3347505292086276E-02   1.2792838944110447E+03   5.9381285697792288E-02
   6.3000000000000000E+08   1.3359234584664327E-02   1.2781606942012691E+03   5.9453171240497975E-02
   6.4000000000000000E+08   1.3370779157546026E-02   1.2770571071092331E+03   5.9523925916130864E-02
   6.5000000000000000E+08   1.3382144745098516E-02   1.2759724899094606E+03   5.9593584767242663E-02
   6.6000000000000000E+08   1.3393336815588061E-02   1.2749062303024323E+03   5.9662181209152565E-02
   6.7000000000000000E+08   1.3404360593490384E-02   1.2738577443988252E+03   5.9729747185129647E-02
   6.8000000000000000E+08   1.3415221042585239E-02   1.2728264779632432E+03   5.9796313167685730E-02
   6.9000000000000000E+08   1.3425922950231692E-02   1.2718118980742020E+03   5.9861908338664678E-02
   7.0000000000000000E+08   1.3436470879033990E-02   1.2708134974173945E+03   5.9926560610997791E-02
   7.1000000000000000E+08   1.3446869193092752E-02   1.2698307915052224E+03   5.9990296706051084E-02
   7.2000000000000000E+08   1.3457122066407359E-02   1.2688633176150365E+03   6.0053142218093776E-02
   7.3000000000000000E+08   1.3467233522785681E-02   1.2679106307796587E+03   6.0115121704934514E-02
   7.4000000000000000E+08   1.3477207418329107E-02   1.2669723052202705E+03   6.0176258712453988E-02
   7.5000000000000000E+08   1.3487047429570674E-02   1.2660479352429850E+03   6.0236575819032391E-02
   7.6000000000000000E+08   1.3496757115452139E-02   1.2651371292132897E+03   6.0296094744336705E-02
   7.7000000000000000E+08   1.3506339875027664E-02   1.2642395133490734E+03   6.0354836335608807E-02
   7.8000000000000000E+08   1.3515798980868229E-02   1.2633547284109782E+03   6.0412820612414465E-02
   7.9000000000000000E+08   1.3525137591680980E-02   1.2624824283661835E+03   6.0470066874181362E-02
   8.0000000000000000E+08   1.3534358739430846E-02   1.2616222814447297E+03   6.0526593677390252E-02
   8.1000000000000000E+08   1.3543465336773948E-02   1.2607739693007904E+03   6.0582418864060440E-02
   8.2000000000000000E+08   1.3552460192460593E-02   1.2599371854441113E+03   6.0637559636697327E-02
   8.3000000000000000E+08   1.3561346027646817E-02   1.2591116336034586E+03   6.0692032594776409E-02
   8.4000000000000000E+08   1.3570125439446221E-02   1.2582970309984826E+03   6.0745853699222307E-02
   8.5000000000000000E+08   1.3578800962087422E-02   1.2574931025505832E+03   6.0799038398748229E-02
   8.6000000000000000E+08   1.3587375005735269E-02   1.2566995864561513E+03   6.0851601517996491E-02
   8.7000000000000000E+08   1.3595849932450037E-02   1.2559162270523175E+03   6.0903557454026515E-02
   8.8000000000000000E+08   1.3604228001706504E-02   1.2551427797733361E+03   6.0954920073423575E-02
   8.9000000000000000E+08   1.3612511403575072E-02   1.2543790079946352E+03   6.1005702752657306E-02
   9.0000000000000000E+08   1.3620702260004721E-02   1.2536246828382136E+03   6.1055918482610168E-02
   9.1000000000000000E+08   1.3628802599706873E-02   1.2528795854082889E+03   6.1105579728711855E-02
   9.2000000000000000E+08   1.3636814422605170E-02   1.2521435007891023E+03   6.1154698640056002E-02
   9.3000000000000000E+08   1.3644739622229240E-02   1.2514162251153643E+03   6.1203286919541071E-02
   9.4000000000000000E+08   1.3652580060009160E-02   1.2506975586796671E+03   6.1251355914284787E-02
   9.5000000000000000E+08   1.3660337540474379E-02   1.2499873081568956E+03   6.1298916612122487E-02
   9.6000000000000000E+08   1.3668013787440836E-02   1.2492852887244039E+03   6.1345979653080869E-02
   9.7000000000000000E+08   1.3675610479232266E-02   1.2485913207796150E+03   6.1392555308362004E-02
   9.8000000000000000E+08   1.3683129259654753E-02   1.2479052288922830E+03   6.1438653601368229E-02
   9.9000000000000000E+08   1.3690571718280375E-02   1.2472268435606954E+03   6.1484284241214431E-02
   1.0000000000000000E+09   1.3697939360996494E-02   1.2465560038433382E+03   6.1529456545653165E-02
   1.1000000000000000E+09   1.3767808947638623E-02   1.2402299171692680E+03   6.1957853726820757E-02
   1.2000000000000000E+09   1.3831594994121000E-02   1.2345104493003046E+03   6.2348972223939106E-02
   1.3000000000000000E+09   1.3890272508839849E-02   1.2292954324593252E+03   6.2708783664049250E-02
   1.4000000000000000E+09   1.3944599445490180E-02   1.2245062052502669E+03   6.3041930700832985E-02
   1.5000000000000000E+09   1.3995176666107507E-02   1.2200809577548059E+03   6.3352094127882813E-02
   1.6000000000000000E+09   1.4042488510273531E-02   1.2159702703861819E+03   6.3642241558241081E-02
   1.7000000000000000E+09   1.4086931179823061E-02   1.2121340221487922E+03   6.3914800513443296E-02
   1.8000000000000000E+09   1.4128832847719134E-02   1.2085392144396892E+03   6.4171782046804932E-02
   1.9000000000000000E+09   1.4168468463697983E-02   1.2051583835247852E+03   6.4414870944127220E-02
   2.0000000000000000E+09   1.4206070557322916E-02   1.2019684459423049E+03   6.4645492482799882E-02
   2.1000000000000000E+09   1.4241837696661925E-02   1.1989498065080704E+03   6.4864863431269001E-02
   2.2000000000000000E+09   1.4275940603401030E-02   1.1960857098735921E+03   6.5074030526280371E-02
   2.3000000000000000E+09   1.4308527313206592E-02   1.1933617050143180E+03   6.5273901014700181E-02
   2.4000000000000000E+09   1.4339726972214551E-02   1.1907652484470664E+03   6.5465266288162252E-02
   2.5000000000000000E+09   1.4369652786340850E-02   1.1882853959396380E+03   6.5648820676052003E-02
   2.6000000000000000E+09   1.4398404765277756E-02   1.1859125249701065E+03   6.5825176928383231E-02
   2.7000000000000000E+09   1.4426071477444659E-02   1.1836381496812573E+03   6.5994878305030702E-02
   2.8000000000000000E+09   1.4452731914893352E-02   1.1814547347367827E+03   6.6158408887164122E-02
   2.9000000000000000E+09   1.4478456696287932E-02   1.1793555700663874E+03   6.6316201706794989E-02
   3.0000000000000000E+09   1.4503309300974272E-02   1.1773346480023779E+03   6.6468645891063785E-02
   3.1000000000000000E+09   1.4527346906799682E-02   1.1753865767974401E+03   6.6616092064294655E-02
   3.2000000000000000E+09   1.4550621274062097E-02   1.1735064935797934E+03   6.6758857632762472E-02
   3.3000000000000000E+09   1.4573179400904177E-02   1.1716899985237774E+03   6.6897230635561813E-02
   3.4000000000000000E+09   1.4595064049750365E-02   1.1699331015285416E+03   6.7031473310794135E-02
   3.5000000000000000E+09   1.4616314276222831E-02   1.1682321704391243E+03   6.7161825150166277E-02
   3.6000000000000000E+09   1.4636965847495676E-02   1.1665838896285777E+03   6.7288505333073845E-02
   3.7000000000000000E+09   1.4657051519336816E-02   1.1649852310476670E+03   6.7411714993619448E-02
   3.8000000000000000E+09   1.4676601530007313E-02   1.1634334090096163E+03   6.7531639284588163E-02
   3.9000000000000000E+09   1.4695643692001038E-02   1.1619258678696981E+03   6.7648448870093400E-02
   4.0000000000000000E+09   1.4714203712705294E-02   1.1604602521567763E+03   6.7762301448017773E-02
   4.1000000000000000E+09   1.4732305412756382E-02   1.1590343854769039E+03   6.7873343040538603E-02
   4.2000000000000000E+09   1.4749970832638133E-02   1.1576462587267458E+03   6.7981708993127846E-02
   4.3000000000000000E+09   1.4767220620674343E-02   1.1562939966391875E+03   6.8087525458362719E-02
   4.4000000000000000E+09   1.4784073836788437E-02   1.1549758706049208E+03   6.8190909549459860E-02
   4.5000000000000000E+09   1.4800548297880134E-02   1.1536902692434594E+03   6.8291970537025334E-02
   4.6000000000000000E+09   1.4816660613844453E-02   1.1524356935581907E+03   6.8390810460877915E-02
   4.7000000000000000E+09   1.4832426436448597E-02   1.1512107357412638E+03   6.8487525059277035E-02
   4.8000000000000000E+09   1.4847860308345661E-02   1.1500140893118808E+03   6.8582203690856144E-02
   4.9000000000000000E+09   1.4862975890234841E-02   1.1488445299807561E+03   6.8674930188766733E-02
   5.0000000000000000E+09   1.4877786163067527E-02   1.1477008987479328E+03   6.8765783713637757E-02
   5.1000000000000000E+09   1.4892303101222642E-02   1.1465821259930103E+03   6.8854838188902687E-02
   5.2000000000000000E+09   1.4906538138460408E-02   1.1454871944194911E+03   6.8942163597627407E-02
   5.3000000000000000E+09   1.4920502030420600E-02   1.1444151487609709E+03   6.9027825800089052E-02
   5.4000000000000000E+09   1.4934204904437266E-02   1.1433650910775132E+03   6.9111886989301666E-02
   5.5000000000000000E+09   1.4947656320696700E-02   1.1423361752764927E+03   6.9194405747701707E-02
   5.6000000000000000E+09   1.4960865379567876E-02   1.1413275982051082E+03   6.9275437925315250E-02
   5.7000000000000000E+09   1.4973840622387411E-02   1.1403386065965553E+03   6.9355035922868333E-02
   5.8000000000000000E+09   1.4986590164766547E-02   1.1393684862935695E+03   6.9433249716083903E-02
   5.9000000000000000E+09   1.4999121784490827E-02   1.1384165550537803E+03   6.9510126564465188E-02
   6.0000000000000000E+09   1.5011442810274580E-02   1.1374821705375987E+03   6.9585711593416255E-02
   6.1000000000000000E+09   1.5023560121802174E-02   1.1365647298174404E+03   6.9660047237043762E-02
   6.2000000000000000E+09   1.5035480432963095E-02   1.1356636475211774E+03   6.9733174301699050E-02
   6.3000000000000000E+09   1.5047209969531504E-02   1.1347783798662442E+03   6.9805131315202051E-02
   6.4000000000000000E+09   1.5058754822913785E-02   1.1339083975754772E+03   6.9875955345586799E-02
   6.5000000000000000E+09   1.5070120635871561E-02   1.1330532092814021E+03   6.9945681308825003E-02
   6.6000000000000000E+09   1.5081313001559155E-02   1.1322123311787816E+03   7.0014342986400732E-02
   6.7000000000000000E+09   1.5092336913664394E-02   1.1313853280914013E+03   7.0081971967836332E-02
   6.8000000000000000E+09   1.5103197615152582E-02   1.1305717494950261E+03   7.0148599280840537E-02
   6.9000000000000000E+09   1.5113899786774276E-02   1.1297711902042781E+03   7.0214254097618445E-02
   7.0000000000000000E+09   1.5124447829253651E-02   1.1289832689101731E+03   7.0278963962637123E-02
   7.1000000000000000E+09   1.5134846333922985E-02   1.1282075928620425E+03   7.0342756243474275E-02
   7.2000000000000000E+09   1.5145099447549663E-02   1.1274438051639718E+03   7.0405656497172425E-02
   7.3000000000000000E+09   1.5155211093535707E-02   1.1266915680254313E+03   7.0467689056019092E-02
   7.4000000000000000E+09   1.5165185066786262E-02   1.1259505555345438E+03   7.0528877570341597E-02
   7.5000000000000000E+09   1.5175025283988832E-02   1.1252204349700987E+03   7.0589245064216072E-02
   7.6000000000000000E+09   1.5184735137447319E-02   1.1245009146470138E+03   7.0648812888482626E-02
   7.7000000000000000E+09   1.5194318059942308E-02   1.1237917018302164E+03   7.0707602078418877E-02
   7.8000000000000000E+09   1.5203777280934897E-02   1.1230925207082607E+03   7.0765632843730317E-02
   7.9000000000000000E+09   1.5213116108513638E-02   1.1224030914466250E+03   7.0822924422393990E-02
   8.0000000000000000E+09   1.5222337362124245E-02   1.1217231719760903E+03   7.0879495367619103E-02
   8.1000000000000000E+09   1.5231444044140875E-02   1.1210525083011119E+03   7.0935363507717869E-02
   8.2000000000000000E+09   1.5240439046582845E-02   1.1203908560994314E+03   7.0990546142389963E-02
   8.3000000000000000E+09   1.5249325037543135E-02   1.1197379889728682E+03   7.1045060174935504E-02
   8.4000000000000000E+09   1.5258104541790758E-02   1.1190936924022499E+03   7.1098921218801875E-02
   8.5000000000000000E+09   1.5266780166879386E-02   1.1184577470877693E+03   7.1152144918809682E-02
   8.6000000000000000E+09   1.5275354357185484E-02   1.1178299469498074E+03   7.1204746094519072E-02
   8.7000000000000000E+09   1.5283829385021232E-02   1.1172100996800309E+03   7.1256739313549977E-02
   8.8000000000000000E+09   1.5292207577366988E-02   1.1165980100874469E+03   7.1308138381160263E-02
   8.9000000000000000E+09   1.5300490976730755E-02   1.1159935048293864E+03   7.1358956484788225E-02
   9.0000000000000000E+09   1.5308681916955839E-02   1.1153963903201670E+03   7.1409206897967689E-02
   9.1000000000000000E+09   1.5316782291104820E-02   1.1148065061059569E+03   7.1458902116492515E-02
   9.2000000000000000E+09   1.5324794304025519E-02   1.1142236699546975E+03   7.1508054512577843E-02
   9.3000000000000000E+09   1.5332719656816932E-02   1.1136477371866965E+03   7.1556675330284869E-02
   9.4000000000000000E+09   1.5340560168000002E-02   1.1130785553939986E+03   7.1604776157564998E-02
   9.5000000000000000E+09   1.5348317687603783E-02   1.1125159706932016E+03   7.1652367986975427E-02
   9.6000000000000000E+09   1.5355993958284733E-02   1.1119598377752595E+03   7.1699461430823244E-02
   9.7000000000000000E+09   1.5363590818957284E-02   1.1114100051182595E+03   7.1746067201700736E-02
   9.8000000000000000E+09   1.5371109582976713E-02   1.1108663599433808E+03   7.1792194559789718E-02
   9.9000000000000000E+09   1.5378552068613849E-02   1.1103287536140092E+03   7.1837853767625720E-02
   1.0000000000000000E+10   1.5385919753604762E-02   1.1097970627808327E+03   7.1883054193447274E-02
   1.1000000000000000E+10   1.5455790042539224E-02   1.1047800535421140E+03   7.2311704386570780E-02
   1.2000000000000000E+10   1.5519576525424220E-02   1.1002393346725300E+03   7.2703033337766940E-02
   1.3000000000000000E+10   1.5578254304418089E-02   1.0960951218962648E+03   7.3063022799131905E-02
   1.4000000000000000E+10   1.5632581669379059E-02   1.0922859008105474E+03   7.3396322640693443E-02
   1.5000000000000000E+10   1.5683159043213213E-02   1.0887633354787258E+03   7.3706617976760438E-02
   1.6000000000000000E+10   1.5730471058771279E-02   1.0854886981411173E+03   7.3996881031218847E-02
   1.7000000000000000E+10   1.5774913790900496E-02   1.0824305461866763E+03   7.4269541804877062E-02
   1.8000000000000000E+10   1.5816815599876809E-02   1.0795629779527271E+03   7.4526613973250999E-02
   1.9000000000000000E+10   1.5856451488664346E-02   1.0768644272609872E+03   7.4769784143790360E-02
   2.0000000000000000E+10   1.5894053646573782E-02   1.0743167810065245E+03   7.5000478507494112E-02
   2.1000000000000000E+10   1.5929820796457498E-02   1.0719046227142355E+03   7.5219915317830913E-02
   2.2000000000000000E+10   1.5963923750486681E-02   1.0696147649923219E+03   7.5429142287827280E-02
   2.3000000000000000E+10   1.5996510757159757E-02   1.0674358183449210E+03   7.5629067982091541E-02
   2.4000000000000000E+10   1.6027710123084148E-02   1.0653579594092657E+03   7.5820482993570720E-02
   2.5000000000000000E+10   1.6057636191110485E-02   1.0633724881738835E+03   7.6004083651333695E-02
   2.6000000000000000E+10   1.6086388310660411E-02   1.0614718618607778E+03   7.6180482711681000E-02
   2.7000000000000000E+10   1.6114054922994659E-02   1.0596493950362476E+03   7.6350223268173131E-02
   2.8000000000000000E+10   1.6140715365524239E-02   1.0578991181025369E+03   7.6513790594084863E-02
   2.9000000000000000E+10   1.6166440277085418E-02   1.0562157319774903E+03   7.6671617607967230E-02
   3.0000000000000000E+10   1.6191292836023326E-02   1.0545945109918682E+03   7.6824093329498827E-02
   3.1000000000000000E+10   1.6215330521384245E-02   1.0530311749251046E+03   7.6971569255999781E-02
   3.2000000000000000E+10   1.6238605000551111E-02   1.0515218856639872E+03   7.7114362836468178E-02
   3.3000000000000000E+10   1.6261162906113649E-02   1.0500631873205355E+03   7.7252761667316747E-02
   3.4000000000000000E+10   1.6283047676215006E-02   1.0486518795663994E+03   7.7387029280534661E-02
   3.5000000000000000E+10   1.6304298275971518E-02   1.0472850938882068E+03   7.7517404981090110E-02
   3.6000000000000000E+10   1.6324949768256516E-02   1.0459602506057679E+03   7.7644106659320034E-02
   3.7000000000000000E+10   1.6345035275653674E-02   1.0446749280600302E+03   7.7767337160086769E-02
   3.8000000000000000E+10   1.6364585001622162E-02   1.0434269215528259E+03   7.7887280526950389E-02
   3.9000000000000000E+10   1.6383627163111699E-02   1.0422141800917973E+03   7.8004109083942647E-02
   4.0000000000000000E+10   1.6402187552769929E-02   1.0410348312258243E+03   7.8117979571009466E-02
   4.1000000000000000E+10   1.6420289170281214E-02   1.0398872013555244E+03   7.8229037818798003E-02
   4.2000000000000000E+10   1.6437954664495293E-02   1.0387696583452303E+03   7.8337420166411223E-02
   4.3000000000000000E+10   1.6455204145090337E-02   1.0376807483015530E+03   7.8443251462847807E-02
   4.4000000000000000E+10   1.6472057772374024E-02   1.0366190300382366E+03   7.8546650736650986E-02
   4.5000000000000000E+10   1.6488532180700885E-02   1.0355832989620505E+03   7.8647725272703611E-02
   4.6000000000000000E+10   1.6504644538363047E-02   1.0345723296883377E+03   7.8746578871920242E-02
   4.7000000000000000E+10   1.6520410435343594E-02   1.0335850079245943E+03   7.8843306381637446E-02
   4.8000000000000000E+10   1.6535844051947204E-02   1.0326203184482401E+03   7.8937996825920939E-02
   4.9000000000000000E+10   1.6550959627089364E-02   1.0316772522835884E+03   7.9030735277985958E-02
   5.0000000000000000E+10   1.6565769845982268E-02   1.0307549066229153E+03   7.9121599685140251E-02
   5.1000000000000000E+10   1.6580286934109595E-02   1.0298524156179897E+03   7.9210665156118493E-02
   5.2000000000000000E+10   1.6594521967052037E-02   1.0289689925768630E+03   7.9298001290550632E-02
   5.3000000000000000E+10   1.6608486059361254E-02   1.0281038554448987E+03   7.9383673640608499E-02
   5.4000000000000000E+10   1.6622188545338770E-02   1.0272563389686995E+03   7.9467743892393333E-02
   5.5000000000000000E+10   1.6635639584269273E-02   1.0264257327910964E+03   7.9550271566658795E-02
   5.6000000000000000E+10   1.6648849399824212E-02   1.0256113284869073E+03   7.9631313348156776E-02
   5.7000000000000000E+10   1.6661824456095570E-02   1.0248126545640889E+03   7.9710920309102359E-02
   5.8000000000000000E+10   1.6674574457119964E-02   1.0240290446177537E+03   7.9789142995717641E-02
   5.9000000000000000E+10   1.6687106021685254E-02   1.0232600265463949E+03   7.9866027808918397E-02
   6.0000000000000000E+10   1.6699426881189319E-02   1.0225050639292401E+03   7.9941620115508025E-02
   6.1000000000000000E+10   1.6711543771503561E-02   1.0217636852825522E+03   8.0015962818637057E-02
   6.2000000000000000E+10   1.6723464561280686E-02   1.0210353535394780E+03   8.0089097910392579E-02
   6.3000000000000000E+10   1.6735193613900672E-02   1.0203197491870681E+03   8.0161060770200951E-02
   6.4000000000000000E+10   1.6746738352202389E-02   1.0196163689681439E+03   8.0231891865283581E-02
   6.5000000000000000E+10   1.6758104459968365E-02   1.0189248188255052E+03   8.0301624790691015E-02
   6.6000000000000000E+10   1.6769297078882389E-02   1.0182447403973215E+03   8.0370293512932553E-02
   6.7000000000000000E+10   1.6780321273705195E-02   1.0175757825023956E+03   8.0437928959475311E-02
   6.8000000000000000E+10   1.6791181658750980E-02   1.0169176236523610E+03   8.0504561473240879E-02
   6.9000000000000000E+10   1.6801883699501585E-02   1.0162698930738749E+03   8.0570222663067112E-02
   7.0000000000000000E+10   1.6812431871327572E-02   1.0156322821954628E+03   8.0634938231059203E-02
   7.1000000000000000E+10   1.6822830058650373E-02   1.0150045201194902E+03   8.0698735580867584E-02
   7.2000000000000000E+10   1.6833083782055488E-02   1.0143862391355067E+03   8.0761642000779690E-02
   7.3000000000000000E+10   1.6843195152496947E-02   1.0137772789624664E+03   8.0823679045560037E-02
   7.4000000000000000E+10   1.6853169408748842E-02   1.0131772924485070E+03   8.0884873622917228E-02
   7.5000000000000000E+10   1.6863008651833510E-02   1.0125861228728940E+03   8.0945244985427045E-02
   7.6000000000000000E+10   1.6872719124305820E-02   1.0120033661992621E+03   8.1004818163948444E-02
   7.7000000000000000E+10   1.6882301997614115E-02   1.0114289243934453E+03   8.1063611566709687E-02
   7.8000000000000000E+10   1.6891761342964415E-02   1.0108625266508498E+03   8.1121647529147786E-02
   7.9000000000000000E+10   1.6901100261514347E-02   1.0103039616665884E+03   8.1178944509049042E-02
   8.0000000000000000E+10   1.6910321508613550E-02   1.0097530400019066E+03   8.1235518794357184E-02
   8.1000000000000000E+10   1.6919428035230378E-02   1.0092095616457792E+03   8.1291391058054857E-02
   8.2000000000000000E+10   1.6928422702073974E-02   1.0086733330826029E+03   8.1346578424873833E-02
   8.3000000000000000E+10   1.6937308758749627E-02   1.0081441387145564E+03   8.1401095659109815E-02
   8.4000000000000000E+10   1.6946088517382676E-02   1.0076218198209571E+03   8.1454961623935618E-02
   8.5000000000000000E+10   1.6954763614728034E-02   1.0071062586740792E+03   8.1508188578625060E-02
   8.6000000000000000E+10   1.6963338620155546E-02   1.0065971642188196E+03   8.1560793975754331E-02
   8.7000000000000000E+10   1.6971813209834551E-02   1.0060945368428678E+03   8.1612790413290517E-02
   8.8000000000000000E+10   1.6980191656392429E-02   1.0055981049132589E+03   8.1664193797919282E-02
   8.9000000000000000E+10   1.6988474236763567E-02   1.0051078344505363E+03   8.1715014380051521E-02
   9.0000000000000000E+10   1.6996665559556617E-02   1.0046234357498054E+03   8.1765268395450452E-02
   9.1000000000000000E+10   1.7004765979513607E-02   1.0041448715791481E+03   8.1814966859493049E-02
   9.2000000000000000E+10   1.7012778074499565E-02   1.0036719738515974E+03   8.1864122661319413E-02
   9.3000000000000000E+10   1.7020702932772882E-02   1.0032046630609038E+03   8.1912746055392519E-02
   9.4000000000000000E+10   1.7028543411978965E-02   1.0027427559494218E+03   8.1960850060266724E-02
   9.5000000000000000E+10   1.7036301543023505E-02   1.0022861187101144E+03   8.2008445675916752E-02
   9.6000000000000000E+10   1.7043978880261205E-02   1.0018346461639404E+03   8.2055543184039167E-02
   9.7000000000000000E+10   1.7051574300561603E-02   1.0013883908754264E+03   8.2102150839416924E-02
   9.8000000000000000E+10   1.7059093395453608E-02   1.0009470113624476E+03   8.2148281373535151E-02
   9.9000000000000000E+10   1.7066535665092582E-02   1.0005105245616658E+03   8.2193943538646411E-02
   1.0000000000000000E+11   1.7073903774809669E-02   1.0000787620652093E+03   8.2239146690378045E-02
   1.1000000000000000E+11   1.7143774018740641E-02   9.9600289481571701E+02   8.2667821688937146E-02
