   1.0000000000000000E+00   0.0000000000000000E+00   1.0000000000000000E+30
   2.0000000000000000E+00   0.0000000000000000E+00   1.0000000000000000E+30
   3.0000000000000000E+00   0.0000000000000000E+00   1.0000000000000000E+30
   4.0000000000000000E+00   0.0000000000000000E+00   1.0000000000000000E+30
   5.0000000000000000E+00   0.0000000000000000E+00   1.0000000000000000E+30
   6.0000000000000000E+00   0.0000000000000000E+00   1.0000000000000000E+30
   7.0000000000000000E+00   0.0000000000000000E+00   1.0000000000000000E+30
   7.5789999999999997E+00   0.0000000000000000E+00   1.0000000000000000E+30
   7.5810000000000004E+00   0.0000000000000000E+00   1.0000000000000000E+30
   8.0000000000000000E+00   0.0000000000000000E+00   1.0000000000000000E+30
   9.0000000000000000E+00   0.0000000000000000E+00   1.0000000000000000E+30
   9.9990000000000006E+00   0.0000000000000000E+00   1.0000000000000000E+30
   1.0000999999999999E+01   0.0000000000000000E+00   1.0000000000000000E+30
   1.0999000000000001E+01   0.0000000000000000E+00   1.0000000000000000E+30
   1.1000999999999999E+01   0.0000000000000000E+00   1.0000000000000000E+30
   1.2000000000000000E+01   0.0000000000000000E+00   1.0000000000000000E+30
   1.3000000000000000E+01   0.0000000000000000E+00   1.0000000000000000E+30
   1.4000000000000000E+01   0.0000000000000000E+00   1.0000000000000000E+30
   1.5000000000000000E+01   0.0000000000000000E+00   1.0000000000000000E+30
   1.6000000000000000E+01   0.0000000000000000E+00   1.0000000000000000E+30
   1.7000000000000000E+01   0.0000000000000000E+00   1.0000000000000000E+30
   1.8000000000000000E+01   0.0000000000000000E+00   1.0000000000000000E+30
   1.9000000000000000E+01   0.0000000000000000E+00   1.0000000000000000E+30
   2.0000000000000000E+01   0.0000000000000000E+00   1.0000000000000000E+30
   2.1000000000000000E+01   0.0000000000000000E+00   1.0000000000000000E+30
   2.2000000000000000E+01   0.0000000000000000E+00   1.0000000000000000E+30
   2.3000000000000000E+01   0.0000000000000000E+00   1.0000000000000000E+30
   2.4000000000000000E+01   0.0000000000000000E+00   1.0000000000000000E+30
   2.5000000000000000E+01   0.0000000000000000E+00   1.0000000000000000E+30
   2.6000000000000000E+01   0.0000000000000000E+00   1.0000000000000000E+30
   2.7000000000000000E+01   0.0000000000000000E+00   1.0000000000000000E+30
   2.8000000000000000E+01   0.0000000000000000E+00   1.0000000000000000E+30
   2.9000000000000000E+01   0.0000000000000000E+00   1.0000000000000000E+30
   3.0000000000000000E+01   0.0000000000000000E+00   1.0000000000000000E+30
   3.1000000000000000E+01   0.0000000000000000E+00   1.0000000000000000E+30
   3.2000000000000000E+01   0.0000000000000000E+00   1.0000000000000000E+30
   3.3000000000000000E+01   0.0000000000000000E+00   1.0000000000000000E+30
   3.4000000000000000E+01   0.0000000000000000E+00   1.0000000000000000E+30
   3.5000000000000000E+01   0.0000000000000000E+00   1.0000000000000000E+30
   3.6000000000000000E+01   0.0000000000000000E+00   1.0000000000000000E+30
   3.7000000000000000E+01   0.0000000000000000E+00   1.0000000000000000E+30
   3.8000000000000000E+01   0.0000000000000000E+00   1.0000000000000000E+30
   3.9000000000000000E+01   0.0000000000000000E+00   1.0000000000000000E+30
   4.0000000000000000E+01   0.0000000000000000E+00   1.0000000000000000E+30
   4.1000000000000000E+01   0.0000000000000000E+00   1.0000000000000000E+30
   4.2000000000000000E+01   0.0000000000000000E+00   1.0000000000000000E+30
   4.3000000000000000E+01   0.0000000000000000E+00   1.0000000000000000E+30
   4.4000000000000000E+01   0.0000000000000000E+00   1.0000000000000000E+30
   4.5000000000000000E+01   0.0000000000000000E+00   1.0000000000000000E+30
   4.6000000000000000E+01   0.0000000000000000E+00   1.0000000000000000E+30
   4.7000000000000000E+01   0.0000000000000000E+00   1.0000000000000000E+30
   4.8000000000000000E+01   0.0000000000000000E+00   1.0000000000000000E+30
   4.9000000000000000E+01   0.0000000000000000E+00   1.0000000000000000E+30
   5.0000000000000000E+01   5.9814366484080622E-26   1.0000000000000000E+30
   5.1000000000000000E+01   3.2814763689094470E-25   1.0000000000000000E+30
   5.2000000000000000E+01   1.4526180931822583E-24   1.1754809217146208E+25
   5.3000000000000000E+01   5.2644128796944835E-24   3.2435238156554147E+24
   5.4000000000000000E+01   1.7862187244662777E-23   9.5594387836429414E+23
   5.5000000000000000E+01   5.6342942406158623E-23   3.0305922661337135E+23
   5.6000000000000000E+01   1.6702692057122146E-22   1.0223051764551423E+23
   5.7000000000000000E+01   4.6736885597991601E-22   3.6534844656970306E+22
   5.8000000000000000E+01   1.2381899093392271E-21   1.3790492413110153E+22
   5.9000000000000000E+01   3.1198671512373983E-21   5.4730691157666090E+21
   6.0000000000000000E+01   7.5021814149996764E-21   2.2760378090287616E+21
   6.1000000000000000E+01   1.7272103125952586E-20   9.8860274433374369E+20
   6.2000000000000000E+01   3.8185113910036902E-20   4.4717029235426617E+20
   6.2999000000000002E+01   8.1222748525983622E-20   2.1022741609476178E+20
   6.3000999999999998E+01   8.1342667432857877E-20   2.0991748967202806E+20
   6.4000000000000000E+01   1.6700686240058657E-19   1.0224279592640373E+20
   6.5000000000000000E+01   3.3196190279188860E-19   5.1437374009260515E+19
   6.6000000000000000E+01   6.3968634736865946E-19   2.6693157702944494E+19
   6.7000000000000000E+01   1.1973096446961923E-18   1.4261347201512659E+19
   6.8000000000000000E+01   2.1806077781396671E-18   7.8304996991707945E+18
   6.8998999999999995E+01   3.8685523994658241E-18   4.4138599629902740E+18
   6.9001000000000005E+01   3.8728992341848137E-18   4.4089059689481533E+18
   7.0000000000000000E+01   6.7067072736319052E-18   2.5459958000351703E+18
   7.1000000000000000E+01   1.1358953382121596E-17   1.5032413617972685E+18
   7.2000000000000000E+01   1.8829746786640385E-17   9.0682305737892160E+17
   7.3000000000000000E+01   3.0588097112133085E-17   5.5823180134860640E+17
   7.4000000000000000E+01   4.8747204106497597E-17   3.5028159796463424E+17
   7.5000000000000000E+01   7.6293872773906418E-17   2.2380891059671222E+17
   7.6000000000000000E+01   1.1738011653028023E-16   1.4546968477687021E+17
   7.7000000000000000E+01   1.7768792983638918E-16   9.6096839928602032E+16
   7.8000000000000000E+01   2.6487873997477746E-16   6.4464398133115984E+16
   7.9000000000000000E+01   3.8913931358968623E-16   4.3879525800717560E+16
   8.0000000000000000E+01   5.6383585179594151E-16   3.0284077353974076E+16
   8.1000000000000000E+01   8.0628764469525737E-16   2.1177614047634180E+16
   8.2000000000000000E+01   1.1440761907144803E-15   1.4924922561379934E+16
   8.3000000000000000E+01   1.5945388363323274E-15   1.0708581165704140E+16
   8.4000000000000000E+01   2.1981730934887344E-15   7.7679271943193170E+15
   8.5000000000000000E+01   2.9986369952652374E-15   5.6943366528504420E+15
   8.6000000000000000E+01   4.0493882909411856E-15   4.2167476477696380E+15
   8.7000000000000000E+01   5.4156366089320657E-15   3.1529531583728815E+15
   8.8000000000000000E+01   7.1760336066828006E-15   2.3794828015898015E+15
   8.9000000000000000E+01   9.4246808563354230E-15   1.8117588076474652E+15
   9.0000000000000000E+01   1.2278090249639049E-14   1.3907088320379578E+15
   9.1000000000000000E+01   1.5857397107161705E-14   1.0768002109892571E+15
   9.2000000000000000E+01   2.0321543957831089E-14   8.4025350564724475E+14
   9.3000000000000000E+01   2.5848919037711711E-14   6.6057882443055362E+14
   9.4000000000000000E+01   3.2645446014979514E-14   5.2305147072878406E+14
   9.5000000000000000E+01   4.0947156006890750E-14   4.1700694787835006E+14
   9.6000000000000000E+01   5.1023190771554004E-14   3.3465661971598606E+14
   9.7000000000000000E+01   6.3178352391366525E-14   2.7027055794296928E+14
   9.8000000000000000E+01   7.7756176015403862E-14   2.1959990094355297E+14
   9.9000000000000000E+01   9.5141804075562136E-14   1.7947156580267181E+14
   1.0000000000000000E+02   1.1576504499646300E-13   1.4749917430821941E+14
   1.0099900000000000E+02   1.4007582466414082E-13   1.2190003943702209E+14
   1.0100100000000000E+02   1.4012856161384345E-13   1.2185416273512422E+14
   1.1000000000000000E+02   6.3167671196315091E-13   2.7031625873407613E+13
   1.2000000000000000E+02   2.3665728101708429E-12   7.2151798910845664E+12
   1.3000000000000000E+02   6.7822585139632366E-12   2.5176345778589580E+12
   1.4000000000000000E+02   1.5964706363925805E-11   1.0695623308998502E+12
   1.5000000000000000E+02   3.2402019165908645E-11   5.2698100273632501E+11
   1.6000000000000000E+02   5.8673776046360628E-11   2.9102010644824158E+11
   1.7000000000000000E+02   9.7159057308813208E-11   1.7574530901900052E+11
   1.8000000000000000E+02   1.4982649772853025E-10   1.1396681367851700E+11
   1.9000000000000000E+02   2.1812268484942018E-10   7.8282772663099960E+10
   2.0000000000000000E+02   3.0294554785367823E-10   5.6364084805694031E+10
   2.1000000000000000E+02   4.0467775597919844E-10   4.2194680331305077E+10
   2.2000000000000000E+02   5.2325507671578537E-10   3.2632743207968643E+10
   2.3000000000000000E+02   6.5824981118203754E-10   2.5940377438270218E+10
   2.4000000000000000E+02   8.0895570935900315E-10   2.1107766906376331E+10
   2.5000000000000000E+02   9.7446628355846215E-10   1.7522667370674343E+10
   2.6000000000000000E+02   1.1537425067647374E-09   1.4799878179589354E+10
   2.7000000000000000E+02   1.3456686057245853E-09   1.2689044299683178E+10
   2.8000000000000000E+02   1.5490962640434526E-09   1.1022716242412416E+10
   2.9000000000000000E+02   1.7628784164678290E-09   9.6860046564894600E+09
   3.0000000000000000E+02   1.9858941541775886E-09   8.5982671910343933E+09
   3.1000000000000000E+02   2.2170663240802373E-09   7.7017310511970911E+09
   3.2000000000000000E+02   2.4553732941056435E-09   6.9542373014005289E+09
   3.3000000000000000E+02   2.6998561722937680E-09   6.3245030331468420E+09
   3.4000000000000000E+02   2.9496225753202388E-09   5.7889604906072807E+09
   3.5000000000000000E+02   3.2038478176729243E-09   5.3296066238047962E+09
   3.6000000000000000E+02   3.4617742533477768E-09   4.9325135901681643E+09
   3.7000000000000000E+02   3.7227093047317494E-09   4.5867799908600607E+09
   3.7299900000000002E+02   3.8014544004844521E-09   4.4917672953162642E+09
   3.7300099999999998E+02   3.8015069823925019E-09   4.4917051658249874E+09
   3.7899900000000002E+02   3.9595745874582524E-09   4.3123947215989122E+09
   3.7900099999999998E+02   3.9596274123248562E-09   4.3123371905102034E+09
   3.8000000000000000E+02   3.9860226207120945E-09   4.2837811461495676E+09
   3.9000000000000000E+02   4.2511426914185565E-09   4.0166255969719868E+09
   4.0000000000000000E+02   4.5175531369324854E-09   3.7797559947079258E+09
   4.1000000000000000E+02   4.7847889157913949E-09   3.5686524215056090E+09
   4.2000000000000000E+02   5.0524324912870263E-09   3.3796094416261091E+09
   4.3000000000000000E+02   5.3201101147447767E-09   3.2095667537797413E+09
   4.4000000000000000E+02   5.5874882556929241E-09   3.0559793183161860E+09
   4.5000000000000000E+02   5.8542702284737048E-09   2.9167168381948657E+09
   4.6000000000000000E+02   6.1201930266807618E-09   2.7899852956096687E+09
   4.7000000000000000E+02   6.3850243795828218E-09   2.6742652080285091E+09
   4.8000000000000000E+02   6.6485600345988913E-09   2.5682626706945739E+09
   4.9000000000000000E+02   6.9106212564552346E-09   2.4708702614518356E+09
   5.0000000000000000E+02   7.1710525212216225E-09   2.3811356143607368E+09
   5.1000000000000000E+02   7.4297194233955356E-09   2.2982359868077517E+09
   5.2000000000000000E+02   7.6865067541884807E-09   2.2214575615155253E+09
   5.3000000000000000E+02   7.9413167357475464E-09   2.1501785055201931E+09
   5.4000000000000000E+02   8.1940674410385217E-09   2.0838550174988587E+09
   5.5000000000000000E+02   8.4446913217673270E-09   2.0220097929119575E+09
   5.6000000000000000E+02   8.6931338805300760E-09   1.9642224294940884E+09
   5.7000000000000000E+02   8.9393524582197753E-09   1.9101214132161653E+09
   5.7699900000000002E+02   9.1103403266663585E-09   1.8742712059561779E+09
   5.7700099999999998E+02   9.1103890285430566E-09   1.8742611865678859E+09
   5.8000000000000000E+02   9.1833150981307387E-09   1.8593774000205896E+09
   5.9000000000000000E+02   9.4249995706322360E-09   1.8116975414977911E+09
   6.0000000000000000E+02   9.6643924186011751E-09   1.7668206971673892E+09
   6.0799900000000002E+02   9.8542291158575357E-09   1.7327837976949894E+09
   6.0800099999999998E+02   9.8542763971439378E-09   1.7327754837159908E+09
   6.1000000000000000E+02   9.9014880999603554E-09   1.7245133638852248E+09
   6.2000000000000000E+02   1.0136288231622814E-08   1.6845662002251904E+09
   6.3000000000000000E+02   1.0368800845989628E-08   1.6467910614115424E+09
   6.4000000000000000E+02   1.0599039745406110E-08   1.6110184470374308E+09
   6.5000000000000000E+02   1.0827023905322240E-08   1.5770953033860469E+09
   6.6000000000000000E+02   1.1052776898341757E-08   1.5448831282656169E+09
   6.7000000000000000E+02   1.1276326404705772E-08   1.5142563223078053E+09
   6.8000000000000000E+02   1.1497703708691567E-08   1.4851007630179498E+09
   6.9000000000000000E+02   1.1716943304216049E-08   1.4573125522070298E+09
   7.0000000000000000E+02   1.1934082457428956E-08   1.4307969306934721E+09
   7.1000000000000000E+02   1.2149160856278964E-08   1.4054673201488874E+09
   7.2000000000000000E+02   1.2362220257193379E-08   1.3812444848486130E+09
   7.2399900000000002E+02   1.2446867271719715E-08   1.3718510993949857E+09
   7.2400099999999998E+02   1.2446909527247708E-08   1.3718464421511610E+09
   7.3000000000000000E+02   1.2573304189767075E-08   1.3580557897127028E+09
   7.4000000000000000E+02   1.2782457642016575E-08   1.3358345498916395E+09
   7.5000000000000000E+02   1.2989726805485213E-08   1.3145194511343949E+09
   7.6000000000000000E+02   1.3195158827195180E-08   1.2940540371170166E+09
   7.7000000000000000E+02   1.3398801577891094E-08   1.2743862539846432E+09
   7.8000000000000000E+02   1.3600703443887593E-08   1.2554680440743005E+09
   7.9000000000000000E+02   1.3800913144725465E-08   1.2372549824544113E+09
   8.0000000000000000E+02   1.3999479542879135E-08   1.2197059539558041E+09
   8.1000000000000000E+02   1.4196451480046167E-08   1.2027828626563678E+09
   8.2000000000000000E+02   1.4391877649943413E-08   1.1864503691635606E+09
   8.3000000000000000E+02   1.4585806434420688E-08   1.1706756583877800E+09
   8.4000000000000000E+02   1.4778285809756412E-08   1.1554282256105323E+09
   8.5000000000000000E+02   1.4969363215721914E-08   1.1406796872159860E+09
   8.6000000000000000E+02   1.5159085462747722E-08   1.1264036074401228E+09
   8.7000000000000000E+02   1.5347498645798183E-08   1.1125753417418933E+09
   8.8000000000000000E+02   1.5534648054563364E-08   1.0991718956720257E+09
   8.9000000000000000E+02   1.5720578116244330E-08   1.0861717949855816E+09
   9.0000000000000000E+02   1.5905332324849658E-08   1.0735549689870161E+09
   9.1000000000000000E+02   1.6088953175948414E-08   1.0613026443670787E+09
   9.2000000000000000E+02   1.6271482158848197E-08   1.0493972450719178E+09
   9.3000000000000000E+02   1.6452959666180364E-08   1.0378223065744780E+09
   9.4000000000000000E+02   1.6633425007143278E-08   1.0265623912933830E+09
   9.5000000000000000E+02   1.6812916348341918E-08   1.0156030159762325E+09
   9.6000000000000000E+02   1.6991470713544645E-08   1.0049305818548555E+09
   9.7000000000000000E+02   1.7169123967483655E-08   9.9453231178659511E+08
   9.8000000000000000E+02   1.7345910801716069E-08   9.8439619261981130E+08
   9.9000000000000000E+02   1.7521864723831293E-08   9.7451092220272088E+08
   1.0000000000000000E+03   1.7697018074620607E-08   9.6486585925003207E+08
   1.1000000000000000E+03   1.9410810414965097E-08   8.7967726157212389E+08
   1.2000000000000000E+03   2.1071894011204467E-08   8.1033287950541186E+08
   1.3000000000000000E+03   2.2696006876265459E-08   7.5234593661445975E+08
   1.4000000000000000E+03   2.4292075203187177E-08   7.0291436231400454E+08
   1.5000000000000000E+03   2.5864550869666100E-08   6.6017958853319883E+08
   1.6000000000000000E+03   2.7415466223048598E-08   6.2283268910366869E+08
   1.7000000000000000E+03   2.8946210272802486E-08   5.8989582366075253E+08
   1.8000000000000000E+03   3.0458228226265913E-08   5.6061201012366080E+08
   1.9000000000000000E+03   3.1953086072198087E-08   5.3438495775182986E+08
   2.0000000000000000E+03   3.3432370431717476E-08   5.1073999032185811E+08
   2.1000000000000000E+03   3.4897583935370062E-08   4.8929600921242362E+08
   2.2000000000000000E+03   3.6350076828353418E-08   4.6974449686481255E+08
   2.3000000000000000E+03   3.7791015265957373E-08   4.5183354907413030E+08
   2.4000000000000000E+03   3.9221376116825304E-08   4.3535567186300653E+08
   2.5000000000000000E+03   4.0641958082443458E-08   4.2013843221073383E+08
   2.6000000000000000E+03   4.2053400979033478E-08   4.0603728005840355E+08
   2.7000000000000000E+03   4.3456207831016876E-08   3.9293001858631343E+08
   2.8000000000000000E+03   4.4850766276391907E-08   3.8071252663792402E+08
   2.9000000000000000E+03   4.6237367705462336E-08   3.6929542917545766E+08
   3.0000000000000000E+03   4.7616223257498687E-08   3.5860148879075831E+08
   3.1000000000000000E+03   4.8987476868713689E-08   3.4856354403583145E+08
   3.2000000000000000E+03   5.0351215539219339E-08   3.3912286660551387E+08
   3.3000000000000000E+03   5.1707477585186262E-08   3.3022783837407815E+08
   3.3569989999999998E+03   5.2477188111475857E-08   3.2538421293571740E+08
   3.3570010000000002E+03   5.2477215076649818E-08   3.2538404573854637E+08
   3.4000000000000000E+03   5.3056259035580091E-08   3.2183287817713112E+08
   3.5000000000000000E+03   5.4397519010262741E-08   3.1389756116470510E+08
   3.5299989999999998E+03   5.4798406776824400E-08   3.1160118614896852E+08
   3.5300010000000002E+03   5.4798433480736945E-08   3.1160103430209452E+08
   3.6000000000000000E+03   5.5731184170933899E-08   3.0638589157482141E+08
   3.7000000000000000E+03   5.7057152715292148E-08   2.9926569655404031E+08
   3.8000000000000000E+03   5.8375297873635940E-08   2.9250811854861403E+08
   3.8119989999999998E+03   5.8532929587769019E-08   2.9172038151837498E+08
   3.8120010000000002E+03   5.8532955852334600E-08   2.9172025061931169E+08
   3.9000000000000000E+03   5.9685471322458980E-08   2.8608718625142080E+08
   4.0000000000000000E+03   6.0987506268941773E-08   2.7997945145410585E+08
   4.1000000000000000E+03   6.2281220501056481E-08   2.7416367908914870E+08
   4.2000000000000000E+03   6.3566419373211822E-08   2.6862058173325419E+08
   4.3000000000000000E+03   6.4842899386157633E-08   2.6333258864697379E+08
   4.4000000000000000E+03   6.6110451852533628E-08   2.5828364611423787E+08
   4.5000000000000000E+03   6.7368866322883404E-08   2.5345904544236261E+08
   4.6000000000000000E+03   6.8617933503680262E-08   2.4884527526344615E+08
   4.7000000000000000E+03   6.9857447574718480E-08   2.4442989464321220E+08
   4.8000000000000000E+03   7.1087208175359213E-08   2.4020142285811290E+08
   4.9000000000000000E+03   7.2307021761481293E-08   2.3614924435773572E+08
   5.0000000000000000E+03   7.3516702962580907E-08   2.3226352464994586E+08
   5.1000000000000000E+03   7.4716075522331681E-08   2.2853513693487000E+08
   5.2000000000000000E+03   7.5904973113735453E-08   2.2495559711412755E+08
   5.3000000000000000E+03   7.7083240374158236E-08   2.2151700509539747E+08
   5.4000000000000000E+03   7.8250735190704341E-08   2.1821198879624820E+08
   5.5000000000000000E+03   7.9407331190409037E-08   2.1503365362812418E+08
   5.6000000000000000E+03   8.0552919423030559E-08   2.1197553947188464E+08
   5.7000000000000000E+03   8.1687409095570380E-08   2.0903158442392179E+08
   5.8000000000000000E+03   8.2810728038247355E-08   2.0619609264690563E+08
   5.9000000000000000E+03   8.3922822418760323E-08   2.0346370699414316E+08
   6.0000000000000000E+03   8.5023656619570670E-08   2.0082938360477185E+08
   6.1000000000000000E+03   8.6113212205222279E-08   1.9828837077914324E+08
   6.2000000000000000E+03   8.7191487547843211E-08   1.9583618803799769E+08
   6.3000000000000000E+03   8.8258496926859961E-08   1.9346860806934500E+08
   6.4000000000000000E+03   8.9314269284786411E-08   1.9118164082254568E+08
   6.5000000000000000E+03   9.0358847575872670E-08   1.8897151755277073E+08
   6.6000000000000000E+03   9.1392287668502103E-08   1.8683467704263473E+08
   6.7000000000000000E+03   9.2414657124273085E-08   1.8476775310403955E+08
   6.8000000000000000E+03   9.3426034472468370E-08   1.8276756203073189E+08
   6.9000000000000000E+03   9.4426508056794900E-08   1.8083109184194201E+08
   7.0000000000000000E+03   9.5416175098271345E-08   1.7895549190843126E+08
   7.1000000000000000E+03   9.6395140697459186E-08   1.7713806346653566E+08
   7.2000000000000000E+03   9.7363516854240789E-08   1.7537625080136395E+08
   7.3000000000000000E+03   9.8321421774154222E-08   1.7366763257303441E+08
   7.4000000000000000E+03   9.9268978874273037E-08   1.7200991431934083E+08
   7.5000000000000000E+03   1.0020631615606345E-07   1.7040092087747046E+08
   7.6000000000000000E+03   1.0113356516786574E-07   1.6883859006048036E+08
   7.7000000000000000E+03   1.0205086059279842E-07   1.6732096575711909E+08
   7.8000000000000000E+03   1.0295833965941909E-07   1.6584619184046870E+08
   7.9000000000000000E+03   1.0385614080711701E-07   1.6441250770567852E+08
   8.0000000000000000E+03   1.0474440417268834E-07   1.6301824126643378E+08
   8.1000000000000000E+03   1.0562327059423265E-07   1.6166180477718058E+08
   8.2000000000000000E+03   1.0649288094614193E-07   1.6034169044001967E+08
   8.3000000000000000E+03   1.0735337595860145E-07   1.5905646560492763E+08
   8.4000000000000000E+03   1.0820489590127483E-07   1.5780476852277979E+08
   8.5000000000000000E+03   1.0904758022089767E-07   1.5658530447115681E+08
   8.6000000000000000E+03   1.0988156688961761E-07   1.5539684256491566E+08
   8.7000000000000000E+03   1.1070699256000298E-07   1.5423821166018403E+08
   8.8000000000000000E+03   1.1152399254173658E-07   1.5310829680296767E+08
   8.9000000000000000E+03   1.1233269988836259E-07   1.5200603713523951E+08
   9.0000000000000000E+03   1.1313324585150306E-07   1.5093042210726336E+08
   9.1000000000000000E+03   1.1392575898136926E-07   1.4988048974529582E+08
   9.2000000000000000E+03   1.1471036636476925E-07   1.4885532225077474E+08
   9.3000000000000000E+03   1.1548719212681161E-07   1.4785404542507666E+08
   9.4000000000000000E+03   1.1625635811392533E-07   1.4687582535485312E+08
   9.5000000000000000E+03   1.1701798382098618E-07   1.4591986627332285E+08
   9.6000000000000000E+03   1.1777218544815359E-07   1.4498540963434130E+08
   9.7000000000000000E+03   1.1851907788037053E-07   1.4407172968361586E+08
   9.8000000000000000E+03   1.1925877241130662E-07   1.4317813445070562E+08
   9.9000000000000000E+03   1.1999137812150050E-07   1.4230396231837723E+08
   1.0000000000000000E+04   1.2071700138277476E-07   1.4144858102123669E+08
   1.1000000000000000E+04   1.2761084810336684E-07   1.3380718649327470E+08
   1.2000000000000000E+04   1.3390603714110723E-07   1.2751664462102360E+08
   1.3000000000000000E+04   1.3967400608119542E-07   1.2225072531252494E+08
   1.4000000000000000E+04   1.4497173632794353E-07   1.1778329337317096E+08
   1.5000000000000000E+04   1.4984623308531255E-07   1.1395180378682351E+08
   1.6000000000000000E+04   1.5433796006403029E-07   1.1063544278833371E+08
   1.7000000000000000E+04   1.5848327503168400E-07   1.0774164369911255E+08
   1.8000000000000000E+04   1.6231534035472771E-07   1.0519799615621983E+08
   1.9000000000000000E+04   1.6586425985141157E-07   1.0294712414855924E+08
   2.0000000000000000E+04   1.6915705933881798E-07   1.0094316262929825E+08
   2.1000000000000000E+04   1.7221781292564832E-07   9.9149142940887675E+07
   2.2000000000000000E+04   1.7506777264483290E-07   9.7535076232296675E+07
   2.3000000000000000E+04   1.7772565532149567E-07   9.6076441636093542E+07
   2.4000000000000000E+04   1.8020788594950924E-07   9.4753059560980096E+07
   2.5000000000000000E+04   1.8252888850214942E-07   9.3548197717377126E+07
   2.5519999000000000E+04   1.8367635735900505E-07   9.2963780402927369E+07
   2.5520001000000000E+04   1.8367636169728374E-07   9.2963778207202330E+07
   2.6000000000000000E+04   1.8470132708410826E-07   9.2447893148902640E+07
   2.7000000000000000E+04   1.8673643173171019E-07   9.1440370753494307E+07
   2.8000000000000000E+04   1.8864404784563766E-07   9.0515702699002594E+07
   2.9000000000000000E+04   1.9043298729183504E-07   8.9665392501377165E+07
   3.0000000000000000E+04   1.9211111939078185E-07   8.8882145941790223E+07
   3.1000000000000000E+04   1.9368545955080829E-07   8.8159682148225039E+07
   3.2000000000000000E+04   1.9516239483782732E-07   8.7492513939076498E+07
   3.3000000000000000E+04   1.9654771920890012E-07   8.6875841752118140E+07
   3.4000000000000000E+04   1.9784668139069418E-07   8.6305458503057316E+07
   3.5000000000000000E+04   1.9906415137113048E-07   8.5777617080322370E+07
   3.6000000000000000E+04   2.0020462176878718E-07   8.5288982841025844E+07
   3.7000000000000000E+04   2.0127231832036731E-07   8.4836547286911562E+07
   3.8000000000000000E+04   2.0227120987738430E-07   8.4417592405182526E+07
   3.9000000000000000E+04   2.0320497997915400E-07   8.4029675613677591E+07
   4.0000000000000000E+04   2.0407718001619995E-07   8.3670543415862069E+07
   4.1000000000000000E+04   2.0489109464496930E-07   8.3338168407561913E+07
   4.2000000000000000E+04   2.0564990591908752E-07   8.3030665510979503E+07
   4.3000000000000000E+04   2.0635816177742518E-07   8.2745690326265186E+07
   4.4000000000000000E+04   2.0701540587760061E-07   8.2482984676164761E+07
   4.5000000000000000E+04   2.0762448575912786E-07   8.2241015496321216E+07
   4.6000000000000000E+04   2.0819225854798108E-07   8.2016731408852577E+07
   4.7000000000000000E+04   2.0871538045092816E-07   8.1811165587515399E+07
   4.8000000000000000E+04   2.0920023276909272E-07   8.1621556174744651E+07
   4.9000000000000000E+04   2.0964876437089621E-07   8.1446931499790758E+07
   5.0000000000000000E+04   2.1005926883741572E-07   8.1287765330404297E+07
   5.1000000000000000E+04   2.1043724897562647E-07   8.1141759046231732E+07
   5.2000000000000000E+04   2.1078328589001425E-07   8.1008550932458386E+07
   5.3000000000000000E+04   2.1110003661248119E-07   8.0886999475406960E+07
   5.4000000000000000E+04   2.1138693287889071E-07   8.0777218904609531E+07
   5.5000000000000000E+04   2.1164560648073854E-07   8.0678492857285663E+07
   5.6000000000000000E+04   2.1188031963295004E-07   8.0589120218019277E+07
   5.7000000000000000E+04   2.1208860431785706E-07   8.0509976505581096E+07
   5.8000000000000000E+04   2.1227447798838620E-07   8.0439479642325938E+07
   5.9000000000000000E+04   2.1243817815759847E-07   8.0377494755508527E+07
   6.0000000000000000E+04   2.1258162209313868E-07   8.0323258344745129E+07
   6.1000000000000000E+04   2.1270427769878013E-07   8.0276940057186663E+07
   6.2000000000000000E+04   2.1280786789711941E-07   8.0237863005079657E+07
   6.3000000000000000E+04   2.1289343207326187E-07   8.0205614538902938E+07
   6.4000000000000000E+04   2.1296108455533816E-07   8.0180135194114015E+07
   6.5000000000000000E+04   2.1301312016259717E-07   8.0160548503764838E+07
   6.6000000000000000E+04   2.1305022343986742E-07   8.0146588325693905E+07
   6.7000000000000000E+04   2.1307189722806451E-07   8.0138435771543473E+07
   6.8000000000000000E+04   2.1307884598230180E-07   8.0135822361974016E+07
   6.9000000000000000E+04   2.1307363644534790E-07   8.0137781640160143E+07
   7.0000000000000000E+04   2.1305448527911891E-07   8.0144985111964092E+07
   7.1000000000000000E+04   2.1302376045157210E-07   8.0156544577636316E+07
   7.2000000000000000E+04   2.1298147692027102E-07   8.0172458176371023E+07
   7.3000000000000000E+04   2.1292861432017979E-07   8.0192362145635262E+07
   7.4000000000000000E+04   2.1286478711119691E-07   8.0216407713373184E+07
   7.5000000000000000E+04   2.1279087625423968E-07   8.0244270108324006E+07
   7.6000000000000000E+04   2.1270747837796766E-07   8.0275732103741676E+07
   7.7000000000000000E+04   2.1261493184241076E-07   8.0310674338659614E+07
   7.8000000000000000E+04   2.1251371342870986E-07   8.0348925606912628E+07
   7.9000000000000000E+04   2.1240418951937659E-07   8.0390356656192347E+07
   8.0000000000000000E+04   2.1228685340188878E-07   8.0434790365498126E+07
   8.1000000000000000E+04   2.1216162306259984E-07   8.0482267736488715E+07
   8.2000000000000000E+04   2.1202985624828450E-07   8.0532283768269122E+07
   8.3000000000000000E+04   2.1188974355543338E-07   8.0585535968922585E+07
   8.4000000000000000E+04   2.1174545861410120E-07   8.0640447556663826E+07
   8.5000000000000000E+04   2.1159374678734917E-07   8.0698266418490678E+07
   8.6000000000000000E+04   2.1143485087839273E-07   8.0758912165114298E+07
   8.7000000000000000E+04   2.1127145113587563E-07   8.0821372026031584E+07
   8.8000000000000000E+04   2.1110365132361480E-07   8.0885614453709170E+07
   8.9000000000000000E+04   2.1093004384258356E-07   8.0952187937131256E+07
   9.0000000000000000E+04   2.1074982998510251E-07   8.1021410797527924E+07
   9.1000000000000000E+04   2.1056660921622080E-07   8.1091910129010066E+07
   9.2000000000000000E+04   2.1037915983769730E-07   8.1164163617277116E+07
   9.3000000000000000E+04   2.1018663414401791E-07   8.1238507958752304E+07
   9.4000000000000000E+04   2.0998941130822089E-07   8.1314807467454806E+07
   9.5000000000000000E+04   2.0978847679939733E-07   8.1392690443430543E+07
   9.6000000000000000E+04   2.0958443333836294E-07   8.1471931282057926E+07
   9.7000000000000000E+04   2.0937816009021074E-07   8.1552195049260512E+07
   9.8000000000000000E+04   2.0916558005106491E-07   8.1635078518002197E+07
   9.9000000000000000E+04   2.0895265231320900E-07   8.1718266610644698E+07
   1.0000000000000000E+05   2.0873496838477391E-07   8.1803488331942111E+07
   1.1000000000000000E+05   2.0641743357716269E-07   8.2721930288650319E+07
   1.2000000000000000E+05   2.0391957328200824E-07   8.3735211269386768E+07
   1.3000000000000000E+05   2.0127285337362518E-07   8.4836321761858135E+07
   1.4000000000000000E+05   1.9859927532254012E-07   8.5978403108473957E+07
   1.5000000000000000E+05   1.9600704136023550E-07   8.7115485404170081E+07
   1.6000000000000000E+05   1.9336353885345735E-07   8.8306454525911525E+07
   1.7000000000000000E+05   1.9070417357747959E-07   8.9537885985462189E+07
   1.8000000000000000E+05   1.8818115196069783E-07   9.0738357018339291E+07
   1.9000000000000000E+05   1.8567321293963541E-07   9.1963984897937462E+07
   2.0000000000000000E+05   1.8324113986610847E-07   9.3184579419276610E+07
   2.1000000000000000E+05   1.8084915189357079E-07   9.4417078387964413E+07
   2.2000000000000000E+05   1.7853971720208352E-07   9.5638375697689831E+07
   2.3000000000000000E+05   1.7626535883429166E-07   9.6872401155037642E+07
   2.4000000000000000E+05   1.7408736188744415E-07   9.8084366180309683E+07
   2.5000000000000000E+05   1.7195080201563633E-07   9.9303105019419581E+07
   2.6000000000000000E+05   1.6990569345862706E-07   1.0049838944855648E+08
   2.7000000000000000E+05   1.6789743943683449E-07   1.0170047028713693E+08
   2.8000000000000000E+05   1.6594754444482286E-07   1.0289545776562929E+08
   2.9000000000000000E+05   1.6406450265432689E-07   1.0407643502695146E+08
   3.0000000000000000E+05   1.6224448360025012E-07   1.0524393909628022E+08
   3.1000000000000000E+05   1.6045812267309601E-07   1.0641560717695697E+08
   3.2000000000000000E+05   1.5873105064224912E-07   1.0757346140936632E+08
   3.3000000000000000E+05   1.5705418482125559E-07   1.0872202208534342E+08
   3.4000000000000000E+05   1.5542235284217816E-07   1.0986353145786579E+08
   3.5000000000000000E+05   1.5384379592202777E-07   1.1099081668126780E+08
   3.6000000000000000E+05   1.5229626318614378E-07   1.1211863110430998E+08
   3.7000000000000000E+05   1.5079648098760703E-07   1.1323373356527770E+08
   3.8000000000000000E+05   1.4933510932785612E-07   1.1434182241260153E+08
   3.9000000000000000E+05   1.4791111488413267E-07   1.1544263299014539E+08
   4.0000000000000000E+05   1.4652571541619721E-07   1.1653414216222028E+08
   4.1000000000000000E+05   1.4517509097545829E-07   1.1761830790668291E+08
   4.2000000000000000E+05   1.4386810400944601E-07   1.1868682546626903E+08
   4.3000000000000000E+05   1.4257242974663848E-07   1.1976543137460805E+08
   4.4000000000000000E+05   1.4131815596069553E-07   1.2082841326829410E+08
   4.5000000000000000E+05   1.4009341478508112E-07   1.2188473367522299E+08
   4.6000000000000000E+05   1.3889365745006950E-07   1.2293756867098479E+08
   4.7000000000000000E+05   1.3772558009925462E-07   1.2398022602937339E+08
   4.8000000000000000E+05   1.3658392187775942E-07   1.2501653427417505E+08
   4.9000000000000000E+05   1.3546785805665268E-07   1.2604649394833781E+08
   5.0000000000000000E+05   1.3438965707209397E-07   1.2705775818426310E+08
   5.1000000000000000E+05   1.3332153201681289E-07   1.2807570009455664E+08
   5.2000000000000000E+05   1.3225600879555282E-07   1.2910754457385625E+08
   5.3000000000000000E+05   1.3122933438973837E-07   1.3011761912942673E+08
   5.4000000000000000E+05   1.3023933410590217E-07   1.3110669420996635E+08
   5.5000000000000000E+05   1.2925884382897637E-07   1.3210120131760257E+08
   5.6000000000000000E+05   1.2829707146006843E-07   1.3309149114948200E+08
   5.7000000000000000E+05   1.2735551053256145E-07   1.3407545915625273E+08
   5.8000000000000000E+05   1.2641516229562828E-07   1.3507278905991372E+08
   5.9000000000000000E+05   1.2552808468645247E-07   1.3602731686206469E+08
   6.0000000000000000E+05   1.2464009781112906E-07   1.3699643092872730E+08
   6.1000000000000000E+05   1.2374726156465161E-07   1.3798485990585911E+08
   6.2000000000000000E+05   1.2291211994920962E-07   1.3892241511893278E+08
   6.3000000000000000E+05   1.2207277937748108E-07   1.3987760938850263E+08
   6.4000000000000000E+05   1.2122657935385353E-07   1.4085399952505857E+08
   6.5000000000000000E+05   1.2043790777085540E-07   1.4177636316316161E+08
   6.6000000000000000E+05   1.1964341290296136E-07   1.4271783240236804E+08
   6.7000000000000000E+05   1.1886169928252169E-07   1.4365643982714817E+08
   6.8000000000000000E+05   1.1809293734135447E-07   1.4459161517318487E+08
   6.9000000000000000E+05   1.1733493068083052E-07   1.4552570536032039E+08
   7.0000000000000000E+05   1.1659606024912512E-07   1.4644790325031829E+08
   7.1000000000000000E+05   1.1586558861564331E-07   1.4737118030250773E+08
   7.2000000000000000E+05   1.1515031957228143E-07   1.4828659281326434E+08
   7.3000000000000000E+05   1.1444493411620632E-07   1.4920056254647419E+08
   7.4000000000000000E+05   1.1374722289216857E-07   1.5011574011718380E+08
   7.5000000000000000E+05   1.1306632960959328E-07   1.5101974752069235E+08
   7.6000000000000000E+05   1.1239121714298988E-07   1.5192689415408814E+08
   7.7000000000000000E+05   1.1173052637657150E-07   1.5282527617548776E+08
   7.8000000000000000E+05   1.1108017164587039E-07   1.5372004109940499E+08
   7.9000000000000000E+05   1.1043754255471728E-07   1.5461452831832138E+08
   8.0000000000000000E+05   1.0979259544500016E-07   1.5552276983274236E+08
   8.1000000000000000E+05   1.0917892947975373E-07   1.5639692230082375E+08
   8.2000000000000000E+05   1.0854412329203919E-07   1.5731158935975748E+08
   8.3000000000000000E+05   1.0795684462226149E-07   1.5816735483959410E+08
   8.4000000000000000E+05   1.0735524494356516E-07   1.5905369653535166E+08
   8.5000000000000000E+05   1.0677926003445293E-07   1.5991165836158383E+08
   8.6000000000000000E+05   1.0619656943148832E-07   1.6078907861282739E+08
   8.7000000000000000E+05   1.0561373509409989E-07   1.6167640066434944E+08
   8.8000000000000000E+05   1.0506023924321483E-07   1.6252817120664361E+08
   8.9000000000000000E+05   1.0450903624607252E-07   1.6338537952380985E+08
   9.0000000000000000E+05   1.0394728933716362E-07   1.6426833888228533E+08
   9.1000000000000000E+05   1.0342122132436704E-07   1.6510391515468463E+08
   9.2000000000000000E+05   1.0287593642900087E-07   1.6597903400389966E+08
   9.3000000000000000E+05   1.0235000443497244E-07   1.6683192780495512E+08
   9.4000000000000000E+05   1.0183032545017962E-07   1.6768333475558031E+08
   9.5000000000000000E+05   1.0131127115714231E-07   1.6854243714153987E+08
   9.6000000000000000E+05   1.0081747159494756E-07   1.6936795062005779E+08
   9.7000000000000000E+05   1.0031758752093843E-07   1.7021191371022740E+08
   9.8000000000000000E+05   9.9826925808829727E-08   1.7104852636082926E+08
   9.9000000000000000E+05   9.9334613216301319E-08   1.7189626050640345E+08
   1.0000000000000000E+06   9.8839471848969665E-08   1.7275738357671279E+08
   1.1000000000000000E+06   9.4353924151284969E-08   1.8097020027862421E+08
   1.2000000000000000E+06   9.0333229871141559E-08   1.8902510820314559E+08
   1.3000000000000000E+06   8.6706522889031749E-08   1.9693153388915512E+08
   1.4000000000000000E+06   8.3421065402660022E-08   2.0468749072326863E+08
   1.5000000000000000E+06   8.0431513814422823E-08   2.1229550136441988E+08
   1.6000000000000000E+06   7.7700639677418573E-08   2.1975685942383024E+08
   1.7000000000000000E+06   7.5179281751636842E-08   2.2712705086944231E+08
   1.8000000000000000E+06   7.2850459333431242E-08   2.3438765804591554E+08
   1.9000000000000000E+06   7.0694867296944942E-08   2.4153448763132566E+08
   2.0000000000000000E+06   6.8671431814702052E-08   2.4865141296029407E+08
   2.1000000000000000E+06   6.6796863446736696E-08   2.5562949620153692E+08
   2.2000000000000000E+06   6.5032627730206227E-08   2.6256433342306852E+08
   2.3000000000000000E+06   6.3368392960520348E-08   2.6946002183407658E+08
   2.4000000000000000E+06   6.1804205423517484E-08   2.7627971970067191E+08
   2.5000000000000000E+06   6.0332691217177083E-08   2.8301818145766276E+08
   2.6000000000000000E+06   5.8935924904328256E-08   2.8972563981053519E+08
   2.7000000000000000E+06   5.7622066270948779E-08   2.9633176412732977E+08
   2.8000000000000000E+06   5.6365285206440971E-08   3.0293909608002722E+08
   2.9000000000000000E+06   5.5169817942213333E-08   3.0950344205625856E+08
   3.0000000000000000E+06   5.4040605409287244E-08   3.1597071167891949E+08
   3.1000000000000000E+06   5.2957022052644695E-08   3.2243596578670186E+08
   3.2000000000000000E+06   5.1931047545078158E-08   3.2880616428756195E+08
   3.3000000000000000E+06   5.0936963833103602E-08   3.3522313200055838E+08
   3.4000000000000000E+06   4.9987703062530485E-08   3.4158898098143125E+08
   3.5000000000000000E+06   4.9081043928497080E-08   3.4789904989812273E+08
   3.6000000000000000E+06   4.8226389976826770E-08   3.5406441491757882E+08
   3.7000000000000000E+06   4.7393799674072571E-08   3.6028443948699492E+08
   3.8000000000000000E+06   4.6589872179761324E-08   3.6650129635147738E+08
   3.9000000000000000E+06   4.5820334398132858E-08   3.7265656776673287E+08
   4.0000000000000000E+06   4.5075043078954756E-08   3.7881824141183084E+08
   4.1000000000000000E+06   4.4361823028747528E-08   3.8490863055080009E+08
   4.2000000000000000E+06   4.3674697359287916E-08   3.9096432449808180E+08
   4.3000000000000000E+06   4.3003639848584156E-08   3.9706519287330377E+08
   4.4000000000000000E+06   4.2360807807271056E-08   4.0309072075347114E+08
   4.5000000000000000E+06   4.1748519980993426E-08   4.0900248819612998E+08
   4.6000000000000000E+06   4.1138784453359806E-08   4.1506448908549660E+08
   4.7000000000000000E+06   4.0554501543102026E-08   4.2104446857975280E+08
   4.8000000000000000E+06   4.0001020743281677E-08   4.2687032064300543E+08
   4.9000000000000000E+06   3.9450140408837939E-08   4.3283112236799091E+08
   5.0000000000000000E+06   3.8925162674878171E-08   4.3866864972030848E+08
   5.1000000000000000E+06   3.8411526587908391E-08   4.4453449439594251E+08
   5.2000000000000000E+06   3.7906888485830180E-08   4.5045239091873729E+08
   5.3000000000000000E+06   3.7429990841210067E-08   4.5619163048077673E+08
   5.4000000000000000E+06   3.6955480632510752E-08   4.6204915369739753E+08
   5.5000000000000000E+06   3.6506498255365011E-08   4.6773175644757360E+08
   5.6000000000000000E+06   3.6063914374547167E-08   4.7347185814037311E+08
   5.7000000000000000E+06   3.5629161948268389E-08   4.7924923340954506E+08
   5.8000000000000000E+06   3.5211567824906417E-08   4.8493292419243586E+08
   5.9000000000000000E+06   3.4794831426082418E-08   4.9074094774698204E+08
   6.0000000000000000E+06   3.4400079293085767E-08   4.9637236022779143E+08
   6.1000000000000000E+06   3.4016802053052799E-08   5.0196513252778739E+08
   6.2000000000000000E+06   3.3638284945468834E-08   5.0761352959620017E+08
   6.3000000000000000E+06   3.3268988634001290E-08   5.1324820055639011E+08
   6.4000000000000000E+06   3.2906814183174480E-08   5.1889704228684860E+08
   6.5000000000000000E+06   3.2555523624271005E-08   5.2449620371033162E+08
   6.6000000000000000E+06   3.2212546321638004E-08   5.3008068285686159E+08
   6.7000000000000000E+06   3.1878257045066118E-08   5.3563933958475113E+08
   6.8000000000000000E+06   3.1550198286737095E-08   5.4120891398359799E+08
   6.9000000000000000E+06   3.1231785861400438E-08   5.4672661456210756E+08
   7.0000000000000000E+06   3.0919791633826957E-08   5.5224332534154105E+08
   7.1000000000000000E+06   3.0608530542021732E-08   5.5785914084604454E+08
   7.2000000000000000E+06   3.0312048284751495E-08   5.6331556318224382E+08
   7.3000000000000000E+06   3.0019134540833391E-08   5.6881215304543936E+08
   7.4000000000000000E+06   2.9732867048935359E-08   5.7428866589384520E+08
   7.5000000000000000E+06   2.9455838205746891E-08   5.7968978616268826E+08
   7.6000000000000000E+06   2.9178290067044353E-08   5.8520387971665037E+08
   7.7000000000000000E+06   2.8913393188490118E-08   5.9056536323552287E+08
   7.8000000000000000E+06   2.8647608343727089E-08   5.9604447065372884E+08
   7.9000000000000000E+06   2.8388520589009860E-08   6.0148426886826062E+08
   8.0000000000000000E+06   2.8136066091215184E-08   6.0688116438792050E+08
   8.1000000000000000E+06   2.7884056865287845E-08   6.1236600661178184E+08
   8.2000000000000000E+06   2.7646270802881694E-08   6.1763297742682636E+08
   8.3000000000000000E+06   2.7405360083579992E-08   6.2306236804247820E+08
   8.4000000000000000E+06   2.7174387267798526E-08   6.2835818090243447E+08
   8.5000000000000000E+06   2.6942271439302171E-08   6.3377167694270778E+08
   8.6000000000000000E+06   2.6720309955653623E-08   6.3903632027738833E+08
   8.7000000000000000E+06   2.6497845337482732E-08   6.4440139691577995E+08
   8.8000000000000000E+06   2.6284490017642002E-08   6.4963210392407644E+08
   8.9000000000000000E+06   2.6065196812640473E-08   6.5509762590595186E+08
   9.0000000000000000E+06   2.5861409708553245E-08   6.6025977482135451E+08
   9.1000000000000000E+06   2.5652792523737413E-08   6.6562923061619282E+08
   9.2000000000000000E+06   2.5448149182448937E-08   6.7098194168511891E+08
   9.3000000000000000E+06   2.5256225256934769E-08   6.7608078313459349E+08
   9.4000000000000000E+06   2.5058088574660278E-08   6.8142661799030101E+08
   9.5000000000000000E+06   2.4866722029222810E-08   6.8667066494191360E+08
   9.6000000000000000E+06   2.4680925050935188E-08   6.9183989317633605E+08
   9.7000000000000000E+06   2.4494373574337169E-08   6.9710901154140759E+08
   9.8000000000000000E+06   2.4314320260196267E-08   7.0227126927686214E+08
   9.9000000000000000E+06   2.4134868366616597E-08   7.0749292232936633E+08
   1.0000000000000000E+07   2.3958633987276955E-08   7.1269708280529833E+08
   1.1000000000000000E+07   2.2343783767678882E-08   7.6420577321519482E+08
   1.2000000000000000E+07   2.0951132845919164E-08   8.1500359318556154E+08
   1.3000000000000000E+07   1.9736637210591502E-08   8.6515490802905715E+08
   1.4000000000000000E+07   1.8669492258131403E-08   9.1460701312297988E+08
   1.5000000000000000E+07   1.7719442193900072E-08   9.6364481251053834E+08
   1.6000000000000000E+07   1.6872054821251171E-08   1.0120432117862166E+09
   1.7000000000000000E+07   1.6108795244126006E-08   1.0599953809058790E+09
   1.8000000000000000E+07   1.5416925072981064E-08   1.1075651253347135E+09
   1.9000000000000000E+07   1.4787017207833959E-08   1.1547459714651530E+09
   2.0000000000000000E+07   1.4212054192897252E-08   1.2014623867157671E+09
   2.1000000000000000E+07   1.3687072271014920E-08   1.2475457287452459E+09
   2.2000000000000000E+07   1.3197804181015782E-08   1.2937946583033743E+09
   2.3000000000000000E+07   1.2749066708485962E-08   1.3393332187497792E+09
   2.4000000000000000E+07   1.2331329281014657E-08   1.3847046138830507E+09
   2.5000000000000000E+07   1.1940909624348095E-08   1.4299788783188591E+09
   2.6000000000000000E+07   1.1576495068733198E-08   1.4749929446996846E+09
   2.7000000000000000E+07   1.1237502100234035E-08   1.5194879074039545E+09
   2.8000000000000000E+07   1.0916235587152359E-08   1.5642066731161907E+09
   2.9000000000000000E+07   1.0620442653550727E-08   1.6077718328457241E+09
   3.0000000000000000E+07   1.0333778177956895E-08   1.6523722743686886E+09
   3.1000000000000000E+07   1.0069980411770670E-08   1.6956585666018894E+09
   3.2000000000000000E+07   9.8161619352064732E-09   1.7395035517385235E+09
   3.3000000000000000E+07   9.5811112679876295E-09   1.7821782957248299E+09
   3.4000000000000000E+07   9.3493659309664896E-09   1.8263536454570036E+09
   3.5000000000000000E+07   9.1359471980306877E-09   1.8690178676178029E+09
   3.6000000000000000E+07   8.9324571541174068E-09   1.9115959087317133E+09
   3.7000000000000000E+07   8.7381009039467361E-09   1.9541143708949144E+09
   3.8000000000000000E+07   8.5474333831440025E-09   1.9977047828656337E+09
   3.9000000000000000E+07   8.3719371241986298E-09   2.0395815565046563E+09
   4.0000000000000000E+07   8.2076403845218221E-09   2.0804089544338586E+09
   4.1000000000000000E+07   8.0446414245002660E-09   2.1225617960707150E+09
   4.2000000000000000E+07   7.8894572299987576E-09   2.1643122020872970E+09
   4.3000000000000000E+07   7.7390027476169017E-09   2.2063887438197641E+09
   4.4000000000000000E+07   7.5949685132580453E-09   2.2482316445321665E+09
   4.5000000000000000E+07   7.4581398685293987E-09   2.2894781878231344E+09
   4.6000000000000000E+07   7.3270602026552690E-09   2.3304365022883558E+09
   4.7000000000000000E+07   7.1993663536903751E-09   2.3717710298183999E+09
   4.8000000000000000E+07   7.0768104272961382E-09   2.4128452678159642E+09
   4.9000000000000000E+07   6.9586885755987895E-09   2.4538026619854655E+09
   5.0000000000000000E+07   6.8449939328447373E-09   2.4945600709445467E+09
   5.1000000000000000E+07   6.7305439256535238E-09   2.5369789929829755E+09
   5.2000000000000000E+07   6.6272564544508573E-09   2.5765184534641695E+09
   5.3000000000000000E+07   6.5246071285144114E-09   2.6170539029251904E+09
   5.4000000000000000E+07   6.4253380495630525E-09   2.6574864106789432E+09
   5.5000000000000000E+07   6.3275744316444880E-09   2.6985456647239203E+09
   5.6000000000000000E+07   6.2353017732238140E-09   2.7384798958822179E+09
   5.7000000000000000E+07   6.1442273388101711E-09   2.7790717382600589E+09
   5.8000000000000000E+07   6.0568972842144951E-09   2.8191411789719009E+09
   5.9000000000000000E+07   5.9746444731179095E-09   2.8579522392604094E+09
   6.0000000000000000E+07   5.8929875437703808E-09   2.8975538169570403E+09
   6.1000000000000000E+07   5.8091654736491482E-09   2.9393634297709179E+09
   6.2000000000000000E+07   5.7316938971387191E-09   2.9790928924617171E+09
   6.3000000000000000E+07   5.6570296590932487E-09   3.0184124142402163E+09
   6.4000000000000000E+07   5.5865419282541226E-09   3.0564969832900596E+09
   6.5000000000000000E+07   5.5158690471797368E-09   3.0956587991266270E+09
   6.6000000000000000E+07   5.4466378086977746E-09   3.1350071641379514E+09
   6.7000000000000000E+07   5.3792555690528780E-09   3.1742772455294566E+09
   6.8000000000000000E+07   5.3131750275140311E-09   3.2137560803679104E+09
   6.9000000000000000E+07   5.2509218469686594E-09   3.2518573020829940E+09
   7.0000000000000000E+07   5.1888838099546169E-09   3.2907363464131031E+09
   7.1000000000000000E+07   5.1281780634925642E-09   3.3296910402333026E+09
   7.2000000000000000E+07   5.0694787554328579E-09   3.3682454103260536E+09
   7.3000000000000000E+07   5.0117487040076353E-09   3.4070440397536235E+09
   7.4000000000000000E+07   4.9513548947602192E-09   3.4486012240411353E+09
   7.5000000000000000E+07   4.8929809827944564E-09   3.4897434939508433E+09
   7.6000000000000000E+07   4.8439973136163816E-09   3.5250326218666487E+09
   7.7000000000000000E+07   4.7941615452694864E-09   3.5616756735243340E+09
   7.8000000000000000E+07   4.7394833752205587E-09   3.6027657866692138E+09
   7.9000000000000000E+07   4.6915592528993459E-09   3.6395679198082790E+09
   8.0000000000000000E+07   4.6408122253510068E-09   3.6793663957047248E+09
   8.1000000000000000E+07   4.5951407122267735E-09   3.7159359462699909E+09
   8.2000000000000000E+07   4.5492971471593587E-09   3.7533816759791498E+09
   8.3000000000000000E+07   4.5000555228945918E-09   3.7944528603835464E+09
   8.4000000000000000E+07   4.4552522033102331E-09   3.8326109884520841E+09
   8.5000000000000000E+07   4.4120086089346188E-09   3.8701757100277667E+09
   8.6000000000000000E+07   4.3690727903593946E-09   3.9082087596273646E+09
   8.7000000000000000E+07   4.3263543533213417E-09   3.9467984257053494E+09
   8.8000000000000000E+07   4.2851686842635158E-09   3.9847319461280088E+09
   8.9000000000000000E+07   4.2426798146007073E-09   4.0246375632612205E+09
   9.0000000000000000E+07   4.2031367090152440E-09   4.0625013490776348E+09
   9.1000000000000000E+07   4.1643773121682996E-09   4.1003125487304730E+09
   9.2000000000000000E+07   4.1263779395554689E-09   4.1380718879501524E+09
   9.3000000000000000E+07   4.0942434545055188E-09   4.1705503691876616E+09
   9.4000000000000000E+07   4.0580592053107829E-09   4.2077376614874859E+09
   9.5000000000000000E+07   4.0222075162059318E-09   4.2452430616605525E+09
   9.6000000000000000E+07   3.9870302014948164E-09   4.2826985720675778E+09
   9.7000000000000000E+07   3.9525079126165452E-09   4.3201048367866287E+09
   9.8000000000000000E+07   3.9141078123438425E-09   4.3624880482040615E+09
   9.9000000000000000E+07   3.8808401734032230E-09   4.3998845063898554E+09
   1.0000000000000000E+08   3.8481738516295317E-09   4.4372341814810534E+09
   1.1000000000000000E+08   3.5524384861995748E-09   4.8066275087001963E+09
   1.2000000000000000E+08   3.3042985669489860E-09   5.1675864649539032E+09
   1.3000000000000000E+08   3.0849152249195867E-09   5.5350786993432703E+09
   1.4000000000000000E+08   2.8992279112511431E-09   5.8895847699546480E+09
   1.5000000000000000E+08   2.7343046286048446E-09   6.2448230427948532E+09
   1.6000000000000000E+08   2.5862527592969016E-09   6.6023123568843412E+09
   1.7000000000000000E+08   2.4559938090030316E-09   6.9524802905197716E+09
   1.8000000000000000E+08   2.3367109904596282E-09   7.3073857316747074E+09
   1.9000000000000000E+08   2.2308162239640444E-09   7.6542605201204472E+09
   2.0000000000000000E+08   2.1369309222665600E-09   7.9905477396625919E+09
   2.1000000000000000E+08   2.0475858202285826E-09   8.3392101967310743E+09
   2.2000000000000000E+08   1.9672255278135228E-09   8.6798632435959091E+09
   2.3000000000000000E+08   1.8944056721775280E-09   9.0135121539754372E+09
   2.4000000000000000E+08   1.8278451248642249E-09   9.3417370642934170E+09
   2.5000000000000000E+08   1.7609891208811694E-09   9.6963963878368473E+09
   2.6000000000000000E+08   1.7048271669897520E-09   1.0015823821532755E+10
   2.7000000000000000E+08   1.6501066517657508E-09   1.0347966619285019E+10
   2.8000000000000000E+08   1.5965891611391511E-09   1.0694829306337725E+10
   2.9000000000000000E+08   1.5487312956585503E-09   1.1025313815636065E+10
   3.0000000000000000E+08   1.5014395547905627E-09   1.1372584727937317E+10
   3.1000000000000000E+08   1.4595119335043647E-09   1.1699286699036158E+10
   3.2000000000000000E+08   1.4197193921534563E-09   1.2027199631916073E+10
   3.3000000000000000E+08   1.3882635769882593E-09   1.2299716591121489E+10
   3.4000000000000000E+08   1.3529749253113785E-09   1.2620521069008280E+10
   3.5000000000000000E+08   1.3193353418707248E-09   1.2942311184145689E+10
   3.6000000000000000E+08   1.2874259302878132E-09   1.3263091995447742E+10
   3.7000000000000000E+08   1.2543806064534739E-09   1.3612494057134081E+10
   3.8000000000000000E+08   1.2255463874831909E-09   1.3932763969708454E+10
   3.9000000000000000E+08   1.1993079441034234E-09   1.4237584796036053E+10
   4.0000000000000000E+08   1.1731167822832260E-09   1.4555455014034294E+10
   4.1000000000000000E+08   1.1445039840734831E-09   1.4919343915220343E+10
   4.2000000000000000E+08   1.1206017797712578E-09   1.5237570436678793E+10
   4.3000000000000000E+08   1.0976387894317831E-09   1.5556345780720392E+10
   4.4000000000000000E+08   1.0757324987798442E-09   1.5873136277001818E+10
   4.5000000000000000E+08   1.0561112125948284E-09   1.6168040209306055E+10
   4.6000000000000000E+08   1.0359562705099578E-09   1.6482595874753218E+10
   4.7000000000000000E+08   1.0171849235147429E-09   1.6786769205869646E+10
   4.8000000000000000E+08   9.9857550034140752E-10   1.7099606934973093E+10
   4.9000000000000000E+08   9.8184412826304126E-10   1.7390997266480171E+10
   5.0000000000000000E+08   9.6460580480814028E-10   1.7701789130460831E+10
   5.1000000000000000E+08   9.4799575629168517E-10   1.8011946190061150E+10
   5.2000000000000000E+08   9.3387699064466767E-10   1.8284258764042240E+10
   5.3000000000000000E+08   9.1842276797986380E-10   1.8591926448307007E+10
   5.4000000000000000E+08   9.0350082878652429E-10   1.8898984933600578E+10
   5.5000000000000000E+08   8.8908359246299155E-10   1.9205447829072296E+10
   5.6000000000000000E+08   8.7459667968047642E-10   1.9523568917469936E+10
   5.7000000000000000E+08   8.6111355950864973E-10   1.9829264517069355E+10
   5.8000000000000000E+08   8.4806313043197062E-10   2.0134407378416142E+10
   5.9000000000000000E+08   8.3542448114998030E-10   2.0439009073839565E+10
   6.0000000000000000E+08   8.2317804017298011E-10   2.0743080740035313E+10
   6.1000000000000000E+08   8.1130546954583674E-10   2.1046633101451622E+10
   6.2000000000000000E+08   7.9957242091874205E-10   2.1355474631193489E+10
   6.3000000000000000E+08   7.8464255928387368E-10   2.1761817975201817E+10
   6.4000000000000000E+08   7.7379241442793913E-10   2.2066962963646786E+10
   6.5000000000000000E+08   7.6325332342146110E-10   2.2371666164764763E+10
   6.6000000000000000E+08   7.5301183655220450E-10   2.2675936448640900E+10
   6.7000000000000000E+08   7.4305527632591320E-10   2.2979782385991352E+10
   6.8000000000000000E+08   7.3337168248802627E-10   2.3283212262577297E+10
   6.9000000000000000E+08   7.2791750427752635E-10   2.3457669928791870E+10
   7.0000000000000000E+08   7.1874652096621368E-10   2.3756982542020290E+10
   7.1000000000000000E+08   7.0981644261603354E-10   2.4055865045618282E+10
   7.2000000000000000E+08   7.0111771463624155E-10   2.4354324807769619E+10
   7.3000000000000000E+08   6.9264128617926274E-10   2.4652368969979225E+10
   7.4000000000000000E+08   6.8437857717070425E-10   2.4950004457069798E+10
   7.5000000000000000E+08   6.7632144790606874E-10   2.5247237986608498E+10
   7.6000000000000000E+08   6.6846217098337396E-10   2.5544076077802246E+10
   7.7000000000000000E+08   6.6079340536430112E-10   2.5840525059898907E+10
   7.8000000000000000E+08   6.5330817237734449E-10   2.6136591080127586E+10
   7.9000000000000000E+08   6.4599983349492599E-10   2.6432280111208843E+10
   8.0000000000000000E+08   6.3886206973286721E-10   2.6727597958463833E+10
   8.1000000000000000E+08   6.3188886253531164E-10   2.7022550266547779E+10
   8.2000000000000000E+08   6.2330574513286988E-10   2.7394659337035683E+10
   8.3000000000000000E+08   6.1523892267334546E-10   2.7753849637042679E+10
   8.4000000000000000E+08   6.0872604972220536E-10   2.8050793223855816E+10
   8.5000000000000000E+08   6.0235632700725751E-10   2.8347421260715714E+10
   8.6000000000000000E+08   5.9612499533341999E-10   2.8643738619250084E+10
   8.7000000000000000E+08   5.9002750625534846E-10   2.8939750045046947E+10
   8.8000000000000000E+08   5.8405951046867396E-10   2.9235460162321918E+10
   8.9000000000000000E+08   5.7821684696335692E-10   2.9530873478361763E+10
   9.0000000000000000E+08   5.7249553288126268E-10   2.9825994387756413E+10
   9.1000000000000000E+08   5.6787143586586289E-10   3.0068863253698689E+10
   9.2000000000000000E+08   5.6238159250579852E-10   3.0362388773519646E+10
   9.3000000000000000E+08   5.5700212707566033E-10   3.0655625392993774E+10
   9.4000000000000000E+08   5.5377710766070384E-10   3.0834153876209103E+10
   9.5000000000000000E+08   5.4860852372882717E-10   3.1124650478767113E+10
   9.6000000000000000E+08   5.4354064327739104E-10   3.1414851422652416E+10
   9.7000000000000000E+08   5.3857049560438258E-10   3.1704760454005848E+10
   9.8000000000000000E+08   5.3369522686776768E-10   3.1994381233173080E+10
   9.9000000000000000E+08   5.2891209436056696E-10   3.2283717337519825E+10
   1.0000000000000000E+09   5.2421846112059982E-10   3.2572772264126514E+10
   1.1000000000000000E+09   4.8169070940789148E-10   3.5448573570624931E+10
   1.2000000000000000E+09   4.4640525367739700E-10   3.8250554647530876E+10
   1.3000000000000000E+09   4.1573987238189040E-10   4.1071953125167587E+10
   1.4000000000000000E+09   3.8919966343900882E-10   4.3872721779493538E+10
   1.5000000000000000E+09   3.6263812229463309E-10   4.7086192821335556E+10
   1.6000000000000000E+09   3.4589883562461235E-10   4.9364862763698685E+10
   1.7000000000000000E+09   3.2470150449473726E-10   5.2587525201962570E+10
   1.8000000000000000E+09   3.0840542494857724E-10   5.5366239272798927E+10
   1.9000000000000000E+09   2.9372696083486862E-10   5.8133065150705566E+10
   2.0000000000000000E+09   2.8043304742701223E-10   6.0888859952129211E+10
   2.1000000000000000E+09   2.6833367446484839E-10   6.3634385750451202E+10
   2.2000000000000000E+09   2.5727233962842397E-10   6.6370324051912384E+10
   2.3000000000000000E+09   2.4711894155566561E-10   6.9097287497428909E+10
   2.4000000000000000E+09   2.3776441334258305E-10   7.1815829419894196E+10
   2.5000000000000000E+09   2.2911661773548752E-10   7.4526451723573074E+10
   2.6000000000000000E+09   2.2109717028475046E-10   7.7229611436188858E+10
   2.7000000000000000E+09   2.1363895409480247E-10   7.9925726200452194E+10
   2.8000000000000000E+09   2.0668415630096294E-10   8.2615178910317886E+10
   2.9000000000000000E+09   2.0018270254449942E-10   8.5298321651624390E+10
   3.0000000000000000E+09   1.9409099820489472E-10   8.7975479072483551E+10
   3.1000000000000000E+09   1.8837090833280327E-10   9.0646951282756241E+10
   3.2000000000000000E+09   1.8298892498014001E-10   9.3313016361975754E+10
   3.3000000000000000E+09   1.7506085027140390E-10   9.7538933029627762E+10
   3.4000000000000000E+09   1.7028665236918102E-10   1.0027355822177455E+11
   3.5000000000000000E+09   1.6577198348582199E-10   1.0300442928700648E+11
   3.6000000000000000E+09   1.6149602874732929E-10   1.0573169311455615E+11
   3.7000000000000000E+09   1.5744015531395404E-10   1.0845548593801955E+11
   3.8000000000000000E+09   1.5358763249352241E-10   1.1117593437383253E+11
   3.9000000000000000E+09   1.4992339400632844E-10   1.1389315632763351E+11
   4.0000000000000000E+09   1.4643383515507220E-10   1.1660726178925528E+11
   4.1000000000000000E+09   1.4310663904657041E-10   1.1931835353337769E+11
   4.2000000000000000E+09   1.3993062711029120E-10   1.2202652773987573E+11
   4.3000000000000000E+09   1.3689563003007565E-10   1.2473187454545311E+11
   4.4000000000000000E+09   1.3399237590072377E-10   1.2743447853617712E+11
   4.5000000000000000E+09   1.3121239297916421E-10   1.3013441918892229E+11
   4.6000000000000000E+09   1.2854792485020803E-10   1.3283177126841441E+11
   4.7000000000000000E+09   1.2599185619207812E-10   1.3552660518550073E+11
   4.8000000000000000E+09   1.2353764762454947E-10   1.3821898732139169E+11
   4.9000000000000000E+09   1.2117927836625495E-10   1.4090898032189584E+11
   5.0000000000000000E+09   1.1891119562816471E-10   1.4359664336507437E+11
   5.1000000000000000E+09   1.1672826983582503E-10   1.4628203240524344E+11
   5.2000000000000000E+09   1.1462575491026353E-10   1.4896520039584271E+11
   5.3000000000000000E+09   1.1259925295180651E-10   1.5164619749333963E+11
   5.4000000000000000E+09   1.1064468276660657E-10   1.5432507124405261E+11
   5.5000000000000000E+09   1.0875825175580329E-10   1.5700186675555890E+11
   5.6000000000000000E+09   1.0693643075483055E-10   1.5967662685394830E+11
   5.7000000000000000E+09   1.0517593146691762E-10   1.6234939222861136E+11
   5.8000000000000000E+09   1.0347368618378237E-10   1.6502020156510474E+11
   5.9000000000000000E+09   1.0182682952680368E-10   1.6768909166751062E+11
   6.0000000000000000E+09   1.0023268197732309E-10   1.7035609757100293E+11
   6.1000000000000000E+09   9.8688734994437828E-11   1.7302125264544662E+11
   6.2000000000000000E+09   9.7192637544259349E-11   1.7568458869074802E+11
   6.3000000000000000E+09   9.5742183886594563E-11   1.7834613602461356E+11
   6.4000000000000000E+09   9.4335302484041624E-11   1.8100592356314032E+11
   6.5000000000000000E+09   9.2970045914116982E-11   1.8366397889601749E+11
   6.6000000000000000E+09   9.1644581681749563E-11   1.8632032835316641E+11
   6.7000000000000000E+09   9.0357183836646681E-11   1.8897499706942892E+11
   6.8000000000000000E+09   8.9106225317118934E-11   1.9162800904160501E+11
   6.9000000000000000E+09   8.7890170946073790E-11   1.9427938718208783E+11
   7.0000000000000000E+09   8.6707571016073687E-11   1.9692915336731992E+11
   7.1000000000000000E+09   8.5557055405259369E-11   1.9957732848391727E+11
   7.2000000000000000E+09   8.4437328174740990E-11   2.0222393246971704E+11
   7.3000000000000000E+09   8.3347162601069608E-11   2.0486898435236029E+11
   7.4000000000000000E+09   8.2285396603714913E-11   2.0751250228477682E+11
   7.5000000000000000E+09   8.1250928531229577E-11   2.1015450357800061E+11
   7.6000000000000000E+09   8.0242713273582473E-11   2.1279500473164679E+11
   7.7000000000000000E+09   7.9259758671696218E-11   2.1543402146176047E+11
   7.8000000000000000E+09   7.8301122197476400E-11   2.1807156872756140E+11
   7.9000000000000000E+09   7.7365907881399429E-11   2.2070766075553864E+11
   8.0000000000000000E+09   7.6453263465884375E-11   2.2334231106238678E+11
   8.1000000000000000E+09   7.5562377765449640E-11   2.2597553247642365E+11
   8.2000000000000000E+09   7.4692478216262906E-11   2.2860733715773724E+11
   8.3000000000000000E+09   7.3842828599378307E-11   2.3123773661720102E+11
   8.4000000000000000E+09   7.3012726923430003E-11   2.3386674173448328E+11
   8.5000000000000000E+09   7.2201503453869080E-11   2.3649436277517212E+11
   8.6000000000000000E+09   7.1408518877017184E-11   2.3912060940711969E+11
   8.7000000000000000E+09   7.0633162588272856E-11   2.4174549071610086E+11
   8.8000000000000000E+09   6.9874851094761632E-11   2.4436901522087466E+11
   8.9000000000000000E+09   6.9133026523582193E-11   2.4699119088772375E+11
   9.0000000000000000E+09   6.8407155227575228E-11   2.4961202514454291E+11
   9.1000000000000000E+09   6.7696726481243541E-11   2.5223152489453278E+11
   9.2000000000000000E+09   6.7001251260079795E-11   2.5484969652956036E+11
   9.3000000000000000E+09   6.6320261097135030E-11   2.5746654594322446E+11
   9.4000000000000000E+09   6.5653307011174037E-11   2.6008207854367474E+11
   9.5000000000000000E+09   6.4999958501236513E-11   2.6269629926621155E+11
   9.6000000000000000E+09   6.4359802602844668E-11   2.6530921258570551E+11
   9.7000000000000000E+09   6.3732443001489330E-11   2.6792082252885135E+11
   9.8000000000000000E+09   6.3117499199373257E-11   2.7053113268628540E+11
   9.9000000000000000E+09   6.2514605731630862E-11   2.7314014622494052E+11
   1.0000000000000000E+10   6.1923411429114964E-11   2.7574786589848260E+11
   1.1000000000000000E+10   5.6586607877476969E-11   3.0175423463629419E+11
   1.2000000000000000E+10   5.2117216716109429E-11   3.2763162783123450E+11
   1.3000000000000000E+10   4.8320100856113426E-11   3.5337775062967010E+11
   1.4000000000000000E+10   4.5054793768043606E-11   3.7898849651029285E+11
   1.5000000000000000E+10   4.2217527504170885E-11   4.0445875351286755E+11
   1.6000000000000000E+10   3.9729927701735730E-11   4.2978302600802795E+11
   1.7000000000000000E+10   3.7531657093200797E-11   4.5495589252374091E+11
   1.8000000000000000E+10   3.5575485206551503E-11   4.7997233071012671E+11
   1.9000000000000000E+10   3.3823897855480665E-11   5.0482793626238928E+11
   2.0000000000000000E+10   3.2246712181106646E-11   5.2951905468169092E+11
   2.1000000000000000E+10   3.0819366290688456E-11   5.5404281806700061E+11
   2.2000000000000000E+10   2.9521686359876774E-11   5.7839678745247095E+11
   2.3000000000000000E+10   2.8336971482731705E-11   6.0257845695111279E+11
   2.4000000000000000E+10   2.7251279766446108E-11   6.2658519882638794E+11
   2.5000000000000000E+10   2.6252880760459247E-11   6.5041428049488684E+11
   2.6000000000000000E+10   2.5331833266273575E-11   6.7406288251020068E+11
   2.7000000000000000E+10   2.4479656238566702E-11   6.9752811821886609E+11
   2.8000000000000000E+10   2.3689069685116023E-11   7.2080705480218311E+11
   2.9000000000000000E+10   2.2953788830621091E-11   7.4389673429221533E+11
   3.0000000000000000E+10   2.2268359200548880E-11   7.6679419426247083E+11
   3.1000000000000000E+10   2.1628023438242460E-11   7.8949648817838196E+11
   3.2000000000000000E+10   2.1028612953402675E-11   8.1200070535176135E+11
   3.3000000000000000E+10   2.0466459164944253E-11   8.3430399040295679E+11
   3.4000000000000000E+10   1.9938320327368971E-11   8.5640356210413940E+11
   3.5000000000000000E+10   1.9441320841987080E-11   8.7829673145741431E+11
   3.6000000000000000E+10   1.8972900639412682E-11   8.9998091885125330E+11
   3.7000000000000000E+10   1.8530772738891098E-11   9.2145367013733923E+11
   3.8000000000000000E+10   1.8112887486681115E-11   9.4271267147703760E+11
   3.9000000000000000E+10   1.7717402281193920E-11   9.6375576282176672E+11
   4.0000000000000000E+10   1.7342655829599702E-11   9.8458094991361450E+11
   4.1000000000000000E+10   1.6987146165810643E-11   1.0051864147197859E+12
   4.2000000000000000E+10   1.6649511805442300E-11   1.0255705242450830E+12
   4.3000000000000000E+10   1.6328515528703348E-11   1.0457318376992786E+12
   4.4000000000000000E+10   1.6023030374190160E-11   1.0656691120199651E+12
   4.5000000000000000E+10   1.5732027499927487E-11   1.0853813057986876E+12
   4.6000000000000000E+10   1.5454565627794704E-11   1.1048675816564324E+12
   4.7000000000000000E+10   1.5189781835262824E-11   1.1241273071540933E+12
   4.8000000000000000E+10   1.4936883497658006E-11   1.1431600543319116E+12
   4.9000000000000000E+10   1.4695141216095408E-11   1.1619655979916580E+12
   5.0000000000000000E+10   1.4463882592786108E-11   1.1805439128252102E+12
   5.1000000000000000E+10   1.4242486736861194E-11   1.1988951695169531E+12
   5.2000000000000000E+10   1.4030379402005407E-11   1.2170197299362793E+12
   5.3000000000000000E+10   1.3827028672077915E-11   1.2349181415392336E+12
   5.4000000000000000E+10   1.3631941123367103E-11   1.2525911310945095E+12
   5.5000000000000000E+10   1.3444658402551267E-11   1.2700395978444456E+12
   5.6000000000000000E+10   1.3264754168188043E-11   1.2872646062060137E+12
   5.7000000000000000E+10   1.3091831350922949E-11   1.3042673781104265E+12
   5.8000000000000000E+10   1.2925519693829058E-11   1.3210492850731780E+12
   5.9000000000000000E+10   1.2765473543253858E-11   1.3376118396920635E+12
   6.0000000000000000E+10   1.2611369901231841E-11   1.3539566823001758E+12
   6.1000000000000000E+10   1.2462906668908443E-11   1.3700855670636008E+12
   6.2000000000000000E+10   1.2319801010926199E-11   1.3860003530567126E+12
   6.3000000000000000E+10   1.2181787889820660E-11   1.4017029934498013E+12
   6.4000000000000000E+10   1.2048618722404628E-11   1.4171955262374119E+12
   6.5000000000000000E+10   1.1920060141666026E-11   1.4324800670297297E+12
   6.6000000000000000E+10   1.1795892868631309E-11   1.4475588021098582E+12
   6.7000000000000000E+10   1.1675910683404427E-11   1.4624339817023513E+12
   6.8000000000000000E+10   1.1559919485178295E-11   1.4771079134785857E+12
   6.9000000000000000E+10   1.1447736432220128E-11   1.4915829563190471E+12
   7.0000000000000000E+10   1.1339189153878306E-11   1.5058615143475200E+12
   7.1000000000000000E+10   1.1234115027569148E-11   1.5199460312475474E+12
   7.2000000000000000E+10   1.1132360514495979E-11   1.5338389848673748E+12
   7.3000000000000000E+10   1.1033780548546661E-11   1.5475428821158911E+12
   7.4000000000000000E+10   1.0938237974047960E-11   1.5610602540596445E+12
   7.5000000000000000E+10   1.0845603079143308E-11   1.5743936437770620E+12
   7.6000000000000000E+10   1.0755753272333748E-11   1.5875455784815735E+12
   7.7000000000000000E+10   1.0668572666861685E-11   1.6005185589418767E+12
   7.8000000000000000E+10   1.0583951639418284E-11   1.6133150577840933E+12
   7.9000000000000000E+10   1.0501786421372051E-11   1.6259375182095247E+12
   8.0000000000000000E+10   1.0421978720582197E-11   1.6383883529727925E+12
   8.1000000000000000E+10   1.0344435371222661E-11   1.6506699435944126E+12
   8.2000000000000000E+10   1.0269068009286352E-11   1.6627846397833723E+12
   8.3000000000000000E+10   1.0195792771657069E-11   1.6747347590467954E+12
   8.4000000000000000E+10   1.0124530016831671E-11   1.6865225864652644E+12
   8.5000000000000000E+10   1.0055204065550079E-11   1.6981503746138088E+12
   8.6000000000000000E+10   9.9877429597473623E-12   1.7096203436100515E+12
   8.7000000000000000E+10   9.9220782383833944E-12   1.7209346812724016E+12
   8.8000000000000000E+10   9.8581447288279590E-12   1.7320955433733267E+12
   8.9000000000000000E+10   9.7958803526250539E-12   1.7431050539685708E+12
   9.0000000000000000E+10   9.7352259444686436E-12   1.7539653058010396E+12
   9.1000000000000000E+10   9.6761250834736793E-12   1.7646783607516399E+12
   9.2000000000000000E+10   9.6185239357521330E-12   1.7752462503381958E+12
   9.3000000000000000E+10   9.5623711074754986E-12   1.7856709762480750E+12
   9.4000000000000000E+10   9.5076175076430317E-12   1.7959545108967229E+12
   9.5000000000000000E+10   9.4542162198424904E-12   1.8060987980044988E+12
   9.6000000000000000E+10   9.4021223823476540E-12   1.8161057531851196E+12
   9.7000000000000000E+10   9.3512930759491667E-12   1.8259772645398562E+12
   9.8000000000000000E+10   9.3016872189630082E-12   1.8357151932524106E+12
   9.9000000000000000E+10   9.2532654689044051E-12   1.8453213741801233E+12
   1.0000000000000000E+11   9.2059901303547821E-12   1.8547976164378213E+12
   1.1000000000000000E+11   8.7890159969097729E-12   1.9427941144646721E+12
