   1.0000000000000000E+00   2.5324340460009253E-04   6.7426231998801362E+04
   2.0000000000000000E+00   1.1286763216515846E-03   1.5128560972862493E+04
   3.0000000000000000E+00   3.5470400703768281E-03   4.8139429529811114E+03
   4.0000000000000000E+00   4.7999721524722871E-02   3.5573640863598206E+02
   5.0000000000000000E+00   1.1090710369383789E-02   1.5395991764304702E+03
   6.0000000000000000E+00   1.7662550338465567E-02   9.6674875505071429E+02
   7.0000000000000000E+00   3.1189573787777845E-02   5.4746655619331932E+02
   7.5789999999999997E+00   4.0343658458020563E-02   4.2324492134246429E+02
   7.5810000000000004E+00   4.0372018262933941E-02   4.2294760790815258E+02
   8.0000000000000000E+00   4.5122806226849665E-02   3.7841725678337315E+02
   9.0000000000000000E+00   4.4381587956032142E-02   3.8473721507324683E+02
   9.9990000000000006E+00   3.6686952903378443E-02   4.6543109196620486E+02
   1.0000999999999999E+01   3.6673942841290344E-02   4.6559620340323841E+02
   1.0999000000000001E+01   3.2543034777155810E-02   5.2469748650234817E+02
   1.1000999999999999E+01   3.2539417200851649E-02   5.2475581985178428E+02
   1.2000000000000000E+01   3.2747496502277582E-02   5.2142149399251264E+02
   1.3000000000000000E+01   3.6452448395193848E-02   4.6842528561081457E+02
   1.4000000000000000E+01   4.3217883983911257E-02   3.9509682049886499E+02
   1.5000000000000000E+01   5.2622676109022479E-02   3.2448461031050647E+02
   1.6000000000000000E+01   6.3414302942527340E-02   2.6926494116331344E+02
   1.7000000000000000E+01   7.3205212147604962E-02   2.3325181431484731E+02
   1.8000000000000000E+01   8.0214490960714216E-02   2.1286987358798945E+02
   1.9000000000000000E+01   8.5433949257998867E-02   1.9986490966450862E+02
   2.0000000000000000E+01   9.1621168215395440E-02   1.8636794185585313E+02
   2.1000000000000000E+01   1.0101791368793957E-01   1.6903188679465626E+02
   2.2000000000000000E+01   1.1457218085875753E-01   1.4903485665322378E+02
   2.3000000000000000E+01   1.3185631243451390E-01   1.2949890858818409E+02
   2.4000000000000000E+01   1.5073776310654516E-01   1.1327784225285970E+02
   2.5000000000000000E+01   1.6741961761002286E-01   1.0199072721875528E+02
   2.6000000000000000E+01   1.7818309797248252E-01   9.5829788262908920E+01
   2.7000000000000000E+01   1.8220885286724492E-01   9.3712507828436685E+01
   2.8000000000000000E+01   1.8224122799658160E-01   9.3695859814182370E+01
   2.9000000000000000E+01   1.8232706291392678E-01   9.3651750200095449E+01
   3.0000000000000000E+01   1.8556575342221368E-01   9.2017240443505870E+01
   3.1000000000000000E+01   1.9342755121195293E-01   8.8277230641365762E+01
   3.2000000000000000E+01   2.0581737966942876E-01   8.2963103398543780E+01
   3.3000000000000000E+01   2.2103676726618640E-01   7.7250716077335085E+01
   3.4000000000000000E+01   2.3578758689518559E-01   7.2417928253036493E+01
   3.5000000000000000E+01   2.4607625374989367E-01   6.9390070315712194E+01
   3.6000000000000000E+01   3.5870057774047759E-01   4.7603069552584387E+01
   3.7000000000000000E+01   3.6443955485953755E-01   4.6853444756602528E+01
   3.8000000000000000E+01   3.6828365651785261E-01   4.6364393989621512E+01
   3.9000000000000000E+01   3.7027240941065137E-01   4.6115368352479159E+01
   4.0000000000000000E+01   3.7015209023195400E-01   4.6130358307667635E+01
   4.1000000000000000E+01   3.6808018806146553E-01   4.6390023436634330E+01
   4.2000000000000000E+01   3.6409086749236214E-01   4.6898315984512749E+01
   4.3000000000000000E+01   3.5828175039315391E-01   4.7658717006922480E+01
   4.4000000000000000E+01   3.5062743922364875E-01   4.8699122317807706E+01
   4.5000000000000000E+01   3.4154714697283733E-01   4.9993825748719033E+01
   4.6000000000000000E+01   3.3111263916694722E-01   5.1569304613958892E+01
   4.7000000000000000E+01   3.1960798253750872E-01   5.3425600997710475E+01
   4.8000000000000000E+01   3.0726849582386384E-01   5.5571100789064424E+01
   4.9000000000000000E+01   2.9428773082651172E-01   5.8022291662571362E+01
   5.0000000000000000E+01   2.8084452028244766E-01   6.0799650046792578E+01
   5.1000000000000000E+01   2.6715816087527133E-01   6.3914381259362365E+01
   5.2000000000000000E+01   2.5339453529721767E-01   6.7386017345259020E+01
   5.3000000000000000E+01   2.3963704849805206E-01   7.1254627186208879E+01
   5.4000000000000000E+01   2.2604719187976574E-01   7.5538423674886729E+01
   5.5000000000000000E+01   2.1278074623461171E-01   8.0248090360135393E+01
   5.6000000000000000E+01   1.9999144551433945E-01   8.5379894659083590E+01
   5.7000000000000000E+01   1.8758429439408472E-01   9.1027069221796253E+01
   5.8000000000000000E+01   1.7557212330360908E-01   9.7254895762721347E+01
   5.9000000000000000E+01   1.6421544152011078E-01   1.0398077301787131E+02
   6.0000000000000000E+01   1.5328339228138954E-01   1.1139659878733842E+02
   6.1000000000000000E+01   1.4294272512877193E-01   1.1945517713720432E+02
   6.2000000000000000E+01   1.3314543432965395E-01   1.2824509256889468E+02
   6.2999000000000002E+01   1.2383613168701534E-01   1.3788583604895146E+02
   6.3000999999999998E+01   1.2381793646496210E-01   1.3790609856887815E+02
   6.4000000000000000E+01   1.1508876750123083E-01   1.4836589983075061E+02
   6.5000000000000000E+01   1.0681453517424938E-01   1.5985884807603060E+02
   6.6000000000000000E+01   9.9098833446237655E-02   1.7230524272513958E+02
   6.7000000000000000E+01   9.1836265170390091E-02   1.8593143481010779E+02
   6.8000000000000000E+01   8.5035310808195985E-02   2.0080185970327975E+02
   6.8998999999999995E+01   7.8691071827570402E-02   2.1699092608813126E+02
   6.9001000000000005E+01   7.8678837976233276E-02   2.1702466622460952E+02
   7.0000000000000000E+01   7.2724057522486646E-02   2.3479504764227994E+02
   7.1000000000000000E+01   6.7203568243950879E-02   2.5408246908480390E+02
   7.2000000000000000E+01   6.2036297743789527E-02   2.7524609255782946E+02
   7.3000000000000000E+01   5.7228019491478987E-02   2.9837217332454759E+02
   7.4000000000000000E+01   5.2747474681251516E-02   3.2371689173588737E+02
   7.5000000000000000E+01   4.8589378946202279E-02   3.5141936203049062E+02
   7.6000000000000000E+01   4.4725484284150852E-02   3.8177895273865215E+02
   7.7000000000000000E+01   4.1146305791626599E-02   4.1498861737927939E+02
   7.8000000000000000E+01   3.7839612595922993E-02   4.5125326025594467E+02
   7.9000000000000000E+01   3.4783294986558341E-02   4.9090370987943254E+02
   8.0000000000000000E+01   3.1950002007263105E-02   5.3443654078176553E+02
   8.1000000000000000E+01   2.9316592133395988E-02   5.8244315959496851E+02
   8.2000000000000000E+01   2.6909081413030323E-02   6.3455337953170419E+02
   8.3000000000000000E+01   2.4662596381780439E-02   6.9235405252573264E+02
   8.4000000000000000E+01   2.2617562895118570E-02   7.5495528098729949E+02
   8.5000000000000000E+01   2.0712718240776803E-02   8.2438472595626695E+02
   8.6000000000000000E+01   1.8982716448330075E-02   8.9951554600786778E+02
   8.7000000000000000E+01   1.7375367446623706E-02   9.8272733530306630E+02
   8.8000000000000000E+01   1.5903712502900999E-02   1.0736643125067469E+03
   8.9000000000000000E+01   1.4564600896638136E-02   1.1723801202594943E+03
   9.0000000000000000E+01   1.3325255616125771E-02   1.2814199624109478E+03
   9.1000000000000000E+01   1.2200835683617102E-02   1.3995146720695750E+03
   9.2000000000000000E+01   1.1167063250914372E-02   1.5290724308679828E+03
   9.3000000000000000E+01   1.0214729262254533E-02   1.6716300659899639E+03
   9.4000000000000000E+01   9.3603854528727746E-03   1.8242035690412335E+03
   9.5000000000000000E+01   8.5764547027812939E-03   1.9909448766976818E+03
   9.6000000000000000E+01   7.8630033407130363E-03   2.1715937041918810E+03
   9.7000000000000000E+01   7.2168150494398729E-03   2.3660366011537790E+03
   9.8000000000000000E+01   6.6327491449000879E-03   2.5743847954601592E+03
   9.9000000000000000E+01   6.0980507442983988E-03   2.8001158512328388E+03
   1.0000000000000000E+02   5.6166477524991973E-03   3.0401138371432166E+03
   1.0099900000000000E+02   5.1843064437853909E-03   3.2936418276741442E+03
   1.0100100000000000E+02   5.1834571145383899E-03   3.2941815034680353E+03
   1.1000000000000000E+02   2.8833367133283311E-03   5.9220445783529849E+03
   1.2000000000000000E+02   2.3178991755653218E-03   7.3666916709470788E+03
   1.3000000000000000E+02   2.6416534474746687E-03   6.4638488318956133E+03
   1.4000000000000000E+02   3.2663396920857468E-03   5.2276401600559266E+03
   1.5000000000000000E+02   3.9394246730535265E-03   4.3344523548147436E+03
   1.6000000000000000E+02   4.5458155647162589E-03   3.7562563433648593E+03
   1.7000000000000000E+02   5.0449295280302177E-03   3.3846356932956314E+03
   1.8000000000000000E+02   5.4271406982884024E-03   3.1462697394444381E+03
   1.9000000000000000E+02   5.7066187202765234E-03   2.9921831802186271E+03
   2.0000000000000000E+02   5.8909271357949419E-03   2.8985672640522257E+03
   2.1000000000000000E+02   6.0007076770332412E-03   2.8455391380061674E+03
   2.2000000000000000E+02   6.0468946949702104E-03   2.8238045165455419E+03
   2.3000000000000000E+02   6.0461905139995182E-03   2.8241333962592894E+03
   2.4000000000000000E+02   6.0050096781563179E-03   2.8435005879915034E+03
   2.5000000000000000E+02   5.9329165342453362E-03   2.8780530540371274E+03
   2.6000000000000000E+02   5.8355213090407077E-03   2.9260879442387181E+03
   2.7000000000000000E+02   5.7168328234051009E-03   2.9868371313614307E+03
   2.8000000000000000E+02   5.5854395709265476E-03   3.0571002217287637E+03
   2.9000000000000000E+02   5.4401801106021223E-03   3.1387285353760576E+03
   3.0000000000000000E+02   5.2888284531314575E-03   3.2285502738554678E+03
   3.1000000000000000E+02   5.1324627020581104E-03   3.3269113760700116E+03
   3.2000000000000000E+02   4.9705402826610559E-03   3.4352902460717323E+03
   3.3000000000000000E+02   4.8140519576733935E-03   3.5469597546646623E+03
   3.4000000000000000E+02   4.6560072378401072E-03   3.6673586784743188E+03
   3.5000000000000000E+02   4.4979741960842930E-03   3.7962086500178234E+03
   3.6000000000000000E+02   4.3443944324822849E-03   3.9304093622493119E+03
   3.7000000000000000E+02   4.1956435057183472E-03   4.0697567673373292E+03
   3.7299900000000002E+02   4.1513738834931492E-03   4.1131560369995614E+03
   3.7300099999999998E+02   4.1513449178432410E-03   4.1131847361898581E+03
   3.7899900000000002E+02   4.0645287990564013E-03   4.2010401192621039E+03
   3.7900099999999998E+02   4.0644998529089970E-03   4.2010700378082829E+03
   3.8000000000000000E+02   4.0500412522801879E-03   4.2160678094621207E+03
   3.9000000000000000E+02   3.9089818683735100E-03   4.3682086859709598E+03
   4.0000000000000000E+02   3.7726704124567949E-03   4.5260377090859129E+03
   4.1000000000000000E+02   3.6385716912537697E-03   4.6928437858670895E+03
   4.2000000000000000E+02   3.5099809220796078E-03   4.8647696183531807E+03
   4.3000000000000000E+02   3.3859279091086221E-03   5.0430041657996726E+03
   4.4000000000000000E+02   3.2653745144738109E-03   5.2291853430734873E+03
   4.5000000000000000E+02   3.1495704418916378E-03   5.4214531364717577E+03
   4.6000000000000000E+02   3.0387185879512226E-03   5.6192266761512465E+03
   4.7000000000000000E+02   2.9306554004817431E-03   5.8264265897400683E+03
   4.8000000000000000E+02   2.8282219298356647E-03   6.0374500213723768E+03
   4.9000000000000000E+02   2.7287125647861071E-03   6.2576208176292912E+03
   5.0000000000000000E+02   2.6336940676337938E-03   6.4833834576971885E+03
   5.1000000000000000E+02   2.5422488805820873E-03   6.7165920225806194E+03
   5.2000000000000000E+02   2.4555252085242769E-03   6.9538070680178644E+03
   5.3000000000000000E+02   2.3722086739995955E-03   7.1980381565433354E+03
   5.4000000000000000E+02   2.2911675348052519E-03   7.4526407568809873E+03
   5.5000000000000000E+02   2.2131250571483644E-03   7.7154467595852002E+03
   5.6000000000000000E+02   2.1399898542421619E-03   7.9791259369213431E+03
   5.7000000000000000E+02   2.0690221206396964E-03   8.2528110165650942E+03
   5.7699900000000002E+02   2.0207942375091562E-03   8.4497710028009660E+03
   5.7700099999999998E+02   2.0207804561452095E-03   8.4498286287390547E+03
   5.8000000000000000E+02   2.0001153009075348E-03   8.5371321058263056E+03
   5.9000000000000000E+02   1.9345695002478810E-03   8.8263815533865636E+03
   6.0000000000000000E+02   1.8710568997077641E-03   9.1259910660114620E+03
   6.0799900000000002E+02   1.8230415155382528E-03   9.3663520030648851E+03
   6.0800099999999998E+02   1.8230295136905364E-03   9.3664136660986187E+03
   6.1000000000000000E+02   1.8110336668975468E-03   9.4284545134842774E+03
   6.2000000000000000E+02   1.7530449327046445E-03   9.7403370741832659E+03
   6.3000000000000000E+02   1.6964485407557376E-03   1.0065291189513735E+04
   6.4000000000000000E+02   1.6428022996534579E-03   1.0393976532863455E+04
   6.5000000000000000E+02   1.5906875688129077E-03   1.0734508074061967E+04
   6.6000000000000000E+02   1.5415457425838957E-03   1.1076705724029380E+04
   6.7000000000000000E+02   1.4937690695676666E-03   1.1430982806247390E+04
   6.8000000000000000E+02   1.4476025734599422E-03   1.1795536194661692E+04
   6.9000000000000000E+02   1.4029309219591721E-03   1.2171125665180169E+04
   7.0000000000000000E+02   1.3602135542432618E-03   1.2553358623331585E+04
   7.1000000000000000E+02   1.3195526129022143E-03   1.2940180166955968E+04
   7.2000000000000000E+02   1.2801383748098556E-03   1.3338595957072546E+04
   7.2399900000000002E+02   1.2652361166257536E-03   1.3495701178899304E+04
   7.2400099999999998E+02   1.2652286636334136E-03   1.3495780677064653E+04
   7.3000000000000000E+02   1.2428734131091754E-03   1.3738525879330440E+04
   7.4000000000000000E+02   1.2062167353147674E-03   1.4156036847122918E+04
   7.5000000000000000E+02   1.1704314009451022E-03   1.4588850347781343E+04
   7.6000000000000000E+02   1.1362046790175490E-03   1.5028320923213189E+04
   7.7000000000000000E+02   1.1037065190634711E-03   1.5470823317434993E+04
   7.8000000000000000E+02   1.0723454211878686E-03   1.5923272681872790E+04
   7.9000000000000000E+02   1.0422136342887523E-03   1.6383635743150664E+04
   8.0000000000000000E+02   1.0133197944389974E-03   1.6850799367030526E+04
   8.1000000000000000E+02   9.8511161884020531E-04   1.7333313529318883E+04
   8.2000000000000000E+02   9.5751948645041163E-04   1.7832794833274089E+04
   8.3000000000000000E+02   9.3089260915736529E-04   1.8342876914866156E+04
   8.4000000000000000E+02   9.0545686988227386E-04   1.8858157819214797E+04
   8.5000000000000000E+02   8.8110847108080633E-04   1.9379280884437427E+04
   8.6000000000000000E+02   8.5737547726374497E-04   1.9915718379567657E+04
   8.7000000000000000E+02   8.3477844224209786E-04   2.0454826917751296E+04
   8.8000000000000000E+02   8.1284158237569380E-04   2.1006859049737948E+04
   8.9000000000000000E+02   7.9154105471416082E-04   2.1572157816751936E+04
   9.0000000000000000E+02   7.7072113769232665E-04   2.2154898465427363E+04
   9.1000000000000000E+02   7.5049762833001913E-04   2.2751902079594041E+04
   9.2000000000000000E+02   7.3099630901156409E-04   2.3358871091730827E+04
   9.3000000000000000E+02   7.1251608129711092E-04   2.3964720234310022E+04
   9.4000000000000000E+02   6.9465552322153649E-04   2.4580886468078355E+04
   9.5000000000000000E+02   6.7703783026200033E-04   2.5220523562360424E+04
   9.6000000000000000E+02   6.6033999144416550E-04   2.5858268122438778E+04
   9.7000000000000000E+02   6.4429120249543162E-04   2.6502377317270959E+04
   9.8000000000000000E+02   6.2841959355766912E-04   2.7171731635648292E+04
   9.9000000000000000E+02   6.1302769057130081E-04   2.7853959638950677E+04
   1.0000000000000000E+03   5.9794530596064116E-04   2.8556539169246545E+04
   1.1000000000000000E+03   4.7215328680266447E-04   3.6164629216843139E+04
   1.2000000000000000E+03   3.7821041326973459E-04   4.5147483918044105E+04
   1.3000000000000000E+03   3.0678238926054976E-04   5.5659154985686546E+04
   1.4000000000000000E+03   2.5180155012920002E-04   6.7812324991529254E+04
   1.5000000000000000E+03   2.0913724962581638E-04   8.1646137076407031E+04
   1.6000000000000000E+03   1.7496441781560311E-04   9.7592692067983488E+04
   1.7000000000000000E+03   1.4771080999199259E-04   1.1559918026079344E+05
   1.8000000000000000E+03   1.2570733735482070E-04   1.3583334839505568E+05
   1.9000000000000000E+03   1.0753833978670011E-04   1.5878289161428876E+05
   2.0000000000000000E+03   9.2749271045634575E-05   1.8410116174746840E+05
   2.1000000000000000E+03   8.0296764467478827E-05   2.1265176329300096E+05
   2.2000000000000000E+03   6.9983362541892243E-05   2.4399011322885301E+05
   2.3000000000000000E+03   6.1248184898318546E-05   2.7878782986107602E+05
   2.4000000000000000E+03   5.3837293871073797E-05   3.1716394571433886E+05
   2.5000000000000000E+03   4.7545130558848908E-05   3.5913769401889213E+05
   2.6000000000000000E+03   4.2124960488886293E-05   4.0534752680034138E+05
   2.7000000000000000E+03   3.7476578436227375E-05   4.5562453306105651E+05
   2.8000000000000000E+03   3.3472260783247353E-05   5.1013131922293728E+05
   2.9000000000000000E+03   2.9959415189862666E-05   5.6994599001751840E+05
   3.0000000000000000E+03   2.6925084160385533E-05   6.3417623688822903E+05
   3.1000000000000000E+03   2.4262339127039529E-05   7.0377585859816743E+05
   3.2000000000000000E+03   2.1917093057629951E-05   7.7908363603848405E+05
   3.3000000000000000E+03   1.9855086255038094E-05   8.5999367272451054E+05
   3.3569989999999998E+03   1.8795376243796933E-05   9.0848133760384447E+05
   3.3570010000000002E+03   1.8795339890726091E-05   9.0848309474612633E+05
   3.4000000000000000E+03   1.8040007873884853E-05   9.4652112516262790E+05
   3.5000000000000000E+03   1.6413837151400790E-05   1.0402959645103413E+06
   3.5299989999999998E+03   1.5964107784326899E-05   1.0696024344997311E+06
   3.5300010000000002E+03   1.5964078479523971E-05   1.0696043979383719E+06
   3.6000000000000000E+03   1.4966819541753788E-05   1.1408735505293135E+06
   3.7000000000000000E+03   1.3687249895806940E-05   1.2475295388566789E+06
   3.8000000000000000E+03   1.2544098483055280E-05   1.3612176732985324E+06
   3.8119989999999998E+03   1.2415923874168214E-05   1.3752700744451114E+06
   3.8120010000000002E+03   1.2415902612175112E-05   1.3752724295685168E+06
   3.9000000000000000E+03   1.1507373848496119E-05   1.4838527691497307E+06
   4.0000000000000000E+03   1.0582429697869839E-05   1.6135470811744938E+06
   4.1000000000000000E+03   9.7462697017823724E-06   1.7519778410820586E+06
   4.2000000000000000E+03   8.9992632065927123E-06   1.8974051718170787E+06
   4.3000000000000000E+03   8.3205481680630536E-06   2.0521783187641969E+06
   4.4000000000000000E+03   7.6996683286410003E-06   2.2176602707958403E+06
   4.5000000000000000E+03   7.1379397387326833E-06   2.3921816624587825E+06
   4.6000000000000000E+03   6.6254347183935265E-06   2.5772268955164356E+06
   4.7000000000000000E+03   6.1624686327033681E-06   2.7708455115075437E+06
   4.8000000000000000E+03   5.7404683874875066E-06   2.9745392532691341E+06
   4.9000000000000000E+03   5.3490511642358881E-06   3.1922013879579999E+06
   5.0000000000000000E+03   4.9933335083007553E-06   3.4196090692413836E+06
   5.1000000000000000E+03   4.6641442326341036E-06   3.6609606605344638E+06
   5.2000000000000000E+03   4.3648685239015681E-06   3.9119731687746989E+06
   5.3000000000000000E+03   4.0899739258057519E-06   4.1749040117335762E+06
   5.4000000000000000E+03   3.8355225111812574E-06   4.4518702473925399E+06
   5.5000000000000000E+03   3.5982151762966408E-06   4.7454773308766838E+06
   5.6000000000000000E+03   3.3801572535380490E-06   5.0516136587607879E+06
   5.7000000000000000E+03   3.1791054825870645E-06   5.3710858743940797E+06
   5.8000000000000000E+03   2.9932111296680210E-06   5.7046589134612717E+06
   5.9000000000000000E+03   2.8210534220761900E-06   6.0527916334761977E+06
   6.0000000000000000E+03   2.6612363497248261E-06   6.4162841276753759E+06
   6.1000000000000000E+03   2.5115055762384227E-06   6.7988097308174828E+06
   6.2000000000000000E+03   2.3724719072896264E-06   7.1972395113581624E+06
   6.3000000000000000E+03   2.2425901632106888E-06   7.6140744888873203E+06
   6.4000000000000000E+03   2.1216236735470401E-06   8.0481985394633505E+06
   6.5000000000000000E+03   2.0106460739139549E-06   8.4924188161535636E+06
   6.6000000000000000E+03   1.9057836299524024E-06   8.9596994550523125E+06
   6.7000000000000000E+03   1.8069676727458653E-06   9.4496701896081157E+06
   6.8000000000000000E+03   1.7150386251750391E-06   9.9561889161472600E+06
   6.9000000000000000E+03   1.6287917691318905E-06   1.0483383373083279E+07
   7.0000000000000000E+03   1.5483528820993020E-06   1.1028008374667820E+07
   7.1000000000000000E+03   1.4724188595163881E-06   1.1596733117328092E+07
   7.2000000000000000E+03   1.4011933728954635E-06   1.2186218462800326E+07
   7.3000000000000000E+03   1.3343181238419114E-06   1.2796984651281867E+07
   7.4000000000000000E+03   1.2722911055480834E-06   1.3420866086599264E+07
   7.5000000000000000E+03   1.2131686346270274E-06   1.4074917586359885E+07
   7.6000000000000000E+03   1.1572669961759567E-06   1.4754804731453650E+07
   7.7000000000000000E+03   1.1048055194255877E-06   1.5455433784952441E+07
   7.8000000000000000E+03   1.0552080028570678E-06   1.6181879311471701E+07
   7.9000000000000000E+03   1.0086929246309389E-06   1.6928093906259589E+07
   8.0000000000000000E+03   9.6435856972456658E-07   1.7706327383609056E+07
   8.1000000000000000E+03   9.2277206246439710E-07   1.8504297263974618E+07
   8.2000000000000000E+03   8.8280259681471169E-07   1.9342091439629082E+07
   8.3000000000000000E+03   8.4558736667020785E-07   2.0193358159987468E+07
   8.4000000000000000E+03   8.1036855047255222E-07   2.1070966464301985E+07
   8.5000000000000000E+03   7.7715231471777167E-07   2.1971559792539708E+07
   8.6000000000000000E+03   7.4543254264098348E-07   2.2906497334066577E+07
   8.7000000000000000E+03   7.1547665823807195E-07   2.3865556414910238E+07
   8.8000000000000000E+03   6.8686933773602376E-07   2.4859529480546534E+07
   8.9000000000000000E+03   6.5974946662549168E-07   2.5881413194722541E+07
   9.0000000000000000E+03   6.3369819175251653E-07   2.6945395730907653E+07
   9.1000000000000000E+03   6.0911519103568059E-07   2.8032872602797929E+07
   9.2000000000000000E+03   5.8570615249534533E-07   2.9153268201101672E+07
   9.3000000000000000E+03   5.6353096155062802E-07   3.0300462114357326E+07
   9.4000000000000000E+03   5.4225509815490564E-07   3.1489327825285442E+07
   9.5000000000000000E+03   5.2199747567111499E-07   3.2711362308369543E+07
   9.6000000000000000E+03   5.0301723620998290E-07   3.3945652994690128E+07
   9.7000000000000000E+03   4.8465636666719102E-07   3.5231660461106807E+07
   9.8000000000000000E+03   4.6728619551431598E-07   3.6541307478468053E+07
   9.9000000000000000E+03   4.5069606447661231E-07   3.7886393728690378E+07
   1.0000000000000000E+04   4.3474073512974481E-07   3.9276854389171027E+07
   1.1000000000000000E+04   3.0885039852685775E-07   5.5286470835644037E+07
   1.2000000000000000E+04   2.2612379284461706E-07   7.5512834522749960E+07
   1.3000000000000000E+04   1.6990752831692444E-07   1.0049730415053833E+08
   1.4000000000000000E+04   1.3035546682842647E-07   1.3098989222451679E+08
   1.5000000000000000E+04   1.0205723351824181E-07   1.6731051746253842E+08
   1.6000000000000000E+04   8.1210594833645494E-08   2.1025887799134669E+08
   1.7000000000000000E+04   6.5634745148022296E-08   2.6015563117101046E+08
   1.8000000000000000E+04   5.3730496944689438E-08   3.1779435370399690E+08
   1.9000000000000000E+04   4.4493541082812668E-08   3.8376915244734538E+08
   2.0000000000000000E+04   3.7281843150584249E-08   4.5800440932504082E+08
   2.1000000000000000E+04   3.1499538708469212E-08   5.4207932086767900E+08
   2.2000000000000000E+04   2.6865256195195115E-08   6.3558852469778752E+08
   2.3000000000000000E+04   2.3106220584428434E-08   7.3898924700127637E+08
   2.4000000000000000E+04   2.0012069723922875E-08   8.5324750444578075E+08
   2.5000000000000000E+04   1.7434295935775633E-08   9.7940568484290206E+08
   2.5519999000000000E+04   1.6279581632696378E-08   1.0488751453193207E+09
   2.5520001000000000E+04   1.6279577393731197E-08   1.0488754184311535E+09
   2.6000000000000000E+04   1.5296195244096700E-08   1.1163069167361767E+09
   2.7000000000000000E+04   1.3495486270590163E-08   1.2652562648256061E+09
   2.8000000000000000E+04   1.1969082477298651E-08   1.4266129908552470E+09
   2.9000000000000000E+04   1.0661700563329418E-08   1.6015501888565447E+09
   3.0000000000000000E+04   9.5424515502407422E-09   1.7893985063305221E+09
   3.1000000000000000E+04   8.5759164495193493E-09   1.9910698350715821E+09
   3.2000000000000000E+04   7.7387798043371511E-09   2.2064523067528605E+09
   3.3000000000000000E+04   7.0117933372366533E-09   2.4352184568893056E+09
   3.4000000000000000E+04   6.3664651922814304E-09   2.6820610864933081E+09
   3.5000000000000000E+04   5.8048277972527556E-09   2.9415598786260881E+09
   3.6000000000000000E+04   5.3053435540199833E-09   3.2185000607159252E+09
   3.7000000000000000E+04   4.8661698174983498E-09   3.5089709548012395E+09
   3.8000000000000000E+04   4.4738788056159528E-09   3.8166542485008779E+09
   3.9000000000000000E+04   4.1229286100903299E-09   4.1415338866025271E+09
   4.0000000000000000E+04   3.8056281141338548E-09   4.4868410781694088E+09
   4.1000000000000000E+04   3.5244879307240893E-09   4.8447459280202808E+09
   4.2000000000000000E+04   3.2683582434218511E-09   5.2244115482441730E+09
   4.3000000000000000E+04   3.0378066069427048E-09   5.6209136262024755E+09
   4.4000000000000000E+04   2.8307860840608768E-09   6.0319812390193138E+09
   4.5000000000000000E+04   2.6413533742604757E-09   6.4645831629828300E+09
   4.6000000000000000E+04   2.4685397280813439E-09   6.9171455320282736E+09
   4.7000000000000000E+04   2.3100990579610929E-09   7.3915655226503029E+09
   4.8000000000000000E+04   2.1648623865182512E-09   7.8874521803643532E+09
   4.9000000000000000E+04   2.0335172507099370E-09   8.3969037119163284E+09
   5.0000000000000000E+04   1.9113955186064585E-09   8.9333936302106724E+09
   5.1000000000000000E+04   1.7993100287499766E-09   9.4898868332294788E+09
   5.2000000000000000E+04   1.6969708872199955E-09   1.0062192981227333E+10
   5.3000000000000000E+04   1.6019261390364593E-09   1.0659198407863379E+10
   5.4000000000000000E+04   1.5138292505976524E-09   1.1279507608926788E+10
   5.5000000000000000E+04   1.4313205891800848E-09   1.1929716291242281E+10
   5.6000000000000000E+04   1.3553883905362305E-09   1.2598048404396250E+10
   5.7000000000000000E+04   1.2847953441405937E-09   1.3290247842666243E+10
   5.8000000000000000E+04   1.2191489565648391E-09   1.4005875540298697E+10
   5.9000000000000000E+04   1.1588230061970902E-09   1.4734992711931053E+10
   6.0000000000000000E+04   1.1015731088918947E-09   1.5500785570109514E+10
   6.1000000000000000E+04   1.0481973677915810E-09   1.6290108213787584E+10
   6.2000000000000000E+04   9.9867134133771028E-10   1.7097965911247669E+10
   6.3000000000000000E+04   9.5197991377184006E-10   1.7936563895637573E+10
   6.4000000000000000E+04   9.0872921318969666E-10   1.8790249397614239E+10
   6.5000000000000000E+04   8.6768941883797629E-10   1.9678986720386204E+10
   6.6000000000000000E+04   8.2871610311544798E-10   2.0604460908313515E+10
   6.7000000000000000E+04   7.9247163841585774E-10   2.1546826060381660E+10
   6.8000000000000000E+04   7.5808256337661450E-10   2.2524259725321232E+10
   6.9000000000000000E+04   7.2568664446658757E-10   2.3529782008435936E+10
   7.0000000000000000E+04   6.9525083885862525E-10   2.4559838832793266E+10
   7.1000000000000000E+04   6.6657359314007322E-10   2.5616449145989468E+10
   7.2000000000000000E+04   6.3988917931625418E-10   2.6684696511007904E+10
   7.3000000000000000E+04   6.1400632321812940E-10   2.7809564665779629E+10
   7.4000000000000000E+04   5.8985703375027877E-10   2.8948113820341621E+10
   7.5000000000000000E+04   5.6693006031186817E-10   3.0118791974690964E+10
   7.6000000000000000E+04   5.4538614982351536E-10   3.1308548184176727E+10
   7.7000000000000000E+04   5.2463599590344781E-10   3.2546849023059841E+10
   7.8000000000000000E+04   5.0527874419032184E-10   3.3793720292141315E+10
   7.9000000000000000E+04   4.8666349159699769E-10   3.5086356066487190E+10
   8.0000000000000000E+04   4.6883776485063049E-10   3.6420377859646721E+10
   8.1000000000000000E+04   4.5186527898723291E-10   3.7788361586451088E+10
   8.2000000000000000E+04   4.3565212811000957E-10   3.9194686422879974E+10
   8.3000000000000000E+04   4.2040032077243190E-10   4.0616640157073547E+10
   8.4000000000000000E+04   4.0570500308298393E-10   4.2087843188957527E+10
   8.5000000000000000E+04   3.9174993196403326E-10   4.3587112996103455E+10
   8.6000000000000000E+04   3.7849934040995096E-10   4.5113020625711082E+10
   8.7000000000000000E+04   3.6597090617113139E-10   4.6657393423365776E+10
   8.8000000000000000E+04   3.5385822698836177E-10   4.8254490777442780E+10
   8.9000000000000000E+04   3.4221792389965953E-10   4.9895833497425842E+10
   9.0000000000000000E+04   3.3112895841366967E-10   5.1566763089927490E+10
   9.1000000000000000E+04   3.2058112371594116E-10   5.3263424723228882E+10
   9.2000000000000000E+04   3.1050073953182208E-10   5.4992617977266296E+10
   9.3000000000000000E+04   3.0083021804834027E-10   5.6760416761019478E+10
   9.4000000000000000E+04   2.9154917422635890E-10   5.8567302054763939E+10
   9.5000000000000000E+04   2.8267651601725450E-10   6.0405614132055771E+10
   9.6000000000000000E+04   2.7408602219170120E-10   6.2298866663070442E+10
   9.7000000000000000E+04   2.6578152030234308E-10   6.4245431854359169E+10
   9.8000000000000000E+04   2.5792671711949357E-10   6.6201938059877113E+10
   9.9000000000000000E+04   2.5032586278557224E-10   6.8212083085313164E+10
   1.0000000000000000E+05   2.4300369237101054E-10   7.0267444844674194E+10
   1.1000000000000000E+05   1.8381111394153507E-10   9.2895626301265411E+10
   1.2000000000000000E+05   1.4266618910216288E-10   1.1968672225838049E+11
   1.3000000000000000E+05   1.1303881245863435E-10   1.5105651040858829E+11
   1.4000000000000000E+05   9.1169008162129070E-11   1.8729224870327249E+11
   1.5000000000000000E+05   7.4645650849628309E-11   2.2875074912441711E+11
   1.6000000000000000E+05   6.1983712200270688E-11   2.7547960495753577E+11
   1.7000000000000000E+05   5.2076360844356205E-11   3.2788866721632092E+11
   1.8000000000000000E+05   4.4188251349063216E-11   3.8642055364098834E+11
   1.9000000000000000E+05   3.7844147715122117E-11   4.5119918353740790E+11
   2.0000000000000000E+05   3.2679090864661292E-11   5.2251296161966040E+11
   2.1000000000000000E+05   2.8420426878176337E-11   6.0080901050237256E+11
   2.2000000000000000E+05   2.4890925791979526E-11   6.8600295117324341E+11
   2.3000000000000000E+05   2.1932726916314192E-11   7.7852829772986853E+11
   2.4000000000000000E+05   1.9439602093429529E-11   8.7837438588845862E+11
   2.5000000000000000E+05   1.7335654326630276E-11   9.8497860126928723E+11
   2.6000000000000000E+05   1.5525545995596121E-11   1.0998162998953865E+12
   2.7000000000000000E+05   1.3969280903113787E-11   1.2223427010424026E+12
   2.8000000000000000E+05   1.2618890258709074E-11   1.3531497778853792E+12
   2.9000000000000000E+05   1.1450189939450190E-11   1.4912633450648306E+12
   3.0000000000000000E+05   1.0433285119655010E-11   1.6366128553857419E+12
   3.1000000000000000E+05   9.5282619967556974E-12   1.7920632909282043E+12
   3.2000000000000000E+05   8.7334200604207117E-12   1.9551617158684565E+12
   3.3000000000000000E+05   8.0220299964158126E-12   2.1285445901300869E+12
   3.4000000000000000E+05   7.3992245855700490E-12   2.3077078352280684E+12
   3.5000000000000000E+05   6.8436686529327758E-12   2.4950431437697900E+12
   3.6000000000000000E+05   6.3422767574140158E-12   2.6922900409181099E+12
   3.7000000000000000E+05   5.8919351673563803E-12   2.8980713578342983E+12
   3.8000000000000000E+05   5.4815101792295880E-12   3.1150628188985757E+12
   3.9000000000000000E+05   5.1225780842773373E-12   3.3333310434331880E+12
   4.0000000000000000E+05   4.7903794833973725E-12   3.5644876590491465E+12
   4.1000000000000000E+05   4.4878870492998478E-12   3.8047411539459434E+12
   4.2000000000000000E+05   4.2125023172197890E-12   4.0534692363093247E+12
   4.3000000000000000E+05   3.9595023715098750E-12   4.3124733738247168E+12
   4.4000000000000000E+05   3.7333655046974049E-12   4.5736878773984746E+12
   4.5000000000000000E+05   3.5228650993116851E-12   4.8469776926934854E+12
   4.6000000000000000E+05   3.3283755667999351E-12   5.1302048726277441E+12
   4.7000000000000000E+05   3.1504981798541338E-12   5.4198566626446143E+12
   4.8000000000000000E+05   2.9852096330538672E-12   5.7199495679183477E+12
   4.9000000000000000E+05   2.8337517030855455E-12   6.0256685623301729E+12
   5.0000000000000000E+05   2.6930151018494197E-12   6.3405691780212393E+12
   5.1000000000000000E+05   2.5635631463136727E-12   6.6607481759463809E+12
   5.2000000000000000E+05   2.4413370533223395E-12   6.9942200432730029E+12
   5.3000000000000000E+05   2.3290208047483004E-12   7.3315139632586914E+12
   5.4000000000000000E+05   2.2225435359615519E-12   7.6827509897774834E+12
   5.5000000000000000E+05   2.1252042365286499E-12   8.0346388630502656E+12
   5.6000000000000000E+05   2.0340395205420367E-12   8.3947476822780195E+12
   5.7000000000000000E+05   1.9479489011441093E-12   8.7657579419579082E+12
   5.8000000000000000E+05   1.8678760235250619E-12   9.1415320587003906E+12
   5.9000000000000000E+05   1.7915859464686344E-12   9.5308006765675410E+12
   6.0000000000000000E+05   1.7190667513286805E-12   9.9328595224906543E+12
   6.1000000000000000E+05   1.6544357036400490E-12   1.0320889783243686E+13
   6.2000000000000000E+05   1.5916326177018124E-12   1.0728134345089900E+13
   6.3000000000000000E+05   1.5324602426358500E-12   1.1142376210271221E+13
   6.4000000000000000E+05   1.4776196661107835E-12   1.1555915870878748E+13
   6.5000000000000000E+05   1.4237127353167442E-12   1.1993464782018191E+13
   6.6000000000000000E+05   1.3742074911127295E-12   1.2425524283022145E+13
   6.7000000000000000E+05   1.3257340562230924E-12   1.2879844543918666E+13
   6.8000000000000000E+05   1.2820416143910570E-12   1.3318794303601873E+13
   6.9000000000000000E+05   1.2396623463578096E-12   1.3774112443521494E+13
   7.0000000000000000E+05   1.1993520148380519E-12   1.4237061629514854E+13
   7.1000000000000000E+05   1.1619065306798897E-12   1.4695888266279541E+13
   7.2000000000000000E+05   1.1245131675358178E-12   1.5184569681962645E+13
   7.3000000000000000E+05   1.0904933129184631E-12   1.5658279008638803E+13
   7.4000000000000000E+05   1.0565171109397503E-12   1.6161828685901805E+13
   7.5000000000000000E+05   1.0258923074729099E-12   1.6644289489599330E+13
   7.6000000000000000E+05   9.9582141640680321E-13   1.7146898298637059E+13
   7.7000000000000000E+05   9.6767173133481474E-13   1.7645703597415637E+13
   7.8000000000000000E+05   9.4060003451692183E-13   1.8153569980998090E+13
   7.9000000000000000E+05   9.1471643922093768E-13   1.8667258855952250E+13
   8.0000000000000000E+05   8.8916333252449431E-13   1.9203725486803938E+13
   8.1000000000000000E+05   8.6559099517468625E-13   1.9726693837990051E+13
   8.2000000000000000E+05   8.4203026675247459E-13   2.0278663635913746E+13
   8.3000000000000000E+05   8.2045384795918155E-13   2.0811954984677785E+13
   8.4000000000000000E+05   7.9945170394317489E-13   2.1358699301672723E+13
   8.5000000000000000E+05   7.8000930504566656E-13   2.1891083145133078E+13
   8.6000000000000000E+05   7.6082219098617282E-13   2.2443152622295797E+13
   8.7000000000000000E+05   7.4165920146290267E-13   2.3023038771785875E+13
   8.8000000000000000E+05   7.2425887213728405E-13   2.3576167593699188E+13
   8.9000000000000000E+05   7.0704780504383773E-13   2.4150062313924410E+13
   9.0000000000000000E+05   6.8986627544154515E-13   2.4751533969106168E+13
   9.1000000000000000E+05   6.7434959574048485E-13   2.5321062930248062E+13
   9.2000000000000000E+05   6.5915903940749893E-13   2.5904595901591000E+13
   9.3000000000000000E+05   6.4491542104202006E-13   2.6476725464469246E+13
   9.4000000000000000E+05   6.3100085979428377E-13   2.7060578897307621E+13
   9.5000000000000000E+05   6.1710114335216310E-13   2.7670097089720945E+13
   9.6000000000000000E+05   6.0390220994263406E-13   2.8274856871867008E+13
   9.7000000000000000E+05   5.9139387199319058E-13   2.8872887189687969E+13
   9.8000000000000000E+05   5.7889675978074808E-13   2.9496189540254559E+13
   9.9000000000000000E+05   5.6659692715461836E-13   3.0136500451003152E+13
   1.0000000000000000E+06   5.5542282464046349E-13   3.0742792325442000E+13
   1.1000000000000000E+06   4.5938644060444053E-13   3.7169683389577836E+13
   1.2000000000000000E+06   3.8764476101151032E-13   4.4048701976976141E+13
   1.3000000000000000E+06   3.3285983114418133E-13   5.1298615672660891E+13
   1.4000000000000000E+06   2.9018749069601779E-13   5.8842124826873117E+13
   1.5000000000000000E+06   2.5589842845914053E-13   6.6726664378318273E+13
   1.6000000000000000E+06   2.2812025916208731E-13   7.4851960161064016E+13
   1.7000000000000000E+06   2.0536319429638240E-13   8.3146586267493359E+13
   1.8000000000000000E+06   1.8611202920929155E-13   9.1747151558539266E+13
   1.9000000000000000E+06   1.6993641192925924E-13   1.0048022290737905E+14
   2.0000000000000000E+06   1.5599567148202680E-13   1.0945975864913342E+14
   2.1000000000000000E+06   1.4386204309460265E-13   1.1869182574797438E+14
   2.2000000000000000E+06   1.3345289231916728E-13   1.2794963266809403E+14
   2.3000000000000000E+06   1.2423331795222756E-13   1.3744500132644161E+14
   2.4000000000000000E+06   1.1629550331624462E-13   1.4682638678039944E+14
   2.5000000000000000E+06   1.0915162984264117E-13   1.5643603833812422E+14
   2.6000000000000000E+06   1.0268096453117096E-13   1.6629419706657128E+14
   2.7000000000000000E+06   9.7067842790195286E-14   1.7591045664462741E+14
   2.8000000000000000E+06   9.1985079655426197E-14   1.8563063286671719E+14
   2.9000000000000000E+06   8.7282070392819638E-14   1.9563294584882894E+14
   3.0000000000000000E+06   8.2974197496020106E-14   2.0578986077631159E+14
   3.1000000000000000E+06   7.9110275830352424E-14   2.1584109487052072E+14
   3.2000000000000000E+06   7.5579245686120653E-14   2.2592509882468766E+14
   3.3000000000000000E+06   7.2304007658914079E-14   2.3615908859827934E+14
   3.4000000000000000E+06   6.9271514029101303E-14   2.4649740647445300E+14
   3.5000000000000000E+06   6.6436794764015083E-14   2.5701493594601916E+14
   3.6000000000000000E+06   6.3847428018860134E-14   2.6743831475385722E+14
   3.7000000000000000E+06   6.1453351065713403E-14   2.7785707784223556E+14
   3.8000000000000000E+06   5.9247517661274391E-14   2.8820192346881988E+14
   3.9000000000000000E+06   5.7128566914511956E-14   2.9889159614810250E+14
   4.0000000000000000E+06   5.5138039173510479E-14   3.0968182413957662E+14
   4.1000000000000000E+06   5.3326836322323555E-14   3.2019991674593600E+14
   4.2000000000000000E+06   5.1592161286355234E-14   3.3096594763608225E+14
   4.3000000000000000E+06   4.9986372386360134E-14   3.4159807434618944E+14
   4.4000000000000000E+06   4.8487384526941453E-14   3.5215858139851806E+14
   4.5000000000000000E+06   4.7018078717661971E-14   3.6316346853020125E+14
   4.6000000000000000E+06   4.5664650847162377E-14   3.7392705810633000E+14
   4.7000000000000000E+06   4.4343641506965687E-14   3.8506644854707988E+14
   4.8000000000000000E+06   4.3138259696617883E-14   3.9582608734841681E+14
   4.9000000000000000E+06   4.1985737061095981E-14   4.0669164687724625E+14
   5.0000000000000000E+06   4.0890863098466943E-14   4.1758102560990775E+14
   5.1000000000000000E+06   3.9835029489208780E-14   4.2864907519041262E+14
   5.2000000000000000E+06   3.8869755397682992E-14   4.3929395428482694E+14
   5.3000000000000000E+06   3.7907515711271915E-14   4.5044493764213575E+14
   5.4000000000000000E+06   3.6989779869486160E-14   4.6162071282878812E+14
   5.5000000000000000E+06   3.6129311992184702E-14   4.7261482738519306E+14
   5.6000000000000000E+06   3.5269250781780235E-14   4.8413981505819431E+14
   5.7000000000000000E+06   3.4495552391050497E-14   4.9499855393422106E+14
   5.8000000000000000E+06   3.3747981112359925E-14   5.0596355657193631E+14
   5.9000000000000000E+06   3.3008345418837794E-14   5.1730095326096981E+14
   6.0000000000000000E+06   3.2326076302322649E-14   5.2821902636866850E+14
   6.1000000000000000E+06   3.1647118965190292E-14   5.3955143814240362E+14
   6.2000000000000000E+06   3.1028098051368334E-14   5.5031566944462275E+14
   6.3000000000000000E+06   3.0409294970669483E-14   5.6151412149481450E+14
   6.4000000000000000E+06   2.9790871722773224E-14   5.7317049026394275E+14
   6.5000000000000000E+06   2.9227317762454445E-14   5.8422222283657888E+14
   6.6000000000000000E+06   2.8676908887572312E-14   5.9543546404096725E+14
   6.7000000000000000E+06   2.8126607481396727E-14   6.0708525057726675E+14
   6.8000000000000000E+06   2.7605730298779182E-14   6.1854000477166450E+14
   6.9000000000000000E+06   2.7129363151087602E-14   6.2940100936529425E+14
   7.0000000000000000E+06   2.6652996003396020E-14   6.4065024992149088E+14
   7.1000000000000000E+06   2.6177074144611402E-14   6.5229782581515625E+14
   7.2000000000000000E+06   2.5744089242026699E-14   6.6326869792143062E+14
   7.3000000000000000E+06   2.5311154097410800E-14   6.7461359071251788E+14
   7.4000000000000000E+06   2.4888650241232632E-14   6.8606567191192500E+14
   7.5000000000000000E+06   2.4485480042363353E-14   6.9736221308259250E+14
   7.6000000000000000E+06   2.4091199076603629E-14   7.0877537047605612E+14
   7.7000000000000000E+06   2.3717608835505705E-14   7.1993971521995050E+14
   7.8000000000000000E+06   2.3344097370345897E-14   7.3145893284453638E+14
   7.9000000000000000E+06   2.2974225388817170E-14   7.4323500626243662E+14
   8.0000000000000000E+06   2.2633441768795966E-14   7.5442562934786538E+14
   8.1000000000000000E+06   2.2292785123528148E-14   7.6595402755264875E+14
   8.2000000000000000E+06   2.1952399847777769E-14   7.7783060937005838E+14
   8.3000000000000000E+06   2.1644284387408731E-14   7.8890335411899562E+14
   8.4000000000000000E+06   2.1345576145666180E-14   7.9994320294788425E+14
   8.5000000000000000E+06   2.1046932062647679E-14   8.1129394535538362E+14
   8.6000000000000000E+06   2.0748326296285811E-14   8.2296992571342125E+14
   8.7000000000000000E+06   2.0461160697210397E-14   8.3452003546700738E+14
   8.8000000000000000E+06   2.0190775173812945E-14   8.4569554183726612E+14
   8.9000000000000000E+06   1.9920410850594011E-14   8.5717351307656338E+14
   9.0000000000000000E+06   1.9650144459500029E-14   8.6896300360158350E+14
   9.1000000000000000E+06   1.9398579457555713E-14   8.8023190502649812E+14
   9.2000000000000000E+06   1.9147541169775463E-14   8.9177238995498625E+14
   9.3000000000000000E+06   1.8902648817755896E-14   9.0332570399830962E+14
   9.4000000000000000E+06   1.8670835729094972E-14   9.1454120203755038E+14
   9.5000000000000000E+06   1.8439022640434048E-14   9.2603869975671412E+14
   9.6000000000000000E+06   1.8207225274439600E-14   9.3782815851152350E+14
   9.7000000000000000E+06   1.7979107363248390E-14   9.4972726986636525E+14
   9.8000000000000000E+06   1.7768429287581188E-14   9.6098806902794088E+14
   9.9000000000000000E+06   1.7557767358503235E-14   9.7251821385266325E+14
   1.0000000000000000E+07   1.7347188666889417E-14   9.8432367795271000E+14
   1.1000000000000000E+07   1.5528032263022832E-14   1.0996402030535279E+15
   1.2000000000000000E+07   1.4053367024563510E-14   1.2150290048560448E+15
   1.3000000000000000E+07   1.2814052400131002E-14   1.3325408713450862E+15
   1.4000000000000000E+07   1.1785893277253802E-14   1.4487869649801218E+15
   1.5000000000000000E+07   1.0906536945876065E-14   1.5655976443731372E+15
   1.6000000000000000E+07   1.0146709663881182E-14   1.6828360243236490E+15
   1.7000000000000000E+07   9.4952317027920588E-15   1.7982971964455810E+15
   1.8000000000000000E+07   8.9086133281535910E-15   1.9167122785282222E+15
   1.9000000000000000E+07   8.3968647238329084E-15   2.0335266926793880E+15
   2.0000000000000000E+07   7.9347376126579292E-15   2.1519613356203212E+15
   2.1000000000000000E+07   7.5228487385965949E-15   2.2697849104855970E+15
   2.2000000000000000E+07   7.1529097064071312E-15   2.3871751848673855E+15
   2.3000000000000000E+07   6.8205232962119097E-15   2.5035100400896925E+15
   2.4000000000000000E+07   6.5134845455796213E-15   2.6215228471402885E+15
   2.5000000000000000E+07   6.2329527509049835E-15   2.7395119509373700E+15
   2.6000000000000000E+07   5.9742780541906872E-15   2.8581275253425205E+15
   2.7000000000000000E+07   5.7374555980035863E-15   2.9761012105564160E+15
   2.8000000000000000E+07   5.5183998327612363E-15   3.0942391034011450E+15
   2.9000000000000000E+07   5.3154235235216100E-15   3.2123966181004045E+15
   3.0000000000000000E+07   5.1264007117523753E-15   3.3308454627018935E+15
   3.1000000000000000E+07   4.9523345397804408E-15   3.4479190397119620E+15
   3.2000000000000000E+07   4.7894361302345085E-15   3.5651897397567115E+15
   3.3000000000000000E+07   4.6361597197064917E-15   3.6830587346143385E+15
   3.4000000000000000E+07   4.4945308587444994E-15   3.7991169907112290E+15
   3.5000000000000000E+07   4.3576234736297764E-15   3.9184772741525925E+15
   3.6000000000000000E+07   4.2301701961903176E-15   4.0365393728389680E+15
   3.7000000000000000E+07   4.1082953325313712E-15   4.1562855560851455E+15
   3.8000000000000000E+07   3.9938380393507720E-15   4.2753983467761915E+15
   3.9000000000000000E+07   3.8878364131886866E-15   4.3919668257666100E+15
   4.0000000000000000E+07   3.7840303728063885E-15   4.5124501836565520E+15
   4.1000000000000000E+07   3.6877761226567589E-15   4.6302291632689340E+15
   4.2000000000000000E+07   3.5951036109100502E-15   4.7495845457454840E+15
   4.3000000000000000E+07   3.5102714460167706E-15   4.8643669907944150E+15
   4.4000000000000000E+07   3.4254622757796090E-15   4.9848012256523720E+15
   4.5000000000000000E+07   3.3476791422072259E-15   5.1006227972833530E+15
   4.6000000000000000E+07   3.2718956054831152E-15   5.2187632521395480E+15
   4.7000000000000000E+07   3.1992217846260527E-15   5.3373131655916230E+15
   4.8000000000000000E+07   3.1305454903373141E-15   5.4544003923393910E+15
   4.9000000000000000E+07   3.0635090578521749E-15   5.5737548766066350E+15
   5.0000000000000000E+07   3.0005147250267986E-15   5.6907731224613980E+15
   5.1000000000000000E+07   2.9389841160480016E-15   5.8099152212135580E+15
   5.2000000000000000E+07   2.8805754236206175E-15   5.9277213888293700E+15
   5.3000000000000000E+07   2.8250450516977712E-15   6.0442393796411930E+15
   5.4000000000000000E+07   2.7720177178676932E-15   6.1598627024169510E+15
   5.5000000000000000E+07   2.7189953351606411E-15   6.2799844964512730E+15
   5.6000000000000000E+07   2.6674184208903389E-15   6.4014135978834290E+15
   5.7000000000000000E+07   2.6198161913819726E-15   6.5177276966613590E+15
   5.8000000000000000E+07   2.5722161917538434E-15   6.6383411337946470E+15
   5.9000000000000000E+07   2.5271202329143077E-15   6.7568010133972780E+15
   6.0000000000000000E+07   2.4832180714046088E-15   6.8762581697360580E+15
   6.1000000000000000E+07   2.4416925990831085E-15   6.9932015836654320E+15
   6.2000000000000000E+07   2.4014429630212100E-15   7.1104118705572380E+15
   6.3000000000000000E+07   2.3611933269593118E-15   7.2316181634822990E+15
   6.4000000000000000E+07   2.3229033270284270E-15   7.3508218581681840E+15
   6.5000000000000000E+07   2.2866243944511327E-15   7.4674479080027460E+15
   6.6000000000000000E+07   2.2503482110483369E-15   7.5878250605392140E+15
   6.7000000000000000E+07   2.2146975015504982E-15   7.7099687604189130E+15
   6.8000000000000000E+07   2.1821385351089546E-15   7.8250066510463730E+15
   6.9000000000000000E+07   2.1495905315990741E-15   7.9434889108996640E+15
   7.0000000000000000E+07   2.1179606946078246E-15   8.0621177693261790E+15
   7.1000000000000000E+07   2.0879183928139238E-15   8.1781206629055790E+15
   7.2000000000000000E+07   2.0578826245716104E-15   8.2974841941175890E+15
   7.3000000000000000E+07   2.0292305514186495E-15   8.4146419630804050E+15
   7.4000000000000000E+07   2.0013642449565494E-15   8.5318045397092970E+15
   7.5000000000000000E+07   1.9735008461662682E-15   8.6522631008254260E+15
   7.6000000000000000E+07   1.9475036650808491E-15   8.7677619595253970E+15
   7.7000000000000000E+07   1.9215410038464734E-15   8.8862264799718160E+15
   7.8000000000000000E+07   1.8962447306368062E-15   9.0047704681019030E+15
   7.9000000000000000E+07   1.8719358759778930E-15   9.1217059141046200E+15
   8.0000000000000000E+07   1.8476404577876965E-15   9.2416511441720080E+15
   8.1000000000000000E+07   1.8252710004612584E-15   9.3549114331061660E+15
   8.2000000000000000E+07   1.8031031288074015E-15   9.4699234214218100E+15
   8.3000000000000000E+07   1.7809382337399789E-15   9.5877825672112460E+15
   8.4000000000000000E+07   1.7587815836642296E-15   9.7085668336131540E+15
   8.5000000000000000E+07   1.7366319852041395E-15   9.8323932164159560E+15
   8.6000000000000000E+07   1.7168209478947162E-15   9.9458528693228020E+15
   8.7000000000000000E+07   1.6970172229655711E-15   1.0061918240813622E+16
   8.8000000000000000E+07   1.6772152579126625E-15   1.0180713817248922E+16
   8.9000000000000000E+07   1.6574132928597541E-15   1.0302348016812376E+16
   9.0000000000000000E+07   1.6384807247404482E-15   1.0421391166159156E+16
   9.1000000000000000E+07   1.6205333107069690E-15   1.0536808122310650E+16
   9.2000000000000000E+07   1.6025858966734897E-15   1.0654810195307156E+16
   9.3000000000000000E+07   1.5846455958245135E-15   1.0775436852079008E+16
   9.4000000000000000E+07   1.5671515705666153E-15   1.0895722450482870E+16
   9.5000000000000000E+07   1.5506858629210781E-15   1.1011416921391770E+16
   9.6000000000000000E+07   1.5342201552755407E-15   1.1129594727339182E+16
   9.7000000000000000E+07   1.5177544476300031E-15   1.1250336691416336E+16
   9.8000000000000000E+07   1.5018863665074529E-15   1.1369201380021598E+16
   9.9000000000000000E+07   1.4866191962352527E-15   1.1485959951259808E+16
   1.0000000000000000E+08   1.4713520259630526E-15   1.1605141563288226E+16
   1.1000000000000000E+08   1.3352317565080390E-15   1.2788228311306908E+16
   1.2000000000000000E+08   1.2218070345066312E-15   1.3975405336921462E+16
   1.3000000000000000E+08   1.1256161652758830E-15   1.5169690234989738E+16
   1.4000000000000000E+08   1.0440551289831726E-15   1.6354738439302628E+16
   1.5000000000000000E+08   9.7383796595757383E-16   1.7533972947893940E+16
   1.6000000000000000E+08   9.1304902918955319E-16   1.8701349001913520E+16
   1.7000000000000000E+08   8.5857713179299048E-16   1.9887844572651780E+16
   1.8000000000000000E+08   8.1022461841583718E-16   2.1074709608451456E+16
   1.9000000000000000E+08   7.6691437630019549E-16   2.2264869558330388E+16
   2.0000000000000000E+08   7.2804015020717003E-16   2.3453718240502604E+16
   2.1000000000000000E+08   6.9341831781523290E-16   2.4624743985032712E+16
   2.2000000000000000E+08   6.6130328310416827E-16   2.5820601510672480E+16
   2.3000000000000000E+08   6.3215916911633158E-16   2.7010995624094040E+16
   2.4000000000000000E+08   6.0572158334497191E-16   2.8189929202188300E+16
   2.5000000000000000E+08   5.8122126109161002E-16   2.9378224256047680E+16
   2.6000000000000000E+08   5.5856290208741995E-16   3.0569965328738808E+16
   2.7000000000000000E+08   5.3770023125027610E-16   3.1756074404186688E+16
   2.8000000000000000E+08   5.1834079400051394E-16   3.2942127550769672E+16
   2.9000000000000000E+08   5.0038694096082666E-16   3.4124089085827908E+16
   3.0000000000000000E+08   4.8366080630329555E-16   3.5304180798194672E+16
   3.1000000000000000E+08   4.6799522028857546E-16   3.6485946459460016E+16
   3.2000000000000000E+08   4.5369534338453446E-16   3.7635935214481240E+16
   3.3000000000000000E+08   4.3956830720972415E-16   3.8845495161199872E+16
   3.4000000000000000E+08   4.2679888908070682E-16   4.0007715548442448E+16
   3.5000000000000000E+08   4.1424412021763351E-16   4.1220255683439152E+16
   3.6000000000000000E+08   4.0291183209244220E-16   4.2379615565160408E+16
   3.7000000000000000E+08   3.9185437811911598E-16   4.3575495143610776E+16
   3.8000000000000000E+08   3.8150595210731066E-16   4.4757489251253416E+16
   3.9000000000000000E+08   3.7170423591333012E-16   4.5937729250719584E+16
   4.0000000000000000E+08   3.6230913003685324E-16   4.7128949107617864E+16
   4.1000000000000000E+08   3.5338526181505256E-16   4.8319073814879824E+16
   4.2000000000000000E+08   3.4518886026786601E-16   4.9466395113335328E+16
   4.3000000000000000E+08   3.3702359223444210E-16   5.0664846450435392E+16
   4.4000000000000000E+08   3.2930562116316768E-16   5.1852283876659192E+16
   4.5000000000000000E+08   3.2190760181203014E-16   5.3043943214186104E+16
   4.6000000000000000E+08   3.1488439295232954E-16   5.4227039932452880E+16
   4.7000000000000000E+08   3.0814772430858388E-16   5.5412541465445776E+16
   4.8000000000000000E+08   3.0180098827000453E-16   5.6577841738065760E+16
   4.9000000000000000E+08   2.9545650523262962E-16   5.7792765596031976E+16
   5.0000000000000000E+08   2.8967368480320253E-16   5.8946495475875488E+16
   5.1000000000000000E+08   2.8390545633012435E-16   6.0144136613130520E+16
   5.2000000000000000E+08   2.7843243103598132E-16   6.1326363768757792E+16
   5.3000000000000000E+08   2.7316366889365139E-16   6.2509222474164112E+16
   5.4000000000000000E+08   2.6803540968791721E-16   6.3705196901459600E+16
   5.5000000000000000E+08   2.6318897807231078E-16   6.4878281285931200E+16
   5.6000000000000000E+08   2.5838886517984298E-16   6.6083530878343000E+16
   5.7000000000000000E+08   2.5390783051379469E-16   6.7249791060715120E+16
   5.8000000000000000E+08   2.4942679584774644E-16   6.8457955740870456E+16
   5.9000000000000000E+08   2.4525142552227106E-16   6.9623442613513256E+16
   6.0000000000000000E+08   2.4108825815115918E-16   7.0825716199028664E+16
   6.1000000000000000E+08   2.3716673643208898E-16   7.1996810377417896E+16
   6.2000000000000000E+08   2.3327963638861976E-16   7.3196481334901248E+16
   6.3000000000000000E+08   2.2969160244662720E-16   7.4339890395861936E+16
   6.4000000000000000E+08   2.2615932257201934E-16   7.5500971423783024E+16
   6.5000000000000000E+08   2.2262704269741148E-16   7.6698896701153968E+16
   6.6000000000000000E+08   2.1909597309743785E-16   7.7935017742833360E+16
   6.7000000000000000E+08   2.1589409065630101E-16   7.9090856534445888E+16
   6.8000000000000000E+08   2.1275168489432358E-16   8.0259052045644896E+16
   6.9000000000000000E+08   2.0961053490596282E-16   8.1461786061433376E+16
   7.0000000000000000E+08   2.0651194399618241E-16   8.2684072505984512E+16
   7.1000000000000000E+08   2.0367544298024104E-16   8.3835578314606448E+16
   7.2000000000000000E+08   2.0083968276108573E-16   8.5019296565233488E+16
   7.3000000000000000E+08   1.9800395342848380E-16   8.6236907168116192E+16
   7.4000000000000000E+08   1.9534498908054978E-16   8.7410732320813424E+16
   7.5000000000000000E+08   1.9275241207569865E-16   8.8586432547605600E+16
   7.6000000000000000E+08   1.9015983507084755E-16   8.9794190999221568E+16
   7.7000000000000000E+08   1.8768441755457125E-16   9.0978509421366032E+16
   7.8000000000000000E+08   1.8528765976141923E-16   9.2155346841331216E+16
   7.9000000000000000E+08   1.8289118293645039E-16   9.3362885386691008E+16
   8.0000000000000000E+08   1.8061462005647507E-16   9.4539680926123392E+16
   8.1000000000000000E+08   1.7837652917810126E-16   9.5725870603095200E+16
   8.2000000000000000E+08   1.7617379527016175E-16   9.6922749064623024E+16
   8.3000000000000000E+08   1.7412396564754361E-16   9.8063747211543248E+16
   8.4000000000000000E+08   1.7207494077553475E-16   9.9231465510170784E+16
   8.5000000000000000E+08   1.7002603537376577E-16   1.0042725817370197E+17
   8.6000000000000000E+08   1.6797712997199681E-16   1.0165222226132059E+17
   8.7000000000000000E+08   1.6601931924203141E-16   1.0285097318004896E+17
   8.8000000000000000E+08   1.6416152362106479E-16   1.0401492489888846E+17
   8.9000000000000000E+08   1.6230390972373056E-16   1.0520540497020187E+17
   9.0000000000000000E+08   1.6044629582639631E-16   1.0642345130365403E+17
   9.1000000000000000E+08   1.5873093326234186E-16   1.0757354095884459E+17
   9.2000000000000000E+08   1.5705813186743204E-16   1.0871928977956298E+17
   9.3000000000000000E+08   1.5538570501288602E-16   1.0988944285007504E+17
   9.4000000000000000E+08   1.5371327815834004E-16   1.1108505885316522E+17
   9.5000000000000000E+08   1.5204085130379402E-16   1.1230697805429917E+17
   9.6000000000000000E+08   1.5036885183943145E-16   1.1355575534330502E+17
   9.7000000000000000E+08   1.4887679387844307E-16   1.1469382236075010E+17
   9.8000000000000000E+08   1.4740215196646635E-16   1.1584124331249069E+17
   9.9000000000000000E+08   1.4592751005448965E-16   1.1701185434025582E+17
   1.0000000000000000E+09   1.4445328302112626E-16   1.1820602615334749E+17
   1.1000000000000000E+09   1.3122846369565436E-16   1.3011848245311438E+17
   1.2000000000000000E+09   1.2025380097719823E-16   1.4199342068172848E+17
   1.3000000000000000E+09   1.1107402956577380E-16   1.5372854138348198E+17
   1.4000000000000000E+09   1.0308385218643702E-16   1.6564426133251146E+17
   1.5000000000000000E+09   9.6231886313851467E-17   1.7743857264776877E+17
   1.6000000000000000E+09   9.0198245458364448E-17   1.8930799001643664E+17
   1.7000000000000000E+09   8.4927140103435914E-17   2.0105761868273885E+17
   1.8000000000000000E+09   8.0160038853801607E-17   2.1301447447991549E+17
   1.9000000000000000E+09   7.5976076059354797E-17   2.2474507024280195E+17
   2.0000000000000000E+09   7.2177081788404660E-17   2.3657438244441907E+17
   2.1000000000000000E+09   6.8731540978179341E-17   2.4843395488765706E+17
   2.2000000000000000E+09   6.5598755195804322E-17   2.6029836236624630E+17
   2.3000000000000000E+09   6.2735639545336288E-17   2.7217780315115184E+17
   2.4000000000000000E+09   6.0113357085858913E-17   2.8405082295343885E+17
   2.5000000000000000E+09   5.7731944135478075E-17   2.9576777304887066E+17
   2.6000000000000000E+09   5.5524273531037180E-17   3.0752763547977568E+17
   2.7000000000000000E+09   5.3468113671979300E-17   3.1935386117204051E+17
   2.8000000000000000E+09   5.1530413737241175E-17   3.3136253548827667E+17
   2.9000000000000000E+09   4.9759783531505906E-17   3.4315359390421773E+17
   3.0000000000000000E+09   4.8104957595022964E-17   3.5495818735528410E+17
   3.1000000000000000E+09   4.6548407255142558E-17   3.6682777258389920E+17
   3.2000000000000000E+09   4.5088833670819476E-17   3.7870237840689350E+17
   3.3000000000000000E+09   4.3731464069986511E-17   3.9045682356770509E+17
   3.4000000000000000E+09   4.2454114174623380E-17   4.0220480117657850E+17
   3.5000000000000000E+09   4.1228374898582159E-17   4.1416254200500576E+17
   3.6000000000000000E+09   4.0070929785363245E-17   4.2612558885442317E+17
   3.7000000000000000E+09   3.8990859542581333E-17   4.3792952376657754E+17
   3.8000000000000000E+09   3.7979429317364196E-17   4.4959202541059130E+17
   3.9000000000000000E+09   3.6986482048502502E-17   4.6166187225755616E+17
   4.0000000000000000E+09   3.6080321288369680E-17   4.7325655484770541E+17
   4.1000000000000000E+09   3.5182624873928257E-17   4.8533185377494688E+17
   4.2000000000000000E+09   3.4357871649501343E-17   4.9698213920011494E+17
   4.3000000000000000E+09   3.3550199485709386E-17   5.0894626000674938E+17
   4.4000000000000000E+09   3.2791881282766890E-17   5.2071573458963795E+17
   4.5000000000000000E+09   3.2061580810594272E-17   5.3257662657388051E+17
   4.6000000000000000E+09   3.1360753755938131E-17   5.4447825723892160E+17
   4.7000000000000000E+09   3.0697414853284094E-17   5.5624386067497805E+17
   4.8000000000000000E+09   3.0049826374621457E-17   5.6823118835565184E+17
   4.9000000000000000E+09   2.9442284042624340E-17   5.7995665438224448E+17
   5.0000000000000000E+09   2.8859506602306333E-17   5.9166806924438464E+17
   5.1000000000000000E+09   2.8307646550145578E-17   6.0320269014537152E+17
   5.2000000000000000E+09   2.7755786497984824E-17   6.1519598992346650E+17
   5.3000000000000000E+09   2.7218571192641221E-17   6.2733816664662400E+17
   5.4000000000000000E+09   2.6727934111605751E-17   6.3885403486226701E+17
   5.5000000000000000E+09   2.6237468273500420E-17   6.5079634866973760E+17
   5.6000000000000000E+09   2.5759358238696871E-17   6.6287554187126246E+17
   5.7000000000000000E+09   2.5316802175439377E-17   6.7446308709942016E+17
   5.8000000000000000E+09   2.4874294300830196E-17   6.8646162758322995E+17
   5.9000000000000000E+09   2.4451471341094060E-17   6.9833214993630490E+17
   6.0000000000000000E+09   2.4047066346892542E-17   7.1007616082610803E+17
   6.1000000000000000E+09   2.3642771021607192E-17   7.2221858153289395E+17
   6.2000000000000000E+09   2.3268942040474132E-17   7.3382143979865408E+17
   6.3000000000000000E+09   2.2895213964731142E-17   7.4579991159006720E+17
   6.4000000000000000E+09   2.2539315352077292E-17   7.5757618561197555E+17
   6.5000000000000000E+09   2.2190537532600609E-17   7.6948332259399002E+17
   6.6000000000000000E+09   2.1860802761960097E-17   7.8108973108914074E+17
   6.7000000000000000E+09   2.1541493866792882E-17   7.9266779993630669E+17
   6.8000000000000000E+09   2.1222212721773128E-17   8.0459322383540365E+17
   6.9000000000000000E+09   2.0902931576753377E-17   8.1688295672947277E+17
   7.0000000000000000E+09   2.0609477867041558E-17   8.2851436901459302E+17
   7.1000000000000000E+09   2.0320196584895658E-17   8.4030922040510554E+17
   7.2000000000000000E+09   2.0030915302749757E-17   8.5244474816326259E+17
   7.3000000000000000E+09   1.9759668217218022E-17   8.6414652123831027E+17
   7.4000000000000000E+09   1.9490999934050802E-17   8.7605810930724378E+17
   7.5000000000000000E+09   1.9233698562858272E-17   8.8777769366240128E+17
   7.6000000000000000E+09   1.8985393790931979E-17   8.9938869526571699E+17
   7.7000000000000000E+09   1.8737206061128138E-17   9.1130174344168384E+17
   7.8000000000000000E+09   1.8489019657044124E-17   9.2353455550720166E+17
   7.9000000000000000E+09   1.8261774684780381E-17   9.3502678931653389E+17
   8.0000000000000000E+09   1.8036058819662572E-17   9.4672836906680755E+17
   8.1000000000000000E+09   1.7810359484681945E-17   9.5872565432595405E+17
   8.2000000000000000E+09   1.7587320968240959E-17   9.7088400112595341E+17
   8.3000000000000000E+09   1.7381171619302185E-17   9.8239916875164531E+17
   8.4000000000000000E+09   1.7175044129751768E-17   9.9418950086732326E+17
   8.5000000000000000E+09   1.6968916640201353E-17   1.0062662757314095E+18
   8.6000000000000000E+09   1.6771302155480132E-17   1.0181230051449946E+18
   8.7000000000000000E+09   1.6581774637750672E-17   1.0297600180778012E+18
   8.8000000000000000E+09   1.6392247120021219E-17   1.0416661258038706E+18
   8.9000000000000000E+09   1.6202807639573527E-17   1.0538450452888050E+18
   9.0000000000000000E+09   1.6027172763407450E-17   1.0653936787726921E+18
   9.1000000000000000E+09   1.5852015935552181E-17   1.0771657447326030E+18
   9.2000000000000000E+09   1.5676859107696915E-17   1.0892008681986989E+18
   9.3000000000000000E+09   1.5508004694911188E-17   1.1010603160531185E+18
   9.4000000000000000E+09   1.5345233768827316E-17   1.1127395520959241E+18
   9.5000000000000000E+09   1.5182554784156615E-17   1.1246624032307538E+18
   9.6000000000000000E+09   1.5021467795250696E-17   1.1367230408822500E+18
   9.7000000000000000E+09   1.4869618713741789E-17   1.1483312974899640E+18
   9.8000000000000000E+09   1.4717769632232885E-17   1.1601790880960819E+18
   9.9000000000000000E+09   1.4565920550723975E-17   1.1722739040948193E+18
   1.0000000000000000E+10   1.4426283069086228E-17   1.1836207891499331E+18
   1.1000000000000000E+10   1.3115918284905280E-17   1.3018721358140475E+18
   1.2000000000000000E+10   1.2020956053293906E-17   1.4204567818924275E+18
   1.3000000000000000E+10   1.1092914016803290E-17   1.5392933294954747E+18
   1.4000000000000000E+10   1.0302464134387510E-17   1.6573946123955418E+18
   1.5000000000000000E+10   9.6144271751873650E-18   1.7760026925784476E+18
   1.6000000000000000E+10   9.0159550294978227E-18   1.8938923824338583E+18
   1.7000000000000000E+10   8.4823883848690348E-18   2.0130236645602258E+18
   1.8000000000000000E+10   8.0117578597481359E-18   2.1312736667342252E+18
   1.9000000000000000E+10   7.5896195217319321E-18   2.2498161471519493E+18
   2.0000000000000000E+10   7.2114886198483239E-18   2.3677841636934170E+18
   2.1000000000000000E+10   6.8668766429676561E-18   2.4866106438971581E+18
   2.2000000000000000E+10   6.5564437703137768E-18   2.6043460676114324E+18
   2.3000000000000000E+10   6.2711540044770140E-18   2.7228239871867341E+18
   2.4000000000000000E+10   6.0090644193685881E-18   2.8415818768217441E+18
   2.5000000000000000E+10   5.7679432770543353E-18   2.9603704007735004E+18
   2.6000000000000000E+10   5.5451886965085631E-18   3.0792908024001618E+18
   2.7000000000000000E+10   5.3430704762152569E-18   3.1957745320303811E+18
   2.8000000000000000E+10   5.1499978491152693E-18   3.3155836276058947E+18
   2.9000000000000000E+10   4.9711488082536070E-18   3.4348697271709292E+18
   3.0000000000000000E+10   4.8061654208370807E-18   3.5527800347242716E+18
   3.1000000000000000E+10   4.6511998515894389E-18   3.6711491863539451E+18
   3.2000000000000000E+10   4.5069490715061028E-18   3.7886491016030193E+18
   3.3000000000000000E+10   4.3690455930243012E-18   3.9082330882503987E+18
   3.4000000000000000E+10   4.2403391934474902E-18   4.0268591194586962E+18
   3.5000000000000000E+10   4.1198625066458193E-18   4.1446161184233180E+18
   3.6000000000000000E+10   4.0049268998283076E-18   4.2635606036814751E+18
   3.7000000000000000E+10   3.8955881132269067E-18   4.3832273983883505E+18
   3.8000000000000000E+10   3.7939859168048653E-18   4.5006093657596421E+18
   3.9000000000000000E+10   3.6967842965842701E-18   4.6189464087772805E+18
   4.0000000000000000E+10   3.6049584414403628E-18   4.7366006649191035E+18
   4.1000000000000000E+10   3.5188361465499085E-18   4.8525273242614098E+18
   4.2000000000000000E+10   3.4327308512469783E-18   4.9742462461131735E+18
   4.3000000000000000E+10   3.3540837214270647E-18   5.0908832244256379E+18
   4.4000000000000000E+10   3.2775047526743610E-18   5.2098318200146575E+18
   4.5000000000000000E+10   3.2039253090886423E-18   5.3294777198127688E+18
   4.6000000000000000E+10   3.1348339415924905E-18   5.4469387753464095E+18
   4.7000000000000000E+10   3.0669840785579264E-18   5.5674395801757204E+18
   4.8000000000000000E+10   3.0038675350497586E-18   5.6844212840594883E+18
   4.9000000000000000E+10   2.9416790863621628E-18   5.8045925641223905E+18
   5.0000000000000000E+10   2.8833007664864329E-18   5.9221184099846502E+18
   5.1000000000000000E+10   2.8263673629261216E-18   6.0414115923891272E+18
   5.2000000000000000E+10   2.7719110565895501E-18   6.1600997298018898E+18
   5.3000000000000000E+10   2.7207412414914726E-18   6.2759546149900472E+18
   5.4000000000000000E+10   2.6709126037597718E-18   6.3930390409239859E+18
   5.5000000000000000E+10   2.6210839660280714E-18   6.5145751803623383E+18
   5.6000000000000000E+10   2.5744382741714263E-18   6.6326113630468628E+18
   5.7000000000000000E+10   2.5292709471934245E-18   6.7510555046225889E+18
   5.8000000000000000E+10   2.4850600414818869E-18   6.8711613666082191E+18
   5.9000000000000000E+10   2.4431067636679068E-18   6.9891536484048671E+18
   6.0000000000000000E+10   2.4025544057253210E-18   7.1071225317693532E+18
   6.1000000000000000E+10   2.3637764057085495E-18   7.2237156228039250E+18
   6.2000000000000000E+10   2.3250019147647665E-18   7.3441868767061883E+18
   6.3000000000000000E+10   2.2881813323578302E-18   7.4623668628295137E+18
   6.4000000000000000E+10   2.2529755910634319E-18   7.5789762740715858E+18
   6.5000000000000000E+10   2.2177698497690336E-18   7.6992878916224942E+18
   6.6000000000000000E+10   2.1842405436892553E-18   7.8174762390828493E+18
   6.7000000000000000E+10   2.1523487735298956E-18   7.9333093041089270E+18
   6.8000000000000000E+10   2.1204570033705363E-18   8.0526266383098020E+18
   6.9000000000000000E+10   2.0885652332111770E-18   8.1755878529486469E+18
   7.0000000000000000E+10   2.0595442439621650E-18   8.2907898680936714E+18
   7.1000000000000000E+10   2.0306820717397960E-18   8.4086272235135570E+18
   7.2000000000000000E+10   2.0018198995174265E-18   8.5298625290159442E+18
   7.3000000000000000E+10   1.9745858395922364E-18   8.6475088640655391E+18
   7.4000000000000000E+10   1.9481333074301894E-18   8.7649281933669949E+18
   7.5000000000000000E+10   1.9216807752681424E-18   8.8855801496736932E+18
   7.6000000000000000E+10   1.8965520048150285E-18   9.0033115397737349E+18
   7.7000000000000000E+10   1.8720321397346056E-18   9.1212368571582771E+18
   7.8000000000000000E+10   1.8475122746541822E-18   9.2422923435939308E+18
   7.9000000000000000E+10   1.8251721312697363E-18   9.3554181866963108E+18
   8.0000000000000000E+10   1.8029062010755064E-18   9.4709578016571699E+18
   8.1000000000000000E+10   1.7806402708812772E-18   9.5893869356786196E+18
   8.2000000000000000E+10   1.7583743406870472E-18   9.7108153569053839E+18
   8.3000000000000000E+10   1.7361084104928176E-18   9.8353584646739436E+18
   8.4000000000000000E+10   1.7160852767615867E-18   9.9501165716861972E+18
   8.5000000000000000E+10   1.6961208315295976E-18   1.0067235914633122E+19
   8.6000000000000000E+10   1.6761563862976082E-18   1.0187145239143801E+19
   8.7000000000000000E+10   1.6562278239468406E-18   1.0309722070748291E+19
   8.8000000000000000E+10   1.6378304780912530E-18   1.0425528636291990E+19
   8.9000000000000000E+10   1.6194347787798268E-18   1.0543955690267199E+19
   9.0000000000000000E+10   1.6010390794684005E-18   1.0665104162480357E+19
   9.1000000000000000E+10   1.5840798561128753E-18   1.0779285201336115E+19
   9.2000000000000000E+10   1.5672220265102364E-18   1.0895232623008715E+19
   9.3000000000000000E+10   1.5503641969075976E-18   1.1013701544960180E+19
   9.4000000000000000E+10   1.5335063673049590E-18   1.1134775123719135E+19
   9.5000000000000000E+10   1.5168099428069113E-18   1.1257342181667004E+19
   9.6000000000000000E+10   1.5016244942455291E-18   1.1371184085080730E+19
   9.7000000000000000E+10   1.4864390456841469E-18   1.1487352004315199E+19
   9.8000000000000000E+10   1.4712535971227645E-18   1.1605917962834631E+19
   9.9000000000000000E+10   1.4560681485613823E-18   1.1726956988656587E+19
   1.0000000000000000E+11   1.4408827000000001E-18   1.1850547272676782E+19
   1.1000000000000000E+11   1.4408827000000001E-18   1.1850547272676782E+19
