   1.0000000000000000E-03   0.0000000000000000E+00   1.0000000000000000E+30
   1.0999999999999999E-02   9.1875833070088925E-02   1.2818228505482179E+02
   2.1000000000000001E-02   1.9923130773079478E-01   5.9111463747216249E+01
   3.1000000000000007E-02   3.0304311065820622E-01   3.8861976431868605E+01
   4.1000000000000002E-02   4.7699155138384230E-01   2.4689859160130798E+01
   5.1000000000000004E-02   7.2564999277369591E-01   1.6229386538300616E+01
   6.0999999999999999E-02   1.1019077231105820E+00   1.0687695509560823E+01
   7.0999999999999994E-02   1.6127049478219417E+00   7.3025473383365833E+00
   8.0999999999999989E-02   2.0897036140389904E+00   5.6356576813670687E+00
   9.0999999999999998E-02   2.4206121712401836E+00   4.8652379609433964E+00
   1.0100000000000001E-01   2.6262922098425809E+00   4.4842132113491138E+00
   2.0099999999999998E-01   2.8033003039374500E+00   4.2010676514741805E+00
   3.0099999999999999E-01   2.5495011528319242E+00   4.6192778580068161E+00
   4.0099999999999997E-01   2.3403890875172579E+00   5.0320069799729481E+00
   5.0100000000000000E-01   2.1795800728392249E+00   5.4032675243255763E+00
   6.0099999999999998E-01   2.0533920035660023E+00   5.7353170772006541E+00
   7.0099999999999996E-01   1.9442274958428873E+00   6.0573437261948104E+00
   8.0099999999999993E-01   1.8079801224378449E+00   6.5138184198395281E+00
   9.0100000000000002E-01   1.6985064609371956E+00   6.9336528856894493E+00
   1.0009999999999999E+00   1.6083021315956270E+00   7.3225384664231710E+00
   1.1010000000000000E+00   1.5324707845022598E+00   7.6848800925522580E+00
   1.2010000000000001E+00   1.4676728864093411E+00   8.0241682825192822E+00
   1.3009999999999999E+00   1.4115473407134944E+00   8.3432229898052981E+00
   1.4010000000000000E+00   1.3623743927438750E+00   8.6443596466315817E+00
   1.5009999999999999E+00   1.3188696523649488E+00   8.9295058106170959E+00
   1.6009999999999998E+00   1.2800531520134677E+00   9.2002853207422532E+00
   1.7009999999999998E+00   1.2451632611502619E+00   9.4580803912894851E+00
   1.8009999999999997E+00   1.2135984299490317E+00   9.7040783290515300E+00
   1.9009999999999998E+00   1.1848767597413279E+00   9.9393072970815819E+00
   2.0009999999999999E+00   1.1586073194302240E+00   1.0164664098644691E+01
   2.1010000000000000E+00   1.1344693929040879E+00   1.0380936055129887E+01
   2.2009999999999996E+00   1.1121971991185562E+00   1.0588818451955110E+01
   2.3009999999999997E+00   1.0915684669882617E+00   1.0788928574249482E+01
   2.4009999999999998E+00   1.0723957667136534E+00   1.0981817151637419E+01
   2.5009999999999999E+00   1.0545198522833992E+00   1.1167977728193936E+01
   2.6010000000000000E+00   1.0378044847453323E+00   1.1347854434382494E+01
   2.7009999999999996E+00   1.0221323662501196E+00   1.1521848454368891E+01
   2.8009999999999997E+00   1.0074019138654315E+00   1.1690323456951967E+01
   2.9009999999999998E+00   9.9352467521867893E-01   1.1853610200116293E+01
   3.0009999999999999E+00   9.8042324382725732E-01   1.2012010423443558E+01
   3.1010000000000000E+00   9.6802956292420961E-01   1.2165800173151746E+01
   3.2009999999999996E+00   9.5628353313086101E-01   1.2315232685939991E+01
   3.3009999999999997E+00   9.4513186638057345E-01   1.2460540844252106E+01
   3.4009999999999998E+00   9.3452713201902438E-01   1.2601939334597740E+01
   3.5009999999999999E+00   9.2442696353608789E-01   1.2739626480810253E+01
   3.6010000000000000E+00   9.1479338720406100E-01   1.2873785916001950E+01
   3.7009999999999996E+00   9.0559225990761660E-01   1.3004587986916725E+01
   3.8009999999999997E+00   8.9679278977871535E-01   1.3132191023910117E+01
   3.9009999999999998E+00   8.8836713020839975E-01   1.3256742425259091E+01
   4.0009999999999994E+00   8.8029002650017762E-01   1.3378379704086063E+01
   4.1010000000000000E+00   8.7253852066490500E-01   1.3497231291593845E+01
   4.2009999999999996E+00   8.6509168935457792E-01   1.3613417362760426E+01
   4.3010000000000002E+00   8.5793041987390839E-01   1.3727050529307755E+01
   4.4009999999999998E+00   8.5103721576506575E-01   1.3838236455561111E+01
   4.5009999999999994E+00   8.4439602645324152E-01   1.3947074423959887E+01
   4.6010000000000000E+00   8.3799209896314142E-01   1.4053657831393656E+01
   4.7009999999999996E+00   8.3181184627162930E-01   1.4158074661987456E+01
   4.8010000000000002E+00   8.2584273287921628E-01   1.4260407890471544E+01
   4.9009999999999998E+00   8.2007317363067944E-01   1.4360735850070707E+01
   5.0009999999999994E+00   8.1449244220346217E-01   1.4459132600886027E+01
   5.1010000000000000E+00   8.0909059477561651E-01   1.4555668178920570E+01
   5.2009999999999996E+00   8.0385839452253183E-01   1.4650408958202723E+01
   5.3010000000000002E+00   7.9878725268923678E-01   1.4743417830706257E+01
   5.4009999999999998E+00   7.9386916929153162E-01   1.4834754490780028E+01
   5.5009999999999994E+00   7.8909668331459470E-01   1.4924475635572021E+01
   5.6010000000000000E+00   7.8446282766816966E-01   1.5012635154741847E+01
   5.7009999999999996E+00   7.7996108697842570E-01   1.5099284337200679E+01
   5.8010000000000002E+00   7.7558536375133980E-01   1.5184471980333983E+01
   5.9009999999999998E+00   7.7132994085251227E-01   1.5268244625928812E+01
   6.0009999999999994E+00   7.6718945434279073E-01   1.5350646646111613E+01
   6.1010000000000000E+00   7.6315886623154428E-01   1.5431720373495908E+01
   6.2009999999999996E+00   7.5923343867156934E-01   1.5511506243514933E+01
   6.3010000000000002E+00   7.5540871102061868E-01   1.5590042916407294E+01
   6.4009999999999989E+00   7.5168048185576009E-01   1.5667367330284383E+01
   6.5009999999999994E+00   7.4804478660673568E-01   1.5743514873836988E+01
   6.6009999999999991E+00   7.4449788403397943E-01   1.5818519403208748E+01
   6.7009999999999987E+00   7.4103623905538840E-01   1.5892413357883170E+01
   6.8009999999999993E+00   7.3765650757214773E-01   1.5965227857882761E+01
   6.9009999999999989E+00   7.3435552520323255E-01   1.6036992737244155E+01
   7.0009999999999994E+00   7.3113029396266027E-01   1.6107736639402358E+01
   7.1009999999999991E+00   7.2797797213861670E-01   1.6177487060002537E+01
   7.2009999999999987E+00   7.2489586218035695E-01   1.6246270448856876E+01
   7.3009999999999993E+00   7.2188140482397989E-01   1.6314112187321090E+01
   7.4009999999999989E+00   7.1893216697857787E-01   1.6381036716903886E+01
   7.5009999999999994E+00   7.1604583570936664E-01   1.6447067543619408E+01
   7.6009999999999991E+00   7.1322020931994390E-01   1.6512227318219992E+01
   7.7009999999999987E+00   7.1045319253923955E-01   1.6576537832348333E+01
   7.8009999999999993E+00   7.0774278816283176E-01   1.6640020105058049E+01
   7.9009999999999989E+00   7.0508709352836263E-01   1.6702694365466535E+01
   8.0009999999999994E+00   7.0248429117196354E-01   1.6764580179567975E+01
   8.1009999999999991E+00   6.9993264811046840E-01   1.6825696380976147E+01
   8.2009999999999987E+00   6.9743050832280995E-01   1.6886061168388650E+01
   8.3009999999999984E+00   6.9497628998511540E-01   1.6945692096188761E+01
   8.4009999999999998E+00   6.9256847914178954E-01   1.7004606156539047E+01
   8.5009999999999994E+00   6.9020562907166405E-01   1.7062819728200981E+01
   8.6009999999999991E+00   6.8788635286569466E-01   1.7120348695940351E+01
   8.7009999999999987E+00   6.8560932438410471E-01   1.7177208368364479E+01
   8.8009999999999984E+00   6.8337327141550919E-01   1.7233413592318740E+01
   8.9009999999999998E+00   6.8117697402560107E-01   1.7288978743131654E+01
   9.0009999999999994E+00   6.7901926370397836E-01   1.7343917696823304E+01
   9.1009999999999991E+00   6.7689901857266499E-01   1.7398243905084222E+01
   9.2009999999999987E+00   6.7481515919827362E-01   1.7451970459927228E+01
   9.3009999999999984E+00   6.7276665215641773E-01   1.7505109961219137E+01
   9.4009999999999998E+00   6.7075250250194118E-01   1.7557674671821708E+01
   9.5009999999999994E+00   6.6877175393152044E-01   1.7609676477821555E+01
   9.6009999999999991E+00   6.6682348723628748E-01   1.7661126894389454E+01
   9.7009999999999987E+00   6.6490681745900915E-01   1.7712037108064983E+01
   9.8009999999999984E+00   6.6302089311210788E-01   1.7762417966892112E+01
   9.9009999999999998E+00   6.6116489358728392E-01   1.7812280020407094E+01
   1.0000999999999999E+01   6.5933802862994462E-01   1.7861633506428845E+01
   1.1000999999999999E+01   6.4251693107405339E-01   1.8329251191175253E+01
   1.2000999999999999E+01   6.2791842209577209E-01   1.8755388932422683E+01
   1.3000999999999999E+01   6.1508676919026428E-01   1.9146655096716014E+01
   1.4000999999999999E+01   6.0368664011513473E-01   1.9508224038208443E+01
   1.5000999999999999E+01   5.9346521016264109E-01   1.9844220052952849E+01
   1.6000999999999998E+01   5.8422785537659061E-01   2.0157981369525853E+01
   1.7000999999999998E+01   5.7582205076767756E-01   2.0452245982137416E+01
   1.8000999999999998E+01   5.6812637029870172E-01   2.0729286369945275E+01
   1.9000999999999998E+01   5.6104281110311516E-01   2.0991008156906705E+01
   2.0000999999999998E+01   5.5449129918528706E-01   2.1239024384229413E+01
   2.1000999999999998E+01   5.4840569814310236E-01   2.1474711630669958E+01
   2.2000999999999998E+01   5.4273083703259128E-01   2.1699253885461744E+01
   2.3000999999999998E+01   5.3742028837088662E-01   2.1913676277349378E+01
   2.4000999999999998E+01   5.3243467012240531E-01   2.2118871826156422E+01
   2.5000999999999998E+01   5.2774032362277734E-01   2.2315623228096015E+01
   2.6000999999999998E+01   5.2330829194177575E-01   2.2504619945043167E+01
   2.7000999999999998E+01   5.1911351077809542E-01   2.2686472187146737E+01
   2.8000999999999998E+01   5.1513415770383053E-01   2.2861722617528894E+01
   2.9000999999999998E+01   5.1135113615331451E-01   2.3030855691124142E+01
   3.0000999999999998E+01   5.0774765044310377E-01   2.3194305702767654E+01
   3.1000999999999998E+01   5.0430886303468880E-01   2.3352463316571317E+01
   3.2000999999999998E+01   5.0102160888366731E-01   2.3505681222970644E+01
   3.3000999999999998E+01   4.9787416363321690E-01   2.3654278700260793E+01
   3.4000999999999998E+01   4.9485604491232071E-01   2.3798545749453254E+01
   3.5000999999999998E+01   4.9195784450282892E-01   2.3938746695138100E+01
   3.6000999999999998E+01   4.8917110037723338E-01   2.4075122621016284E+01
   3.7000999999999998E+01   4.8648816863982741E-01   2.4207894422522696E+01
   3.8000999999999998E+01   4.8390212627828760E-01   2.4337264882086092E+01
   3.9000999999999998E+01   4.8140669253412510E-01   2.4463420236735786E+01
   4.0000999999999998E+01   4.7899614242732180E-01   2.4586532502245078E+01
   4.1000999999999998E+01   4.7666525729989551E-01   2.4706760234530609E+01
   4.2000999999999998E+01   4.7440926014051032E-01   2.4824250312380698E+01
   4.3000999999999998E+01   4.7222377161161599E-01   2.4939138883345592E+01
   4.4000999999999998E+01   4.7010476643613291E-01   2.5051552473121603E+01
   4.5000999999999998E+01   4.6804854410429175E-01   2.5161608496778509E+01
   4.6000999999999998E+01   4.6605168371191513E-01   2.5269416753183744E+01
   4.7000999999999998E+01   4.6411102973650525E-01   2.5375079387631789E+01
   4.8000999999999998E+01   4.6222365840213880E-01   2.5478691992856387E+01
   4.9000999999999998E+01   4.6038685737466234E-01   2.5580344085833378E+01
   5.0000999999999998E+01   4.5859811138579676E-01   2.5680119328559666E+01
   5.1000999999999998E+01   4.5685507412058912E-01   2.5778096581085144E+01
   5.2000999999999998E+01   4.5515556696536935E-01   2.5874349516932096E+01
   5.3000999999999998E+01   4.5349754844449813E-01   2.5968947935075075E+01
   5.4000999999999998E+01   4.5187912186360474E-01   2.6061956958024908E+01
   5.5000999999999998E+01   4.5029850393988247E-01   2.6153438488464619E+01
   5.6000999999999998E+01   4.4875402840305773E-01   2.6243450707615118E+01
   5.7000999999999998E+01   4.4724412951954373E-01   2.6332048755767364E+01
   5.8000999999999998E+01   4.4576734079654329E-01   2.6419284560406009E+01
   5.9000999999999998E+01   4.4432228109260657E-01   2.6505207425744207E+01
   6.0000999999999998E+01   4.4290765239818736E-01   2.6589863960290334E+01
   6.1000999999999998E+01   4.4152222975145333E-01   2.6673298490245710E+01
   6.2000999999999998E+01   4.4016485743697387E-01   2.6755553118925807E+01
   6.3000999999999998E+01   4.3883444998641530E-01   2.6836667505488524E+01
   6.4001000000000005E+01   4.3752997319857179E-01   2.6916679874853891E+01
   6.5001000000000005E+01   4.3625045598340606E-01   2.6995626165459694E+01
   6.6001000000000005E+01   4.3499497639176227E-01   2.7073540761153449E+01
   6.7001000000000005E+01   4.3376265744969550E-01   2.7150456642536479E+01
   6.8001000000000005E+01   4.3255267557213539E-01   2.7226404757899530E+01
   6.9001000000000005E+01   4.3136423964366177E-01   2.7301415235458315E+01
   7.0001000000000005E+01   4.3019661053513697E-01   2.7375516068315157E+01
   7.1001000000000005E+01   4.2904906621697841E-01   2.7448735241585581E+01
   7.2001000000000005E+01   4.2792094513880341E-01   2.7521097899097548E+01
   7.3001000000000005E+01   4.2681159497464000E-01   2.7592629541704714E+01
   7.4001000000000005E+01   4.2572040667777111E-01   2.7663353786921686E+01
   7.5001000000000005E+01   4.2464679460837895E-01   2.7733293583671816E+01
   7.6001000000000005E+01   4.2359020429516170E-01   2.7802470654002978E+01
   7.7001000000000005E+01   4.2255010105091134E-01   2.7870906183549614E+01
   7.8001000000000005E+01   4.2152597834613176E-01   2.7938620225605444E+01
   7.9001000000000005E+01   4.2051735113632893E-01   2.8005632092030801E+01
   8.0001000000000005E+01   4.1952375588834712E-01   2.8071960309617545E+01
   8.1001000000000005E+01   4.1854474623283205E-01   2.8137622871242588E+01
   8.2001000000000005E+01   4.1757989788471706E-01   2.8202636869964085E+01
   8.3001000000000005E+01   4.1662880230599647E-01   2.8267018888410288E+01
   8.4001000000000005E+01   4.1569106966433750E-01   2.8330784767036111E+01
   8.5001000000000005E+01   4.1476632734540736E-01   2.8393949671888091E+01
   8.6001000000000005E+01   4.1385421129787342E-01   2.8456528658501231E+01
   8.7001000000000005E+01   4.1295438139034951E-01   2.8518535593662012E+01
   8.8001000000000005E+01   4.1206650090620894E-01   2.8579984537301435E+01
   8.9001000000000005E+01   4.1119025220687666E-01   2.8640888642258542E+01
   9.0001000000000005E+01   4.1032533336407478E-01   2.8701260357692693E+01
   9.1001000000000005E+01   4.0947144715673556E-01   2.8761112175256194E+01
   9.2001000000000005E+01   4.0862830737915390E-01   2.8820456173908603E+01
   9.3001000000000005E+01   4.0779564300856980E-01   2.8879303705537307E+01
   9.4001000000000005E+01   4.0697319234027157E-01   2.8937665787069079E+01
   9.5001000000000005E+01   4.0616069690549622E-01   2.8995553518511780E+01
   9.6001000000000005E+01   4.0535792402125731E-01   2.9052976459445681E+01
   9.7001000000000005E+01   4.0456462441050756E-01   2.9109945639462307E+01
   9.8001000000000005E+01   4.0378057843567833E-01   2.9166470239517462E+01
   9.9001000000000005E+01   4.0300556405689192E-01   2.9222559871597284E+01
   1.0000100000000000E+02   4.0223937472589677E-01   2.9278223277531232E+01
   1.1000100000000000E+02   3.9502080612240370E-01   2.9813250445826156E+01
   1.2000100000000000E+02   3.8849658189047159E-01   3.0313919795463207E+01
   1.3000100000000000E+02   3.8254028996951095E-01   3.0785918589589588E+01
   1.4000100000000000E+02   3.7705696264846733E-01   3.1233620887194693E+01
   1.5000100000000000E+02   3.7197353448003906E-01   3.1660462728085115E+01
   1.6000100000000000E+02   3.6723264051143212E-01   3.2069192454783284E+01
   1.7000100000000000E+02   3.6278847861588459E-01   3.2462040330416691E+01
   1.8000100000000000E+02   3.5860389217008293E-01   3.2840843285252724E+01
   1.9000100000000000E+02   3.5464834976095438E-01   3.3207131041713232E+01
   2.0000100000000000E+02   3.5089645394560304E-01   3.3562192184663800E+01
   2.1000100000000003E+02   3.4732687544234203E-01   3.3907120516489876E+01
   2.2000100000000003E+02   3.4392150542898781E-01   3.4242854948979108E+01
   2.3000100000000003E+02   3.4066486176028488E-01   3.4570205343122119E+01
   2.4000100000000003E+02   3.3754359860672856E-01   3.4889875775604771E+01
   2.5000100000000003E+02   3.3454610216287362E-01   3.5202485242245636E+01
   2.6000100000000003E+02   3.3166225418638068E-01   3.5508575593354216E+01
   2.7000100000000003E+02   3.2888313455749785E-01   3.5808629226563276E+01
   2.8000100000000003E+02   3.2620088698943717E-01   3.6103072351917639E+01
   2.9000100000000003E+02   3.2360851454044276E-01   3.6392287888233405E+01
   3.0000100000000003E+02   3.2109976983480021E-01   3.6676619949924998E+01
   3.1000100000000003E+02   3.1866907678373846E-01   3.6956376009560543E+01
   3.2000100000000003E+02   3.1631138449452939E-01   3.7231837997418147E+01
   3.3000100000000003E+02   3.1402216831706015E-01   3.7503257452666752E+01
   3.4000100000000003E+02   3.1179729784329180E-01   3.7770866860297048E+01
   3.5000100000000003E+02   3.0963303220554766E-01   3.8034876771226976E+01
   3.6000100000000003E+02   3.0752595425497820E-01   3.8295480629497852E+01
   3.7000100000000003E+02   3.0547293708191181E-01   3.8552856225955708E+01
   3.8000100000000003E+02   3.0347111526373310E-01   3.8807166916049404E+01
   3.9000100000000003E+02   3.0151786608834052E-01   3.9058561859113532E+01
   4.0000100000000003E+02   2.9961075451253494E-01   3.9307181223852382E+01
   4.1000100000000003E+02   2.9774752756412065E-01   3.9553155388345537E+01
   4.2000100000000003E+02   2.9592612410290009E-01   3.9796602141635475E+01
   4.3000100000000003E+02   2.9414459711236041E-01   4.0037635706566164E+01
   4.4000100000000003E+02   2.9240117097499180E-01   4.0276357939916046E+01
   4.5000100000000003E+02   2.9069417846216716E-01   4.0512865742758848E+01
   4.6000100000000003E+02   2.8902203738969290E-01   4.0747253498737344E+01
   4.7000100000000003E+02   2.8738332179610349E-01   4.0979602263053238E+01
   4.8000100000000003E+02   2.8577667158262016E-01   4.1209991560961207E+01
   4.9000100000000003E+02   2.8420078354901146E-01   4.1438500194030603E+01
   5.0000100000000003E+02   2.8265446594511884E-01   4.1665197770220246E+01
   5.1000100000000003E+02   2.8113660166782783E-01   4.1890149323758635E+01
   5.2000099999999998E+02   2.7964613724336107E-01   4.2113416406644632E+01
   5.3000099999999998E+02   2.7818204509536260E-01   4.2335062351713532E+01
   5.4000099999999998E+02   2.7674340496109107E-01   4.2555139573769189E+01
   5.5000099999999998E+02   2.7532932388031306E-01   4.2773701174520781E+01
   5.6000099999999998E+02   2.7393893667136177E-01   4.2990800677480109E+01
   5.7000099999999998E+02   2.7257146531237764E-01   4.3206482420097132E+01
   5.8000099999999998E+02   2.7122613754587704E-01   4.3420793920524495E+01
   5.9000099999999998E+02   2.6990224807240731E-01   4.3633775962769882E+01
   6.0000099999999998E+02   2.6859909539627208E-01   4.3845472401404123E+01
   6.1000099999999998E+02   2.6731604580227353E-01   4.4055919609668251E+01
   6.2000099999999998E+02   2.6605248016128979E-01   4.4265154818702847E+01
   6.3000099999999998E+02   2.6480778909445729E-01   4.4473216835923736E+01
   6.4000099999999998E+02   2.6358143071218243E-01   4.4680136200865711E+01
   6.5000099999999998E+02   2.6237287697231526E-01   4.4885943852656752E+01
   6.6000099999999998E+02   2.6118158880199244E-01   4.5090675335341700E+01
   6.7000099999999998E+02   2.6000708649025489E-01   4.5294358639262541E+01
   6.8000099999999998E+02   2.5884891654980030E-01   4.5497019578884718E+01
   6.9000099999999998E+02   2.5770661681425727E-01   4.5698687793986906E+01
   7.0000099999999998E+02   2.5657976793312343E-01   4.5899387621665291E+01
   7.1000099999999998E+02   2.5546794801163281E-01   4.6099145962933463E+01
   7.2000099999999998E+02   2.5437077465057489E-01   4.6297984665954800E+01
   7.3000099999999998E+02   2.5328785896209177E-01   4.6495928673793784E+01
   7.4000099999999998E+02   2.5221884860574723E-01   4.6692998121834279E+01
   7.5000099999999998E+02   2.5116338116393339E-01   4.6889216770627293E+01
   7.6000099999999998E+02   2.5012112813648690E-01   4.7084603815687764E+01
   7.7000099999999998E+02   2.4909178280227179E-01   4.7279175939688805E+01
   7.8000099999999998E+02   2.4807500030558718E-01   4.7472958620305278E+01
   7.9000099999999998E+02   2.4707050158920418E-01   4.7665966388089252E+01
   8.0000099999999998E+02   2.4607800256164686E-01   4.7858216100762803E+01
   8.1000099999999998E+02   2.4509722452621330E-01   4.8049724948965377E+01
   8.2000099999999998E+02   2.4412788085428297E-01   4.8240513058272207E+01
   8.3000099999999998E+02   2.4316974913000783E-01   4.8430589192831725E+01
   8.4000099999999998E+02   2.4222253628978535E-01   4.8619977334189919E+01
   8.5000099999999998E+02   2.4128602445051192E-01   4.8808687743350035E+01
   8.6000099999999998E+02   2.4036000990235226E-01   4.8996728819506117E+01
   8.7000099999999998E+02   2.3944420139559086E-01   4.9184127891168124E+01
   8.8000099999999998E+02   2.3853844540745084E-01   4.9370885284856911E+01
   8.9000099999999998E+02   2.3764247359227922E-01   4.9557025923088098E+01
   9.0000099999999998E+02   2.3675613046235439E-01   4.9742552394485720E+01
   9.1000099999999998E+02   2.3587919443490038E-01   4.9927481957250876E+01
   9.2000099999999998E+02   2.3501149268493435E-01   5.0111822573834182E+01
   9.3000099999999998E+02   2.3415282300888604E-01   5.0295589320280932E+01
   9.4000099999999998E+02   2.3330300527597195E-01   5.0478793491359568E+01
   9.5000099999999998E+02   2.3246188155838546E-01   5.0661442406339070E+01
   9.6000099999999998E+02   2.3162926248584187E-01   5.0843551017044788E+01
   9.7000099999999998E+02   2.3080499333420917E-01   5.1025127550799098E+01
   9.8000099999999998E+02   2.2998892738719023E-01   5.1206179175803655E+01
   9.9000099999999998E+02   2.2918089828162808E-01   5.1386718145102201E+01
   1.0000010000000000E+03   2.2838076027877605E-01   5.1566752864224576E+01
   1.1000010000000000E+03   2.2078311711185666E-01   5.3341280702513046E+01
   1.2000010000000000E+03   2.1383689930892977E-01   5.5074003889409937E+01
   1.3000010000000000E+03   2.0744485483648842E-01   5.6771011426251462E+01
   1.4000010000000000E+03   2.0153029083385662E-01   5.8437142007343716E+01
   1.5000010000000000E+03   1.9603169087326514E-01   6.0076277319125495E+01
   1.6000010000000000E+03   1.9089881676139833E-01   6.1691604086572625E+01
   1.7000010000000002E+03   1.8609006048173860E-01   6.3285777831186458E+01
   1.8000010000000002E+03   1.8157060257899560E-01   6.4861018562273173E+01
   1.9000010000000002E+03   1.7731094813674259E-01   6.6419216342789070E+01
   2.0000010000000002E+03   1.7328589621942675E-01   6.7961989297309472E+01
   2.1000010000000002E+03   1.6947372339851277E-01   6.9490738670716595E+01
   2.2000010000000002E+03   1.6585559320885007E-01   7.1006675122554412E+01
   2.3000010000000002E+03   1.6241498006730443E-01   7.2510886738150973E+01
   2.4000010000000002E+03   1.5913747165048936E-01   7.4004281343017965E+01
   2.5000010000000002E+03   1.5601022341106990E-01   7.5487708220304484E+01
   2.6000010000000002E+03   1.5302184877015609E-01   7.6961913079017805E+01
   2.7000010000000002E+03   1.5016223617373284E-01   7.8427536272261705E+01
   2.8000010000000002E+03   1.4742223455151635E-01   7.9885196829817190E+01
   2.9000010000000002E+03   1.4479370805544411E-01   8.1335400428655305E+01
   3.0000010000000002E+03   1.4226917899042263E-01   8.2778675661241863E+01
   3.1000010000000002E+03   1.3984202537565024E-01   8.4215415162958479E+01
   3.2000010000000002E+03   1.3750612172295382E-01   8.5646035803171486E+01
   3.3000010000000002E+03   1.3525588432113564E-01   8.7070919563675204E+01
   3.4000010000000002E+03   1.3308629020925894E-01   8.8490363701039072E+01
   3.5000010000000002E+03   1.3099262622371813E-01   8.9904711156229865E+01
   3.6000010000000002E+03   1.2897065824480461E-01   9.1314213515800006E+01
   3.7000010000000002E+03   1.2701644925514807E-01   9.2719126485595993E+01
   3.8000010000000002E+03   1.2512631025229179E-01   9.4119727501703892E+01
   3.9000010000000002E+03   1.2329694836847641E-01   9.5516185761904651E+01
   4.0000010000000002E+03   1.2152521666980876E-01   9.6908728467753093E+01
   4.1000010000000002E+03   1.1980818958058310E-01   9.8297572690706886E+01
   4.2000010000000002E+03   1.1814322007803715E-01   9.9682861331021726E+01
   4.3000010000000002E+03   1.1652780549267833E-01   1.0106475595628824E+02
   4.4000010000000002E+03   1.1495959296142057E-01   1.0244342312686831E+02
   4.5000010000000002E+03   1.1343641750339201E-01   1.0381898938131756E+02
   4.6000010000000002E+03   1.1195622839822958E-01   1.0519159490036547E+02
   4.7000010000000002E+03   1.1051710241995365E-01   1.0656137345592470E+02
   4.8000010000000002E+03   1.0911728946593913E-01   1.0792839779909943E+02
   4.9000010000000002E+03   1.0775502393971395E-01   1.0929285516031432E+02
   5.0000010000000002E+03   1.0642874918854464E-01   1.1065482131501879E+02
   5.1000010000000002E+03   1.0513702111585488E-01   1.1201434184883315E+02
   5.2000010000000002E+03   1.0387837845332652E-01   1.1337156393455646E+02
   5.3000010000000002E+03   1.0265151477350268E-01   1.1472655079883251E+02
   5.4000010000000002E+03   1.0145518145997674E-01   1.1607937667417444E+02
   5.5000010000000002E+03   1.0028821155682596E-01   1.1743009513701698E+02
   5.6000010000000002E+03   9.9149420801862467E-02   1.1877885043598901E+02
   5.7000010000000002E+03   9.8037787643118476E-02   1.2012566284247447E+02
   5.8000010000000002E+03   9.6952325359339384E-02   1.2147057000015420E+02
   5.9000010000000002E+03   9.5892045241197349E-02   1.2281367233973398E+02
   6.0000010000000002E+03   9.4856014607256650E-02   1.2415506041446537E+02
   6.1000010000000002E+03   9.3843481141519650E-02   1.2549464364476634E+02
   6.2000010000000002E+03   9.2853487189354086E-02   1.2683265411694316E+02
   6.3000010000000002E+03   9.1885344701218064E-02   1.2816901609863842E+02
   6.4000010000000002E+03   9.0938248592396256E-02   1.2950386010869440E+02
   6.5000010000000002E+03   9.0011563652410184E-02   1.3083712521334493E+02
   6.6000010000000011E+03   8.9104530468353524E-02   1.3216897235569905E+02
   6.7000010000000011E+03   8.8216555505937891E-02   1.3349936592623655E+02
   6.8000010000000011E+03   8.7347013785783911E-02   1.3482835547328227E+02
   6.9000010000000011E+03   8.6495311874247152E-02   1.3615598312844241E+02
   7.0000010000000011E+03   8.5660886116571036E-02   1.3748228343345536E+02
   7.1000010000000011E+03   8.4843234428917419E-02   1.3880722845504124E+02
   7.2000010000000011E+03   8.4041781143395194E-02   1.4013094515625812E+02
   7.3000010000000011E+03   8.3256042108092607E-02   1.4145344801461121E+02
   7.4000010000000011E+03   8.2485557013190547E-02   1.4277474324815535E+02
   7.5000010000000011E+03   8.1729922088207146E-02   1.4409476876203516E+02
   7.6000010000000011E+03   8.0988619182904314E-02   1.4541369322080388E+02
   7.7000010000000011E+03   8.0261251589581223E-02   1.4673150481705324E+02
   7.8000010000000011E+03   7.9547441917881517E-02   1.4804818282399140E+02
   7.9000010000000011E+03   7.8846762276881532E-02   1.4936382781176573E+02
   8.0000010000000011E+03   7.8158904926048420E-02   1.5067834222322153E+02
   8.1000010000000011E+03   7.7483475232253116E-02   1.5199181746738626E+02
   8.2000010000000002E+03   7.6820128242684207E-02   1.5330427706440210E+02
   8.3000010000000002E+03   7.6168568507588977E-02   1.5461566962579826E+02
   8.4000010000000002E+03   7.5528444990290891E-02   1.5592607825771157E+02
   8.5000010000000002E+03   7.4899454590778333E-02   1.5723551377755069E+02
   8.6000010000000002E+03   7.4281306877965012E-02   1.5854398258753406E+02
   8.7000010000000002E+03   7.3673688222193084E-02   1.5985156313501568E+02
   8.8000010000000002E+03   7.3076366903449569E-02   1.6115817908407038E+02
   8.9000010000000002E+03   7.2489051655813957E-02   1.6246390255120409E+02
   9.0000010000000002E+03   7.1911532515328114E-02   1.6376864478210217E+02
   9.1000010000000002E+03   7.1343502946568632E-02   1.6507255374129039E+02
   9.2000010000000002E+03   7.0784772596837853E-02   1.6637553236648333E+02
   9.3000010000000002E+03   7.0235053125632899E-02   1.6767772928388791E+02
   9.4000010000000002E+03   6.9694172146030076E-02   1.6897903887233696E+02
   9.5000010000000002E+03   6.9161930053988893E-02   1.7027943284761082E+02
   9.6000010000000002E+03   6.8638063090059709E-02   1.7157905823751173E+02
   9.7000010000000002E+03   6.8122423216539968E-02   1.7287779365693447E+02
   9.8000010000000002E+03   6.7614797596735887E-02   1.7417569293748633E+02
   9.9000010000000002E+03   6.7114943820492809E-02   1.7547290594085882E+02
   1.0000001000000000E+04   6.6622771561938993E-02   1.7676920290370165E+02
   1.1000001000000000E+04   6.2084676274850099E-02   1.8969019298905565E+02
   1.2000001000000000E+04   5.8152854904868836E-02   2.0251549547317831E+02
   1.3000001000000000E+04   5.4734552862111617E-02   2.1516306626104807E+02
   1.4000001000000000E+04   5.1709207357299815E-02   2.2775159059901571E+02
   1.5000001000000000E+04   4.9012708271474602E-02   2.4028164611938999E+02
   1.6000001000000000E+04   4.6594243627046693E-02   2.5275341560439486E+02
   1.7000001000000000E+04   4.4413061418047073E-02   2.6516645887990694E+02
   1.8000001000000000E+04   4.2435934523962202E-02   2.7752079355267529E+02
   1.9000001000000000E+04   4.0635625589197658E-02   2.8981599405645795E+02
   2.0000001000000000E+04   3.8989530146022543E-02   3.0205170926997585E+02
   2.1000001000000000E+04   3.7478751088989931E-02   3.1422749910412642E+02
   2.2000001000000000E+04   3.6087427461128259E-02   3.2634230403164236E+02
   2.3000001000000000E+04   3.4801869607984925E-02   3.3839717109730458E+02
   2.4000001000000000E+04   3.3610626779921549E-02   3.5039079459460316E+02
   2.5000001000000000E+04   3.2503735361085938E-02   3.6232310204995161E+02
   2.6000001000000000E+04   3.1472674494623043E-02   3.7419299164586022E+02
   2.7000001000000000E+04   3.0509784411896879E-02   3.8600253824301473E+02
   2.8000001000000000E+04   2.9608761073295086E-02   3.9774897014725860E+02
   2.9000001000000000E+04   2.8763768244502854E-02   4.0943363623749383E+02
   3.0000001000000000E+04   2.7969782518473426E-02   4.2105633879923829E+02
   3.1000001000000000E+04   2.7222358368765114E-02   4.3261697112003719E+02
   3.2000001000000000E+04   2.6517628269603140E-02   4.4411416075769625E+02
   3.3000001000000004E+04   2.5851964700124273E-02   4.5554967913841955E+02
   3.4000001000000004E+04   2.5222226132457979E-02   4.6692366337497708E+02
   3.5000001000000004E+04   2.4625707286257754E-02   4.7823415130136669E+02
   3.6000001000000004E+04   2.4059783074909549E-02   4.8948297611713332E+02
   3.7000001000000004E+04   2.3522182334295198E-02   5.0067013582616346E+02
   3.8000001000000004E+04   2.3010912508066753E-02   5.1179431585387329E+02
   3.9000001000000004E+04   2.2523961007465031E-02   5.2285893321943695E+02
   4.0000001000000004E+04   2.2059813797886376E-02   5.3386009202705691E+02
   4.1000001000000004E+04   2.1616755574391262E-02   5.4480211813983101E+02
   4.2000001000000004E+04   2.1193533143849471E-02   5.5568149700688741E+02
   4.3000001000000004E+04   2.0788793773324595E-02   5.6650012274165613E+02
   4.4000001000000004E+04   2.0401298539238718E-02   5.7726003085482114E+02
   4.5000001000000004E+04   2.0030141922383254E-02   5.8795660409569928E+02
   4.6000001000000004E+04   1.9674141749219297E-02   5.9859557658756250E+02
   4.7000001000000004E+04   1.9332522625362267E-02   6.0917317685118587E+02
   4.8000001000000004E+04   1.9004352513357383E-02   6.1969247391942929E+02
   4.9000001000000004E+04   1.8688859939271302E-02   6.3015369918270960E+02
   5.0000001000000004E+04   1.8385429106832853E-02   6.4055367736086998E+02
   5.1000001000000004E+04   1.8093265740968707E-02   6.5089710132167829E+02
   5.2000001000000004E+04   1.7811861283427873E-02   6.6118043683601593E+02
   5.3000001000000004E+04   1.7540565189044573E-02   6.7140677038131628E+02
   5.4000001000000004E+04   1.7278863435585035E-02   6.8157574531120270E+02
   5.5000001000000004E+04   1.7026233236410997E-02   6.9168876408049448E+02
   5.6000001000000004E+04   1.6782282605102297E-02   7.0174329090721290E+02
   5.7000001000000004E+04   1.6546460998757801E-02   7.1174459753801659E+02
   5.8000001000000004E+04   1.6318534992861951E-02   7.2168575361641149E+02
   5.9000001000000004E+04   1.6098011115884964E-02   7.3157200224680957E+02
   6.0000001000000004E+04   1.5884516611021037E-02   7.4140463399863938E+02
   6.1000001000000004E+04   1.5677798852155065E-02   7.5118033693999826E+02
   6.2000001000000004E+04   1.5477481687442580E-02   7.6090248155772861E+02
   6.3000001000000004E+04   1.5283305706642819E-02   7.7056982633806786E+02
   6.4000001000000004E+04   1.5094981374173469E-02   7.8018342204706460E+02
   6.5000001000000004E+04   1.4912236067023039E-02   7.8974435298021660E+02
   6.6000001000000004E+04   1.4734862030992316E-02   7.9925106862003304E+02
   6.7000001000000004E+04   1.4562666615689219E-02   8.0870176699310423E+02
   6.8000001000000004E+04   1.4395322905907362E-02   8.1810281722867990E+02
   6.9000001000000004E+04   1.4232614689574428E-02   8.2745542411585518E+02
   7.0000001000000004E+04   1.4074536341694827E-02   8.3674900105598897E+02
   7.1000001000000004E+04   1.3920696558475236E-02   8.4599604443423800E+02
   7.2000001000000004E+04   1.3771061969214023E-02   8.5518852871094282E+02
   7.3000001000000004E+04   1.3625359795709870E-02   8.6433344886404120E+02
   7.4000001000000004E+04   1.3483475855024187E-02   8.7342865822324961E+02
   7.5000001000000004E+04   1.3345355210974966E-02   8.8246839728584359E+02
   7.6000001000000004E+04   1.3210699302344933E-02   8.9146334760257082E+02
   7.7000001000000004E+04   1.3079519124929422E-02   9.0040422065615564E+02
   7.8000001000000004E+04   1.2951529545271645E-02   9.0930219346477600E+02
   7.9000001000000004E+04   1.2826755696631170E-02   9.1814754274398808E+02
   8.0000001000000004E+04   1.2705026251717834E-02   9.2694450140526260E+02
   8.1000001000000004E+04   1.2586175074178812E-02   9.3569763290518529E+02
   8.2000001000000004E+04   1.2470246021826049E-02   9.4439630169500424E+02
   8.3000001000000004E+04   1.2356981088993878E-02   9.5305270271302538E+02
   8.4000001000000004E+04   1.2246383205688712E-02   9.6165978366320883E+02
   8.5000001000000004E+04   1.2138305815972764E-02   9.7022223717104157E+02
   8.6000001000000004E+04   1.2032761508861537E-02   9.7873245601737267E+02
   8.7000001000000004E+04   1.1929508239316546E-02   9.8720366237947019E+02
   8.8000001000000004E+04   1.1828618597764368E-02   9.9562380229803057E+02
   8.9000001000000004E+04   1.1729857130718965E-02   1.0040066211375513E+03
   9.0000001000000004E+04   1.1633356504008110E-02   1.0123350230160838E+03
   9.1000001000000004E+04   1.1538887479254779E-02   1.0206230232691332E+03
   9.2000001000000004E+04   1.1446485230528035E-02   1.0288620469129005E+03
   9.3000001000000004E+04   1.1355977978299462E-02   1.0370620871882777E+03
   9.4000001000000004E+04   1.1267301341967908E-02   1.0452240396174986E+03
   9.5000001000000004E+04   1.1180552451518468E-02   1.0533338379571669E+03
   9.6000001000000004E+04   1.1095620041067341E-02   1.0613966755035428E+03
   9.7000001000000004E+04   1.1012341419763963E-02   1.0694232747908920E+03
   9.8000001000000004E+04   1.0930715182485132E-02   1.0774093028340947E+03
   9.9000001000000004E+04   1.0850742553132528E-02   1.0853500731928682E+03
   1.0000000100000000E+05   1.0772373658805732E-02   1.0932459824778291E+03
   1.1000000100000000E+05   1.0065858562482592E-02   1.1699801016610725E+03
   1.2000000100000000E+05   9.4759174254573798E-03   1.2428194226978419E+03
   1.3000000100000000E+05   8.9761168242084698E-03   1.3120210504031472E+03
   1.4000000099999999E+05   8.5474726884524326E-03   1.3778171224986534E+03
   1.5000000099999999E+05   8.1758708643775314E-03   1.4404403420253859E+03
   1.6000000099999999E+05   7.8508529166606816E-03   1.5000732212479891E+03
   1.7000000099999999E+05   7.5641971127622604E-03   1.5569205890165836E+03
   1.8000000099999999E+05   7.3096280321309215E-03   1.6111427520623290E+03
   1.9000000099999999E+05   7.0822110395618726E-03   1.6628781828800052E+03
   2.0000000099999999E+05   6.8777401633484296E-03   1.7123145022253639E+03
   2.1000000099999999E+05   6.6930066766637871E-03   1.7595760460393983E+03
   2.2000000099999999E+05   6.5254335425899510E-03   1.8047619590904781E+03
   2.3000000099999999E+05   6.3727317221256175E-03   1.8480072185293882E+03
   2.4000000099999999E+05   6.2330696303115971E-03   1.8894148345412632E+03
   2.5000000099999999E+05   6.1048575765779755E-03   1.9290956548147306E+03
   2.6000000099999999E+05   5.9868325802033603E-03   1.9671260330849811E+03
   2.7000000099999999E+05   5.8777150891101563E-03   2.0036449616380248E+03
   2.8000000099999999E+05   5.7767733852394322E-03   2.0386560868617560E+03
   2.9000000099999999E+05   5.6830401297457067E-03   2.0722806729091894E+03
   3.0000000099999999E+05   5.5958175559479382E-03   2.1045815211972804E+03
   3.1000000099999999E+05   5.5144278240695441E-03   2.1356439144665896E+03
   3.2000000099999999E+05   5.4383573263735961E-03   2.1655168127932479E+03
   3.3000000099999999E+05   5.3671669024935647E-03   2.1942403577514756E+03
   3.4000000099999999E+05   5.3004818287296536E-03   2.2218459764179352E+03
   3.5000000099999999E+05   5.2376345957502917E-03   2.2485062691839662E+03
   3.6000000099999999E+05   5.1786047533582237E-03   2.2741365261757619E+03
   3.7000000099999999E+05   5.1228918308039665E-03   2.2988684151839971E+03
   3.8000000099999999E+05   5.0703824952673107E-03   2.3226757025198517E+03
   3.9000000099999999E+05   5.0206320222668582E-03   2.3456915726960624E+03
   4.0000000099999999E+05   4.9736804195701142E-03   2.3678349292207354E+03
   4.1000000099999999E+05   4.9291285624386890E-03   2.3892365709391752E+03
   4.2000000099999999E+05   4.8868764440718705E-03   2.4098940005994059E+03
   4.3000000099999999E+05   4.8467483999942084E-03   2.4298464150219625E+03
   4.4000000099999999E+05   4.8084841146055143E-03   2.4491823085092019E+03
   4.5000000099999999E+05   4.7722361084093006E-03   2.4677853225843146E+03
   4.6000000099999999E+05   4.7375699581310030E-03   2.4858428114664489E+03
   4.7000000099999999E+05   4.7045653993109159E-03   2.5032820727636886E+03
   4.8000000099999999E+05   4.6731121512997758E-03   2.5201308770138880E+03
   4.9000000099999999E+05   4.6430017008173598E-03   2.5364742429808171E+03
   5.0000000099999999E+05   4.6143526735618074E-03   2.5522223933414339E+03
   5.1000000099999999E+05   4.5868630234555076E-03   2.5675181848720831E+03
   5.2000000099999999E+05   4.5604480462133681E-03   2.5823897355914228E+03
   5.3000000099999993E+05   4.5353668373688139E-03   2.5966707096777386E+03
   5.4000000099999993E+05   4.5111021028452856E-03   2.6106379230058546E+03
   5.5000000099999993E+05   4.4880428977807059E-03   2.6240511716282613E+03
   5.6000000099999993E+05   4.4656693590338775E-03   2.6371979825186195E+03
   5.7000000099999993E+05   4.4442719478464190E-03   2.6498950474770390E+03
   5.8000000099999993E+05   4.4236822904307723E-03   2.6622287612550372E+03
   5.9000000099999993E+05   4.4039722563817708E-03   2.6741436000586941E+03
   6.0000000099999993E+05   4.3849769744253517E-03   2.6857277228423095E+03
   6.1000000099999993E+05   4.3666527729539668E-03   2.6969980982189513E+03
   6.2000000099999993E+05   4.3490842849379001E-03   2.7078928465529884E+03
   6.3000000099999993E+05   4.3319827321830710E-03   2.7185829104873878E+03
   6.4000000099999993E+05   4.3156930870525221E-03   2.7288442404699745E+03
   6.5000000099999993E+05   4.2999293328402303E-03   2.7388483188072300E+03
   6.6000000099999993E+05   4.2845271377343246E-03   2.7486940438582465E+03
   6.7000000099999993E+05   4.2699832006004943E-03   2.7580563367516675E+03
   6.8000000099999993E+05   4.2556087598659992E-03   2.7673723992922201E+03
   6.9000000099999993E+05   4.2420469009731643E-03   2.7762197116532684E+03
   7.0000000099999993E+05   4.2285969722550033E-03   2.7850500536018362E+03
   7.1000000099999993E+05   4.2159193961243723E-03   2.7934249015921973E+03
   7.2000000099999993E+05   4.2034416557557982E-03   2.8017170663266475E+03
   7.3000000099999993E+05   4.1914200132468571E-03   2.8097528253000091E+03
   7.4000000099999993E+05   4.1796934897530705E-03   2.8176358513157666E+03
   7.5000000099999993E+05   4.1685305453254464E-03   2.8251812230201408E+03
   7.6000000099999993E+05   4.1576272948681964E-03   2.8325901743948175E+03
   7.7000000099999993E+05   4.1469643325362966E-03   2.8398735267242091E+03
   7.8000000099999993E+05   4.1368215452132285E-03   2.8468364166848132E+03
   7.9000000099999993E+05   4.1267377498017408E-03   2.8537927385390922E+03
   8.0000000099999993E+05   4.1171478960952768E-03   2.8604399262432580E+03
   8.1000000099999993E+05   4.1077370071169834E-03   2.8669932383292835E+03
   8.2000000099999993E+05   4.0986442420142041E-03   2.8733536088635592E+03
   8.3000000099999993E+05   4.0898586448680834E-03   2.8795259804435655E+03
   8.4000000099999993E+05   4.0813698310506004E-03   2.8855150872734889E+03
   8.5000000099999993E+05   4.0730082915551805E-03   2.8914388042511573E+03
   8.6000000099999993E+05   4.0649212151430579E-03   2.8971912617560765E+03
   8.7000000099999993E+05   4.0570996003472396E-03   2.9027767085706746E+03
   8.8000000099999993E+05   4.0495348961663846E-03   2.9081992194679633E+03
   8.9000000099999993E+05   4.0422189779301450E-03   2.9134627016841637E+03
   9.0000000099999993E+05   4.0349768257429419E-03   2.9186919114636898E+03
   9.1000000099999993E+05   4.0279651917120851E-03   2.9237725908037482E+03
   9.2000000099999993E+05   4.0211769602356224E-03   2.9287082714085009E+03
   9.3000000099999993E+05   4.0144336428670456E-03   2.9336278219879891E+03
   9.4000000099999993E+05   4.0080705852311776E-03   2.9382851359041356E+03
   9.5000000099999993E+05   4.0017367212414924E-03   2.9429357912845717E+03
   9.6000000099999993E+05   3.9955977812947269E-03   2.9474573940781415E+03
   9.7000000099999993E+05   3.9896480561534718E-03   2.9518529099515972E+03
   9.8000000099999993E+05   3.9838820964952287E-03   2.9561251912048051E+03
   9.9000000099999993E+05   3.9782947004238312E-03   2.9602769807336549E+03
   1.0000000009999999E+06   3.9725163942190113E-03   2.9645829130818893E+03
   1.1000000009999999E+06   3.9245541627258252E-03   3.0008132735412846E+03
   1.2000000009999999E+06   3.8867737396018082E-03   3.0299819370102755E+03
   1.3000000009999999E+06   3.8566266632983179E-03   3.0536671688535685E+03
   1.4000000009999999E+06   3.8325449536851255E-03   3.0728548175059245E+03
   1.5000000009999999E+06   3.8128946699271678E-03   3.0886912028084730E+03
   1.6000000009999999E+06   3.7966734805127667E-03   3.1018875562216676E+03
   1.7000000009999997E+06   3.7837690238664364E-03   3.1124664719109110E+03
   1.8000000009999997E+06   3.7729069103463624E-03   3.1214271923709389E+03
   1.9000000009999997E+06   3.7641008582652126E-03   3.1287297199754207E+03
   2.0000000009999997E+06   3.7565745594704283E-03   3.1349981313560211E+03
   2.1000000009999997E+06   3.7502661163874404E-03   3.1402716124006092E+03
   2.2000000009999997E+06   3.7455981795506614E-03   3.1441851634101777E+03
   2.3000000009999997E+06   3.7412422745784885E-03   3.1478459185234701E+03
   2.4000000009999997E+06   3.7377122443335371E-03   3.1508188577366695E+03
   2.5000000009999997E+06   3.7352574315060037E-03   3.1528895772763635E+03
   2.6000000009999997E+06   3.7329179281302073E-03   3.1548655638776136E+03
   2.7000000009999997E+06   3.7314117552006295E-03   3.1561390157024216E+03
   2.8000000009999997E+06   3.7302079551674696E-03   3.1571575541585676E+03
   2.9000000009999997E+06   3.7287225618930957E-03   3.1584152558296473E+03
   3.0000000009999997E+06   3.7282960984392644E-03   3.1587765331110304E+03
   3.1000000009999997E+06   3.7279143512078160E-03   3.1590999992861284E+03
   3.2000000009999997E+06   3.7280212379163695E-03   3.1590094242117480E+03
   3.3000000009999997E+06   3.7275007273135032E-03   3.1594505503228202E+03
   3.4000000009999997E+06   3.7279072977023575E-03   3.1591059765616637E+03
   3.5000000009999997E+06   3.7281179367983611E-03   3.1589274867074359E+03
   3.6000000009999997E+06   3.7286554829621980E-03   3.1584720760748164E+03
   3.7000000009999997E+06   3.7288975296280260E-03   3.1582670563259358E+03
   3.8000000009999997E+06   3.7300245056328114E-03   3.1573128290323057E+03
   3.9000000009999997E+06   3.7301594474811019E-03   3.1571986104218740E+03
   4.0000000009999997E+06   3.7318087274379893E-03   3.1558032804978620E+03
   4.1000000009999997E+06   3.7323799208323375E-03   3.1553203248433156E+03
   4.2000000010000002E+06   3.7338278347482236E-03   3.1540967461434889E+03
   4.3000000010000002E+06   3.7340837171240646E-03   3.1538806080410313E+03
   4.4000000010000002E+06   3.7352011305866986E-03   3.1529371009773536E+03
   4.5000000010000002E+06   3.7364875102445724E-03   3.1518516232022689E+03
   4.6000000010000002E+06   3.7371885478225189E-03   3.1512603855915081E+03
   4.7000000010000002E+06   3.7387811357715984E-03   3.1499180606111859E+03
   4.8000000010000002E+06   3.7397475319720947E-03   3.1491040835125646E+03
   4.9000000010000002E+06   3.7408331966357600E-03   3.1481901504805469E+03
   5.0000000010000002E+06   3.7420345554938510E-03   3.1471794419827643E+03
   5.1000000010000002E+06   3.7441798913441871E-03   3.1453761747572939E+03
   5.2000000010000002E+06   3.7447729951507508E-03   3.1448780044850932E+03
   5.3000000010000002E+06   3.7463057450943778E-03   3.1435913205057091E+03
   5.4000000010000002E+06   3.7470662116019992E-03   3.1429533291338216E+03
   5.5000000010000002E+06   3.7487924184480791E-03   3.1415060930780287E+03
   5.6000000010000002E+06   3.7497110008665028E-03   3.1407365051647716E+03
   5.7000000010000002E+06   3.7516252381131227E-03   3.1391339690854943E+03
   5.8000000010000002E+06   3.7526953820599712E-03   3.1382387924528734E+03
   5.9000000010000002E+06   3.7538321181614380E-03   3.1372884704304406E+03
   6.0000000010000002E+06   3.7550341234707210E-03   3.1362842086117162E+03
   6.1000000010000002E+06   3.7563002948647357E-03   3.1352270318588689E+03
   6.2000000010000002E+06   3.7576297366272359E-03   3.1341177949081275E+03
   6.3000000010000002E+06   3.7590217499072404E-03   3.1329571914634366E+03
   6.4000000010000002E+06   3.7594388010896576E-03   3.1326096386582717E+03
   6.5000000010000002E+06   3.7609364962735560E-03   3.1313621583103586E+03
   6.6000000010000002E+06   3.7635690089213468E-03   3.1291718569057539E+03
   6.7000000010000002E+06   3.7641146235560972E-03   3.1287182782742502E+03
   6.8000000009999992E+06   3.7657951806640403E-03   3.1273220287468453E+03
   6.9000000009999992E+06   3.7664132352756398E-03   3.1268088466605782E+03
   7.0000000009999992E+06   3.7670612372704207E-03   3.1262709795428664E+03
   7.1000000009999992E+06   3.7688834373566594E-03   3.1247594731927188E+03
   7.2000000009999992E+06   3.7695998472189137E-03   3.1241656148007150E+03
   7.3000000009999992E+06   3.7715228025278196E-03   3.1225727221763209E+03
   7.4000000009999992E+06   3.7735081890832665E-03   3.1209298175924773E+03
   7.5000000009999992E+06   3.7743303835249243E-03   3.1202499589452245E+03
   7.6000000009999992E+06   3.7751792782162834E-03   3.1195483330274446E+03
   7.7000000009999992E+06   3.7760544347780799E-03   3.1188253314816129E+03
   7.8000000009999992E+06   3.7769554647999080E-03   3.1180813049018207E+03
   7.9000000009999992E+06   3.7778820271873064E-03   3.1173165650721539E+03
   8.0000000009999992E+06   3.7788338257743522E-03   3.1165313869884358E+03
   8.1000000009999992E+06   3.7811170850529487E-03   3.1146494433600546E+03
   8.2000000009999992E+06   3.7821329667219418E-03   3.1138128478985286E+03
   8.3000000009999992E+06   3.7831737692266255E-03   3.1129561956776943E+03
   8.4000000009999983E+06   3.7842393676492786E-03   3.1120796229005437E+03
   8.5000000009999983E+06   3.7853296738656365E-03   3.1111832360462959E+03
   8.6000000009999983E+06   3.7864446353978228E-03   3.1102671128854427E+03
   8.7000000009999983E+06   3.7875842344257307E-03   3.1093313033670265E+03
   8.8000000009999983E+06   3.7887484869479986E-03   3.1083758303856498E+03
   8.9000000009999983E+06   3.7899374420850246E-03   3.1074006904347084E+03
   9.0000000009999983E+06   3.7911511815176087E-03   3.1064058541514169E+03
   9.1000000009999983E+06   3.7909240551747434E-03   3.1065919688271101E+03
   9.2000000009999983E+06   3.7936535003338600E-03   3.1043568484056173E+03
   9.3000000009999983E+06   3.7949424026272509E-03   3.1033024944163067E+03
   9.4000000009999983E+06   3.7962567347902473E-03   3.1022280754386493E+03
   9.5000000009999983E+06   3.7975967373114544E-03   3.1011334375057677E+03
   9.6000000009999983E+06   3.7974015412720603E-03   3.1012928436044003E+03
   9.7000000009999983E+06   3.7987731344731241E-03   3.1001730841377994E+03
   9.8000000009999983E+06   3.8001707562841346E-03   3.0990329065515334E+03
   9.9000000009999983E+06   3.7999919349073086E-03   3.0991787419482052E+03
   1.0000000000999998E+07   3.8014209550296641E-03   3.0980137068633221E+03
   1.1000000000999998E+07   3.8116061766700193E-03   3.0897353184919330E+03
   1.2000000000999998E+07   3.8208339413070666E-03   3.0822732432623393E+03
   1.3000000000999998E+07   3.8294726579821484E-03   3.0753200965390620E+03
   1.4000000000999998E+07   3.8375817228429891E-03   3.0688217410819675E+03
   1.5000000000999998E+07   3.8452148031264469E-03   3.0627298674352073E+03
   1.6000000000999998E+07   3.8524194880266761E-03   3.0570020375096315E+03
   1.7000000000999998E+07   3.8592376252513791E-03   3.0516012144943397E+03
   1.8000000000999998E+07   3.8657059039573414E-03   3.0464951335753035E+03
   1.9000000000999998E+07   3.8718564893412783E-03   3.0416556648366281E+03
   2.0000000000999998E+07   3.8777176260892210E-03   3.0370582285323912E+03
   2.1000000000999998E+07   3.8833141795700742E-03   3.0326812819309889E+03
   2.2000000000999998E+07   3.8886681072724553E-03   3.0285058789704080E+03
   2.3000000000999998E+07   3.8937988633177176E-03   3.0245152966645205E+03
   2.4000000000999998E+07   3.8987237429126561E-03   3.0206947198164685E+03
   2.5000000000999998E+07   3.9034581746865832E-03   3.0170309754080936E+03
   2.6000000000999998E+07   3.9080159686167553E-03   3.0135123087554284E+03
   2.7000000000999998E+07   3.9124095264732681E-03   3.0101281945439064E+03
   2.8000000000999998E+07   3.9166500207861834E-03   3.0068691769083334E+03
   2.9000000000999998E+07   3.9207475474263547E-03   3.0037267336862546E+03
   3.0000000000999998E+07   3.9247112560681519E-03   3.0006931608104155E+03
   3.1000000000999998E+07   3.9285494620898247E-03   2.9977614735120487E+03
   3.2000000000999998E+07   3.9322697428645784E-03   2.9949253215930607E+03
   3.3000000000999998E+07   3.9358790208929538E-03   2.9921789165073169E+03
   3.4000000001000002E+07   3.9393836358109545E-03   2.9895169683860959E+03
   3.5000000001000002E+07   3.9427894069655302E-03   2.9869346314651689E+03
   3.6000000001000002E+07   3.9461016879665800E-03   2.9844274566345380E+03
   3.7000000001000002E+07   3.9493254143925351E-03   2.9819913500470088E+03
   3.8000000001000002E+07   3.9524651456352491E-03   2.9796225368981859E+03
   3.9000000001000002E+07   3.9555251017120629E-03   2.9773175296351942E+03
   4.0000000001000002E+07   3.9585091957426355E-03   2.9750730999703956E+03
   4.1000000001000002E+07   3.9614210626798766E-03   2.9728862541747558E+03
   4.2000000001000002E+07   3.9642640847946690E-03   2.9707542112067308E+03
   4.3000000001000002E+07   3.9670414143391361E-03   2.9686743833001424E+03
   4.4000000001000002E+07   3.9697559937507025E-03   2.9666443586907612E+03
   4.5000000001000002E+07   3.9724105737068615E-03   2.9646618862082446E+03
   4.6000000001000002E+07   3.9750077292964245E-03   2.9627248614995419E+03
   4.7000000001000002E+07   3.9775498745359336E-03   2.9608313146829823E+03
   4.8000000001000002E+07   3.9800392754285058E-03   2.9589793992601790E+03
   4.9000000001000002E+07   3.9824780617357843E-03   2.9571673821365271E+03
   5.0000000001000002E+07   3.9848682376109308E-03   2.9553936346211535E+03
   5.1000000001000002E+07   3.9872116912214751E-03   2.9536566242941421E+03
   5.2000000001000002E+07   3.9895102034740310E-03   2.9519549076435942E+03
   5.3000000001000002E+07   3.9917654559390890E-03   2.9502871233873075E+03
   5.4000000001000002E+07   3.9939790380615972E-03   2.9486519864047746E+03
   5.5000000001000002E+07   3.9961524537327920E-03   2.9470482822142185E+03
   5.6000000001000002E+07   3.9982871272895518E-03   2.9454748619374204E+03
   5.7000000001000002E+07   4.0003844089997638E-03   2.9439306377018866E+03
   5.8000000001000002E+07   4.0024455800853464E-03   2.9424145784358761E+03
   5.9000000001000002E+07   4.0044718573286966E-03   2.9409257060169389E+03
   6.0000000001000002E+07   4.0064643973030884E-03   2.9394630917391482E+03
   6.1000000001000002E+07   4.0084243002631538E-03   2.9380258530680512E+03
   6.2000000001000002E+07   4.0103526137274699E-03   2.9366131506559027E+03
   6.3000000001000002E+07   4.0122503357819901E-03   2.9352241855926081E+03
   6.4000000001000002E+07   4.0141184181298204E-03   2.9338581968705848E+03
   6.5000000001000002E+07   4.0159577689103535E-03   2.9325144590439168E+03
   6.6000000001000002E+07   4.0177692553082086E-03   2.9311922800643611E+03
   6.7000000001000002E+07   4.0195537059705038E-03   2.9298909992784606E+03
   6.8000000001000002E+07   4.0213119132490021E-03   2.9286099855716739E+03
   6.9000000001000002E+07   4.0230446352821072E-03   2.9273486356468261E+03
   7.0000000001000002E+07   4.0247525979301849E-03   2.9261063724254400E+03
   7.1000000001000002E+07   4.0264364965764089E-03   2.9248826435616115E+03
   7.2000000001000002E+07   4.0280969978041372E-03   2.9236769200591129E+03
   7.3000000001000002E+07   4.0297347409608041E-03   2.9224886949832880E+03
   7.4000000001000002E+07   4.0313503396174136E-03   2.9213174822600545E+03
   7.5000000001000002E+07   4.0329443829318435E-03   2.9201628155550957E+03
   7.6000000001000002E+07   4.0345174369234450E-03   2.9190242472269242E+03
   7.7000000001000002E+07   4.0360700456657612E-03   2.9179013473480823E+03
   7.8000000001000002E+07   4.0376027324035809E-03   2.9167937027892312E+03
   7.9000000001000002E+07   4.0391160006000085E-03   2.9157009163613807E+03
   8.0000000001000002E+07   4.0406103349186900E-03   2.9146226060119075E+03
   8.1000000001000002E+07   4.0420862021460146E-03   2.9135584040703584E+03
   8.2000000001000002E+07   4.0435440520575558E-03   2.9125079565404294E+03
   8.3000000001000002E+07   4.0449843182327905E-03   2.9114709224347594E+03
   8.4000000001000002E+07   4.0464074188217326E-03   2.9104469731494919E+03
   8.5000000001000002E+07   4.0478137572668316E-03   2.9094357918757946E+03
   8.6000000001000002E+07   4.0492037229832301E-03   2.9084370730457649E+03
   8.7000000001000002E+07   4.0505776920002380E-03   2.9074505218103263E+03
   8.8000000001000002E+07   4.0519360275666086E-03   2.9064758535469655E+03
   8.9000000001000002E+07   4.0532790807220834E-03   2.9055127933952522E+03
   9.0000000001000002E+07   4.0546071908373737E-03   2.9045610758183352E+03
   9.1000000001000002E+07   4.0559206861246963E-03   2.9036204441886589E+03
   9.2000000001000002E+07   4.0572198841207332E-03   2.9026906503963364E+03
   9.3000000001000002E+07   4.0585050921437982E-03   2.9017714544787095E+03
   9.4000000001000002E+07   4.0597766077268239E-03   2.9008626242697451E+03
   9.5000000001000002E+07   4.0610347190277027E-03   2.8999639350680031E+03
   9.6000000001000002E+07   4.0622797052183709E-03   2.8990751693220213E+03
   9.7000000001000002E+07   4.0635118368539808E-03   2.8981961163320098E+03
   9.8000000001000002E+07   4.0647313762232880E-03   2.8973265719669098E+03
   9.9000000001000002E+07   4.0659385776814858E-03   2.8964663383958095E+03
   1.0000000000100000E+08   4.0671336879664491E-03   2.8956152238329150E+03
   1.1000000000100000E+08   4.0784691729008598E-03   2.8875673015968714E+03
   1.2000000000100000E+08   4.0888203351680755E-03   2.8802572035132616E+03
   1.3000000000100000E+08   4.0983443820423633E-03   2.8735638410090123E+03
   1.4000000000099999E+08   4.1071636597444557E-03   2.8673934617380464E+03
   1.5000000000099999E+08   4.1153752476664265E-03   2.8616720263643710E+03
   1.6000000000099999E+08   4.1230574655326466E-03   2.8563400638215307E+03
   1.7000000000099999E+08   4.1302744130569530E-03   2.8513490985028570E+03
   1.8000000000099999E+08   4.1370792150837374E-03   2.8466591070582117E+03
   1.9000000000099999E+08   4.1435163911832358E-03   2.8422366686659407E+03
   2.0000000000099999E+08   4.1496236186001415E-03   2.8380535939334741E+03
   2.1000000000099999E+08   4.1554330658150973E-03   2.8340858913412203E+03
   2.2000000000100002E+08   4.1609724163677057E-03   2.8303129763402494E+03
   2.3000000000100002E+08   4.1662656654251505E-03   2.8267170579093590E+03
   2.4000000000100002E+08   4.1713337470464856E-03   2.8232826569147014E+03
   2.5000000000100002E+08   4.1761950335574404E-03   2.8199962237413492E+03
   2.6000000000100002E+08   4.1808657370957739E-03   2.8168458316530673E+03
   2.7000000000100005E+08   4.1853602354556697E-03   2.8138209285961707E+03
   2.8000000000100005E+08   4.1896913387329789E-03   2.8109121345919589E+03
   2.9000000000100005E+08   4.1938705092237454E-03   2.8081110750410767E+03
   3.0000000000100005E+08   4.1979080440765152E-03   2.8054102425747901E+03
   3.1000000000100005E+08   4.2018132280201561E-03   2.8028028817902673E+03
   3.2000000000100005E+08   4.2055944618632516E-03   2.8002828924740706E+03
   3.3000000000100005E+08   4.2092593712350999E-03   2.7978447478715816E+03
   3.4000000000100005E+08   4.2128148991050522E-03   2.7954834252844030E+03
   3.5000000000100005E+08   4.2162673848997294E-03   2.7931943468332556E+03
   3.6000000000100005E+08   4.2196226324820374E-03   2.7909733286533396E+03
   3.7000000000100005E+08   4.2228859688220157E-03   2.7888165371239097E+03
   3.8000000000100005E+08   4.2260622948481191E-03   2.7867204509967141E+03
   3.9000000000100005E+08   4.2291561296969888E-03   2.7846818284959249E+03
   4.0000000000100005E+08   4.2321716493640311E-03   2.7826976786277251E+03
   4.1000000000100005E+08   4.2351127205840413E-03   2.7807652360703350E+03
   4.2000000000100005E+08   4.2379829306311376E-03   2.7788819391222751E+03
   4.3000000000100005E+08   4.2407856136139699E-03   2.7770454102732160E+03
   4.4000000000100005E+08   4.2435238737494009E-03   2.7752534390324572E+03
   4.5000000000100005E+08   4.2462006060219239E-03   2.7735039667079154E+03
   4.6000000000100005E+08   4.2488185145734573E-03   2.7717950728760766E+03
   4.7000000000100005E+08   4.2513801291162489E-03   2.7701249633227835E+03
   4.8000000000100005E+08   4.2538878196185697E-03   2.7684919592673568E+03
   4.9000000000100005E+08   4.2563438094767808E-03   2.7668944877098761E+03
   5.0000000000100005E+08   4.2587501873571952E-03   2.7653310727642352E+03
   5.1000000000100005E+08   4.2611089178657569E-03   2.7638003278587821E+03
   5.2000000000100005E+08   4.2634218511820327E-03   2.7623009487025611E+03
   5.3000000000100005E+08   4.2656907317759072E-03   2.7608317069288282E+03
   5.4000000000100005E+08   4.2679172063097631E-03   2.7593914443392323E+03
   5.5000000000100005E+08   4.2701028308158523E-03   2.7579790676819030E+03
   5.6000000000100005E+08   4.2722490772271688E-03   2.7565935439051996E+03
   5.7000000000100005E+08   4.2743573393304833E-03   2.7552338958361479E+03
   5.8000000000100005E+08   4.2764289382018032E-03   2.7538991982388493E+03
   5.9000000000100005E+08   4.2784651271773489E-03   2.7525885742135188E+03
   6.0000000000100005E+08   4.2804670964068595E-03   2.7513011919015030E+03
   6.1000000000100005E+08   4.2824359770306675E-03   2.7500362614656369E+03
   6.2000000000100005E+08   4.2843728450172045E-03   2.7487930323188452E+03
   6.3000000000100005E+08   4.2862787246935831E-03   2.7475707905769150E+03
   6.4000000000100005E+08   4.2881545919981881E-03   2.7463688567140948E+03
   6.5000000000100005E+08   4.2900013774811764E-03   2.7451865834024507E+03
   6.6000000000100005E+08   4.2918199690759719E-03   2.7440233535179982E+03
   6.7000000000100005E+08   4.2936112146623887E-03   2.7428785782984282E+03
   6.8000000000100005E+08   4.2953759244399401E-03   2.7417516956388176E+03
   6.9000000000100005E+08   4.2971148731278924E-03   2.7406421685131554E+03
   7.0000000000100005E+08   4.2988288020071163E-03   2.7395494835106633E+03
   7.1000000000100005E+08   4.3005184208170961E-03   2.7384731494771190E+03
   7.2000000000100005E+08   4.3021844095203184E-03   2.7374126962522387E+03
   7.3000000000100005E+08   4.3038274199450020E-03   2.7363676734951082E+03
   7.4000000000100005E+08   4.3054480773160571E-03   2.7353376495904345E+03
   7.5000000000100005E+08   4.3070469816833346E-03   2.7343222106290054E+03
   7.6000000000100005E+08   4.3086247092552930E-03   2.7333209594564300E+03
   7.7000000000100005E+08   4.3101818136454875E-03   2.7323335147847679E+03
   7.8000000000100005E+08   4.3117188270386918E-03   2.7313595103620792E+03
   7.9000000000100005E+08   4.3132362612826984E-03   2.7303985941955057E+03
   8.0000000000100005E+08   4.3147346089114861E-03   2.7294504278237414E+03
   8.1000000000100005E+08   4.3162143441048571E-03   2.7285146856351894E+03
   8.2000000000100005E+08   4.3176759235891739E-03   2.7275910542284423E+03
   8.3000000000100005E+08   4.3191197874835278E-03   2.7266792318119456E+03
   8.4000000000100005E+08   4.3205463600952520E-03   2.7257789276400040E+03
   8.5000000000100005E+08   4.3219560506683376E-03   2.7248898614825603E+03
   8.6000000000100005E+08   4.3233492540881175E-03   2.7240117631263029E+03
   8.7000000000100005E+08   4.3247263515452028E-03   2.7231443719049530E+03
   8.8000000000100005E+08   4.3260877111614901E-03   2.7222874362566840E+03
   8.9000000000100005E+08   4.3274336885807908E-03   2.7214407133068407E+03
   9.0000000000100005E+08   4.3287646275264957E-03   2.7206039684742077E+03
   9.1000000000100005E+08   4.3300808603283919E-03   2.7197769750993070E+03
   9.2000000000100005E+08   4.3313827084207170E-03   2.7189595140932179E+03
   9.3000000000100005E+08   4.3326704828133208E-03   2.7181513736055754E+03
   9.4000000000100005E+08   4.3339444845375543E-03   2.7173523487105736E+03
   9.5000000000100005E+08   4.3352050050686625E-03   2.7165622411097106E+03
   9.6000000000100005E+08   4.3364523267259824E-03   2.7157808588503203E+03
   9.7000000000100005E+08   4.3376867230524750E-03   2.7150080160588141E+03
   9.8000000000100005E+08   4.3389084591747293E-03   2.7142435326877917E+03
   9.9000000000100005E+08   4.3401177921447535E-03   2.7134872342760996E+03
   1.0000000000010000E+09   4.3413149712645642E-03   2.7127389517211018E+03
   1.1000000000009999E+09   4.3526681806485262E-03   2.7056632243638351E+03
   1.2000000000009999E+09   4.3630328779258373E-03   2.6992357274735946E+03
   1.3000000000009999E+09   4.3725674958397069E-03   2.6933498992169898E+03
   1.4000000000009999E+09   4.3813951882814613E-03   2.6879233025447902E+03
   1.5000000000009999E+09   4.3896135845776446E-03   2.6828908734964407E+03
   1.6000000000009999E+09   4.3973013894572418E-03   2.6782003736371080E+03
   1.7000000000009999E+09   4.4045229787285549E-03   2.6738092368038824E+03
   1.8000000000010002E+09   4.4113316794261231E-03   2.6696823272584725E+03
   1.9000000000010002E+09   4.4177721619494013E-03   2.6657903107077991E+03
   2.0000000000010002E+09   4.4238822179181753E-03   2.6621084477654567E+03
   2.1000000000010002E+09   4.4296941038247132E-03   2.6586156850133098E+03
   2.2000000000010004E+09   4.4352355718314685E-03   2.6552939598146918E+03
   2.3000000000010004E+09   4.4405306712518239E-03   2.6521276613363339E+03
   2.4000000000010004E+09   4.4456003793329132E-03   2.6491032075191924E+03
   2.5000000000010004E+09   4.4504631031897406E-03   2.6462087093360328E+03
   2.6000000000010004E+09   4.4551350832383336E-03   2.6434337016059767E+03
   2.7000000000010004E+09   4.4596307204505942E-03   2.6407689251565303E+03
   2.8000000000010004E+09   4.4639628440657827E-03   2.6382061490263181E+03
   2.9000000000010004E+09   4.4681429323038995E-03   2.6357380242012277E+03
   3.0000000000010004E+09   4.4721812956470047E-03   2.6333579624113972E+03
   3.1000000000010004E+09   4.4760872300571410E-03   2.6310600350138880E+03
   3.2000000000010004E+09   4.4798691458608772E-03   2.6288388881002129E+03
   3.3000000000010004E+09   4.4835346767954911E-03   2.6266896708060276E+03
   3.4000000000010004E+09   4.4870907727719324E-03   2.6246079744368808E+03
   3.5000000000010004E+09   4.4905437791878848E-03   2.6225897805118834E+03
   3.6000000000010004E+09   4.4938995050653151E-03   2.6206314162043532E+03
   3.7000000000010004E+09   4.4971632818504243E-03   2.6187295159524647E+03
   3.8000000000010004E+09   4.5003400143706690E-03   2.6168809882437836E+03
   3.9000000000010004E+09   4.5034342251716562E-03   2.6150829867600573E+03
   4.0000000000010004E+09   4.5064500932398902E-03   2.6133328852139684E+03
   4.1000000000010004E+09   4.5093914879434137E-03   2.6116282553259530E+03
   4.2000000000010004E+09   4.5122619988819702E-03   2.6099668474830096E+03
   4.3000000000010004E+09   4.5150649622243870E-03   2.6083465736974440E+03
   4.4000000000010004E+09   4.5178034840178171E-03   2.6067654925454731E+03
   4.5000000000010004E+09   4.5204804608773045E-03   2.6052217958163205E+03
   4.6000000000010004E+09   4.5230985984011851E-03   2.6037137966442333E+03
   4.7000000000010004E+09   4.5256604276058760E-03   2.6022399189303392E+03
   4.8000000000010004E+09   4.5281683196302693E-03   2.6007986878899756E+03
   4.9000000000010004E+09   4.5306244989239079E-03   2.5993887215849695E+03
   5.0000000000010004E+09   4.5330310551027148E-03   2.5980087233204508E+03
   5.1000000000010004E+09   4.5353899536306587E-03   2.5966574748025323E+03
   5.2000000000010004E+09   4.5377030454641773E-03   2.5953338299674178E+03
   5.3000000000010004E+09   4.5399720757778863E-03   2.5940367094045382E+03
   5.4000000000010004E+09   4.5421986918746911E-03   2.5927650953064594E+03
   5.5000000000010004E+09   4.5443844503700349E-03   2.5915180268870977E+03
   5.6000000000010004E+09   4.5465308237288326E-03   2.5902945962171184E+03
   5.7000000000010004E+09   4.5486392062238385E-03   2.5890939444318328E+03
   5.8000000000010004E+09   4.5507109193757599E-03   2.5879152582724018E+03
   5.9000000000010004E+09   4.5527472169284034E-03   2.5867577669257980E+03
   6.0000000000010004E+09   4.5547492894056317E-03   2.5856207391331895E+03
   6.1000000000010004E+09   4.5567182682916697E-03   2.5845034805398545E+03
   6.2000000000010004E+09   4.5586552298715281E-03   2.5834053312628457E+03
   6.3000000000010004E+09   4.5605611987641157E-03   2.5823256636553447E+03
   6.4000000000010004E+09   4.5624371511771367E-03   2.5812638802489273E+03
   6.5000000000010004E+09   4.5642840179096608E-03   2.5802194118570415E+03
   6.6000000000010004E+09   4.5661026871254111E-03   2.5791917158248307E+03
   6.7000000000010004E+09   4.5678940069175658E-03   2.5781802744119341E+03
   6.8000000000010004E+09   4.5696587876835086E-03   2.5771845932963815E+03
   6.9000000000010014E+09   4.5713978043262510E-03   2.5762042001888467E+03
   7.0000000000010014E+09   4.5731117982974519E-03   2.5752386435476665E+03
   7.1000000000010014E+09   4.5748014794955117E-03   2.5742874913859778E+03
   7.2000000000010014E+09   4.5764675280309608E-03   2.5733503301631395E+03
   7.3000000000010014E+09   4.5781105958700285E-03   2.5724267637534595E+03
   7.4000000000010014E+09   4.5797313083664514E-03   2.5715164124857920E+03
   7.5000000000010014E+09   4.5813302656904260E-03   2.5706189122483047E+03
   7.6000000000010014E+09   4.5829080441629295E-03   2.5697339136531614E+03
   7.7000000000010014E+09   4.5844651975028364E-03   2.5688610812563752E+03
   7.8000000000010014E+09   4.5860022579935619E-03   2.5680000928285394E+03
   7.9000000000010014E+09   4.5875197375753810E-03   2.5671506386725046E+03
   8.0000000000010014E+09   4.5890181288690502E-03   2.5663124209844273E+03
   8.1000000000010014E+09   4.5904979061358476E-03   2.5654851532549301E+03
   8.2000000000010014E+09   4.5919595261787191E-03   2.5646685597073802E+03
   8.3000000000010014E+09   4.5934034291887681E-03   2.5638623747706060E+03
   8.4000000000010014E+09   4.5948300395411102E-03   2.5630663425834841E+03
   8.5000000000010014E+09   4.5962397665435832E-03   2.5622802165291882E+03
   8.6000000000010014E+09   4.5976330051416998E-03   2.5615037587969450E+03
   8.7000000000010014E+09   4.5990101365828272E-03   2.5607367399694053E+03
   8.8000000000010014E+09   4.6003715290424329E-03   2.5599789386338348E+03
   8.9000000000010014E+09   4.6017175382149327E-03   2.5592301410155123E+03
   9.0000000000010014E+09   4.6030485078715289E-03   2.5584901406318295E+03
   9.1000000000010014E+09   4.6043647703872303E-03   2.5577587379656975E+03
   9.2000000000010014E+09   4.6056666472390831E-03   2.5570357401569918E+03
   9.3000000000010014E+09   4.6069544494774370E-03   2.5563209607108661E+03
   9.4000000000010014E+09   4.6082284781720443E-03   2.5556142192218103E+03
   9.5000000000010014E+09   4.6094890248345333E-03   2.5549153411124812E+03
   9.6000000000010014E+09   4.6107363718187622E-03   2.5542241573863471E+03
   9.7000000000010014E+09   4.6119707927004443E-03   2.5535405043932783E+03
   9.8000000000010014E+09   4.6131925526372818E-03   2.5528642236073015E+03
   9.9000000000010014E+09   4.6144019087108286E-03   2.5521951614157460E+03
   1.0000000000001001E+10   4.6155991102511864E-03   2.5515331689190939E+03
