   1.0000000000000000E+00   3.4057814686915350E-02   3.4579007292455265E+02   8.7296268296215528E-04
   2.0000000000000000E+00   7.6607703195800333E-02   1.5372937358713259E+02   4.0550576459983754E-03
   3.0000000000000000E+00   1.1579902648831983E-01   1.0170080510501738E+02   9.2340404459362573E-03
   4.0000000000000000E+00   1.5058786332627899E-01   7.8205865759064707E+01   1.5955657748762411E-02
   5.0000000000000000E+00   1.8303394628722239E-01   6.4342459216602180E+01   2.4215603586563939E-02
   6.0000000000000000E+00   2.2117482366884189E-01   5.3246811860795120E+01   3.5614125854262997E-02
   7.0000000000000000E+00   2.5880094115139146E-01   4.5505453619468184E+01   4.8750634450805325E-02
   7.7290000000000001E+00   2.8976180277315816E-01   4.0643225268235042E+01   6.0542883196982276E-02
   7.7310000000000008E+00   2.8971758368736217E-01   4.0649428572302014E+01   6.0535000499469457E-02
   8.0000000000000000E+00   2.9996096467660405E-01   3.9261289337885351E+01   6.4766173465432744E-02
   9.0000000000000000E+00   3.4603249185798896E-01   3.4033954906964510E+01   8.4577274663900248E-02
   1.0000000000000000E+01   3.8362951154590602E-01   3.0698509551004953E+01   1.0319179875901513E-01
   1.0399000000000001E+01   3.9956916109027352E-01   2.9473881798346913E+01   1.1149544076301790E-01
   1.0401000000000000E+01   3.9953174262285046E-01   2.9476642198506021E+01   1.1148697039300876E-01
   1.0999000000000001E+01   4.3027969224936768E-01   2.7370230193002250E+01   1.2765426621602385E-01
   1.1000999999999999E+01   4.3024240811054471E-01   2.7372602054638609E+01   1.2764505970501303E-01
   1.2000000000000000E+01   4.6725721491702121E-01   2.5204221247457408E+01   1.4971986849659077E-01
   1.3000000000000000E+01   5.1047019823184581E-01   2.3070600918587882E+01   1.7686584500795308E-01
   1.4000000000000000E+01   5.4879481779830497E-01   2.1459485115924750E+01   2.0337329619482955E-01
   1.5000000000000000E+01   5.7988749516283289E-01   2.0308860464274037E+01   2.2719995257514480E-01
   1.6000000000000000E+01   6.2773793447428872E-01   1.8760781494115239E+01   2.6347233617142679E-01
   1.7000000000000000E+01   6.6707365452689238E-01   1.7654503583403905E+01   2.9637175451151226E-01
   1.8000000000000000E+01   6.9548450139820228E-01   1.6933309370033651E+01   3.2301355288942279E-01
   1.9000000000000000E+01   7.4198103491800560E-01   1.5872176875168767E+01   3.6508336303519029E-01
   2.0000000000000000E+01   7.7607210016281514E-01   1.5174948592751432E+01   3.9936486887573758E-01
   2.1000000000000000E+01   8.1087375065842959E-01   1.4523659465701725E+01   4.3585724830664818E-01
   2.2000000000000000E+01   8.4513444651659453E-01   1.3934888434355299E+01   4.7352267074377852E-01
   2.3000000000000000E+01   8.7874716243404971E-01   1.3401868851124986E+01   5.1221817193244401E-01
   2.4000000000000000E+01   9.1159624172576670E-01   1.2918936789322748E+01   5.5177869292293957E-01
   2.5000000000000000E+01   9.5836169725879594E-01   1.2288527659154912E+01   6.0753009769077626E-01
   2.6000000000000000E+01   9.8900755324363110E-01   1.1907749526902005E+01   6.4852223371662132E-01
   2.7000000000000000E+01   1.0186051047964968E+00   1.1561746714976666E+01   6.8984872244623174E-01
   2.8000000000000000E+01   1.0471194652852913E+00   1.1246906026172205E+01   7.3138883687136691E-01
   2.9000000000000000E+01   1.0745482720279020E+00   1.0959818679912742E+01   7.7305580328252899E-01
   3.0000000000000000E+01   1.1009106730320148E+00   1.0697374921259289E+01   8.1478841305112648E-01
   3.1000000000000000E+01   1.1262612128324856E+00   1.0456592209742546E+01   8.5657098648966978E-01
   3.2000000000000000E+01   1.1506623531703415E+00   1.0234847948046093E+01   8.9840465911013911E-01
   3.3000000000000000E+01   1.1861622199912607E+00   9.9285359335809300E+00   9.5692425547885818E-01
   3.4000000000000000E+01   1.2086571168424387E+00   9.7437511930644565E+00   9.9909381356210958E-01
   3.5000000000000000E+01   1.2304920307019585E+00   9.5708496523305566E+00   1.0414838702780069E+00
   3.6000000000000000E+01   1.2517645779133053E+00   9.4082021747822626E+00   1.0841811190543689E+00
   3.7000000000000000E+01   1.2725673496418144E+00   9.2544054564610310E+00   1.1272769167595220E+00
   3.8000000000000000E+01   1.2929899070242890E+00   9.1082336840067306E+00   1.1708663824998389E+00
   3.9000000000000000E+01   1.3131095475662393E+00   8.9686761063210376E+00   1.2150375617884583E+00
   4.0000000000000000E+01   1.3329951633986856E+00   8.8348814366380566E+00   1.2598721178597199E+00
   4.1000000000000000E+01   1.3631319460511095E+00   8.6395555898722929E+00   1.3234500203057573E+00
   4.2000000000000000E+01   1.3825913133380028E+00   8.5179576282787366E+00   1.3700249421083219E+00
   4.3000000000000000E+01   1.4019320899359549E+00   8.4004455770588482E+00   1.4173870018773367E+00
   4.4000000000000000E+01   1.4211547304941321E+00   8.2868205491914146E+00   1.4655191774004535E+00
   4.5000000000000000E+01   1.4402367869160664E+00   8.1770263967890777E+00   1.5143642315285983E+00
   4.6000000000000000E+01   1.4591404041632028E+00   8.0710904794615885E+00   1.5638333343339661E+00
   4.7000000000000000E+01   1.4778167132198574E+00   7.9690898870537366E+00   1.6138119947703549E+00
   4.8000000000000000E+01   1.4962043836285068E+00   7.8711534019696057E+00   1.6641575743431292E+00
   4.9000000000000000E+01   1.5236642035157437E+00   7.7292977002840448E+00   1.7341917562077773E+00
   5.0000000000000000E+01   1.5411276785389081E+00   7.6417122268575453E+00   1.7848543337692699E+00
   5.1000000000000000E+01   1.5581154726871302E+00   7.5583963003261658E+00   1.8353938888712455E+00
   5.2000000000000000E+01   1.5745830299253760E+00   7.4793478656997197E+00   1.8856770220150094E+00
   5.3000000000000000E+01   1.5904979138559008E+00   7.4045078095628014E+00   1.9355910200815933E+00
   5.4000000000000000E+01   1.6058397630599728E+00   7.3337667276330443E+00   1.9850474044081496E+00
   5.5000000000000000E+01   1.6205991492725040E+00   7.2669754451778248E+00   2.0339800073318481E+00
   5.6000000000000000E+01   1.6347777182852330E+00   7.2039483365313135E+00   2.0823475275693726E+00
   5.7000000000000000E+01   1.6562861276330412E+00   7.1103983953964409E+00   2.1491401406894393E+00
   5.8000000000000000E+01   1.6691706666957888E+00   7.0555123326916966E+00   2.1962375960455325E+00
   5.9000000000000000E+01   1.6815418431139011E+00   7.0036046218337491E+00   2.2427856525165493E+00
   6.0000000000000000E+01   1.6934331694237383E+00   6.9544251505637682E+00   2.2888273922573554E+00
   6.1000000000000000E+01   1.7048837404787638E+00   6.9077168985916861E+00   2.3344230573582117E+00
   6.2000000000000000E+01   1.7159358405743346E+00   6.8632252708805082E+00   2.3796450506882025E+00
   6.3000000000000000E+01   1.7266328182857174E+00   6.8207056529436159E+00   2.4245739558918409E+00
   6.4000000000000000E+01   1.7370177543821299E+00   6.7799273752549949E+00   2.4692937508045798E+00
   6.5000000000000000E+01   1.7538580310143184E+00   6.7148275493133198E+00   2.5323580834386101E+00
   6.6000000000000000E+01   1.7636446454059020E+00   6.6775663991704644E+00   2.5769172566422212E+00
   6.7000000000000000E+01   1.7732368611650535E+00   6.6414445143564862E+00   2.6215077298174605E+00
   6.8000000000000000E+01   1.7826534241064831E+00   6.6063622154386268E+00   2.6661639458775177E+00
   6.9000000000000000E+01   1.7919032679032123E+00   6.5722600294266957E+00   2.7108931871085971E+00
   7.0000000000000000E+01   1.8009833950181797E+00   6.5391242677839791E+00   2.7556694916257962E+00
   7.1000000000000000E+01   1.8098789004286375E+00   6.5069846504372313E+00   2.8004316523324895E+00
   7.2000000000000000E+01   1.8185667132901169E+00   6.4758989253316388E+00   2.8450919703630486E+00
   7.3000000000000000E+01   1.8329975462420982E+00   6.4249154334022771E+00   2.9079940689437080E+00
   7.4000000000000000E+01   1.8410737099311323E+00   6.3967315163497105E+00   2.9520273554888985E+00
   7.5000000000000000E+01   1.8493656037625004E+00   6.3680508604029216E+00   2.9972348252928791E+00
   7.6000000000000000E+01   1.8583666440907514E+00   6.3372070638953257E+00   3.0452422547509896E+00
   7.7000000000000000E+01   1.8615444681936697E+00   6.3263888805551378E+00   3.0748808333202544E+00
   7.8000000000000000E+01   1.8716489915666952E+00   6.2922344292672880E+00   3.1274723722181017E+00
   7.9000000000000000E+01   1.8755233354609488E+00   6.2792363078462854E+00   3.1599927233780325E+00
   7.9998999999999995E+01   1.8866238756064200E+00   6.2422904620847701E+00   3.2171282331611475E+00
   8.0001000000000005E+01   1.8866046651559358E+00   6.2423540245332498E+00   3.2171031870415523E+00
   8.1000000000000000E+01   1.8910993855464699E+00   6.2275173448042809E+00   3.2524618068503615E+00
   8.1998999999999995E+01   1.8958141067490115E+00   6.2120300626070337E+00   3.2888894625253196E+00
   8.2001000000000005E+01   1.8957948318732813E+00   6.2120932213969384E+00   3.2888632920780552E+00
   8.3000000000000000E+01   1.9007162497226135E+00   6.1960085972632939E+00   3.3263532227197601E+00
   8.4000000000000000E+01   1.9058227015177172E+00   6.1794070428800998E+00   3.3648907911865993E+00
   8.5000000000000000E+01   1.9111123973613087E+00   6.1623032954523111E+00   3.4044896363808177E+00
   8.6000000000000000E+01   1.9165745480040004E+00   6.1447410102071220E+00   3.4451531453764730E+00
   8.7000000000000000E+01   1.9145409206685304E+00   6.1512679604294114E+00   3.4587652722755942E+00
   8.8000000000000000E+01   1.9202408720641324E+00   6.1330088300745400E+00   3.5009142158588413E+00
   8.9000000000000000E+01   1.9260893438301150E+00   6.1143862624879892E+00   3.5441483084572107E+00
   9.0000000000000000E+01   1.9242498316078309E+00   6.1202313913672342E+00   3.5587422525352190E+00
   9.1000000000000000E+01   1.9303048150324047E+00   6.1010334391367396E+00   3.6035107095030141E+00
   9.2000000000000000E+01   1.9285788161636865E+00   6.1064936136059931E+00   3.6187030297882492E+00
   9.3000000000000000E+01   1.9348241330383633E+00   6.0867827846169682E+00   3.6650468270247814E+00
   9.4000000000000000E+01   1.9332069885876701E+00   6.0918744313267226E+00   3.6808718576029191E+00
   9.5000000000000000E+01   1.9396271062824280E+00   6.0717104777997148E+00   3.7288362998615043E+00
   9.6000000000000000E+01   1.9381146211155580E+00   6.0764487796189934E+00   3.7453311323887313E+00
   9.7000000000000000E+01   1.9366478027788638E+00   6.0810510859749236E+00   3.7620261513336208E+00
   9.8000000000000000E+01   1.9432812806386084E+00   6.0602931451947120E+00   3.8121640480699273E+00
   9.9000000000000000E+01   1.9419135545599886E+00   6.0645615231352741E+00   3.8295811651326508E+00
   1.0000000000000000E+02   1.9405906339991366E+00   6.0686957969954829E+00   3.8472210994286198E+00
   1.1000000000000000E+02   1.9378707866000824E+00   6.0772133548188654E+00   4.0746228567694791E+00
   1.2000000000000000E+02   1.9229438938986885E+00   6.1243878521917141E+00   4.2555365696191902E+00
   1.2699900000000000E+02   1.9043220327805852E+00   6.1842766199808406E+00   4.3422627769845148E+00
   1.2700100000000000E+02   1.9043057770862535E+00   6.1843294107204398E+00   4.3422290079546482E+00
   1.3000000000000000E+02   1.8957534432635250E+00   6.2122288455220191E+00   4.3758247473264369E+00
   1.4000000000000000E+02   1.8718598955259220E+00   6.2915254781557826E+00   4.5120261987734755E+00
   1.5000000000000000E+02   1.8360605784847825E+00   6.4141969836083854E+00   4.5722565551381056E+00
   1.6000000000000000E+02   1.8102146985993426E+00   6.5057775927638444E+00   4.6876790359968092E+00
   1.7000000000000000E+02   1.7730320396322947E+00   6.6422117372914116E+00   4.7184130180158927E+00
   1.8000000000000000E+02   1.7447499178107970E+00   6.7498809451249144E+00   4.8021190416966846E+00
   1.9000000000000000E+02   1.7120993784189276E+00   6.8786043454527341E+00   4.8435914311684423E+00
   2.0000000000000000E+02   1.6756897792950531E+00   7.0280635292731626E+00   4.8416951552377006E+00
   2.1000000000000000E+02   1.6468021349620887E+00   7.1513474352585025E+00   4.8901545953355452E+00
   2.2000000000000000E+02   1.6142106108863985E+00   7.2957358505854639E+00   4.8943195626166389E+00
   2.3000000000000000E+02   1.5833171770133088E+00   7.4380890924550158E+00   4.9008832857872227E+00
   2.4000000000000000E+02   1.5539284134968250E+00   7.5787623946831335E+00   4.9093647571719297E+00
   2.5000000000000000E+02   1.5255689749137089E+00   7.7196471728887222E+00   4.9161042043941476E+00
   2.6000000000000000E+02   1.4941655042517865E+00   7.8818940677771163E+00   4.8774238062956687E+00
   2.7000000000000000E+02   1.4674240340305778E+00   8.0255290571272990E+00   4.8760217118680815E+00
   2.8000000000000000E+02   1.4413095305210037E+00   8.1709403669746550E+00   4.8699959692641102E+00
   2.9000000000000000E+02   1.4159615902514342E+00   8.3172130552977279E+00   4.8613077290186917E+00
   3.0000000000000000E+02   1.3890346961135234E+00   8.4784449641111461E+00   4.8208717464254587E+00
   3.1000000000000000E+02   1.3658871857639054E+00   8.6221280549263444E+00   4.8158936342375540E+00
   3.2000000000000000E+02   1.3412319478225607E+00   8.7806245917111028E+00   4.7797960812752160E+00
   3.3000000000000000E+02   1.3176337037756585E+00   8.9378817424698322E+00   4.7457957446960970E+00
   3.4000000000000000E+02   1.2950153634201125E+00   9.0939880382089822E+00   4.7137134899560698E+00
   3.5000000000000000E+02   1.2754303205657378E+00   9.2336320019548737E+00   4.7144753973129703E+00
   3.6000000000000000E+02   1.2544769665279223E+00   9.3878600711456173E+00   4.6852556194829225E+00
   3.7000000000000000E+02   1.2323738087606895E+00   9.5562354056213703E+00   4.6273966528840207E+00
   3.8000000000000000E+02   1.2130390418396153E+00   9.7085533260160837E+00   4.6014716148554218E+00
   3.9000000000000000E+02   1.1943939323563859E+00   9.8601088846835800E+00   4.5767671505173411E+00
   4.0000000000000000E+02   1.1763951654551223E+00   1.0010967887379190E+01   4.5531769546633889E+00
   4.1000000000000000E+02   1.1573651032170331E+00   1.0175573975320495E+01   4.5024711750838433E+00
   4.2000000000000000E+02   1.1406193177238952E+00   1.0324964728582767E+01   4.4813071507590410E+00
   4.3000000000000000E+02   1.1244083245549126E+00   1.0473823402989414E+01   4.4609870372931981E+00
   4.4000000000000000E+02   1.1072593726305804E+00   1.0636039319550218E+01   4.4147226705932905E+00
   4.5000000000000000E+02   1.0920975201100529E+00   1.0783702011385010E+01   4.3963393363688654E+00
   4.6000000000000000E+02   1.0760533373390992E+00   1.0944489288385611E+01   4.3527824527982295E+00
   4.7000000000000000E+02   1.0605397106943308E+00   1.1104585811811896E+01   4.3106850369648688E+00
   4.8000000000000000E+02   1.0467770385701267E+00   1.1250585167903827E+01   4.2949362009918826E+00
   4.9000000000000000E+02   1.0322045403653519E+00   1.1409419125468006E+01   4.2551297527793306E+00
   5.0000000000000000E+02   1.0180869314038248E+00   1.1567631270937181E+01   4.2165807782322338E+00
   5.1000000000000000E+02   1.0055162362949872E+00   1.1712246703875596E+01   4.2029676814954415E+00
   5.2000000000000000E+02   9.9182477673542957E-01   1.1873926222132328E+01   4.7966199566671133E+00
   5.3000000000000000E+02   9.7924477441759716E-01   1.2026466244094697E+01   4.7449640106105537E+00
   5.4000000000000000E+02   9.6699254965211501E-01   1.2178846908878663E+01   4.6943996790579581E+00
   5.5000000000000000E+02   9.5505631986203554E-01   1.2331057320201396E+01   4.6449018594337268E+00
   5.6000000000000000E+02   9.4342475106517998E-01   1.2483088037432369E+01   4.5964451123694499E+00
   5.7000000000000000E+02   9.3208695149866416E-01   1.2634930899208323E+01   4.5490038639999666E+00
   5.8000000000000000E+02   9.2103246252168391E-01   1.2786578870407727E+01   4.5025525700991054E+00
   5.9000000000000000E+02   9.1025124752820485E-01   1.2938025909021832E+01   4.4570658486201493E+00
   6.0000000000000000E+02   8.9973367944348837E-01   1.3089266850079115E+01   4.4125185860360663E+00
   6.1000000000000000E+02   8.8947052726234321E-01   1.3240297304157734E+01   4.3688860219648076E+00
   6.2000000000000000E+02   8.7945294198349022E-01   1.3391113568485217E+01   4.3261438157700409E+00
   6.3000000000000000E+02   8.6967244221994888E-01   1.3541712548896513E+01   4.2842680982133619E+00
   6.4000000000000000E+02   8.6012089970518202E-01   1.3692091691151829E+01   4.2432355107225019E+00
   6.5000000000000000E+02   8.5079052485795115E-01   1.3842248920444471E+01   4.2030232343818721E+00
   6.6000000000000000E+02   8.4167385253976523E-01   1.3992182587949596E+01   4.1636090104438868E+00
   6.7000000000000000E+02   8.3276372809796650E-01   1.4141891423558649E+01   4.1249711538268530E+00
   6.8000000000000000E+02   8.2405329376707792E-01   1.4291374493999820E+01   4.0870885608406562E+00
   6.9000000000000000E+02   8.1553597547866863E-01   1.4440631165690860E+01   4.0499407121711970E+00
   7.0000000000000000E+02   8.0720547011736621E-01   1.4589661071705851E+01   4.0135076719997382E+00
   7.1000000000000000E+02   7.9905573324298529E-01   1.4738464082402285E+01   3.9777700839680148E+00
   7.2000000000000000E+02   7.9108096729460420E-01   1.4887040279220338E+01   3.9427091646117201E+00
   7.3000000000000000E+02   7.8327561027785064E-01   1.5035389931344557E+01   3.9083066947506708E+00
   7.4000000000000000E+02   7.7563432493820594E-01   1.5183513474829278E+01   3.8745450092804767E+00
   7.5000000000000000E+02   7.6815198841236731E-01   1.5331411493941465E+01   3.8414069857097082E+00
   7.6000000000000000E+02   7.6082368234853115E-01   1.5479084704469566E+01   3.8088760317401196E+00
   7.7000000000000000E+02   7.5364468348509484E-01   1.5626533938751358E+01   3.7769360721441689E+00
   7.8000000000000000E+02   7.4661045467175191E-01   1.5773760132272814E+01   3.7455715351359764E+00
   7.9000000000000000E+02   7.3971663632012774E-01   1.5920764311623081E+01   3.7147673384165376E+00
   8.0000000000000000E+02   7.3295903826697073E-01   1.6067547583675193E+01   3.6845088750321189E+00
   8.1000000000000000E+02   7.2633363203293533E-01   1.6214111125870794E+01   3.6547819991597637E+00
   8.2000000000000000E+02   7.1983654346038972E-01   1.6360456177489691E+01   3.6255730119170977E+00
   8.3000000000000000E+02   7.1346404571476862E-01   1.6506584031772718E+01   3.5968686472815485E+00
   8.4000000000000000E+02   7.0721255263073790E-01   1.6652496028854419E+01   3.5686560581714772E+00
   8.5000000000000000E+02   7.0107861238930802E-01   1.6798193549370023E+01   3.5409228027522919E+00
   8.6000000000000000E+02   6.9505890150704064E-01   1.6943678008733574E+01   3.5136568309948744E+00
   8.7000000000000000E+02   6.8915021912521590E-01   1.7088950851947057E+01   3.4868464715309204E+00
   8.8000000000000000E+02   6.8334948158158837E-01   1.7234013548941668E+01   3.4604804188216218E+00
   8.9000000000000000E+02   6.7765371725193890E-01   1.7378867590363924E+01   3.4345477206602912E+00
   9.0000000000000000E+02   6.7206006164615750E-01   1.7523514483799104E+01   3.4090377660179896E+00
   9.1000000000000000E+02   6.6656575274763419E-01   1.7667955750343129E+01   3.3839402732482169E+00
   9.2000000000000000E+02   6.6116812658176305E-01   1.7812192921527622E+01   3.3592452786476312E+00
   9.3000000000000000E+02   6.5586461300228815E-01   1.7956227536548422E+01   3.3349431253778863E+00
   9.3799900000000002E+02   6.5168841197994043E-01   1.8071296048458603E+01   3.3157803289591650E+00
   9.3800099999999998E+02   6.5168737502718643E-01   1.8071324803166650E+01   3.3157755679518011E+00
   9.4000000000000000E+02   6.5065273168462456E-01   1.8100061139753539E+01   3.3110244527506092E+00
   9.5000000000000000E+02   6.4553008831347780E-01   1.8243695278414915E+01   3.2874801858639544E+00
   9.5799900000000002E+02   6.4149516963994624E-01   1.8358445677540153E+01   3.2689107294930202E+00
   9.5800099999999998E+02   6.4149416764267964E-01   1.8358474352956577E+01   3.2689061154327579E+00
   9.6000000000000000E+02   6.4049437095722206E-01   1.8387131500685619E+01   3.2643015255977375E+00
   9.7000000000000000E+02   6.3554334661668987E-01   1.8530371353792550E+01   3.2414799389528599E+00
   9.8000000000000000E+02   6.3067485794107547E-01   1.8673416382391576E+01   3.2190071497327559E+00
   9.9000000000000000E+02   6.2588682010068997E-01   1.8816268127110824E+01   3.1968751295553437E+00
   1.0000000000000000E+03   6.2117721780948099E-01   1.8958928123232290E+01   3.1750760891911507E+00
   1.1000000000000000E+03   5.7799621238794407E-01   2.0375313837411234E+01   2.9738411184693638E+00
   1.1029990000000000E+03   5.7680160253410762E-01   2.0417513010538084E+01   2.9682389237719975E+00
   1.1030010000000000E+03   5.7680080765813313E-01   2.0417541147444858E+01   2.9682351955259949E+00
   1.2000000000000000E+03   5.4086422933649714E-01   2.1774141430440991E+01   2.7988266276152767E+00
   1.3000000000000000E+03   5.0857098732562434E-01   2.3156755925400354E+01   2.6451326945007203E+00
   1.4000000000000000E+03   4.8021040044586821E-01   2.4524363098559977E+01   2.5090075915537713E+00
   1.5000000000000000E+03   4.5509073503776426E-01   2.5878035559792476E+01   2.3875335557390587E+00
   1.6000000000000000E+03   4.3267470799038960E-01   2.7218725769616615E+01   2.2784085657378648E+00
   1.7000000000000000E+03   4.1253856832331276E-01   2.8547280493322653E+01   2.1797924466241225E+00
   1.8000000000000000E+03   3.9434352335610989E-01   2.9864454534490562E+01   2.0901965910122553E+00
   1.9000000000000000E+03   3.7781538337989584E-01   3.1170923001824029E+01   2.0084036926435060E+00
   2.0000000000000000E+03   3.6272979709037850E-01   3.2467291958661491E+01   1.9334084534680864E+00
   2.1000000000000000E+03   3.4890136581440195E-01   3.3754107544835627E+01   1.8643731730171798E+00
   2.2000000000000000E+03   3.3617549754271581E-01   3.5031863744748215E+01   1.8005940535514768E+00
   2.3000000000000000E+03   3.2442222823456662E-01   3.6301008991666116E+01   1.7414753283739899E+00
   2.4000000000000000E+03   3.1353147703842055E-01   3.7561951787048827E+01   1.6865091760466997E+00
   2.5000000000000000E+03   3.0340936115800049E-01   3.8815065492018753E+01   1.6352599659389806E+00
   2.6000000000000000E+03   2.9397530375241004E-01   4.0060692425231693E+01   1.5873517830603507E+00
   2.7000000000000000E+03   2.8515974230702990E-01   4.1299147379503829E+01   1.5424584619671766E+00
   2.8000000000000000E+03   2.7690229659935428E-01   4.2530720650826204E+01   1.5002955594043403E+00
   2.9000000000000000E+03   2.6915029196979129E-01   4.3755680657263277E+01   1.4606138388086574E+00
   3.0000000000000000E+03   2.6185755983720238E-01   4.4974276211697173E+01   1.4231939439584460E+00
   3.1000000000000000E+03   2.5498345642619097E-01   4.6186738501791218E+01   1.3878420154897371E+00
   3.2000000000000000E+03   2.4849205463858146E-01   4.7393282820926288E+01   1.3543860606684348E+00
   3.3000000000000000E+03   2.4235147434798526E-01   4.8594110087109783E+01   1.3226729292129122E+00
   3.4000000000000000E+03   2.3653332414940048E-01   4.9789408179968746E+01   1.2925657799910595E+00
   3.5000000000000000E+03   2.3101223344320548E-01   5.0979353122157086E+01   1.2639419478066762E+00
   3.6000000000000000E+03   2.2576545820150126E-01   5.2164110125864454E+01   1.2366911382199779E+00
   3.7000000000000000E+03   2.2077254718333816E-01   5.3343834523317788E+01   1.2107138928285137E+00
   3.8000000000000000E+03   2.1601505802416415E-01   5.4518672596064860E+01   1.1859202787292711E+00
   3.9000000000000000E+03   2.1147631468832773E-01   5.5688762316460839E+01   1.1622287647312699E+00
   4.0000000000000000E+03   2.0714119939934938E-01   5.6854234012301220E+01   1.1395652538826480E+00
   4.1000000000000000E+03   2.0299597344443537E-01   5.8015210964088183E+01   1.1178622474278435E+00
   4.2000000000000000E+03   1.9902812226904312E-01   5.9171809943117438E+01   1.0970581197484093E+00
   4.3000000000000000E+03   1.9522622109241947E-01   6.0324141697463041E+01   1.0770964874076328E+00
   4.4000000000000000E+03   1.9157981793082618E-01   6.1472311391858788E+01   1.0579256582940280E+00
   4.5000000000000000E+03   1.8807933144522901E-01   6.2616419006513340E+01   1.0394981492045663E+00
   4.6000000000000000E+03   1.8471596145762198E-01   6.3756559700127674E+01   1.0217702621048079E+00
   4.7000000000000000E+03   1.8148161033762347E-01   6.4892824139757295E+01   1.0047017108759559E+00
   4.8000000000000000E+03   1.7836881373932925E-01   6.6025298802795334E+01   9.8825529163613113E-01
   4.9000000000000000E+03   1.7537067941611659E-01   6.7154066252406068E+01   9.7239659079224727E-01
   5.0000000000000000E+03   1.7248083303015452E-01   6.8279205389623982E+01   9.5709372585916686E-01
   5.1000000000000000E+03   1.6969337003412360E-01   6.9400791686034367E+01   9.4231711481152403E-01
   5.2000000000000000E+03   1.6700281285170898E-01   7.0518897395438955E+01   9.2803927036323486E-01
   5.3000000000000000E+03   1.6440407267581481E-01   7.1633591750868050E+01   9.1423461606419598E-01
   5.4000000000000000E+03   1.6189241532017618E-01   7.2744941144698856E+01   9.0087932155782635E-01
   5.5000000000000000E+03   1.5946343062419599E-01   7.3853009295865562E+01   8.8795115469650965E-01
   5.6000000000000000E+03   1.5711300498917991E-01   7.4957857403659304E+01   8.7542934852901455E-01
   5.7000000000000000E+03   1.5483729667285184E-01   7.6059544291335044E+01   8.6329448143490728E-01
   5.8000000000000000E+03   1.5263271352862473E-01   7.7158126537734191E+01   8.5152836891070893E-01
   5.9000000000000000E+03   1.5049589290517623E-01   7.8253658600900607E+01   8.4011396569801555E-01
   6.0000000000000000E+03   1.4842368346913995E-01   7.9346192932127224E+01   8.2903527711663771E-01
   6.1000000000000000E+03   1.4641312873664306E-01   8.0435780082417892E+01   8.1827727860417632E-01
   6.2000000000000000E+03   1.4446145212911268E-01   8.1522468801668794E+01   8.0782584258090673E-01
   6.3000000000000000E+03   1.4256604339108844E-01   8.2606306130927592E+01   7.9766767187732812E-01
   6.4000000000000000E+03   1.4072444622561334E-01   8.3687337489027172E+01   7.8779023903860979E-01
   6.5000000000000000E+03   1.3893434702241611E-01   8.4765606753377156E+01   7.7818173090825704E-01
   6.6000000000000000E+03   1.3719356456784140E-01   8.5841156335112018E+01   7.6883099796336019E-01
   6.7000000000000000E+03   1.3550004063555646E-01   8.6914027250475996E+01   7.5972750792596488E-01
   6.8000000000000000E+03   1.3385183137414178E-01   8.7984259186717978E+01   7.5086130323849687E-01
   6.9000000000000000E+03   1.3224709941071780E-01   8.9051890564829421E+01   7.4222296202684135E-01
   7.0000000000000000E+03   1.3068410660458227E-01   9.0116958597522512E+01   7.3380356222391840E-01
   7.1000000000000000E+03   1.2916120738571141E-01   9.1179499345112092E+01   7.2559464855458755E-01
   7.2000000000000000E+03   1.2767684262807280E-01   9.2239547766275493E+01   7.1758820212226537E-01
   7.3000000000000000E+03   1.2622953400295953E-01   9.3297137767800393E+01   7.0977661235396183E-01
   7.4000000000000000E+03   1.2481787877343141E-01   9.4352302250037653E+01   7.0215265109950364E-01
   7.5000000000000000E+03   1.2344054498706671E-01   9.5405073150586460E+01   6.9470944868696693E-01
   7.6000000000000000E+03   1.2209626703323506E-01   9.6455481485225548E+01   6.8744047176691636E-01
   7.7000000000000000E+03   1.2078384153275322E-01   9.7503557386405888E+01   6.8033950279146427E-01
   7.8000000000000000E+03   1.1950212353049343E-01   9.8549330140014220E+01   6.7340062098454956E-01
   7.9000000000000000E+03   1.1825002296505682E-01   9.9592828220586895E+01   6.6661818468164569E-01
   8.0000000000000000E+03   1.1702650139432637E-01   1.0063407932325251E+02   6.5998681492394984E-01
   8.1000000000000000E+03   1.1583056895278777E-01   1.0167311039488698E+02   6.5350138020371618E-01
   8.2000000000000000E+03   1.1466128152123575E-01   1.0270994766492502E+02   6.4715698226495300E-01
   8.3000000000000000E+03   1.1351773809672225E-01   1.0374461667131656E+02   6.4094894287851978E-01
   8.4000000000000000E+03   1.1239907833882275E-01   1.0477714228882269E+02   6.3487279151269127E-01
   8.5000000000000000E+03   1.1130448028509370E-01   1.0580754875342210E+02   6.2892425382778927E-01
   8.6000000000000000E+03   1.1023315821862929E-01   1.0683585968644672E+02   6.2309924093206015E-01
   8.7000000000000000E+03   1.0918436067723275E-01   1.0786209811727259E+02   6.1739383934080949E-01
   8.8000000000000000E+03   1.0815736859204664E-01   1.0888628650591424E+02   6.1180430158519927E-01
   8.9000000000000000E+03   1.0715149354923180E-01   1.0990844676213840E+02   6.0632703742025595E-01
   8.9859989999999998E+03   1.0630283669352811E-01   1.1078588860419708E+02   6.0170381226628300E-01
   8.9860010000000002E+03   1.0630281713005807E-01   1.1078590899271049E+02   6.0170370566751119E-01
   9.0000000000000000E+03   1.0616607615990072E-01   1.1092860026682908E+02   6.0095860559122782E-01
   9.1000000000000000E+03   1.0520048453563280E-01   1.1194676789012681E+02   5.9569570611297762E-01
   9.2000000000000000E+03   1.0425411285981413E-01   1.1296297000843670E+02   5.9053517303064418E-01
   9.3000000000000000E+03   1.0332638004513647E-01   1.1397722652332182E+02   5.8547396762026194E-01
   9.4000000000000000E+03   1.0241672847612378E-01   1.1498955687678381E+02   5.8050917200259999E-01
   9.5000000000000000E+03   1.0152462282765595E-01   1.1599998006622755E+02   5.7563798314283832E-01
   9.6000000000000000E+03   1.0064954895188720E-01   1.1700851466178918E+02   5.7085770720303386E-01
   9.7000000000000000E+03   9.9791012835880488E-02   1.1801517881783555E+02   5.6616575422792204E-01
   9.8000000000000000E+03   9.8948539617242592E-02   1.1901999028783186E+02   5.6155963314030510E-01
   9.9000000000000000E+03   9.8121672658109046E-02   1.2002296643753847E+02   5.5703694702597151E-01
   1.0000000000000000E+04   9.7309972672310702E-02   1.2102412425803129E+02   5.5259538868293179E-01
   1.1000000000000000E+04   8.9941403628735067E-02   1.3093918650472131E+02   5.1219064924365432E-01
   1.2000000000000000E+04   8.3708586603387508E-02   1.4068872384667375E+02   4.7789107153699789E-01
   1.3000000000000000E+04   7.8363455035181689E-02   1.5028503042588000E+02   4.4838300971626149E-01
   1.4000000000000000E+04   7.3725878407691348E-02   1.5973840500231674E+02   4.2270824876639901E-01
   1.5000000000000000E+04   6.9661783450706991E-02   1.6905760434015758E+02   4.0015070024641647E-01
   1.6000000000000000E+04   6.6069245455674164E-02   1.7825016984854847E+02   3.8016400935485900E-01
   1.7000000000000000E+04   6.2869348969821465E-02   1.8732266863288950E+02   3.6232377176690028E-01
   1.8000000000000000E+04   6.0000008750141928E-02   1.9628087511256408E+02   3.4629509665648989E-01
   1.9000000000000000E+04   5.7411687075363621E-02   2.0512991037486890E+02   3.3181004198968106E-01
   2.0000000000000000E+04   5.5064359892830900E-02   2.1387435079895747E+02   3.1865157596894622E-01
   2.1000000000000000E+04   5.2925325629234084E-02   2.2251831394938532E+02   3.0664195749143580E-01
   2.2000000000000000E+04   5.0967595032237516E-02   2.3106552735694871E+02   2.9563417337624903E-01
   2.3000000000000000E+04   4.9168689465790887E-02   2.3951938422993979E+02   2.8550553083502822E-01
   2.4000000000000000E+04   4.7509731393868063E-02   2.4788298899453181E+02   2.7615279590578579E-01
   2.5000000000000000E+04   4.5974747165536171E-02   2.5615919499971903E+02   2.6748845818135397E-01
   2.6000000000000000E+04   4.4550126339728588E-02   2.6435063583056734E+02   2.5943782783866498E-01
   2.7000000000000000E+04   4.3224197899149316E-02   2.7245975163534814E+02   2.5193675567581092E-01
   2.8000000000000000E+04   4.1986894823860095E-02   2.8048881141710126E+02   2.4492982508098388E-01
   2.9000000000000000E+04   4.0829486211109899E-02   2.8843993194885758E+02   2.3836890542855976E-01
   3.0000000000000000E+04   3.9744361534614144E-02   2.9631509400352718E+02   2.3221198506208637E-01
   3.1000000000000000E+04   3.8724855548457157E-02   3.0411615634053834E+02   2.2642222258854397E-01
   3.2000000000000000E+04   3.7765105150458639E-02   3.1184486783022595E+02   2.2096717014430703E-01
   3.3000000000000000E+04   3.6859931593144712E-02   3.1950287792801123E+02   2.1581813321412485E-01
   3.4000000000000000E+04   3.6004742925456135E-02   3.2709174590197858E+02   2.1094963969653710E-01
   3.5000000000000000E+04   3.5195452718349847E-02   3.3461294896483213E+02   2.0633899700713298E-01
   3.6000000000000000E+04   3.4428411995288885E-02   3.4206788933079110E+02   2.0196592059853685E-01
   3.7000000000000000E+04   3.3700351903354069E-02   3.4945790055881440E+02   1.9781222075880975E-01
   3.8000000000000000E+04   3.3008335207673906E-02   3.5678425313317319E+02   1.9386153727074035E-01
   3.9000000000000000E+04   3.2349715049605897E-02   3.6404815950250020E+02   1.9009911357606338E-01
   4.0000000000000000E+04   3.1722099742562182E-02   3.7125077847347274E+02   1.8651160374067544E-01
   4.1000000000000000E+04   3.1123322574479449E-02   3.7839321929902701E+02   1.8308690675404413E-01
   4.2000000000000000E+04   3.0551415826146750E-02   3.8547654521989131E+02   1.7981402376396025E-01
   4.3000000000000000E+04   3.0004588320393821E-02   3.9250177667776057E+02   1.7668293460201345E-01
   4.4000000000000000E+04   2.9481205942866774E-02   3.9946989438160580E+02   1.7368449060149369E-01
   4.5000000000000000E+04   2.8979774711012332E-02   4.0638184187691934E+02   1.7081032127599396E-01
   4.6000000000000000E+04   2.8498925990542330E-02   4.1323852794128572E+02   1.6805275278399465E-01
   4.7000000000000000E+04   2.8037403540538339E-02   4.2004082893095296E+02   1.6540473647433016E-01
   4.8000000000000000E+04   2.7594052159442255E-02   4.2678959060420209E+02   1.6285978609826710E-01
   4.9000000000000000E+04   2.7167807663375867E-02   4.3348563013111266E+02   1.6041192245861785E-01
   5.0000000000000000E+04   2.6757688053335185E-02   4.4012973769501161E+02   1.5805562451346011E-01
   5.1000000000000000E+04   2.6362785690283944E-02   4.4672267804307728E+02   1.5578578603581925E-01
   5.2000000000000000E+04   2.5982260343011983E-02   4.5326519204888137E+02   1.5359767713746664E-01
   5.3000000000000000E+04   2.5615333027291434E-02   4.5975799774658026E+02   1.5148691002291514E-01
   5.4000000000000000E+04   2.5261280482684407E-02   4.6620179180196027E+02   1.4944940839999266E-01
   5.5000000000000000E+04   2.4919430251053590E-02   4.7259725064305729E+02   1.4748138016279772E-01
   5.6000000000000000E+04   2.4589156280842180E-02   4.7894503128661245E+02   1.4557929290312893E-01
   5.7000000000000000E+04   2.4269874963735658E-02   4.8524577245809786E+02   1.4373985190185207E-01
   5.8000000000000000E+04   2.3961041576135073E-02   4.9150009555381655E+02   1.4195998035939622E-01
   5.9000000000000000E+04   2.3662147082068773E-02   4.9770860536844032E+02   1.4023680155742155E-01
   6.0000000000000000E+04   2.3372715248368588E-02   5.0387189075353081E+02   1.3856762276494136E-01
   6.1000000000000000E+04   2.3092300017412526E-02   5.0999052564530757E+02   1.3694992065681788E-01
   6.2000000000000000E+04   2.2820483146589396E-02   5.1606506963895959E+02   1.3538132812662013E-01
   6.3000000000000000E+04   2.2556872071838534E-02   5.2209606840579420E+02   1.3385962231526946E-01
   6.4000000000000000E+04   2.2301097943261797E-02   5.2808405461479515E+02   1.3238271371031327E-01
   6.5000000000000000E+04   2.2052813866308387E-02   5.3402954813996212E+02   1.3094863624644582E-01
   6.6000000000000000E+04   2.1811693267011201E-02   5.3993305701080544E+02   1.2955553825889946E-01
   6.7000000000000000E+04   2.1577428431174866E-02   5.4579507756467729E+02   1.2820167422985307E-01
   6.8000000000000000E+04   2.1349729145747901E-02   5.5161609516647593E+02   1.2688539725947526E-01
   6.9000000000000000E+04   2.1128321483404624E-02   5.5739658417681528E+02   1.2560515214558701E-01
   7.0000000000000000E+04   2.0912946645165399E-02   5.6313700905280621E+02   1.2435946905745587E-01
   7.1000000000000000E+04   2.0703359945867045E-02   5.6883782415183964E+02   1.2314695771689887E-01
   7.2000000000000000E+04   2.0499329851196346E-02   5.7449947435974639E+02   1.2196630206370801E-01
   7.3000000000000000E+04   2.0300637098655282E-02   5.8012239551927462E+02   1.2081625532888064E-01
   7.4000000000000000E+04   2.0107073897183012E-02   5.8570701457904772E+02   1.1969563552189630E-01
   7.5000000000000000E+04   1.9918443183718177E-02   5.9125374988473243E+02   1.1860332124250025E-01
   7.6000000000000000E+04   1.9734557926853715E-02   5.9676301176293669E+02   1.1753824782741219E-01
   7.7000000000000000E+04   1.9555240507632292E-02   6.0223520235626472E+02   1.1649940378842710E-01
   7.8000000000000000E+04   1.9380322118254800E-02   6.0767071632655950E+02   1.1548582751313836E-01
   7.9000000000000000E+04   1.9209642226443745E-02   6.1306994088768056E+02   1.1449660420895610E-01
   8.0000000000000000E+04   1.9043048075408565E-02   6.1843325593698000E+02   1.1353086307541048E-01
   8.1000000000000000E+04   1.8880394206793560E-02   6.2376103460815466E+02   1.1258777467292813E-01
   8.2000000000000000E+04   1.8721542041187828E-02   6.2905364303485294E+02   1.1166654848753420E-01
   8.3000000000000000E+04   1.8566359451942734E-02   6.3431144133143778E+02   1.1076643064387523E-01
   8.4000000000000000E+04   1.8414720423898981E-02   6.3953478267066873E+02   1.0988670182644593E-01
   8.5000000000000000E+04   1.8266504670328476E-02   6.4472401462603307E+02   1.0902667527212345E-01
   8.6000000000000000E+04   1.8121597336324277E-02   6.4987947837429078E+02   1.0818569498096550E-01
   8.7000000000000000E+04   1.7979888670938006E-02   6.5500150972986887E+02   1.0736313395983395E-01
   8.8000000000000000E+04   1.7841273764013375E-02   6.6009043860947793E+02   1.0655839265840844E-01
   8.9000000000000000E+04   1.7705652269736694E-02   6.6514658962149019E+02   1.0577089746512242E-01
   9.0000000000000000E+04   1.7572928170881873E-02   6.7017028179478154E+02   1.0500009932151963E-01
   9.1000000000000000E+04   1.7443009531190809E-02   6.7516182933802315E+02   1.0424547239129481E-01
   9.2000000000000000E+04   1.7315808284190975E-02   6.8012154159684349E+02   1.0350651286260099E-01
   9.3000000000000000E+04   1.7191240052719822E-02   6.8504972230762064E+02   1.0278273779148608E-01
   9.4000000000000000E+04   1.7069223920133651E-02   6.8994667123372926E+02   1.0207368402758960E-01
   9.5000000000000000E+04   1.6949682279284319E-02   6.9481268322255676E+02   1.0137890719547731E-01
   9.6000000000000000E+04   1.6832540662935821E-02   6.9964804838827695E+02   1.0069798077034794E-01
   9.7000000000000000E+04   1.6717727571957657E-02   7.0445305281764934E+02   1.0003049516527736E-01
   9.8000000000000000E+04   1.6605174344362268E-02   7.0922797797891212E+02   9.9376056898206264E-02
   9.9000000000000000E+04   1.6494814997611275E-02   7.1397310160464644E+02   9.8734287806943613E-02
   1.0000000000000000E+05   1.6386586129418065E-02   7.1868869642694699E+02   9.8104824322658352E-02
   1.1000000000000000E+05   1.5409123711201499E-02   7.6427799821467465E+02   9.2416143018660329E-02
   1.2000000000000000E+05   1.4589972063147411E-02   8.0718826419046661E+02   8.7643761069174597E-02
   1.3000000000000000E+05   1.3893727526126382E-02   8.4763820235380615E+02   8.3584000895052218E-02
   1.4000000000000000E+05   1.3294847356829738E-02   8.8582094311819492E+02   8.0089633383587433E-02
   1.5000000000000000E+05   1.2774430429118862E-02   9.2190836136180576E+02   7.7051525852438629E-02
   1.6000000000000000E+05   1.2318184416321116E-02   9.5605438481952626E+02   7.4387029005754030E-02
   1.7000000000000000E+05   1.1915097861108805E-02   9.8839760793566995E+02   7.2032377444641346E-02
   1.8000000000000000E+05   1.1556547413151754E-02   1.0190633762153642E+03   6.9937571151651320E-02
   1.9000000000000000E+05   1.1235682035377529E-02   1.0481654951749126E+03   6.8062839983697929E-02
   2.0000000000000000E+05   1.0946988773587666E-02   1.0758076460856478E+03   6.6376147074737310E-02
   2.1000000000000000E+05   1.0685980550675716E-02   1.1020845647613182E+03   6.4851391049417173E-02
   2.2000000000000000E+05   1.0448967590661435E-02   1.1270830464403678E+03   6.3467088668818561E-02
   2.3000000000000000E+05   1.0232887474097162E-02   1.1508828035146960E+03   6.2205394082199009E-02
   2.4000000000000000E+05   1.0035176990593414E-02   1.1735572013606263E+03   6.1051358425817021E-02
   2.5000000000000000E+05   9.8536742103957475E-03   1.1951738988705993E+03   5.9992363690659981E-02
   2.6000000000000000E+05   9.6865427358799761E-03   1.2157954128067436E+03   5.9017684416091787E-02
   2.7000000000000000E+05   9.5322126620183238E-03   1.2354795934384622E+03   5.8118145176058331E-02
   2.8000000000000000E+05   9.3893337398984669E-03   1.2542800746548721E+03   5.7285849751909819E-02
   2.9000000000000000E+05   9.2567383186928209E-03   1.2722466400997293E+03   5.6513965452482648E-02
   3.0000000000000000E+05   9.1334114099061309E-03   1.2894255712018119E+03   5.5796549646848548E-02
   3.1000000000000000E+05   9.0184664815285837E-03   1.3058599539467650E+03   5.5128409273709170E-02
   3.2000000000000000E+05   8.9111258286848939E-03   1.3215899371917399E+03   5.4504986153688317E-02
   3.3000000000000000E+05   8.8107042839104480E-03   1.3366529899029192E+03   5.3922262899869566E-02
   3.4000000000000000E+05   8.7165959347812235E-03   1.3510841058086680E+03   5.3376684825750677E-02
   3.5000000000000000E+05   8.6282629351745969E-03   1.3649160106409124E+03   5.2865095373939519E-02
   3.6000000000000000E+05   8.5452261360643156E-03   1.3781793526254694E+03   5.2384681743513829E-02
   3.7000000000000000E+05   8.4670575291228792E-03   1.3909028235289845E+03   5.1932929616595437E-02
   3.8000000000000000E+05   8.3933733425566367E-03   1.4031133542609828E+03   5.1507584290213501E-02
   3.9000000000000000E+05   8.3238286813044279E-03   1.4148362100112095E+03   5.1106618364225129E-02
   4.0000000000000000E+05   8.2581125607500260E-03   1.4260951443328051E+03   5.0728203582425899E-02
   4.1000000000000000E+05   8.1959440061517442E-03   1.4369124795630426E+03   5.0370687227119966E-02
   4.2000000000000000E+05   8.1370684456033987E-03   1.4473092248108837E+03   5.0032571497138620E-02
   4.3000000000000000E+05   8.0812546443992019E-03   1.4573051762948010E+03   4.9712495741416521E-02
   4.4000000000000000E+05   8.0282922355644701E-03   1.4669189758774803E+03   4.9409221357564044E-02
   4.5000000000000000E+05   7.9779892654746037E-03   1.4761682213843847E+03   4.9121618146720600E-02
   4.6000000000000000E+05   7.9301703773256311E-03   1.4850695084575198E+03   4.8848653187117182E-02
   4.7000000000000000E+05   7.8846748728297698E-03   1.4936385347760961E+03   4.8589380108191534E-02
   4.8000000000000000E+05   7.8413555372548443E-03   1.5018900964618526E+03   4.8342930718963922E-02
   4.9000000000000000E+05   7.8000767749584476E-03   1.5098382444193437E+03   4.8108506786697001E-02
   5.0000000000000000E+05   7.7607140642794604E-03   1.5174962157728685E+03   4.7885373425830755E-02
   5.1000000000000000E+05   7.7231523810843633E-03   1.5248765844738957E+03   4.7672852749704446E-02
   5.2000000000000000E+05   7.6872855832634335E-03   1.5319912466735504E+03   4.7470318696112429E-02
   5.3000000000000000E+05   7.6530154948933901E-03   1.5388514804520746E+03   4.7277192087484619E-02
   5.4000000000000000E+05   7.6202510909387832E-03   1.5454680014734920E+03   4.7092936186208627E-02
   5.5000000000000000E+05   7.5889080883240452E-03   1.5518509497247305E+03   4.6917053320663107E-02
   5.6000000000000000E+05   7.5589080189324845E-03   1.5580099922822662E+03   4.6749080938929731E-02
   5.7000000000000000E+05   7.5301780847342736E-03   1.5639542772719092E+03   4.6588588972191224E-02
   5.8000000000000000E+05   7.5026504969712511E-03   1.5696925012025504E+03   4.6435176960248195E-02
   5.9000000000000000E+05   7.4762618353034277E-03   1.5752329818932017E+03   4.6288471222552967E-02
   6.0000000000000000E+05   7.4509531996891244E-03   1.5805835721435915E+03   4.6148123406925652E-02
   6.1000000000000000E+05   7.4266693293575815E-03   1.5857517955842629E+03   4.6013807544013977E-02
   6.2000000000000000E+05   7.4033587570460930E-03   1.5907447701397457E+03   4.5885219066239852E-02
   6.3000000000000000E+05   7.3809730351769316E-03   1.5955693332182798E+03   4.5762072478606627E-02
   6.4000000000000000E+05   7.3594669955389241E-03   1.6002319504086527E+03   4.5644100384145625E-02
   6.5000000000000000E+05   7.3387979791511666E-03   1.6047388492906184E+03   4.5531051607201181E-02
   6.6000000000000000E+05   7.3189263016037332E-03   1.6090958890594102E+03   4.5422690730453789E-02
   6.7000000000000000E+05   7.2998143306105146E-03   1.6133087351078434E+03   4.5318795905421920E-02
   6.8000000000000000E+05   7.2814268355588935E-03   1.6173827589294749E+03   4.5219158881846175E-02
   6.9000000000000000E+05   7.2637305486702962E-03   1.6213231128727978E+03   4.5123583142688613E-02
   7.0000000000000000E+05   7.2466942618519244E-03   1.6251346888242713E+03   4.5031883895501904E-02
   7.1000000000000000E+05   7.2302883673955988E-03   1.6288222026311055E+03   4.4943886549149166E-02
   7.2000000000000000E+05   7.2144850533303459E-03   1.6323901341791450E+03   4.4859426371360915E-02
   7.3000000000000000E+05   7.1992579569389739E-03   1.6358427902820579E+03   4.4778348013772465E-02
   7.4000000000000000E+05   7.1845822072830337E-03   1.6391842816275557E+03   4.4700504240054957E-02
   7.5000000000000000E+05   7.1704342563068402E-03   1.6424185486228939E+03   4.4625755913766253E-02
   7.6000000000000000E+05   7.1567919504186474E-03   1.6455493335321080E+03   4.4553971532965475E-02
   7.7000000000000000E+05   7.1436339720087408E-03   1.6485802982606888E+03   4.4485026043370512E-02
   7.8000000000000000E+05   7.1309404557012785E-03   1.6515148734447239E+03   4.4418801428319346E-02
   7.9000000000000000E+05   7.1186924183187410E-03   1.6543563806653076E+03   4.4355185480306508E-02
   8.0000000000000000E+05   7.1068719333715578E-03   1.6571079843072851E+03   4.4294071825781961E-02
   8.1000000000000000E+05   7.0954616705883426E-03   1.6597727915374453E+03   4.4235359305213391E-02
   8.2000000000000000E+05   7.0844456006181255E-03   1.6623536813116068E+03   4.4178951786633509E-02
   8.3000000000000000E+05   7.0738082627338061E-03   1.6648534688566710E+03   4.4124758132990501E-02
   8.4000000000000000E+05   7.0635347861288571E-03   1.6672748957598917E+03   4.4072691307728111E-02
   8.5000000000000000E+05   7.0536112219489952E-03   1.6696205466489089E+03   4.4022668573225052E-02
   8.6000000000000000E+05   7.0440243897774476E-03   1.6718928800602071E+03   4.3974611243539331E-02
   8.7000000000000000E+05   7.0347615041561782E-03   1.6740943125479839E+03   4.3928444333023585E-02
   8.8000000000000000E+05   7.0258104412369762E-03   1.6762271516915430E+03   4.3884096251204208E-02
   8.9000000000000000E+05   7.0171596971385997E-03   1.6782936020455154E+03   4.3841498833017217E-02
   9.0000000000000000E+05   7.0087981255019414E-03   1.6802958243851472E+03   4.3800586693615605E-02
   9.1000000000000000E+05   7.0007154770750091E-03   1.6822358032981913E+03   4.3761298055023622E-02
   9.2000000000000000E+05   6.9929014902556340E-03   1.6841155621382622E+03   4.3723573442262582E-02
   9.3000000000000000E+05   6.9853466268380484E-03   1.6859369839990618E+03   4.3687355977310681E-02
   9.4000000000000000E+05   6.9780416827782688E-03   1.6877019025702452E+03   4.3652591483421772E-02
   9.5000000000000000E+05   6.9709779371996926E-03   1.6894120638933241E+03   4.3619228246270618E-02
   9.6000000000000000E+05   6.9641468021170681E-03   1.6910692090320742E+03   4.3587216245045635E-02
   9.7000000000000000E+05   6.9575406436268956E-03   1.6926748728413038E+03   4.3556508477421048E-02
   9.8000000000000000E+05   6.9511513484334288E-03   1.6942307301212040E+03   4.3527059208580521E-02
   9.9000000000000000E+05   6.9449715618283437E-03   1.6957382934393136E+03   4.3498824697333280E-02
   1.0000000000000000E+06   6.9389944441659674E-03   1.6971989701102691E+03   4.3471763331048123E-02
   1.1000000000000000E+06   6.8889990490112706E-03   1.7095160182856473E+03   4.3257615571461808E-02
   1.2000000000000000E+06   6.8532638109709797E-03   1.7184300136507950E+03   4.3125404462329334E-02
   1.3000000000000000E+06   6.8280214097703271E-03   1.7247828495950037E+03   4.3052933514002370E-02
   1.4000000000000000E+06   6.8106386744274036E-03   1.7291849982379933E+03   4.3024721328624262E-02
   1.5000000000000000E+06   6.7992304396256899E-03   1.7320863484202921E+03   4.3029712012995908E-02
   1.6000000000000000E+06   6.7924186894318212E-03   1.7338233643580768E+03   4.3059850791727992E-02
   1.7000000000000000E+06   6.7891785612783249E-03   1.7346508296906411E+03   4.3109168695854516E-02
   1.8000000000000000E+06   6.7887364464241373E-03   1.7347637984153350E+03   4.3173179230353971E-02
   1.9000000000000000E+06   6.7904996983239683E-03   1.7343133417922281E+03   4.3248464980330366E-02
   2.0000000000000000E+06   6.7940100233742327E-03   1.7334172578082844E+03   4.3332396589102096E-02
   2.1000000000000000E+06   6.7989083967266734E-03   1.7321683919008692E+03   4.3422930013022346E-02
   2.2000000000000000E+06   6.8049113476009180E-03   1.7306403599793123E+03   4.3518464818640613E-02
   2.3000000000000000E+06   6.8117951762361019E-03   1.7288914184214698E+03   4.3617740165084441E-02
   2.4000000000000000E+06   6.8193774721515780E-03   1.7269691071263796E+03   4.3719751261873288E-02
   2.5000000000000000E+06   6.8275142901204127E-03   1.7249109593634639E+03   4.3823702304285665E-02
   2.6000000000000000E+06   6.8360871077562226E-03   1.7227478290727665E+03   4.3928952967037811E-02
   2.7000000000000000E+06   6.8449991990659617E-03   1.7205048359752002E+03   4.4034988931299902E-02
   2.8000000000000000E+06   6.8541732433880431E-03   1.7182020071640350E+03   4.4141398687468261E-02
   2.9000000000000000E+06   6.8635431394174105E-03   1.7158563711218985E+03   4.4247846807817418E-02
   3.0000000000000000E+06   6.8730567736981513E-03   1.7134812954415108E+03   4.4354065507603672E-02
   3.1000000000000000E+06   6.8826698846792865E-03   1.7110880547176102E+03   4.4459840073377076E-02
   3.2000000000000000E+06   6.8923461709494002E-03   1.7086858280388917E+03   4.4564994461217283E-02
   3.3000000000000000E+06   6.9020566763117012E-03   1.7062818774957721E+03   4.4669391318337512E-02
   3.4000000000000000E+06   6.9117733786536288E-03   1.7038831540124104E+03   4.4772917732095810E-02
   3.5000000000000000E+06   6.9214788155768075E-03   1.7014939347550287E+03   4.4875487879060198E-02
   3.6000000000000000E+06   6.9311548550911942E-03   1.6991186130531794E+03   4.4977033393115012E-02
   3.7000000000000000E+06   6.9407870517391853E-03   1.6967606319644080E+03   4.5077500566158550E-02
   3.8000000000000000E+06   6.9503645130061823E-03   1.6944225302430384E+03   4.5176850539743900E-02
   3.9000000000000000E+06   6.9598769577762466E-03   1.6921066702308754E+03   4.5275053430280487E-02
   4.0000000000000000E+06   6.9693154255258917E-03   1.6898150686515526E+03   4.5372089381745286E-02
   4.1000000000000000E+06   6.9786772549801264E-03   1.6875481977383545E+03   4.5467948441998092E-02
   4.2000000000000000E+06   6.9879534386650911E-03   1.6853080558718050E+03   4.5562622601409537E-02
   4.3000000000000000E+06   6.9971411203665077E-03   1.6830951415229556E+03   4.5656107047619562E-02
   4.4000000000000000E+06   7.0062391488735845E-03   1.6809095399109751E+03   4.5748410716822147E-02
   4.5000000000000000E+06   7.0152397852376574E-03   1.6787529129113568E+03   4.5839530832559545E-02
   4.6000000000000000E+06   7.0241460935707234E-03   1.6766243280473395E+03   4.5929485768960991E-02
   4.7000000000000000E+06   7.0329567246490950E-03   1.6745239143821063E+03   4.6018281973311717E-02
   4.8000000000000000E+06   7.0416696697546115E-03   1.6724519576405746E+03   4.6105935739597884E-02
   4.9000000000000000E+06   7.0502825479498415E-03   1.6704088303048170E+03   4.6192458100813134E-02
   5.0000000000000000E+06   7.0587982568448508E-03   1.6683936550842000E+03   4.6277864217954760E-02
   5.1000000000000000E+06   7.0672160987033479E-03   1.6664064123354185E+03   4.6362173396318880E-02
   5.2000000000000000E+06   7.0755347054982879E-03   1.6644472417169759E+03   4.6445401933291733E-02
   5.3000000000000000E+06   7.0837580371407426E-03   1.6625150326270768E+03   4.6527568991524736E-02
   5.4000000000000000E+06   7.0918854248087368E-03   1.6606097700114738E+03   4.6608693170290580E-02
   5.5000000000000000E+06   7.0999178839282881E-03   1.6587310468615428E+03   4.6688792233947549E-02
   5.6000000000000000E+06   7.1078524628134555E-03   1.6568793859823313E+03   4.6767877595191985E-02
   5.7000000000000000E+06   7.1156953677790711E-03   1.6550531768921292E+03   4.6845978886874098E-02
   5.8000000000000000E+06   7.1234466327610600E-03   1.6532522571415168E+03   4.6923111196731086E-02
   5.9000000000000000E+06   7.1311039829299568E-03   1.6514770016578279E+03   4.6999288297114791E-02
   6.0000000000000000E+06   7.1386754067329083E-03   1.6497254116823842E+03   4.7074534205725854E-02
   6.1000000000000000E+06   7.1461572696793919E-03   1.6479981869707326E+03   4.7148866360163855E-02
   6.2000000000000000E+06   7.1535533265077349E-03   1.6462943220958214E+03   4.7222298261108679E-02
   6.3000000000000000E+06   7.1608611755842200E-03   1.6446142350020550E+03   4.7294850482641246E-02
   6.4000000000000000E+06   7.1680844808616837E-03   1.6429569511468214E+03   4.7366541805663610E-02
   6.5000000000000000E+06   7.1752297095991381E-03   1.6413208637047667E+03   4.7437392259223853E-02
   6.6000000000000000E+06   7.1822873849865668E-03   1.6397080196006925E+03   4.7507405903290986E-02
   6.7000000000000000E+06   7.1892697490725053E-03   1.6381155020311630E+03   4.7576618856570323E-02
   6.8000000000000000E+06   7.1961696563947472E-03   1.6365448268404941E+03   4.7645027805526034E-02
   6.9000000000000000E+06   7.2029943324414701E-03   1.6349942372157286E+03   4.7712656797024904E-02
   7.0000000000000000E+06   7.2097440686833261E-03   1.6334635615422198E+03   4.7779527349348538E-02
   7.1000000000000000E+06   7.2164224238695585E-03   1.6319518914643063E+03   4.7845651285939733E-02
   7.2000000000000000E+06   7.2230186615699294E-03   1.6304615529928108E+03   4.7911031995801039E-02
   7.3000000000000000E+06   7.2295497832662930E-03   1.6289886061091076E+03   4.7975692732473908E-02
   7.4000000000000000E+06   7.2360053450796387E-03   1.6275353130090514E+03   4.8039645404663794E-02
   7.5000000000000000E+06   7.2423932630435433E-03   1.6260997982993063E+03   4.8102911786788972E-02
   7.6000000000000000E+06   7.2487148576311031E-03   1.6246816788276954E+03   4.8165496737068131E-02
   7.7000000000000000E+06   7.2549665333379613E-03   1.6232816747151703E+03   4.8227419534997096E-02
   7.8000000000000000E+06   7.2611585257978733E-03   1.6218974124305173E+03   4.8288690111024012E-02
   7.9000000000000000E+06   7.2672800330218197E-03   1.6205312263634357E+03   4.8349313254129452E-02
   8.0000000000000000E+06   7.2733408065530445E-03   1.6191808602765864E+03   4.8409313841880450E-02
   8.1000000000000000E+06   7.2793365594272493E-03   1.6178471936412270E+03   4.8468697026472878E-02
   8.2000000000000000E+06   7.2852717757405606E-03   1.6165291545410084E+03   4.8527472324449226E-02
   8.3000000000000000E+06   7.2911507783905765E-03   1.6152257143198101E+03   4.8585656267182198E-02
   8.4000000000000000E+06   7.2969666558098537E-03   1.6139383362623173E+03   4.8643259042133020E-02
   8.5000000000000000E+06   7.3027233130524248E-03   1.6126660862517078E+03   4.8700282200875487E-02
   8.6000000000000000E+06   7.3084241242545277E-03   1.6114081536613915E+03   4.8756753716012555E-02
   8.7000000000000000E+06   7.3140685525288785E-03   1.6101645943921935E+03   4.8812663404899474E-02
   8.8000000000000000E+06   7.3196611611060494E-03   1.6089343434115740E+03   4.8868039799327620E-02
   8.9000000000000000E+06   7.3251952010802623E-03   1.6077188253635345E+03   4.8922887102344569E-02
   9.0000000000000000E+06   7.3306845432167256E-03   1.6065149379721695E+03   4.8977219044421864E-02
   9.1000000000000000E+06   7.3361171865451219E-03   1.6053252592309750E+03   4.9031024576723439E-02
   9.2000000000000000E+06   7.3415004832712754E-03   1.6041481235443234E+03   4.9084342785558017E-02
   9.3000000000000000E+06   7.3468236670534183E-03   1.6029858286993144E+03   4.9137138156995434E-02
   9.4000000000000000E+06   7.3521108349078193E-03   1.6018330638220059E+03   4.9189478146675854E-02
   9.5000000000000000E+06   7.3573310093199102E-03   1.6006965310274898E+03   4.9241315514794090E-02
   9.6000000000000000E+06   7.3625222497598931E-03   1.5995678959915438E+03   4.9292700566753334E-02
   9.7000000000000000E+06   7.3676536867984610E-03   1.5984538259909543E+03   4.9343608751386395E-02
   9.8000000000000000E+06   7.3727474792739910E-03   1.5973494626455117E+03   4.9394087415085275E-02
   9.9000000000000000E+06   7.3777832602911399E-03   1.5962591755202395E+03   4.9444089893448076E-02
   1.0000000000000000E+07   7.3827919655720733E-03   1.5951762258990866E+03   4.9493686215236296E-02
   1.1000000000000000E+07   7.4304761672271142E-03   1.5849393712050912E+03   4.9966893222916829E-02
   1.2000000000000000E+07   7.4744016150618698E-03   1.5756250240163038E+03   5.0403339773661182E-02
   1.3000000000000000E+07   7.5150883272523577E-03   1.5670945851071820E+03   5.0808174825379609E-02
   1.4000000000000000E+07   7.5529679240086394E-03   1.5592353022980863E+03   5.1185563081982799E-02
   1.5000000000000000E+07   7.5883882114953314E-03   1.5519572662873384E+03   5.1538933832648501E-02
   1.6000000000000000E+07   7.6216444277887683E-03   1.5451854695950599E+03   5.1871112391010332E-02
   1.7000000000000000E+07   7.6529815466645510E-03   1.5388583067173529E+03   5.2184473357276578E-02
   1.8000000000000000E+07   7.6826046659439779E-03   1.5329246702546959E+03   5.2481018190626123E-02
   1.9000000000000000E+07   7.7106895677681092E-03   1.5273412475932705E+03   5.2762429765005413E-02
   2.0000000000000000E+07   7.7373621476386116E-03   1.5220761287273560E+03   5.3030107442386981E-02
   2.1000000000000000E+07   7.7627967875353466E-03   1.5170890784039777E+03   5.3285442763064308E-02
   2.2000000000000000E+07   7.7870859802190899E-03   1.5123570298511097E+03   5.3529465114163628E-02
   2.3000000000000000E+07   7.8102961515473098E-03   1.5078626976143828E+03   5.3763003978154103E-02
   2.4000000000000000E+07   7.8325702327966835E-03   1.5035746727079568E+03   5.3987126926867961E-02
   2.5000000000000000E+07   7.8539366135274933E-03   1.4994842464039111E+03   5.4202382850017335E-02
   2.6000000000000000E+07   7.8744837645674595E-03   1.4955715925444231E+03   5.4409518689143385E-02
   2.7000000000000000E+07   7.8942946208497601E-03   1.4918184321541919E+03   5.4609209748001326E-02
   2.8000000000000000E+07   7.9133873771573878E-03   1.4882190979597651E+03   5.4801839290960892E-02
   2.9000000000000000E+07   7.9318026343849247E-03   1.4847639013590510E+03   5.4987863833125032E-02
   3.0000000000000000E+07   7.9496090560846732E-03   1.4814381614433344E+03   5.5167795092606595E-02
   3.1000000000000000E+07   7.9668604749082543E-03   1.4782302591253779E+03   5.5342089003459112E-02
   3.2000000000000000E+07   7.9835348911131629E-03   1.4751428264375361E+03   5.5510851868547227E-02
   3.3000000000000000E+07   7.9997345245000993E-03   1.4721556306864186E+03   5.5674699715981324E-02
   3.4000000000000000E+07   8.0154347105270418E-03   1.4692720544242311E+03   5.5833694226692474E-02
   3.5000000000000000E+07   8.0307046837274753E-03   1.4664783089462453E+03   5.5988281839236168E-02
   3.6000000000000000E+07   8.0455263911657637E-03   1.4637767190933223E+03   5.6138526001356395E-02
   3.7000000000000000E+07   8.0599877026316259E-03   1.4611503960972743E+03   5.6284928776762111E-02
   3.8000000000000000E+07   8.0740338582107815E-03   1.4586084763891649E+03   5.6427376726006839E-02
   3.9000000000000000E+07   8.0877625879401775E-03   1.4561325330938942E+03   5.6566394867055114E-02
   4.0000000000000000E+07   8.1010981628705670E-03   1.4537355291182294E+03   5.6701763695022854E-02
   4.1000000000000000E+07   8.1140971279240540E-03   1.4514066122908737E+03   5.6833817982027378E-02
   4.2000000000000000E+07   8.1268334298958585E-03   1.4491319805960727E+03   5.6962959752712580E-02
   4.3000000000000000E+07   8.1392164364413096E-03   1.4469272707273683E+03   5.7088886267059089E-02
   4.4000000000000000E+07   8.1513730835533812E-03   1.4447693785481283E+03   5.7212213008998737E-02
   4.5000000000000000E+07   8.1632191010891988E-03   1.4426728081655926E+03   5.7332653752101163E-02
   4.6000000000000000E+07   8.1748546017886680E-03   1.4406194113425049E+03   5.7450700508586194E-02
   4.7000000000000000E+07   8.1862233085484432E-03   1.4386187354480555E+03   5.7566177118832572E-02
   4.8000000000000000E+07   8.1973258411532218E-03   1.4366702571606645E+03   5.7679145128585664E-02
   4.9000000000000000E+07   8.2081837729279742E-03   1.4347698041412625E+03   5.7789751499215683E-02
   5.0000000000000000E+07   8.2188545308385791E-03   1.4329070042608180E+03   5.7898292144432734E-02
   5.1000000000000000E+07   8.2293144798046090E-03   1.4310856940928306E+03   5.8004715806090450E-02
   5.2000000000000000E+07   8.2395724349179009E-03   1.4293040466919208E+03   5.8109106205354304E-02
   5.3000000000000000E+07   8.2496360315618498E-03   1.4275604619625535E+03   5.8211539477367270E-02
   5.4000000000000000E+07   8.2595124809215423E-03   1.4258534328076196E+03   5.8312087562700565E-02
   5.5000000000000000E+07   8.2692086022235628E-03   1.4241815378889587E+03   5.8410818516881097E-02
   5.6000000000000000E+07   8.2787308479699874E-03   1.4225434357643287E+03   5.8507796775062362E-02
   5.7000000000000000E+07   8.2880853321292691E-03   1.4209378586614771E+03   5.8603083410101654E-02
   5.8000000000000000E+07   8.2972778514242857E-03   1.4193636075737513E+03   5.8696736359848845E-02
   5.9000000000000000E+07   8.3063139088329786E-03   1.4178195470936621E+03   5.8788810641090830E-02
   6.0000000000000000E+07   8.3151987312468593E-03   1.4163046013541791E+03   5.8879358537178336E-02
   6.1000000000000000E+07   8.3239372885358202E-03   1.4148177498236423E+03   5.8968429781398511E-02
   6.2000000000000000E+07   8.3325343101473756E-03   1.4133580236084338E+03   5.9056071716324508E-02
   6.3000000000000000E+07   8.3409943006884368E-03   1.4119245020065939E+03   5.9142329447708010E-02
   6.4000000000000000E+07   8.3493215529602434E-03   1.4105163095633666E+03   5.9227245980591058E-02
   6.5000000000000000E+07   8.3575201603475046E-03   1.4091326132977797E+03   5.9310862344242238E-02
   6.6000000000000000E+07   8.3655940314285825E-03   1.4077726196125539E+03   5.9393217720034891E-02
   6.7000000000000000E+07   8.3735468997993938E-03   1.4064355720658230E+03   5.9474349544647580E-02
   6.8000000000000000E+07   8.3813823327479383E-03   1.4051207493809884E+03   5.9554293612379537E-02
   6.9000000000000000E+07   8.3891037436629803E-03   1.4038274628723530E+03   5.9633084171394769E-02
   7.0000000000000000E+07   8.3967143992400572E-03   1.4025550547849073E+03   5.9710754012714820E-02
   7.1000000000000000E+07   8.4042174267480226E-03   1.4013028966572517E+03   5.9787334544051420E-02
   7.2000000000000000E+07   8.4116158241586275E-03   1.4000703872394624E+03   5.9862855877036845E-02
   7.3000000000000000E+07   8.4189124655591110E-03   1.3988569512294177E+03   5.9937346890044228E-02
   7.4000000000000000E+07   8.4261101096337020E-03   1.3976620375248481E+03   6.0010835301649121E-02
   7.5000000000000000E+07   8.4332114020805021E-03   1.3964851185082316E+03   6.0083347719954799E-02
   7.6000000000000000E+07   8.4402188861440533E-03   1.3953256880070869E+03   6.0154909714299050E-02
   7.7000000000000000E+07   8.4471350045907667E-03   1.3941832606959626E+03   6.0225545859558194E-02
   7.8000000000000000E+07   8.4539621077374429E-03   1.3930573705151407E+03   6.0295279795018288E-02
   7.9000000000000000E+07   8.4607024538429151E-03   1.3919475703687253E+03   6.0364134259146503E-02
   8.0000000000000000E+07   8.4673582189802726E-03   1.3908534302754053E+03   6.0432131148494640E-02
   8.1000000000000000E+07   8.4739314973184300E-03   1.3897745371161116E+03   6.0499291550629455E-02
   8.2000000000000000E+07   8.4804243051726132E-03   1.3887104937728288E+03   6.0565635780635639E-02
   8.3000000000000000E+07   8.4868385876178676E-03   1.3876609178618717E+03   6.0631183427115244E-02
   8.4000000000000000E+07   8.4931762202671290E-03   1.3866254412732476E+03   6.0695953386078430E-02
   8.5000000000000000E+07   8.4994390105212272E-03   1.3856037098049774E+03   6.0759963880833309E-02
   8.6000000000000000E+07   8.5056287045127792E-03   1.3845953818782361E+03   6.0823232507622935E-02
   8.7000000000000000E+07   8.5117469868874820E-03   1.3836001284321351E+03   6.0885776256321612E-02
   8.8000000000000000E+07   8.5177954849309113E-03   1.3826176321178582E+03   6.0947611540754808E-02
   8.9000000000000000E+07   8.5237757717910607E-03   1.3816475866498238E+03   6.1008754223545972E-02
   9.0000000000000000E+07   8.5296893671668404E-03   1.3806896965757940E+03   6.1069219641716396E-02
   9.1000000000000000E+07   8.5355377415771375E-03   1.3797436764731958E+03   6.1129022627827871E-02
   9.2000000000000000E+07   8.5413223156026157E-03   1.3788092509664843E+03   6.1188177530531546E-02
   9.3000000000000000E+07   8.5470444651363203E-03   1.3778861537783664E+03   6.1246698237860740E-02
   9.4000000000000000E+07   8.5527055231671145E-03   1.3769741273493917E+03   6.1304598204615583E-02
   9.5000000000000000E+07   8.5583067789289785E-03   1.3760729228864082E+03   6.1361890451950021E-02
   9.6000000000000000E+07   8.5638494816672583E-03   1.3751822996714529E+03   6.1418587598223773E-02
   9.7000000000000000E+07   8.5693348407509789E-03   1.3743020249640854E+03   6.1474701871520307E-02
   9.8000000000000000E+07   8.5747640317985728E-03   1.3734318729432305E+03   6.1530245136491454E-02
   9.9000000000000000E+07   8.5801381911658949E-03   1.3725716255205309E+03   6.1585228886032420E-02
   1.0000000000000000E+08   8.5854584233581305E-03   1.3717210710843956E+03   6.1639664280716128E-02
   1.1000000000000000E+08   8.6359155987445809E-03   1.3637064987007727E+03   6.2156092297813617E-02
   1.2000000000000000E+08   8.6819848608444897E-03   1.3564702557076141E+03   6.2627851644332169E-02
   1.3000000000000000E+08   8.7243683721043505E-03   1.3498804408460276E+03   6.3062056318225104E-02
   1.4000000000000000E+08   8.7636122278226935E-03   1.3438356145939722E+03   6.3464245821755444E-02
   1.5000000000000000E+08   8.8001495213367517E-03   1.3382561507262258E+03   6.3838817952761140E-02
   1.6000000000000000E+08   8.8343295103454293E-03   1.3330784425063714E+03   6.4189322441640759E-02
   1.7000000000000000E+08   8.8664379448598132E-03   1.3282509049834175E+03   6.4518665860428370E-02
   1.8000000000000000E+08   8.8967115834133192E-03   1.3237311464828942E+03   6.4829258166341358E-02
   1.9000000000000000E+08   8.9253487907817713E-03   1.3194839216146561E+03   6.5123119762502193E-02
   2.0000000000000000E+08   8.9525174096253737E-03   1.3154796227011384E+03   6.5401961163552194E-02
   2.1000000000000000E+08   8.9783607242522896E-03   1.3116931459913164E+03   6.5667243313414045E-02
   2.2000000000000000E+08   9.0030020176342096E-03   1.3081030306526641E+03   6.5920223851563570E-02
   2.3000000000000000E+08   9.0265481383025557E-03   1.3046907902996015E+03   6.6161993195093458E-02
   2.4000000000000000E+08   9.0490922927014307E-03   1.3014403923958221E+03   6.6393502924885439E-02
   2.5000000000000000E+08   9.0707162813936162E-03   1.2983378444320579E+03   6.6615588411694182E-02
   2.6000000000000000E+08   9.0914922664850628E-03   1.2953708675146358E+03   6.6828986939353630E-02
   2.7000000000000000E+08   9.1114842549532334E-03   1.2925286259302004E+03   6.7034352567365646E-02
   2.8000000000000000E+08   9.1307492613089576E-03   1.2898015143338919E+03   6.7232268136190709E-02
   2.9000000000000000E+08   9.1493383036983390E-03   1.2871809778286292E+03   6.7423255288531242E-02
   3.0000000000000000E+08   9.1672972131995913E-03   1.2846593658251181E+03   6.7607782726942650E-02
   3.1000000000000000E+08   9.1846673037123232E-03   1.2822298113595587E+03   6.7786273125658436E-02
   3.2000000000000000E+08   9.2014859674805632E-03   1.2798861255519528E+03   6.7959109023190994E-02
   3.3000000000000000E+08   9.2177871312110159E-03   1.2776227153655411E+03   6.8126637676010932E-02
   3.4000000000000000E+08   9.2336016953661112E-03   1.2754345067916001E+03   6.8289175329721258E-02
   3.5000000000000000E+08   9.2489578690665430E-03   1.2733168850976663E+03   6.8447010781062384E-02
   3.6000000000000000E+08   9.2638814768840391E-03   1.2712656410410566E+03   6.8600408453986822E-02
   3.7000000000000000E+08   9.2783962172580479E-03   1.2692769255029352E+03   6.8749611069591099E-02
   3.8000000000000000E+08   9.2925238987183519E-03   1.2673472086376503E+03   6.8894841980059768E-02
   3.9000000000000000E+08   9.3062846315028862E-03   1.2654732463665789E+03   6.9036307169515060E-02
   4.0000000000000000E+08   9.3196969911693520E-03   1.2636520517135079E+03   6.9174196980924071E-02
   4.1000000000000000E+08   9.3327781803828787E-03   1.2618808672634939E+03   6.9308687678622777E-02
   4.2000000000000000E+08   9.3455441643918065E-03   1.2601571419576912E+03   6.9439942845915051E-02
   4.3000000000000000E+08   9.3580097706689978E-03   1.2584785133642195E+03   6.9568114480291876E-02
   4.4000000000000000E+08   9.3701888144984893E-03   1.2568427869902725E+03   6.9693344154708486E-02
   4.5000000000000000E+08   9.3820941706942752E-03   1.2552479233288138E+03   6.9815763889681706E-02
   4.6000000000000000E+08   9.3937378723936791E-03   1.2536920216657509E+03   6.9935497022369092E-02
   4.7000000000000000E+08   9.4051311720532785E-03   1.2521733093136966E+03   7.0052658940843240E-02
   4.8000000000000000E+08   9.4162846165585061E-03   1.2506901292607276E+03   7.0167357768132169E-02
   4.9000000000000000E+08   9.4272080900543575E-03   1.2492409323884410E+03   7.0279694914592183E-02
   5.0000000000000000E+08   9.4379108893934416E-03   1.2478242655876822E+03   7.0389765691049419E-02
   5.1000000000000000E+08   9.4484017534652628E-03   1.2464387662093350E+03   7.0497659737679699E-02
   5.2000000000000000E+08   9.4586889134971232E-03   1.2450831539067026E+03   7.0603461475947871E-02
   5.3000000000000000E+08   9.4687801272537141E-03   1.2437562247688466E+03   7.0707250500950197E-02
   5.4000000000000000E+08   9.4786827172208630E-03   1.2424568450680579E+03   7.0809101971638672E-02
   5.5000000000000000E+08   9.4884036117743389E-03   1.2411839447496984E+03   7.0909086903245211E-02
   5.6000000000000000E+08   9.4979493533576907E-03   1.2399365153569740E+03   7.1007272480371031E-02
   5.7000000000000000E+08   9.5073261429716102E-03   1.2387136032927115E+03   7.1103722307768236E-02
   5.8000000000000000E+08   9.5165398621570758E-03   1.2375143061261708E+03   7.1198496712417542E-02
   5.9000000000000000E+08   9.5255960841309044E-03   1.2363377703846716E+03   7.1291652910098841E-02
   6.0000000000000000E+08   9.5345000979971829E-03   1.2351831877072616E+03   7.1383245209205526E-02
   6.1000000000000000E+08   9.5432569352824903E-03   1.2340497907689155E+03   7.1473325254774331E-02
   6.2000000000000000E+08   9.5518713871312645E-03   1.2329368504799695E+03   7.1561942188066399E-02
   6.3000000000000000E+08   9.5603480162888138E-03   1.2318436739095780E+03   7.1649142802225216E-02
   6.4000000000000000E+08   9.5686911494494205E-03   1.2307696047768243E+03   7.1734971600420958E-02
   6.5000000000000000E+08   9.5769049292724496E-03   1.2297140162937837E+03   7.1819471104073482E-02
   6.6000000000000000E+08   9.5849933129135579E-03   1.2286763109550402E+03   7.1902681875463600E-02
   6.7000000000000000E+08   9.5929600633604430E-03   1.2276559212646082E+03   7.1984642611425648E-02
   6.8000000000000000E+08   9.6008087865199175E-03   1.2266523046240368E+03   7.2065390319347306E-02
   6.9000000000000000E+08   9.6085429314525413E-03   1.2256649429841316E+03   7.2144960388206295E-02
   7.0000000000000000E+08   9.6161657976418860E-03   1.2246933416151503E+03   7.2223386674675150E-02
   7.1000000000000000E+08   9.6236805358765887E-03   1.2237370287111930E+03   7.2300701594450720E-02
   7.2000000000000000E+08   9.6310901685532739E-03   1.2227955525421489E+03   7.2376936193510696E-02
   7.3000000000000000E+08   9.6383976077289504E-03   1.2218684789259573E+03   7.2452120270562650E-02
   7.4000000000000000E+08   9.6456056214924372E-03   1.2209553952732686E+03   7.2526282365485403E-02
   7.5000000000000000E+08   9.6527168821768164E-03   1.2200559042588973E+03   7.2599449886395453E-02
   7.6000000000000000E+08   9.6597339653318997E-03   1.2191696237707638E+03   7.2671649192593793E-02
   7.7000000000000000E+08   9.6666593089634444E-03   1.2182961918725355E+03   7.2742905515841089E-02
   7.8000000000000000E+08   9.6734953001809364E-03   1.2174352556949173E+03   7.2813243227853069E-02
   7.9000000000000000E+08   9.6802442042432917E-03   1.2165864802333217E+03   7.2882685663871405E-02
   8.0000000000000000E+08   9.6869082224536433E-03   1.2157495409052553E+03   7.2951255374730642E-02
   8.1000000000000000E+08   9.6934894503789663E-03   1.2149241286664776E+03   7.3018973973855150E-02
   8.2000000000000000E+08   9.6999899340650501E-03   1.2141099428238213E+03   7.3085862375505461E-02
   8.3000000000000000E+08   9.7064116172861283E-03   1.2133066975303193E+03   7.3151940649346117E-02
   8.4000000000000000E+08   9.7127564026125834E-03   1.2125141140234471E+03   7.3217228225139444E-02
   8.5000000000000000E+08   9.7190261021818727E-03   1.2117319266789000E+03   7.3281743796614784E-02
   8.6000000000000000E+08   9.7252224621627824E-03   1.2109598798442619E+03   7.3345505360616015E-02
   8.7000000000000000E+08   9.7313472000720852E-03   1.2101977231017017E+03   7.3408530409587433E-02
   8.8000000000000000E+08   9.7374019289443777E-03   1.2094452206222197E+03   7.3470835688847949E-02
   8.9000000000000000E+08   9.7433882474585003E-03   1.2087021398650797E+03   7.3532437509163592E-02
   9.0000000000000000E+08   9.7493076812776129E-03   1.2079682587980487E+03   7.3593351560169967E-02
   9.1000000000000000E+08   9.7551617119517198E-03   1.2072433622305537E+03   7.3653593045116442E-02
   9.2000000000000000E+08   9.7609517610647758E-03   1.2065272437075007E+03   7.3713176620321300E-02
   9.3000000000000000E+08   9.7666792088073554E-03   1.2058197031411944E+03   7.3772116514099748E-02
   9.4000000000000000E+08   9.7723454018005789E-03   1.2051205457872420E+03   7.3830426483660783E-02
   9.5000000000000000E+08   9.7779516408298909E-03   1.2044295837036698E+03   7.3888119872089042E-02
   9.6000000000000000E+08   9.7834991723015022E-03   1.2037466367433578E+03   7.3945209566189454E-02
   9.7000000000000000E+08   9.7889892123421158E-03   1.2030715295294137E+03   7.4001708055693297E-02
   9.8000000000000000E+08   9.7944229522839120E-03   1.2024040907374920E+03   7.4057627494824391E-02
   9.9000000000000000E+08   9.7998015235493136E-03   1.2017441573626884E+03   7.4112979605592280E-02
   1.0000000000000000E+09   9.8051260448406580E-03   1.2010915688775058E+03   7.4167775809376196E-02
   1.1000000000000000E+09   9.8556199891415893E-03   1.1949379376654626E+03   7.4687441997248347E-02
   1.2000000000000000E+09   9.9017174045731987E-03   1.1893749077104658E+03   7.5161887294864158E-02
   1.3000000000000000E+09   9.9441229608180342E-03   1.1843029566953944E+03   7.5598355694477440E-02
   1.4000000000000000E+09   9.9833844173592978E-03   1.1796454721067880E+03   7.6002478923502578E-02
   1.5000000000000000E+09   1.0019935981644993E-02   1.1753422622472613E+03   7.6378721921424433E-02
   1.6000000000000000E+09   1.0054127708090523E-02   1.1713451993217238E+03   7.6730684555919554E-02
   1.7000000000000000E+09   1.0086245907026782E-02   1.1676152190613141E+03   7.7061311546541320E-02
   1.8000000000000000E+09   1.0116527760370444E-02   1.1641201905631026E+03   7.7373042382585897E-02
   1.9000000000000000E+09   1.0145171939733754E-02   1.1608333790889330E+03   7.7667920710686483E-02
   2.0000000000000000E+09   1.0172346531495019E-02   1.1577323076614191E+03   7.7947675612017320E-02
   2.1000000000000000E+09   1.0198195018837211E-02   1.1547979032060268E+03   7.8213782993341557E-02
   2.2000000000000000E+09   1.0222840796467545E-02   1.1520138539483855E+03   7.8467512662155681E-02
   2.3000000000000000E+09   1.0246390851510547E-02   1.1493660933794251E+03   7.8709965094879195E-02
   2.4000000000000000E+09   1.0268938464908837E-02   1.1468424184723078E+03   7.8942100231338963E-02
   2.5000000000000000E+09   1.0290565511840145E-02   1.1444321704855888E+03   7.9164760449086879E-02
   2.6000000000000000E+09   1.0311344213490200E-02   1.1421259905989612E+03   7.9378688931163136E-02
   2.7000000000000000E+09   1.0331338634795130E-02   1.1399156140885602E+03   7.9584544812801916E-02
   2.8000000000000000E+09   1.0350605827260011E-02   1.1377937118640041E+03   7.9782915222409490E-02
   2.9000000000000000E+09   1.0369196829338109E-02   1.1357537539376717E+03   7.9974325426077519E-02
   3.0000000000000000E+09   1.0387157513223357E-02   1.1337898948048926E+03   8.0159247465565700E-02
   3.1000000000000000E+09   1.0404529189370603E-02   1.1318968893153512E+03   8.0338106617965310E-02
   3.2000000000000000E+09   1.0421349323644460E-02   1.1300699994308286E+03   8.0511288065524905E-02
   3.3000000000000000E+09   1.0437651832485505E-02   1.1283049495467749E+03   8.0679141149299041E-02
   3.4000000000000000E+09   1.0453467597340815E-02   1.1265978599517725E+03   8.0841983877235873E-02
   3.5000000000000000E+09   1.0468824905719014E-02   1.1249451901526963E+03   8.1000106887170353E-02
   3.6000000000000000E+09   1.0483749514022582E-02   1.1233437243504511E+03   8.1153775877226234E-02
   3.7000000000000000E+09   1.0498265199724091E-02   1.1217905054016801E+03   8.1303235054947520E-02
   3.8000000000000000E+09   1.0512393807829841E-02   1.1202828242096223E+03   8.1448709075714790E-02
   3.9000000000000000E+09   1.0526155323247785E-02   1.1188182068935762E+03   8.1590404583811005E-02
   4.0000000000000000E+09   1.0539568402980199E-02   1.1173943537298267E+03   8.1728513060903077E-02
   4.1000000000000000E+09   1.0552650320456410E-02   1.1160091414580297E+03   8.1863211798881369E-02
   4.2000000000000000E+09   1.0565416962350858E-02   1.1146606202296962E+03   8.1994665042938286E-02
   4.3000000000000000E+09   1.0577883157588413E-02   1.1133469758352192E+03   8.2123025377408357E-02
   4.4000000000000000E+09   1.0590062772905149E-02   1.1120665171476260E+03   8.2248435155520286E-02
   4.5000000000000000E+09   1.0601968649913486E-02   1.1108176804819605E+03   8.2371026890763366E-02
   4.6000000000000000E+09   1.0613612861413090E-02   1.1095990006433487E+03   8.2490924513890604E-02
   4.7000000000000000E+09   1.0625006598013929E-02   1.1084091210296979E+03   8.2608243787285596E-02
   4.8000000000000000E+09   1.0636160476778912E-02   1.1072467597636228E+03   8.2723093437148787E-02
   4.9000000000000000E+09   1.0647084359143201E-02   1.1061107273115542E+03   8.2835575175543949E-02
   5.0000000000000000E+09   1.0657787560737641E-02   1.1049999033217985E+03   8.2945784815872711E-02
   5.1000000000000000E+09   1.0668278796195524E-02   1.1039132412286760E+03   8.3053812196448765E-02
   5.2000000000000000E+09   1.0678566280126348E-02   1.1028497567278307E+03   8.3159741995684350E-02
   5.3000000000000000E+09   1.0688657829935281E-02   1.1018085162438647E+03   8.3263654347511040E-02
   5.4000000000000000E+09   1.0698560718799504E-02   1.1007886512757814E+03   8.3365624500546104E-02
   5.5000000000000000E+09   1.0708281892090601E-02   1.0997893352936508E+03   8.3465723721342977E-02
   5.6000000000000000E+09   1.0717827915910744E-02   1.0988097883859919E+03   8.3564019560063707E-02
   5.7000000000000000E+09   1.0727204986304107E-02   1.0978492756757596E+03   8.3660575770464665E-02
   5.8000000000000000E+09   1.0736418938834993E-02   1.0969071057427705E+03   8.3755452777615161E-02
   5.9000000000000000E+09   1.0745475399293927E-02   1.0959826146931762E+03   8.3848708080728043E-02
   6.0000000000000000E+09   1.0754379630910652E-02   1.0950751813140268E+03   8.3940396244277460E-02
   6.1000000000000000E+09   1.0763136689512797E-02   1.0941842107899913E+03   8.4030568937808664E-02
   6.2000000000000000E+09   1.0771751330522026E-02   1.0933091437851290E+03   8.4119275522456877E-02
   6.3000000000000000E+09   1.0780228147549472E-02   1.0924494419829546E+03   8.4206562875379767E-02
   6.4000000000000000E+09   1.0788571480007019E-02   1.0916045971483611E+03   8.4292475829390548E-02
   6.5000000000000000E+09   1.0796785427416361E-02   1.0907741293380068E+03   8.4377056662003763E-02
   6.6000000000000000E+09   1.0804873999692212E-02   1.0899575714233072E+03   8.4460346489217436E-02
   6.7000000000000000E+09   1.0812840910433221E-02   1.0891544897211954E+03   8.4542383874248533E-02
   6.8000000000000000E+09   1.0820689780362025E-02   1.0883644631983291E+03   8.4623205895528186E-02
   6.9000000000000000E+09   1.0828424070580382E-02   1.0875870900028524E+03   8.4702848139879910E-02
   7.0000000000000000E+09   1.0836047095024330E-02   1.0868219860032748E+03   8.4781344564229685E-02
   7.1000000000000000E+09   1.0843561948683163E-02   1.0860687917838229E+03   8.4858727543364737E-02
   7.2000000000000000E+09   1.0850971745176225E-02   1.0853271486468234E+03   8.4935028508467514E-02
   7.3000000000000000E+09   1.0858279308524073E-02   1.0845967293357594E+03   8.5010276948633334E-02
   7.4000000000000000E+09   1.0865487422449393E-02   1.0838772128995311E+03   8.5084501613971256E-02
   7.5000000000000000E+09   1.0872598824968330E-02   1.0831682851384580E+03   8.5157730217259850E-02
   7.6000000000000000E+09   1.0879616003091412E-02   1.0824696589376867E+03   8.5229988804787216E-02
   7.7000000000000000E+09   1.0886541451574481E-02   1.0817810483361652E+03   8.5301302932106068E-02
   7.8000000000000000E+09   1.0893377570928630E-02   1.0811021785996365E+03   8.5371696953618598E-02
   7.9000000000000000E+09   1.0900126538584722E-02   1.0804327988809268E+03   8.5441194230097453E-02
   8.0000000000000000E+09   1.0906790660299327E-02   1.0797726472469174E+03   8.5509817466322455E-02
   8.1000000000000000E+09   1.0913372008746803E-02   1.0791214864480471E+03   8.5577588348627637E-02
   8.2000000000000000E+09   1.0919872580451505E-02   1.0784790882378977E+03   8.5644527611846336E-02
   8.3000000000000000E+09   1.0926294343815451E-02   1.0778452285522901E+03   8.5710655428374055E-02
   8.4000000000000000E+09   1.0932639198568198E-02   1.0772196914521542E+03   8.5775991538680291E-02
   8.5000000000000000E+09   1.0938908962430020E-02   1.0766022703623630E+03   8.5840554358829854E-02
   8.6000000000000000E+09   1.0945105405173104E-02   1.0759927646446545E+03   8.5904362108333243E-02
   8.7000000000000000E+09   1.0951230207719171E-02   1.0753909835571014E+03   8.5967432343039357E-02
   8.8000000000000000E+09   1.0957284972392550E-02   1.0747967451710672E+03   8.6029781665207472E-02
   8.9000000000000000E+09   1.0963271412703847E-02   1.0742098577065931E+03   8.6091426814940808E-02
   9.0000000000000000E+09   1.0969190925958636E-02   1.0736301613977184E+03   8.6152383067040456E-02
   9.1000000000000000E+09   1.0975045013866582E-02   1.0730574871774757E+03   8.6212665732027058E-02
   9.2000000000000000E+09   1.0980835155184717E-02   1.0724916691494811E+03   8.6272289725309870E-02
   9.3000000000000000E+09   1.0986562643880005E-02   1.0719325603444843E+03   8.6331269039896102E-02
   9.4000000000000000E+09   1.0992228916619957E-02   1.0713800006869462E+03   8.6389617715372527E-02
   9.5000000000000000E+09   1.0997835151219264E-02   1.0708338561461098E+03   8.6447348763566995E-02
   9.6000000000000000E+09   1.1003382768009542E-02   1.0702939698215855E+03   8.6504475453768631E-02
   9.7000000000000000E+09   1.1008872845336783E-02   1.0697602188427386E+03   8.6561010098262628E-02
   9.8000000000000000E+09   1.1014306673080737E-02   1.0692324604527591E+03   8.6616965189748041E-02
   9.9000000000000000E+09   1.1019685290224632E-02   1.0687105769423740E+03   8.6672352144397627E-02
   1.0000000000000000E+10   1.1025009778592386E-02   1.0681944470568048E+03   8.6727182130977173E-02
   1.1000000000000000E+10   1.1075504253338914E-02   1.0633244279319390E+03   8.7247155264485163E-02
   1.2000000000000000E+10   1.1121601934186317E-02   1.0589170781269274E+03   8.7721855797272236E-02
   1.3000000000000000E+10   1.1164007754022908E-02   1.0548948445503913E+03   8.8158540333293095E-02
   1.4000000000000000E+10   1.1203269469315408E-02   1.0511979789913062E+03   8.8562848726780385E-02
   1.5000000000000000E+10   1.1239821142943283E-02   1.0477795041812781E+03   8.8939251832724039E-02
   1.6000000000000000E+10   1.1274012992101023E-02   1.0446017964047624E+03   8.9291354676629381E-02
   1.7000000000000000E+10   1.1306131266417928E-02   1.0416343085649110E+03   8.9622105337794647E-02
   1.8000000000000000E+10   1.1336413177469709E-02   1.0388518872658060E+03   8.9933945831678144E-02
   1.9000000000000000E+10   1.1365057582521983E-02   1.0362335728373841E+03   9.0228922987904345E-02
   2.0000000000000000E+10   1.1392232101954839E-02   1.0337617877552302E+03   9.0508765907256955E-02
   2.1000000000000000E+10   1.1418080665038799E-02   1.0314215295657434E+03   9.0774953351980658E-02
   2.2000000000000000E+10   1.1442726592592371E-02   1.0292000013233987E+03   9.1028756212154241E-02
   2.3000000000000000E+10   1.1466276658266696E-02   1.0270861741111705E+03   9.1271274787684709E-02
   2.4000000000000000E+10   1.1488824293175819E-02   1.0250704444348257E+03   9.1503470599335099E-02
   2.5000000000000000E+10   1.1510451312075558E-02   1.0231444367332773E+03   9.1726186544688657E-02
   2.6000000000000000E+10   1.1531230142806291E-02   1.0213007700298393E+03   9.1940167236753342E-02
   2.7000000000000000E+10   1.1551224557530108E-02   1.0195329651488911E+03   9.2146070768884578E-02
   2.8000000000000000E+10   1.1570491680933137E-02   1.0178352440844226E+03   9.2344485279859834E-02
   2.9000000000000000E+10   1.1589082814901683E-02   1.0162024391694079E+03   9.2535936921346401E-02
   3.0000000000000000E+10   1.1607043485783678E-02   1.0146299734866734E+03   9.2720897646364514E-02
   3.1000000000000000E+10   1.1624415120309829E-02   1.0131137009777974E+03   9.2899792615725216E-02
   3.2000000000000000E+10   1.1641235188786020E-02   1.0116498836467097E+03   9.3073007649988049E-02
   3.3000000000000000E+10   1.1657537735041577E-02   1.0102351364335822E+03   9.3240892785547119E-02
   3.4000000000000000E+10   1.1673353742442698E-02   1.0088663878505067E+03   9.3403765918528447E-02
   3.5000000000000000E+10   1.1688710868819908E-02   1.0075408962039241E+03   9.3561916944905288E-02
   3.6000000000000000E+10   1.1703635568466174E-02   1.0062560608064782E+03   9.3715612591624003E-02
   3.7000000000000000E+10   1.1718151415839163E-02   1.0050095622011548E+03   9.3865097199172812E-02
   3.8000000000000000E+10   1.1732279968630211E-02   1.0037992833215992E+03   9.4010594842726170E-02
   3.9000000000000000E+10   1.1746041519105882E-02   1.0026232416327966E+03   9.4152313152449943E-02
   4.0000000000000000E+10   1.1759454537415353E-02   1.0014796338357911E+03   9.4290443016782216E-02
   4.1000000000000000E+10   1.1772536334470259E-02   1.0003667765081733E+03   9.4425161692298865E-02
   4.2000000000000000E+10   1.1785303156589657E-02   9.9928309588323373E+02   9.4556634767892264E-02
   4.3000000000000000E+10   1.1797769496247969E-02   9.9822718421348520E+02   9.4685013931160272E-02
   4.4000000000000000E+10   1.1809948856359349E-02   9.9719773281641540E+02   9.4810441041000601E-02
   4.5000000000000000E+10   1.1821854610829945E-02   9.9619345795799586E+02   9.4933049166012556E-02
   4.6000000000000000E+10   1.1833499039177053E-02   9.9521318126192773E+02   9.5052963708421118E-02
   4.7000000000000000E+10   1.1844892913964749E-02   9.9425586282462928E+02   9.5170298707679624E-02
   4.8000000000000000E+10   1.1856046817441585E-02   9.9332048916290330E+02   9.5285163274320447E-02
   4.9000000000000000E+10   1.1866970760995030E-02   9.9240610442457057E+02   9.5397659871654439E-02
   5.0000000000000000E+10   1.1877673622741742E-02   9.9151185647083730E+02   9.5507881859081836E-02
   5.1000000000000000E+10   1.1888165106161155E-02   9.9063683243563742E+02   9.5615923603051267E-02
   5.2000000000000000E+10   1.1898452516149915E-02   9.8978032716897360E+02   9.5721865501730605E-02
   5.3000000000000000E+10   1.1908543885016859E-02   9.8894158160317249E+02   9.5825789024480162E-02
   5.4000000000000000E+10   1.1918446899764431E-02   9.8811987193332470E+02   9.5927771661922526E-02
   5.5000000000000000E+10   1.1928168402587787E-02   9.8731455046228211E+02   9.6027883003107717E-02
   5.6000000000000000E+10   1.1937713787243452E-02   9.8652509468136304E+02   9.6126188299257481E-02
   5.7000000000000000E+10   1.1947091506840510E-02   9.8575073418466093E+02   9.6222756803369489E-02
   5.8000000000000000E+10   1.1956305260721460E-02   9.8499109611464769E+02   9.6317643324593846E-02
   5.9000000000000000E+10   1.1965361784187006E-02   9.8424556120009913E+02   9.6410908927882386E-02
   6.0000000000000000E+10   1.1974265777654239E-02   9.8351368200100580E+02   9.6502604900613992E-02
   6.1000000000000000E+10   1.1983022609567233E-02   9.8279495983231561E+02   9.6592786612164097E-02
   6.2000000000000000E+10   1.1991637415129406E-02   9.8208891884780780E+02   9.6681502267458932E-02
   6.3000000000000000E+10   1.2000114748470488E-02   9.8139513422073014E+02   9.6768799369947894E-02
   6.4000000000000000E+10   1.2008457900129076E-02   9.8071328743324932E+02   9.6854720501944824E-02
   6.5000000000000000E+10   1.2016671615254717E-02   9.8004294377896474E+02   9.6939308887406248E-02
   6.6000000000000000E+10   1.2024760048982558E-02   9.7938371961408291E+02   9.7022606473231299E-02
   6.7000000000000000E+10   1.2032727052662949E-02   9.7873525865718352E+02   9.7104651060340899E-02
   6.8000000000000000E+10   1.2040575663935019E-02   9.7809727316563612E+02   9.7185479774166764E-02
   6.9000000000000000E+10   1.2048310328602537E-02   9.7746936317545328E+02   9.7265131080077630E-02
   7.0000000000000000E+10   1.2055933423133883E-02   9.7685129893310432E+02   9.7343634199319809E-02
   7.1000000000000000E+10   1.2063448294727528E-02   9.7624277375040197E+02   9.7421023507185775E-02
   7.2000000000000000E+10   1.2070857706627774E-02   9.7564353010084892E+02   9.7497329925823231E-02
   7.3000000000000000E+10   1.2078165730443322E-02   9.7505320651094405E+02   9.7572586009775017E-02
   7.4000000000000000E+10   1.2085373760024236E-02   9.7447165955219430E+02   9.7646816722824006E-02
   7.5000000000000000E+10   1.2092485253119140E-02   9.7389858062482506E+02   9.7720051580944281E-02
   7.6000000000000000E+10   1.2099501986405060E-02   9.7333379815729381E+02   9.7792314880211853E-02
   7.7000000000000000E+10   1.2106427462658031E-02   9.7277700300644165E+02   9.7863634748564965E-02
   7.8000000000000000E+10   1.2113263637912215E-02   9.7222801189433710E+02   9.7934033948207239E-02
   7.9000000000000000E+10   1.2120012705199884E-02   9.7168662366060892E+02   9.8003537187682233E-02
   8.0000000000000000E+10   1.2126677339829774E-02   9.7115259969510112E+02   9.8072167355571976E-02
   8.1000000000000000E+10   1.2133257981591851E-02   9.7062588153213142E+02   9.8139941208943315E-02
   8.2000000000000000E+10   1.2139758981084938E-02   9.7010609869512041E+02   9.8206887020187109E-02
   8.3000000000000000E+10   1.2146180493849308E-02   9.6959321740715347E+02   9.8273019602468065E-02
   8.4000000000000000E+10   1.2152524795858058E-02   9.6908703516928938E+02   9.8338358353181526E-02
   8.5000000000000000E+10   1.2158795291277440E-02   9.6858726067112264E+02   9.8402928445377846E-02
   8.6000000000000000E+10   1.2164991049546332E-02   9.6809394896172580E+02   9.8466738871799422E-02
   8.7000000000000000E+10   1.2171116374849968E-02   9.6760673889986799E+02   9.8529815054042846E-02
   8.8000000000000000E+10   1.2177171242326198E-02   9.6712561479833755E+02   9.8592168547603776E-02
   8.9000000000000000E+10   1.2183157673810860E-02   9.6665039881697521E+02   9.8653817922012499E-02
   9.0000000000000000E+10   1.2189077093433143E-02   9.6618096136122813E+02   9.8714777828866437E-02
   9.1000000000000000E+10   1.2194931315742579E-02   9.6571714258336829E+02   9.8775065631599268E-02
   9.2000000000000000E+10   1.2200721667821959E-02   9.6525882196784301E+02   9.8834693481708993E-02
   9.3000000000000000E+10   1.2206448515852527E-02   9.6480595555248908E+02   9.8893675133747680E-02
   9.4000000000000000E+10   1.2212115008205886E-02   9.6435827998065395E+02   9.8952028070614845E-02
   9.5000000000000000E+10   1.2217721194334497E-02   9.6391577749379553E+02   9.9009762865825135E-02
   9.6000000000000000E+10   1.2223269403000813E-02   9.6347825086372893E+02   9.9066895138630942E-02
   9.7000000000000000E+10   1.2228758703723915E-02   9.6304576037247830E+02   9.9123431301829268E-02
   9.8000000000000000E+10   1.2234192668433973E-02   9.6261801194494717E+02   9.9179389898642542E-02
   9.9000000000000000E+10   1.2239571804386940E-02   9.6219495358638835E+02   9.9234781770107347E-02
   1.0000000000000000E+11   1.2244895837169683E-02   9.6177659498665787E+02   9.9289614823007646E-02
   1.1000000000000000E+11   1.2295389940554206E-02   9.5782681811460509E+02   9.9809617215764562E-02
