   1.0000000000000000E+00   1.5261637526004574E-05   7.7166386661801976E+05
   2.0000000000000000E+00   4.3264651680032532E-04   2.7220499338203626E+04
   3.0000000000000000E+00   2.2855368860647349E-03   5.1527736419589755E+03
   4.0000000000000000E+00   4.6385877052652269E-03   2.5388879056596343E+03
   5.0000000000000000E+00   7.8158419901071981E-03   1.5067927728254695E+03
   6.0000000000000000E+00   1.1989332032032793E-02   9.8227776099404525E+02
   7.0000000000000000E+00   1.7134123776663773E-02   6.8733332254078414E+02
   7.7290000000000001E+00   2.1269045120505613E-02   5.5370864829682569E+02
   7.7310000000000008E+00   2.1280519936360588E-02   5.5341007923951349E+02
   8.0000000000000000E+00   2.2818821211708480E-02   5.1610265556559875E+02
   9.0000000000000000E+00   2.8195514292948632E-02   4.1768538434443855E+02
   1.0000000000000000E+01   3.2577598307504008E-02   3.6150160957465823E+02
   1.0399000000000001E+01   3.4052005853509149E-02   3.4584906025516034E+02
   1.0401000000000000E+01   3.4059113546091126E-02   3.4577688606904326E+02
   1.0999000000000001E+01   3.6111892256157511E-02   3.2612121626584837E+02
   1.1000999999999999E+01   3.6118633434600686E-02   3.2606034903185036E+02
   1.2000000000000000E+01   3.9644937100823931E-02   2.9705821437649865E+02
   1.3000000000000000E+01   4.4065259585807905E-02   2.6725938607728818E+02
   1.4000000000000000E+01   5.0008801025065136E-02   2.3549563242551307E+02
   1.5000000000000000E+01   5.7772882947369888E-02   2.0384743885756703E+02
   1.6000000000000000E+01   6.7179306411993475E-02   1.7530479031764528E+02
   1.7000000000000000E+01   7.7277761052810978E-02   1.5239642121866282E+02
   1.8000000000000000E+01   8.6250968376519979E-02   1.3654170435314629E+02
   1.9000000000000000E+01   9.2172551266701083E-02   1.2776964576105804E+02
   2.0000000000000000E+01   9.4408051034983329E-02   1.2474417271759370E+02
   2.1000000000000000E+01   9.4096102208822613E-02   1.2515772649225785E+02
   2.2000000000000000E+01   9.3172507525993500E-02   1.2639838227981383E+02
   2.3000000000000000E+01   9.3306663324122824E-02   1.2621664739344139E+02
   2.4000000000000000E+01   9.5610883583385597E-02   1.2317482887780609E+02
   2.5000000000000000E+01   1.0075426901165287E-01   1.1688690057269227E+02
   2.6000000000000000E+01   1.0887110857653631E-01   1.0817244701756884E+02
   2.7000000000000000E+01   1.1886759321629069E-01   9.9075398984568267E+01
   2.8000000000000000E+01   1.2749951622955924E-01   9.2367834580920842E+01
   2.9000000000000000E+01   1.2540024299651431E-01   9.3914126024195298E+01
   3.0000000000000000E+01   1.2107579318489178E-01   9.7268445776400767E+01
   3.1000000000000000E+01   1.1340464626028000E-01   1.0384807512392202E+02
   3.2000000000000000E+01   1.0573447466620652E-01   1.1138140385543831E+02
   3.3000000000000000E+01   9.9654709450927609E-02   1.1817659485564570E+02
   3.4000000000000000E+01   9.5405709505944930E-02   1.2343972163956832E+02
   3.5000000000000000E+01   9.2738949653151964E-02   1.2698929919182120E+02
   3.6000000000000000E+01   9.1294804478255220E-02   1.2899807707068800E+02
   3.7000000000000000E+01   9.0730726519494750E-02   1.2980006527015894E+02
   3.8000000000000000E+01   9.0779176445558010E-02   1.2973078943167283E+02
   3.9000000000000000E+01   9.1294305754093738E-02   1.2899878176368378E+02
   4.0000000000000000E+01   9.2151732686596571E-02   1.2779851100892319E+02
   4.1000000000000000E+01   9.3166970098530338E-02   1.2640589483359332E+02
   4.2000000000000000E+01   9.4266751416293315E-02   1.2493115597281330E+02
   4.3000000000000000E+01   9.5448351923278565E-02   1.2338457382381627E+02
   4.4000000000000000E+01   9.6642598309142860E-02   1.2185986749411735E+02
   4.5000000000000000E+01   9.7705348135150638E-02   1.2053438679681138E+02
   4.6000000000000000E+01   9.8720392121597195E-02   1.1929505111500586E+02
   4.7000000000000000E+01   9.9690110634356649E-02   1.1813462889447982E+02
   4.8000000000000000E+01   1.0047590779598543E-01   1.1721072725366218E+02
   4.9000000000000000E+01   1.0113778637187651E-01   1.1644366212383468E+02
   5.0000000000000000E+01   1.0173713342144197E-01   1.1575767694824087E+02
   5.1000000000000000E+01   1.0221980796106275E-01   1.1521107757045839E+02
   5.2000000000000000E+01   1.0250982233990311E-01   1.1488512959460165E+02
   5.3000000000000000E+01   1.0274753765687276E-01   1.1461933290867148E+02
   5.4000000000000000E+01   1.0293973529501206E-01   1.1440532842335769E+02
   5.5000000000000000E+01   1.0296261811103787E-01   1.1437990253451848E+02
   5.6000000000000000E+01   1.0288705619456637E-01   1.1446390498303822E+02
   5.7000000000000000E+01   1.0278067508594355E-01   1.1458237858811243E+02
   5.8000000000000000E+01   1.0264835374443083E-01   1.1473008377280780E+02
   5.9000000000000000E+01   1.0234332145866815E-01   1.1507203456354013E+02
   6.0000000000000000E+01   1.0200485841520550E-01   1.1545385589676800E+02
   6.1000000000000000E+01   1.0165053361409619E-01   1.1585629514694674E+02
   6.2000000000000000E+01   1.0124046487191400E-01   1.1632556447798848E+02
   6.3000000000000000E+01   1.0073644960892894E-01   1.1690757684987440E+02
   6.4000000000000000E+01   1.0022299493063190E-01   1.1750650868486380E+02
   6.5000000000000000E+01   9.9701764966017084E-02   1.1812081990979247E+02
   6.6000000000000000E+01   9.9103307670859980E-02   1.1883411866889874E+02
   6.7000000000000000E+01   9.8467154305431556E-02   1.1960185411380102E+02
   6.8000000000000000E+01   9.7826650797389128E-02   1.2038492709548706E+02
   6.9000000000000000E+01   9.7182668326476637E-02   1.2118265969685100E+02
   7.0000000000000000E+01   9.6472973601639325E-02   1.2207412899771174E+02
   7.1000000000000000E+01   9.5746693594817231E-02   1.2300011396818449E+02
   7.2000000000000000E+01   9.5018351937776732E-02   1.2394294348476487E+02
   7.3000000000000000E+01   9.4288335712027535E-02   1.2490255698443819E+02
   7.4000000000000000E+01   9.3556918904407052E-02   1.2587903024331644E+02
   7.5000000000000000E+01   9.2783455355074554E-02   1.2692838587623535E+02
   7.6000000000000000E+01   9.2002960418263641E-02   1.2800516603704330E+02
   7.7000000000000000E+01   9.1221882942445362E-02   1.2910119638365427E+02
   7.8000000000000000E+01   9.0440163827523332E-02   1.3021708194490634E+02
   7.9000000000000000E+01   8.9657918861584723E-02   1.3135319639105887E+02
   7.9998999999999995E+01   8.8862507556383585E-02   1.3252894328653625E+02
   8.0001000000000005E+01   8.8860887818772369E-02   1.3253135899629660E+02
   8.1000000000000000E+01   8.8048538053351499E-02   1.3375411431707562E+02
   8.1998999999999995E+01   8.7235897037029719E-02   1.3500009312955586E+02
   8.2001000000000005E+01   8.7234269872975473E-02   1.3500261126032237E+02
   8.3000000000000000E+01   8.6431700264981828E-02   1.3625619058903095E+02
   8.4000000000000000E+01   8.5652071010305683E-02   1.3749643278120342E+02
   8.5000000000000000E+01   8.4872505586125468E-02   1.3875935608250242E+02
   8.6000000000000000E+01   8.4092810138836460E-02   1.4004591123540621E+02
   8.7000000000000000E+01   8.3303651982578608E-02   1.4137260424911824E+02
   8.8000000000000000E+01   8.2513373891161909E-02   1.4272661107971965E+02
   8.9000000000000000E+01   8.1723074796691123E-02   1.4410684196033444E+02
   9.0000000000000000E+01   8.0940958405219074E-02   1.4549931772836516E+02
   9.1000000000000000E+01   8.0173410928756961E-02   1.4689226874361640E+02
   9.2000000000000000E+01   7.9405824395422528E-02   1.4831222160220094E+02
   9.3000000000000000E+01   7.8642262369599467E-02   1.4975223079024627E+02
   9.4000000000000000E+01   7.7874518725253278E-02   1.5122859719735695E+02
   9.5000000000000000E+01   7.7103969849487627E-02   1.5273992048954946E+02
   9.6000000000000000E+01   7.6333403436483580E-02   1.5428179137903612E+02
   9.7000000000000000E+01   7.5578546766778387E-02   1.5582271329694368E+02
   9.8000000000000000E+01   7.4866933729813095E-02   1.5730381408087032E+02
   9.9000000000000000E+01   7.4159097469644802E-02   1.5880525284251098E+02
   1.0000000000000000E+02   7.3451253500578725E-02   1.6033564660876166E+02
   1.1000000000000000E+02   6.6560990163842593E-02   1.7693327871550818E+02
   1.2000000000000000E+02   6.0246520961492064E-02   1.9547774769877259E+02
   1.2699900000000000E+02   5.6162480069399938E-02   2.0969256004518871E+02
   1.2700100000000000E+02   5.6161350186275445E-02   2.0969677874869461E+02
   1.3000000000000000E+02   5.4465573401364022E-02   2.1622565390901445E+02
   1.4000000000000000E+02   4.9159431864387579E-02   2.3956449001947948E+02
   1.5000000000000000E+02   4.4351986812289128E-02   2.6553160457236174E+02
   1.6000000000000000E+02   3.9993603597338737E-02   2.9446844407446741E+02
   1.7000000000000000E+02   3.6085543265756255E-02   3.2635934389312979E+02
   1.8000000000000000E+02   3.2595699918715242E-02   3.6130085421106503E+02
   1.9000000000000000E+02   2.9485485634671845E-02   3.9941191303937728E+02
   2.0000000000000000E+02   2.6705889198495064E-02   4.4098341518255870E+02
   2.1000000000000000E+02   2.4250409608435219E-02   4.8563527026541112E+02
   2.2000000000000000E+02   2.2061459469951136E-02   5.3382026879409557E+02
   2.3000000000000000E+02   2.0103852505448980E-02   5.8580086682626336E+02
   2.4000000000000000E+02   1.8363202272422132E-02   6.4132900403356371E+02
   2.5000000000000000E+02   1.6784984919092447E-02   7.0163031310463191E+02
   2.6000000000000000E+02   1.5385915328345302E-02   7.6543084846846841E+02
   2.7000000000000000E+02   1.4106743001723597E-02   8.3483864580225463E+02
   2.8000000000000000E+02   1.2965208870710319E-02   9.0834280740701604E+02
   2.9000000000000000E+02   1.1922231807979711E-02   9.8780617705796931E+02
   3.0000000000000000E+02   1.0988402726714525E-02   1.0717530579406218E+03
   3.1000000000000000E+02   1.0136207535841962E-02   1.1618600134809806E+03
   3.2000000000000000E+02   9.3672112533321021E-03   1.2572423003751624E+03
   3.3000000000000000E+02   8.6668870292880562E-03   1.3588332447904047E+03
   3.4000000000000000E+02   8.0297905976446232E-03   1.4666452482202790E+03
   3.5000000000000000E+02   7.4523765064519291E-03   1.5802817012859582E+03
   3.6000000000000000E+02   6.9253253495768861E-03   1.7005488738458887E+03
   3.7000000000000000E+02   6.4419792614129629E-03   1.8281422131831362E+03
   3.8000000000000000E+02   6.0037173705204741E-03   1.9615937089354356E+03
   3.9000000000000000E+02   5.6012591568387025E-03   2.1025369286583955E+03
   4.0000000000000000E+02   5.2274971699350402E-03   2.2528666857959684E+03
   4.1000000000000000E+02   4.8854987487472034E-03   2.4105735831493803E+03
   4.2000000000000000E+02   4.5748494326577245E-03   2.5742605079349428E+03
   4.3000000000000000E+02   4.2879721389112099E-03   2.7464857146272657E+03
   4.4000000000000000E+02   4.0203267376373837E-03   2.9293276374746188E+03
   4.5000000000000000E+02   3.7739505527815175E-03   3.1205639977342726E+03
   4.6000000000000000E+02   3.5489126133896004E-03   3.3184401835668687E+03
   4.7000000000000000E+02   3.3404930765634161E-03   3.5254837996416327E+03
   4.8000000000000000E+02   3.1443308359773710E-03   3.7454246510859571E+03
   4.9000000000000000E+02   2.9619601055500726E-03   3.9760340465666914E+03
   5.0000000000000000E+02   2.7956968462802207E-03   4.2124932965850376E+03
   5.1000000000000000E+02   2.6407292876464887E-03   4.4596976597837138E+03
   5.2000000000000000E+02   2.4954822524612245E-03   4.7192698776455636E+03
   5.3000000000000000E+02   2.3589253222224323E-03   4.9924658967770720E+03
   5.4000000000000000E+02   2.2318888222156931E-03   5.2766312134436721E+03
   5.5000000000000000E+02   2.1141124194228571E-03   5.5705903413851502E+03
   5.6000000000000000E+02   2.0049827407406756E-03   5.8737933174870041E+03
   5.7000000000000000E+02   1.9026611233008391E-03   6.1896751239696532E+03
   5.8000000000000000E+02   1.8058476744722861E-03   6.5215103082716278E+03
   5.9000000000000000E+02   1.7151174436776421E-03   6.8665001732982373E+03
   6.0000000000000000E+02   1.6298469713008563E-03   7.2257423129974632E+03
   6.1000000000000000E+02   1.5511918471338350E-03   7.5921326211194719E+03
   6.2000000000000000E+02   1.4766318252683402E-03   7.9754844929603341E+03
   6.3000000000000000E+02   1.4070429622258340E-03   8.3699322198444315E+03
   6.4000000000000000E+02   1.3403110302234430E-03   8.7866576926372400E+03
   6.5000000000000000E+02   1.2781816587144447E-03   9.2137562324937062E+03
   6.6000000000000000E+02   1.2190119061006636E-03   9.6609837568451530E+03
   6.7000000000000000E+02   1.1636370575237934E-03   1.0120728063869306E+04
   6.8000000000000000E+02   1.1116136157340692E-03   1.0594377450533791E+04
   6.9000000000000000E+02   1.0628018193877444E-03   1.1080950379840084E+04
   7.0000000000000000E+02   1.0164587004780450E-03   1.1586161069505975E+04
   7.1000000000000000E+02   9.7225715310274557E-04   1.2112900570241229E+04
   7.2000000000000000E+02   9.3062173732325938E-04   1.2654823922459667E+04
   7.3000000000000000E+02   8.9091763906166748E-04   1.3218791174280690E+04
   7.4000000000000000E+02   8.5331760280405854E-04   1.3801255459327022E+04
   7.5000000000000000E+02   8.1787272808253456E-04   1.4399372689501042E+04
   7.6000000000000000E+02   7.8445616367484668E-04   1.5012762687808785E+04
   7.7000000000000000E+02   7.5267030836861102E-04   1.5646763388030167E+04
   7.8000000000000000E+02   7.2267886140560639E-04   1.6296110005671733E+04
   7.9000000000000000E+02   6.9370447560713295E-04   1.6976759756281244E+04
   8.0000000000000000E+02   6.6619295527810957E-04   1.7677842629427058E+04
   8.1000000000000000E+02   6.4025240483795137E-04   1.8394080420861668E+04
   8.2000000000000000E+02   6.1545606711479019E-04   1.9135166348181974E+04
   8.3000000000000000E+02   5.9177012400313690E-04   1.9901062501385979E+04
   8.4000000000000000E+02   5.6930595395279717E-04   2.0686335954279890E+04
   8.5000000000000000E+02   5.4813060749027399E-04   2.1485489157706503E+04
   8.6000000000000000E+02   5.2800511123459566E-04   2.2304432236844077E+04
   8.7000000000000000E+02   5.0866377659580103E-04   2.3152531723519187E+04
   8.8000000000000000E+02   4.9007998771623609E-04   2.4030473635781964E+04
   8.9000000000000000E+02   4.7243221150236424E-04   2.4928135587512585E+04
   9.0000000000000000E+02   4.5533264615406962E-04   2.5864286964072544E+04
   9.1000000000000000E+02   4.3923143263502735E-04   2.6812412202805976E+04
   9.2000000000000000E+02   4.2371460885309571E-04   2.7794307720748100E+04
   9.3000000000000000E+02   4.0886173634021862E-04   2.8804001884978792E+04
   9.3799900000000002E+02   3.9760645646259223E-04   2.9619373711924003E+04
   9.3800099999999998E+02   3.9760364266238507E-04   2.9619583325194464E+04
   9.4000000000000000E+02   3.9479124935526378E-04   2.9830585767724635E+04
   9.5000000000000000E+02   3.8129094843137695E-04   3.0886792022441372E+04
   9.5799900000000002E+02   3.7107688057426864E-04   3.1736965682189133E+04
   9.5800099999999998E+02   3.7107435993382384E-04   3.1737181265608338E+04
   9.6000000000000000E+02   3.6855497980917254E-04   3.1954131322108533E+04
   9.7000000000000000E+02   3.5605800049774716E-04   3.3075662413921447E+04
   9.8000000000000000E+02   3.4427221856407148E-04   3.4207971451659854E+04
   9.9000000000000000E+02   3.3283207655993350E-04   3.5383771738475116E+04
   1.0000000000000000E+03   3.2195045611941924E-04   3.6579709704995847E+04
   1.1000000000000000E+03   2.3416396004543794E-04   5.0293197219393369E+04
   1.1029990000000000E+03   2.3203737859914199E-04   5.0754125457452945E+04
   1.1030010000000000E+03   2.3203596040544661E-04   5.0754435664459706E+04
   1.2000000000000000E+03   1.7438514724268838E-04   6.7533585345142623E+04
   1.3000000000000000E+03   1.3257885731428147E-04   8.8829052103851165E+04
   1.4000000000000000E+03   1.0273086646233539E-04   1.1463793336696087E+05
   1.5000000000000000E+03   8.0741710125424424E-05   1.4585836992980650E+05
   1.6000000000000000E+03   6.4428286707314466E-05   1.8279011946630498E+05
   1.7000000000000000E+03   5.1997007693983624E-05   2.2649099912728273E+05
   1.8000000000000000E+03   4.2477571134263032E-05   2.7724876704967662E+05
   1.9000000000000000E+03   3.5000034351443846E-05   3.3648121901781880E+05
   2.0000000000000000E+03   2.9144092431559569E-05   4.0409061465528543E+05
   2.1000000000000000E+03   2.4442516523909047E-05   4.8181840084753715E+05
   2.2000000000000000E+03   2.0660688332865291E-05   5.7001267501362611E+05
   2.3000000000000000E+03   1.7601976331678569E-05   6.6906431427500327E+05
   2.4000000000000000E+03   1.5079122072739045E-05   7.8100397141357942E+05
   2.5000000000000000E+03   1.2997913204689525E-05   9.0605730618284026E+05
   2.6000000000000000E+03   1.1267741359317566E-05   1.0451832225010026E+06
   2.7000000000000000E+03   9.8139007641602256E-06   1.2000176593641257E+06
   2.8000000000000000E+03   8.5884953517610673E-06   1.3712360246925582E+06
   2.9000000000000000E+03   7.5535493693890579E-06   1.5591152779070125E+06
   3.0000000000000000E+03   6.6731936394329815E-06   1.7648003130986672E+06
   3.1000000000000000E+03   5.9135109886659439E-06   1.9915164183868633E+06
   3.2000000000000000E+03   5.2628876284350070E-06   2.2377172107209461E+06
   3.3000000000000000E+03   4.6992136059281973E-06   2.5061329856090192E+06
   3.4000000000000000E+03   4.2129772088052459E-06   2.7953757261314844E+06
   3.5000000000000000E+03   3.7856003708407853E-06   3.1109607646260108E+06
   3.6000000000000000E+03   3.4118698745819337E-06   3.4517301823189878E+06
   3.7000000000000000E+03   3.0851225758320546E-06   3.8173051263816161E+06
   3.8000000000000000E+03   2.7974338068836329E-06   4.2098777083697589E+06
   3.9000000000000000E+03   2.5426575016935304E-06   4.6317108050909005E+06
   4.0000000000000000E+03   2.3153676250533166E-06   5.0863863244905528E+06
   4.1000000000000000E+03   2.1148952462744689E-06   5.5685283916473333E+06
   4.2000000000000000E+03   1.9353995504083389E-06   6.0849731114976378E+06
   4.3000000000000000E+03   1.7752188826545742E-06   6.6340293804383362E+06
   4.4000000000000000E+03   1.6314475404372984E-06   7.2186533322932683E+06
   4.5000000000000000E+03   1.5012609547222878E-06   7.8446416575310929E+06
   4.6000000000000000E+03   1.3844521053313551E-06   8.5065089495607242E+06
   4.7000000000000000E+03   1.2793985191755734E-06   9.2049928522882760E+06
   4.8000000000000000E+03   1.1843853259598847E-06   9.9434313868206795E+06
   4.9000000000000000E+03   1.0983535748984083E-06   1.0722279686055243E+07
   5.0000000000000000E+03   1.0197107397888575E-06   1.1549210736642715E+07
   5.1000000000000000E+03   9.4803036141620413E-07   1.2422444157428294E+07
   5.2000000000000000E+03   8.8303645103395145E-07   1.3336770198387379E+07
   5.3000000000000000E+03   8.2354093130500308E-07   1.4300265811412031E+07
   5.4000000000000000E+03   7.6944141850583547E-07   1.5305719111285457E+07
   5.5000000000000000E+03   7.1993256554256119E-07   1.6358274077189431E+07
   5.6000000000000000E+03   6.7434357611133141E-07   1.7464175001342412E+07
   5.7000000000000000E+03   6.3234496803425817E-07   1.8624097319615789E+07
   5.8000000000000000E+03   5.9380274897136664E-07   1.9832939885576788E+07
   5.9000000000000000E+03   5.5799809266225510E-07   2.1105545662443060E+07
   6.0000000000000000E+03   5.2520960927773966E-07   2.2423150712026600E+07
   6.1000000000000000E+03   4.9474328728288900E-07   2.3803969709053330E+07
   6.2000000000000000E+03   4.6669085535753148E-07   2.5234808201281596E+07
   6.3000000000000000E+03   4.4080419187164909E-07   2.6716747348147899E+07
   6.4000000000000000E+03   4.1678224164837083E-07   2.8256612320289809E+07
   6.5000000000000000E+03   3.9436469547380051E-07   2.9862851212100327E+07
   6.6000000000000000E+03   3.7343171019257616E-07   3.1536834989632022E+07
   6.7000000000000000E+03   3.5389426100742191E-07   3.3277889815772895E+07
   6.8000000000000000E+03   3.3579114681378875E-07   3.5071961652312867E+07
   6.9000000000000000E+03   3.1878882888674243E-07   3.6942493453631580E+07
   7.0000000000000000E+03   3.0302924161697597E-07   3.8863755066664860E+07
   7.1000000000000000E+03   2.8816334911038913E-07   4.0868674869988069E+07
   7.2000000000000000E+03   2.7435947367453243E-07   4.2924904565934628E+07
   7.3000000000000000E+03   2.6151559559377400E-07   4.5033085684621923E+07
   7.4000000000000000E+03   2.4928093474977834E-07   4.7243300961064897E+07
   7.5000000000000000E+03   2.3793941577487979E-07   4.9495180047772005E+07
   7.6000000000000000E+03   2.2718921279954662E-07   5.1837206877556741E+07
   7.7000000000000000E+03   2.1708767188194419E-07   5.4249299935575351E+07
   7.8000000000000000E+03   2.0750617413768359E-07   5.6754235256755456E+07
   7.9000000000000000E+03   1.9849836611864524E-07   5.9329728775702715E+07
   8.0000000000000000E+03   1.9011240216390668E-07   6.1946796159494452E+07
   8.1000000000000000E+03   1.8204285374539689E-07   6.4692757677323259E+07
   8.2000000000000000E+03   1.7452582921112945E-07   6.7479147799908310E+07
   8.3000000000000000E+03   1.6735371426955537E-07   7.0371035836530462E+07
   8.4000000000000000E+03   1.6062553141902653E-07   7.3318694233713582E+07
   8.5000000000000000E+03   1.5429448132642526E-07   7.6327125396819979E+07
   8.6000000000000000E+03   1.4828969273529322E-07   7.9417888101378798E+07
   8.7000000000000000E+03   1.4253637014106420E-07   8.2623503128248185E+07
   8.8000000000000000E+03   1.3713749657549040E-07   8.5876252070538029E+07
   8.9000000000000000E+03   1.3196997098369240E-07   8.9238893791183993E+07
   8.9859989999999998E+03   1.2772309410775819E-07   9.2206145697530568E+07
   8.9860010000000002E+03   1.2772299878989931E-07   9.2206214509666726E+07
   9.0000000000000000E+03   1.2705582143692157E-07   9.2690394592318013E+07
   9.1000000000000000E+03   1.2236908353087484E-07   9.6240438225296929E+07
   9.2000000000000000E+03   1.1792442331059840E-07   9.9867812736472562E+07
   9.3000000000000000E+03   1.1373222618322440E-07   1.0354896425984542E+08
   9.4000000000000000E+03   1.0970377331854561E-07   1.0735140522507863E+08
   9.5000000000000000E+03   1.0581182918169727E-07   1.1129997766144328E+08
   9.6000000000000000E+03   1.0218983174385627E-07   1.1524487342105241E+08
   9.7000000000000000E+03   9.8703702257233807E-08   1.1931522278209434E+08
   9.8000000000000000E+03   9.5369817743792294E-08   1.2348617731321947E+08
   9.9000000000000000E+03   9.2227466532557611E-08   1.2769356751312217E+08
   1.0000000000000000E+04   8.9209088636102543E-08   1.3201406274061315E+08
   1.1000000000000000E+04   6.5182455749472000E-08   1.8067521526810157E+08
   1.2000000000000000E+04   4.9170632981983811E-08   2.3950991699770096E+08
   1.3000000000000000E+04   3.8068686068960202E-08   3.0935804306211054E+08
   1.4000000000000000E+04   3.0121961011782825E-08   3.9097236131580544E+08
   1.5000000000000000E+04   2.4278047538137117E-08   4.8508242706666231E+08
   1.6000000000000000E+04   1.9877271341330766E-08   5.9247841527180707E+08
   1.7000000000000000E+04   1.6509237087408435E-08   7.1334939112489605E+08
   1.8000000000000000E+04   1.3865656756187042E-08   8.4935423047915637E+08
   1.9000000000000000E+04   1.1768204602439398E-08   1.0007349992706763E+09
   2.0000000000000000E+04   1.0081516719199314E-08   1.1681629413768101E+09
   2.1000000000000000E+04   8.7043162657837001E-09   1.3529901562209630E+09
   2.2000000000000000E+04   7.5701253199036542E-09   1.5557013558646405E+09
   2.3000000000000000E+04   6.6333448002154951E-09   1.7754020903386130E+09
   2.4000000000000000E+04   5.8398381021412110E-09   2.0166405332232254E+09
   2.5000000000000000E+04   5.1713648788986384E-09   2.2773203013181138E+09
   2.6000000000000000E+04   4.6020620233355463E-09   2.5590385710846128E+09
   2.7000000000000000E+04   4.1176106162823563E-09   2.8601184817403302E+09
   2.8000000000000000E+04   3.6990493961091097E-09   3.1837515434714084E+09
   2.9000000000000000E+04   3.3326124449487220E-09   3.5338205143204298E+09
   3.0000000000000000E+04   3.0159804983376229E-09   3.9048177634870782E+09
   3.1000000000000000E+04   2.7364584632021982E-09   4.3036846283638115E+09
   3.2000000000000000E+04   2.4925691883292831E-09   4.7247852855523491E+09
   3.3000000000000000E+04   2.2780066440556471E-09   5.1698067935712633E+09
   3.4000000000000000E+04   2.0847116033150272E-09   5.6491527199792356E+09
   3.5000000000000000E+04   1.9132491130905335E-09   6.1554212379671898E+09
   3.6000000000000000E+04   1.7615235193350703E-09   6.6856071434600077E+09
   3.7000000000000000E+04   1.6239100314377019E-09   7.2521592922317963E+09
   3.8000000000000000E+04   1.5023208958175446E-09   7.8391069824203844E+09
   3.9000000000000000E+04   1.3920693263055724E-09   8.4599624470528917E+09
   4.0000000000000000E+04   1.2917009450323438E-09   9.1173226043776493E+09
   4.1000000000000000E+04   1.2001426924809084E-09   9.8128783335709076E+09
   4.2000000000000000E+04   1.1175906767153584E-09   1.0537716956311752E+10
   4.3000000000000000E+04   1.0423708463936698E-09   1.1298142369372850E+10
   4.4000000000000000E+04   9.7409741858018259E-10   1.2090016870596964E+10
   4.5000000000000000E+04   9.1180607861311341E-10   1.2915963712538895E+10
   4.6000000000000000E+04   8.5452639847054670E-10   1.3781732484002689E+10
   4.7000000000000000E+04   8.0255284461332578E-10   1.4674241457475002E+10
   4.8000000000000000E+04   7.5395300488099085E-10   1.5620143626986801E+10
   4.9000000000000000E+04   7.0898107473585176E-10   1.6610957110000595E+10
   5.0000000000000000E+04   6.6754531083624520E-10   1.7642029736507767E+10
   5.1000000000000000E+04   6.2925758572859625E-10   1.8715474380183014E+10
   5.2000000000000000E+04   5.9423201115065919E-10   1.9818612937789890E+10
   5.3000000000000000E+04   5.6133601538125859E-10   2.0980043862392365E+10
   5.4000000000000000E+04   5.3116084521238482E-10   2.2171917095151058E+10
   5.5000000000000000E+04   5.0338430910554070E-10   2.3395354227797749E+10
   5.6000000000000000E+04   4.7731607254553928E-10   2.4673072837109974E+10
   5.7000000000000000E+04   4.5257918638768822E-10   2.6021643456999535E+10
   5.8000000000000000E+04   4.2984053565915510E-10   2.7398193625875000E+10
   5.9000000000000000E+04   4.0831387868802220E-10   2.8842649831253044E+10
   6.0000000000000000E+04   3.8843079070538646E-10   3.0319054271811741E+10
   6.1000000000000000E+04   3.6966545978213817E-10   3.1858140685310532E+10
   6.2000000000000000E+04   3.5207660808479412E-10   3.3449692350487034E+10
   6.3000000000000000E+04   3.3562633785841610E-10   3.5089183701689774E+10
   6.4000000000000000E+04   3.2031748183408568E-10   3.6766192581207283E+10
   6.5000000000000000E+04   3.0590769178938893E-10   3.8498065071039398E+10
   6.6000000000000000E+04   2.9224113299315241E-10   4.0298414202066849E+10
   6.7000000000000000E+04   2.7935506387305807E-10   4.2157296384614265E+10
   6.8000000000000000E+04   2.6733966047852865E-10   4.4052028057338005E+10
   6.9000000000000000E+04   2.5596025039842223E-10   4.6010480947364914E+10
   7.0000000000000000E+04   2.4530545154814395E-10   4.8008938039960434E+10
   7.1000000000000000E+04   2.3503286920729543E-10   5.0107264843251999E+10
   7.2000000000000000E+04   2.2532674153031065E-10   5.2265674922810493E+10
   7.3000000000000000E+04   2.1616101322300124E-10   5.4481860760385300E+10
   7.4000000000000000E+04   2.0750729636734673E-10   5.6753928321590149E+10
   7.5000000000000000E+04   1.9930438608946262E-10   5.9089789518997498E+10
   7.6000000000000000E+04   1.9169516516452567E-10   6.1435322138310951E+10
   7.7000000000000000E+04   1.8420020159707538E-10   6.3935077823640907E+10
   7.8000000000000000E+04   1.7726673267084371E-10   6.6435783222264923E+10
   7.9000000000000000E+04   1.7059755834723673E-10   6.9032958843810532E+10
   8.0000000000000000E+04   1.6420642420287310E-10   7.1719814138875214E+10
   8.1000000000000000E+04   1.5824626852803409E-10   7.4421054814022568E+10
   8.2000000000000000E+04   1.5252945997260511E-10   7.7210358093148224E+10
   8.3000000000000000E+04   1.4714023134901248E-10   8.0038301668188858E+10
   8.4000000000000000E+04   1.4196370609429515E-10   8.2956796129406021E+10
   8.5000000000000000E+04   1.3696820433594489E-10   8.5982394829051071E+10
   8.6000000000000000E+04   1.3223002124139855E-10   8.9063392062378830E+10
   8.7000000000000000E+04   1.2773532707556836E-10   9.2197315291424118E+10
   8.8000000000000000E+04   1.2347266885334000E-10   9.5380251626599457E+10
   8.9000000000000000E+04   1.1933878519779480E-10   9.8684214061004013E+10
   9.0000000000000000E+04   1.1544217415541184E-10   1.0201518041738362E+11
   9.1000000000000000E+04   1.1164679507365417E-10   1.0548313739297296E+11
   9.2000000000000000E+04   1.0802505423002964E-10   1.0901965574728255E+11
   9.3000000000000000E+04   1.0460241968918304E-10   1.1258682408335538E+11
   9.4000000000000000E+04   1.0128148115718040E-10   1.1627845574219698E+11
   9.5000000000000000E+04   9.8061499473277593E-11   1.2009661577170387E+11
   9.6000000000000000E+04   9.5032226434233929E-11   1.2392484808707928E+11
   9.7000000000000000E+04   9.2075334283522671E-11   1.2790455028895709E+11
   9.8000000000000000E+04   8.9280242659275923E-11   1.3190885097819325E+11
   9.9000000000000000E+04   8.6578503199085683E-11   1.3602515392485706E+11
   1.0000000000000000E+05   8.3973627138098219E-11   1.4024467711596902E+11
   1.1000000000000000E+05   6.2996621332732261E-11   1.8694421978659753E+11
   1.2000000000000000E+05   4.8471859598084310E-11   2.4296270706116672E+11
   1.3000000000000000E+05   3.8051041285258295E-11   3.0950149658064520E+11
   1.4000000000000000E+05   3.0412754122337203E-11   3.8723405900255621E+11
   1.5000000000000000E+05   2.4709925605011345E-11   4.7660419592080573E+11
   1.6000000000000000E+05   2.0344144623832494E-11   5.7888175895304846E+11
   1.7000000000000000E+05   1.6942281925473163E-11   6.9511617596992944E+11
   1.8000000000000000E+05   1.4272337668977725E-11   8.2515243805066809E+11
   1.9000000000000000E+05   1.2147320856516447E-11   9.6950219421607263E+11
   2.0000000000000000E+05   1.0422957727910065E-11   1.1298956142462229E+12
   2.1000000000000000E+05   9.0137828725345462E-12   1.3065384856477998E+12
   2.2000000000000000E+05   7.8442390815576738E-12   1.5013380012763157E+12
   2.3000000000000000E+05   6.8746631697013305E-12   1.7130809078971943E+12
   2.4000000000000000E+05   6.0649773811138110E-12   1.9417804031573457E+12
   2.5000000000000000E+05   5.3802621329213162E-12   2.1888997103278481E+12
   2.6000000000000000E+05   4.7937369329352236E-12   2.4567168346946289E+12
   2.7000000000000000E+05   4.2936861876975688E-12   2.7428306842691123E+12
   2.8000000000000000E+05   3.8649758928127157E-12   3.0470705512392773E+12
   2.9000000000000000E+05   3.4932956958263883E-12   3.3712732186713384E+12
   3.0000000000000000E+05   3.1678762805238640E-12   3.7175865410665117E+12
   3.1000000000000000E+05   2.8810131806086370E-12   4.0877474297953071E+12
   3.2000000000000000E+05   2.6339767791432901E-12   4.4711306179661240E+12
   3.3000000000000000E+05   2.4137988242524289E-12   4.8789709009352666E+12
   3.4000000000000000E+05   2.2183895469036957E-12   5.3087404061549229E+12
   3.5000000000000000E+05   2.0427964086058070E-12   5.7650650718918057E+12
   3.6000000000000000E+05   1.8901656426647119E-12   6.2305937418461494E+12
   3.7000000000000000E+05   1.7510691938553574E-12   6.7255219071669395E+12
   3.8000000000000000E+05   1.6265099789224229E-12   7.2405668436425020E+12
   3.9000000000000000E+05   1.5135454620544362E-12   7.7809715793101113E+12
   4.0000000000000000E+05   1.4119150161416124E-12   8.3410503391502725E+12
   4.1000000000000000E+05   1.3204782392184082E-12   8.9186280201104160E+12
   4.2000000000000000E+05   1.2372347225322026E-12   9.5186903582338086E+12
   4.3000000000000000E+05   1.1610881965680242E-12   1.0142945436057057E+13
   4.4000000000000000E+05   1.0909099886960541E-12   1.0795440821213883E+13
   4.5000000000000000E+05   1.0281941692057970E-12   1.1453920452919994E+13
   4.6000000000000000E+05   9.6997181728662056E-13   1.2141439590671504E+13
   4.7000000000000000E+05   9.1639456737431595E-13   1.2851292056414947E+13
   4.8000000000000000E+05   8.6683841261856669E-13   1.3585985637927084E+13
   4.9000000000000000E+05   8.2089793862207857E-13   1.4346307464247559E+13
   5.0000000000000000E+05   7.7980735238946576E-13   1.5102261075319467E+13
   5.1000000000000000E+05   7.4107169303303844E-13   1.5891653041069975E+13
   5.2000000000000000E+05   7.0553240718730145E-13   1.6692152060299188E+13
   5.3000000000000000E+05   6.7158638314011133E-13   1.7535874043745145E+13
   5.4000000000000000E+05   6.4026030173383702E-13   1.8393853550419129E+13
   5.5000000000000000E+05   6.1142461218459152E-13   1.9261334904660137E+13
   5.6000000000000000E+05   5.8441352092061971E-13   2.0151577269614535E+13
   5.7000000000000000E+05   5.5931941388003266E-13   2.1055686486086023E+13
   5.8000000000000000E+05   5.3569947872234298E-13   2.1984068852050145E+13
   5.9000000000000000E+05   5.1351273276635147E-13   2.2933908884393395E+13
   6.0000000000000000E+05   4.9208937324810913E-13   2.3932348196232078E+13
   6.1000000000000000E+05   4.7312351432717918E-13   2.4891711926402602E+13
   6.2000000000000000E+05   4.5486630247557390E-13   2.5890803869499148E+13
   6.3000000000000000E+05   4.3776176254868956E-13   2.6902427831232730E+13
   6.4000000000000000E+05   4.2141999827664602E-13   2.7945646320534383E+13
   6.5000000000000000E+05   4.0608348000623647E-13   2.9001067031977008E+13
   6.6000000000000000E+05   3.9118476198856855E-13   3.0105605761257922E+13
   6.7000000000000000E+05   3.7781515550411304E-13   3.1170941802283395E+13
   6.8000000000000000E+05   3.6489691195880217E-13   3.2274469413895719E+13
   6.9000000000000000E+05   3.5268606033912846E-13   3.3391890263298805E+13
   7.0000000000000000E+05   3.4115099576834935E-13   3.4520943424817547E+13
   7.1000000000000000E+05   3.3000683190843937E-13   3.5686698230256203E+13
   7.2000000000000000E+05   3.1942650576863868E-13   3.6868744489129406E+13
   7.3000000000000000E+05   3.0948071400443168E-13   3.8053596529025453E+13
   7.4000000000000000E+05   3.0003997609771364E-13   3.9250950414700758E+13
   7.5000000000000000E+05   2.9112039755343078E-13   4.0453552286998008E+13
   7.6000000000000000E+05   2.8262507951481985E-13   4.1669529981049766E+13
   7.7000000000000000E+05   2.7438448227025448E-13   4.2920992203341039E+13
   7.8000000000000000E+05   2.6654240330757833E-13   4.4183792440144633E+13
   7.9000000000000000E+05   2.5896774406901421E-13   4.5476143241611047E+13
   8.0000000000000000E+05   2.5185169270204158E-13   4.6761068380716477E+13
   8.1000000000000000E+05   2.4508528344595679E-13   4.8052066034541188E+13
   8.2000000000000000E+05   2.3862081569151712E-13   4.9353842790748711E+13
   8.3000000000000000E+05   2.3240176990678382E-13   5.0674546191980586E+13
   8.4000000000000000E+05   2.2647682165439854E-13   5.2000262712140703E+13
   8.5000000000000000E+05   2.2061309868879703E-13   5.3382388870989555E+13
   8.6000000000000000E+05   2.1515686127913601E-13   5.4736131370500586E+13
   8.7000000000000000E+05   2.0970071429546276E-13   5.6160296181185555E+13
   8.8000000000000000E+05   2.0478234291588042E-13   5.7509129237167695E+13
   8.9000000000000000E+05   1.9992131744265452E-13   5.8907446063711719E+13
   9.0000000000000000E+05   1.9542265422650888E-13   6.0263505635273688E+13
   9.1000000000000000E+05   1.9097620654537849E-13   6.1666604637688320E+13
   9.2000000000000000E+05   1.8653006676102963E-13   6.3136492838589453E+13
   9.3000000000000000E+05   1.8241855293069527E-13   6.4559520043521227E+13
   9.4000000000000000E+05   1.7842322790833579E-13   6.6005162905637328E+13
   9.5000000000000000E+05   1.7442811311215600E-13   6.7516950187192172E+13
   9.6000000000000000E+05   1.7068433112323643E-13   6.8997863756669672E+13
   9.7000000000000000E+05   1.6719064436379996E-13   7.0439672441320391E+13
   9.8000000000000000E+05   1.6369727723183239E-13   7.1942883983101734E+13
   9.9000000000000000E+05   1.6043369646753198E-13   7.3406363398369484E+13
   1.0000000000000000E+06   1.5718795829316024E-13   7.4922114595287094E+13
   1.1000000000000000E+06   1.3005597509290065E-13   9.0552196589407000E+13
   1.2000000000000000E+06   1.0975271910840564E-13   1.0730353033538105E+14
   1.3000000000000000E+06   9.4361382156508936E-14   1.2480586819623016E+14
   1.4000000000000000E+06   8.2345829333988925E-14   1.4301700911254731E+14
   1.5000000000000000E+06   7.2707465583802327E-14   1.6197585942072762E+14
   1.6000000000000000E+06   6.4966820830952155E-14   1.8127490422970659E+14
   1.7000000000000000E+06   5.8541991390740525E-14   2.0116934775304009E+14
   1.8000000000000000E+06   5.3168105702743500E-14   2.2150223463070772E+14
   1.9000000000000000E+06   4.8638080203725765E-14   2.4213238217690241E+14
   2.0000000000000000E+06   4.4751995554812229E-14   2.6315819167918609E+14
   2.1000000000000000E+06   4.1390428306395847E-14   2.8453086150885619E+14
   2.2000000000000000E+06   3.8493652390707629E-14   3.0594275920365231E+14
   2.3000000000000000E+06   3.5895097636720607E-14   3.2809088147434550E+14
   2.4000000000000000E+06   3.3636912278816377E-14   3.5011698239781975E+14
   2.5000000000000000E+06   3.1641621518139844E-14   3.7219502854769312E+14
   2.6000000000000000E+06   2.9821246541608278E-14   3.9491488753857525E+14
   2.7000000000000000E+06   2.8207029513457016E-14   4.1751486871812769E+14
   2.8000000000000000E+06   2.6747290852890228E-14   4.4030082482042438E+14
   2.9000000000000000E+06   2.5416310804188730E-14   4.6335812915454575E+14
   3.0000000000000000E+06   2.4200442526796885E-14   4.8663796999575431E+14
   3.1000000000000000E+06   2.3107826402273559E-14   5.0964785779594769E+14
   3.2000000000000000E+06   2.2096710080589949E-14   5.3296867186506225E+14
   3.3000000000000000E+06   2.1173895041233664E-14   5.5619687361750519E+14
   3.4000000000000000E+06   2.0302646238281605E-14   5.8006498689976388E+14
   3.5000000000000000E+06   1.9486111591405178E-14   6.0437169155050038E+14
   3.6000000000000000E+06   1.8764657931370544E-14   6.2760825522702150E+14
   3.7000000000000000E+06   1.8078375917549311E-14   6.5143319720479725E+14
   3.8000000000000000E+06   1.7441721832520862E-14   6.7521167562028738E+14
   3.9000000000000000E+06   1.6840657892780492E-14   6.9931081666875012E+14
   4.0000000000000000E+06   1.6277051215258474E-14   7.2352504569129025E+14
   4.1000000000000000E+06   1.5736709004447910E-14   7.4836830374830488E+14
   4.2000000000000000E+06   1.5249925899309436E-14   7.7225648845760300E+14
   4.3000000000000000E+06   1.4780897451504956E-14   7.9676178411211888E+14
   4.4000000000000000E+06   1.4345280073838306E-14   8.2095673027095362E+14
   4.5000000000000000E+06   1.3937909397659354E-14   8.4495126838872200E+14
   4.6000000000000000E+06   1.3538576634473929E-14   8.6987388277223975E+14
   4.7000000000000000E+06   1.3168117236609167E-14   8.9434609463364238E+14
   4.8000000000000000E+06   1.2808423996668286E-14   9.1946161583210725E+14
   4.9000000000000000E+06   1.2475893296750433E-14   9.4396881602913750E+14
   5.0000000000000000E+06   1.2162825375797121E-14   9.6826632467109100E+14
   5.1000000000000000E+06   1.1857957780092648E-14   9.9316041114689688E+14
   5.2000000000000000E+06   1.1572142438357592E-14   1.0176900506515732E+15
   5.3000000000000000E+06   1.1300120566371407E-14   1.0421883691477316E+15
   5.4000000000000000E+06   1.1040848361103007E-14   1.0666620751471696E+15
   5.5000000000000000E+06   1.0781620723148876E-14   1.0923083390379008E+15
   5.6000000000000000E+06   1.0543273372937968E-14   1.1170016946034708E+15
   5.7000000000000000E+06   1.0312720971746002E-14   1.1419735156710510E+15
   5.8000000000000000E+06   1.0082201820468136E-14   1.1680835628910805E+15
   5.9000000000000000E+06   9.8761008804295012E-15   1.1924598955420142E+15
   6.0000000000000000E+06   9.6765081743674529E-15   1.2170561954813008E+15
   6.1000000000000000E+06   9.4769465613761964E-15   1.2426844604396695E+15
   6.2000000000000000E+06   9.2931353686688992E-15   1.2672638196947102E+15
   6.3000000000000000E+06   9.1116930842394440E-15   1.2924990026946652E+15
   6.4000000000000000E+06   8.9375685299834056E-15   1.3176798795702465E+15
   6.5000000000000000E+06   8.7686179119682786E-15   1.3430684678557088E+15
   6.6000000000000000E+06   8.6098084693226103E-15   1.3678416037013100E+15
   6.7000000000000000E+06   8.4532944495469333E-15   1.3931673969869295E+15
   6.8000000000000000E+06   8.2977313787466576E-15   1.4192860297218022E+15
   6.9000000000000000E+06   8.1549298315775950E-15   1.4441392467458045E+15
   7.0000000000000000E+06   8.0121377320168117E-15   1.4698766569100022E+15
   7.1000000000000000E+06   7.8724468241186350E-15   1.4959585612136345E+15
   7.2000000000000000E+06   7.7447657496886593E-15   1.5206211013822840E+15
   7.3000000000000000E+06   7.6174576758119313E-15   1.5460347435385108E+15
   7.4000000000000000E+06   7.5008288236964699E-15   1.5700737213245230E+15
   7.5000000000000000E+06   7.3842011948565387E-15   1.5948717963484690E+15
   7.6000000000000000E+06   7.2676028270537097E-15   1.6204592496992165E+15
   7.7000000000000000E+06   7.1517909391730269E-15   1.6467000118436258E+15
   7.8000000000000000E+06   7.0463733022268892E-15   1.6713355536411165E+15
   7.9000000000000000E+06   6.9409600795568596E-15   1.6967183342439342E+15
   8.0000000000000000E+06   6.8355579465163561E-15   1.7228811921989870E+15
   8.1000000000000000E+06   6.7375189351528584E-15   1.7479511876091180E+15
   8.2000000000000000E+06   6.6398058698106261E-15   1.7736744801207942E+15
   8.3000000000000000E+06   6.5462055049620435E-15   1.7990352144173398E+15
   8.4000000000000000E+06   6.4561046911976653E-15   1.8241423873277755E+15
   8.5000000000000000E+06   6.3660068804529537E-15   1.8499593929753045E+15
   8.6000000000000000E+06   6.2759175762850016E-15   1.8765151200743795E+15
   8.7000000000000000E+06   6.1923173357675428E-15   1.9018492731654570E+15
   8.8000000000000000E+06   6.1105789357323140E-15   1.9272894349458198E+15
   8.9000000000000000E+06   6.0288411952341388E-15   1.9534192132227805E+15
   9.0000000000000000E+06   5.9471131227998842E-15   1.9802640341730795E+15
   9.1000000000000000E+06   5.8729880208275620E-15   2.0052576614280042E+15
   9.2000000000000000E+06   5.8002789732483247E-15   2.0303944480180715E+15
   9.3000000000000000E+06   5.7275699256690883E-15   2.0561694360917998E+15
   9.4000000000000000E+06   5.6586484116365740E-15   2.0812132805461400E+15
   9.5000000000000000E+06   5.5906241442162519E-15   2.1065365727408158E+15
   9.6000000000000000E+06   5.5229953116822775E-15   2.1323310196061322E+15
   9.7000000000000000E+06   5.4605347060143855E-15   2.1567217970921422E+15
   9.8000000000000000E+06   5.3980766345629539E-15   2.1816759971198245E+15
   9.9000000000000000E+06   5.3356185631115214E-15   2.2072144185231195E+15
   1.0000000000000000E+07   5.2731639027912888E-15   2.2333563760469150E+15
   1.1000000000000000E+07   4.7285092224279610E-15   2.4906061657615345E+15
   1.2000000000000000E+07   4.2846156245505715E-15   2.7486372772294305E+15
   1.3000000000000000E+07   3.9155878620423007E-15   3.0076848328201640E+15
   1.4000000000000000E+07   3.6063606272012978E-15   3.2655786377577945E+15
   1.5000000000000000E+07   3.3407891913508531E-15   3.5251713142299085E+15
   1.6000000000000000E+07   3.1139000329380734E-15   3.7820270720532685E+15
   1.7000000000000000E+07   2.9145413394128185E-15   4.0407229998707095E+15
   1.8000000000000000E+07   2.7379309261208788E-15   4.3013701010072210E+15
   1.9000000000000000E+07   2.5809268866462562E-15   4.5630328720944910E+15
   2.0000000000000000E+07   2.4401623674876600E-15   4.8262584413038720E+15
   2.1000000000000000E+07   2.3169327873268733E-15   5.0829503076896460E+15
   2.2000000000000000E+07   2.2049263748085845E-15   5.3411553142048740E+15
   2.3000000000000000E+07   2.1040671876267656E-15   5.5971854385138680E+15
   2.4000000000000000E+07   2.0098307867419966E-15   5.8596247514598160E+15
   2.5000000000000000E+07   1.9238647145641804E-15   6.1214565323046690E+15
   2.6000000000000000E+07   1.8456769525458157E-15   6.3807776371672610E+15
   2.7000000000000000E+07   1.7725546926275404E-15   6.6440004775152980E+15
   2.8000000000000000E+07   1.7043659939694894E-15   6.9098153013549170E+15
   2.9000000000000000E+07   1.6441873503599054E-15   7.1627203686133810E+15
   3.0000000000000000E+07   1.5864548863626058E-15   7.4233779513523460E+15
   3.1000000000000000E+07   1.5323588550864484E-15   7.6854414259086620E+15
   3.2000000000000000E+07   1.4827327109749599E-15   7.9426683832284070E+15
   3.3000000000000000E+07   1.4356862009999841E-15   8.2029444986213170E+15
   3.4000000000000000E+07   1.3913608292687329E-15   8.4642703578402460E+15
   3.5000000000000000E+07   1.3499495860793649E-15   8.7239215046857220E+15
   3.6000000000000000E+07   1.3113508465917501E-15   8.9807043285539070E+15
   3.7000000000000000E+07   1.2735117162485114E-15   9.2475428957429720E+15
   3.8000000000000000E+07   1.2386578458865620E-15   9.5077541092957320E+15
   3.9000000000000000E+07   1.2053331237186675E-15   9.7706219073326920E+15
   4.0000000000000000E+07   1.1739228903849606E-15   1.0032050930003942E+16
   4.1000000000000000E+07   1.1441711850360093E-15   1.0292912789853834E+16
   4.2000000000000000E+07   1.1155231694965112E-15   1.0557247528578736E+16
   4.3000000000000000E+07   1.0885568140571064E-15   1.0818777735951538E+16
   4.4000000000000000E+07   1.0624784297140675E-15   1.1084323121184426E+16
   4.5000000000000000E+07   1.0380586427992769E-15   1.1345076028153236E+16
   4.6000000000000000E+07   1.0156406867160418E-15   1.1595492754744272E+16
   4.7000000000000000E+07   9.9341617912933617E-16   1.1854904793840780E+16
   4.8000000000000000E+07   9.7141012050148767E-16   1.2123462557873694E+16
   4.9000000000000000E+07   9.5161035601760023E-16   1.2375710446788732E+16
   5.0000000000000000E+07   9.3181089722042778E-16   1.2638674069351912E+16
   5.1000000000000000E+07   9.1291696506454263E-16   1.2900246873390882E+16
   5.2000000000000000E+07   8.9502014974251232E-16   1.3158200100441798E+16
   5.3000000000000000E+07   8.7723274505713843E-16   1.3425005268667068E+16
   5.4000000000000000E+07   8.6084990913131731E-16   1.3680496564288856E+16
   5.5000000000000000E+07   8.4446778838310976E-16   1.3945889217146258E+16
   5.6000000000000000E+07   8.2915177200482585E-16   1.4203496418712128E+16
   5.7000000000000000E+07   8.1398960899454206E-16   1.4468064572453682E+16
   5.8000000000000000E+07   7.9969745347968017E-16   1.4726637146329992E+16
   5.9000000000000000E+07   7.8561003438825183E-16   1.4990712578423084E+16
   6.0000000000000000E+07   7.7261800502169534E-16   1.5242790289243468E+16
   6.1000000000000000E+07   7.5962668033261776E-16   1.5503476285328246E+16
   6.2000000000000000E+07   7.4663535564354039E-16   1.5773234062949838E+16
   6.3000000000000000E+07   7.3456631630288089E-16   1.6032390762910308E+16
   6.4000000000000000E+07   7.2277282581962184E-16   1.6293991422387040E+16
   6.5000000000000000E+07   7.1118146023642189E-16   1.6559563040808622E+16
   6.6000000000000000E+07   7.0054889446737050E-16   1.6810895452477072E+16
   6.7000000000000000E+07   6.8991632869831921E-16   1.7069974624979550E+16
   6.8000000000000000E+07   6.7928376292926801E-16   1.7337164329461018E+16
   6.9000000000000000E+07   6.6874555144569636E-16   1.7610366452203110E+16
   7.0000000000000000E+07   6.5935608059815402E-16   1.7861144487445456E+16
   7.1000000000000000E+07   6.4996660975061179E-16   1.8119168042736944E+16
   7.2000000000000000E+07   6.4057741279859807E-16   1.8384747868002152E+16
   7.3000000000000000E+07   6.3118865215052806E-16   1.8658216024819748E+16
   7.4000000000000000E+07   6.2252818675646104E-16   1.8917784728109952E+16
   7.5000000000000000E+07   6.1415461634114774E-16   1.9175715546030524E+16
   7.6000000000000000E+07   6.0578131883462359E-16   1.9440768241079424E+16
   7.7000000000000000E+07   5.9785429764995749E-16   1.9698535697630268E+16
   7.8000000000000000E+07   5.9011487248245913E-16   1.9956884283728032E+16
   7.9000000000000000E+07   5.8237562857502366E-16   2.0222093175594184E+16
   8.0000000000000000E+07   5.7505841586750650E-16   2.0479405047004388E+16
   8.1000000000000000E+07   5.6786971435872003E-16   2.0738655234570212E+16
   8.2000000000000000E+07   5.6068109514126839E-16   2.1004550227027148E+16
   8.3000000000000000E+07   5.5392965720382708E-16   2.1260559118079288E+16
   8.4000000000000000E+07   5.4722157717504596E-16   2.1521180295988516E+16
   8.5000000000000000E+07   5.4059918401847323E-16   2.1784816870602092E+16
   8.6000000000000000E+07   5.3450624327302370E-16   2.2033146240022100E+16
   8.7000000000000000E+07   5.2841330252757408E-16   2.2287202399914620E+16
   8.8000000000000000E+07   5.2232036178212456E-16   2.2547185761737232E+16
   8.9000000000000000E+07   5.1622780934596224E-16   2.2813289038341644E+16
   9.0000000000000000E+07   5.1013539038995809E-16   2.3085742424647088E+16
   9.1000000000000000E+07   5.0450843222317093E-16   2.3343225746185012E+16
   9.2000000000000000E+07   4.9909211073510566E-16   2.3596554565635988E+16
   9.3000000000000000E+07   4.9367578924704049E-16   2.3855442135822664E+16
   9.4000000000000000E+07   4.8825979569840697E-16   2.4120057248198664E+16
   9.5000000000000000E+07   4.8284388243569952E-16   2.4390604608742636E+16
   9.6000000000000000E+07   4.7776304098254356E-16   2.4649990087177256E+16
   9.7000000000000000E+07   4.7287687898859766E-16   2.4904694535770128E+16
   9.8000000000000000E+07   4.6799079947400529E-16   2.5164713147087220E+16
   9.9000000000000000E+07   4.6310496259090524E-16   2.5430205192257296E+16
   1.0000000000000000E+08   4.5821912570780509E-16   2.5701358942728124E+16
   1.1000000000000000E+08   4.1600126540424746E-16   2.8309659617970756E+16
   1.2000000000000000E+08   3.8084057056877205E-16   3.0923318402372524E+16
   1.3000000000000000E+08   3.5112490031851781E-16   3.3540356191076620E+16
   1.4000000000000000E+08   3.2549591986416284E-16   3.6181265280234904E+16
   1.5000000000000000E+08   3.0369828627393882E-16   3.8778138555633872E+16
   1.6000000000000000E+08   2.8455376018804356E-16   4.1387097525812992E+16
   1.7000000000000000E+08   2.6769165067820755E-16   4.3994103642762952E+16
   1.8000000000000000E+08   2.5262506050939562E-16   4.6617917480128048E+16
   1.9000000000000000E+08   2.3921342621420383E-16   4.9231577050753696E+16
   2.0000000000000000E+08   2.2718588959030529E-16   5.1837965137170712E+16
   2.1000000000000000E+08   2.1631007442397936E-16   5.4444316824356936E+16
   2.2000000000000000E+08   2.0639191447554169E-16   5.7060637545638768E+16
   2.3000000000000000E+08   1.9745202797639994E-16   5.9644128981278248E+16
   2.4000000000000000E+08   1.8909522544007513E-16   6.2280018952522320E+16
   2.5000000000000000E+08   1.8143469105817572E-16   6.4909605520055680E+16
   2.6000000000000000E+08   1.7445527967767382E-16   6.7506436297018072E+16
   2.7000000000000000E+08   1.6793141727568715E-16   7.0128951540411936E+16
   2.8000000000000000E+08   1.6183840455696657E-16   7.2769218508292608E+16
   2.9000000000000000E+08   1.5623164141791533E-16   7.5380723887657296E+16
   3.0000000000000000E+08   1.5103396063203384E-16   7.7974875153618432E+16
   3.1000000000000000E+08   1.4615236315094814E-16   8.0579293898081312E+16
   3.2000000000000000E+08   1.4156591721908355E-16   8.3189898074222352E+16
   3.3000000000000000E+08   1.3725358626740529E-16   8.5803617555719216E+16
   3.4000000000000000E+08   1.3322714968001565E-16   8.8396803898641936E+16
   3.5000000000000000E+08   1.2947770681487263E-16   9.0956617273720480E+16
   3.6000000000000000E+08   1.2576393028676731E-16   9.3642542797332576E+16
   3.7000000000000000E+08   1.2243092859972294E-16   9.6191823086981056E+16
   3.8000000000000000E+08   1.1911712689845565E-16   9.8867849912790736E+16
   3.9000000000000000E+08   1.1611132831725315E-16   1.0142726291151576E+17
   4.0000000000000000E+08   1.1315505902206368E-16   1.0407713385526170E+17
   4.1000000000000000E+08   1.1040819076226501E-16   1.0666649043817515E+17
   4.2000000000000000E+08   1.0776190340334644E-16   1.0928587796152123E+17
   4.3000000000000000E+08   1.0522385655671880E-16   1.1192190259526634E+17
   4.4000000000000000E+08   1.0284218046362181E-16   1.1451385191512120E+17
   4.5000000000000000E+08   1.0057718414628281E-16   1.1709270173154490E+17
   4.6000000000000000E+08   9.8409346595829201E-17   1.1967211074581496E+17
   4.7000000000000000E+08   9.6241664432150047E-17   1.2236752443679930E+17
   4.8000000000000000E+08   9.4265347551553146E-17   1.2493301653397786E+17
   4.9000000000000000E+08   9.2301312241710079E-17   1.2759140621315578E+17
   5.0000000000000000E+08   9.0464811711724901E-17   1.3018160322676040E+17
   5.1000000000000000E+08   8.8686816819547995E-17   1.3279148634009323E+17
   5.2000000000000000E+08   8.7001973635856669E-17   1.3536306973369269E+17
   5.3000000000000000E+08   8.5317239426895785E-17   1.3803604410255650E+17
   5.4000000000000000E+08   8.3764519277381364E-17   1.4059478077156973E+17
   5.5000000000000000E+08   8.2232701469537107E-17   1.4321375819815509E+17
   5.6000000000000000E+08   8.0737771421370135E-17   1.4586548547118054E+17
   5.7000000000000000E+08   7.9338736989896633E-17   1.4843763174272710E+17
   5.8000000000000000E+08   7.7939776375198949E-17   1.5110197606349363E+17
   5.9000000000000000E+08   7.6633506808480521E-17   1.5367761067846752E+17
   6.0000000000000000E+08   7.5346581050373601E-17   1.5630243682013712E+17
   6.1000000000000000E+08   7.4101639641895186E-17   1.5892838918480589E+17
   6.2000000000000000E+08   7.2911608174686199E-17   1.6152234903423930E+17
   6.3000000000000000E+08   7.1729950164397287E-17   1.6418322049922080E+17
   6.4000000000000000E+08   7.0624085030433397E-17   1.6675407857198387E+17
   6.5000000000000000E+08   6.9518258791964761E-17   1.6940663401081302E+17
   6.6000000000000000E+08   6.8473396090086282E-17   1.7199167701197805E+17
   6.7000000000000000E+08   6.7441145814525973E-17   1.7462417166854797E+17
   6.8000000000000000E+08   6.6467889652833652E-17   1.7718110633195482E+17
   6.9000000000000000E+08   6.5529754645948967E-17   1.7971766089875635E+17
   7.0000000000000000E+08   6.4591619639064283E-17   1.8232789779925027E+17
   7.1000000000000000E+08   6.3653558424064549E-17   1.8501486037561507E+17
   7.2000000000000000E+08   6.2746023076974787E-17   1.8769084711220496E+17
   7.3000000000000000E+08   6.1911523313861388E-17   1.9022071488269510E+17
   7.4000000000000000E+08   6.1077023550747976E-17   1.9281971418358576E+17
   7.5000000000000000E+08   6.0242586627876511E-17   1.9549051399445997E+17
   7.6000000000000000E+08   5.9430563491818037E-17   1.9816157768486768E+17
   7.7000000000000000E+08   5.8677269278741686E-17   2.0070556058589491E+17
   7.8000000000000000E+08   5.7923994054028912E-17   2.0331564521007366E+17
   7.9000000000000000E+08   5.7170749334450381E-17   2.0599440030678019E+17
   8.0000000000000000E+08   5.6454648447720185E-17   2.0860734320479053E+17
   8.1000000000000000E+08   5.5765922657897288E-17   2.1118370615843440E+17
   8.2000000000000000E+08   5.5077234019300133E-17   2.1382435835671270E+17
   8.3000000000000000E+08   5.4398396565164562E-17   2.1649267198770666E+17
   8.4000000000000000E+08   5.3761625890377931E-17   2.1905688358928778E+17
   8.5000000000000000E+08   5.3124885251475738E-17   2.2168244069594890E+17
   8.6000000000000000E+08   5.2492735214376986E-17   2.2435207798076128E+17
   8.7000000000000000E+08   5.1898193896505979E-17   2.2692223640237760E+17
   8.8000000000000000E+08   5.1303678368728320E-17   2.2955184888687888E+17
   8.9000000000000000E+08   5.0725134387946774E-17   2.3216999553258467E+17
   9.0000000000000000E+08   5.0180668331319710E-17   2.3468906684307683E+17
   9.1000000000000000E+08   4.9636202274692645E-17   2.3726340220520595E+17
   9.2000000000000000E+08   4.9091750030608776E-17   2.3989477288742963E+17
   9.3000000000000000E+08   4.8547323202537560E-17   2.4258503759531248E+17
   9.4000000000000000E+08   4.8013944295244709E-17   2.4527987435945219E+17
   9.5000000000000000E+08   4.7520349150788917E-17   2.4782760301002218E+17
   9.6000000000000000E+08   4.7026770095949570E-17   2.5042872815230202E+17
   9.7000000000000000E+08   4.6533212761942689E-17   2.5308491559540650E+17
   9.8000000000000000E+08   4.6049438848648283E-17   2.5574370760405158E+17
   9.9000000000000000E+08   4.5605026997261514E-17   2.5823587879789075E+17
   1.0000000000000000E+09   4.5160615145874738E-17   2.6077709938623661E+17
   1.1000000000000000E+09   4.1024824947290286E-17   2.8706653201739568E+17
   1.2000000000000000E+09   3.7593276207713210E-17   3.1327022840917069E+17
   1.3000000000000000E+09   3.4694948617775430E-17   3.3944002494373683E+17
   1.4000000000000000E+09   3.2243431284477319E-17   3.6524816854430099E+17
   1.5000000000000000E+09   3.0076665791629255E-17   3.9156116259126758E+17
   1.6000000000000000E+09   2.8195013507669047E-17   4.1769280305668422E+17
   1.7000000000000000E+09   2.6534270331805486E-17   4.4383561624164774E+17
   1.8000000000000000E+09   2.5069599851101174E-17   4.6976634227059930E+17
   1.9000000000000000E+09   2.3743715670191214E-17   4.9599878923013222E+17
   2.0000000000000000E+09   2.2551660649757596E-17   5.2221671863291123E+17
   2.1000000000000000E+09   2.1479534190887837E-17   5.4828257072890342E+17
   2.2000000000000000E+09   2.0503423699238567E-17   5.7438476602698874E+17
   2.3000000000000000E+09   1.9610313136513251E-17   6.0054391494195725E+17
   2.4000000000000000E+09   1.8791487826246964E-17   6.2671217591350413E+17
   2.5000000000000000E+09   1.8037796002966906E-17   6.5289873675820877E+17
   2.6000000000000000E+09   1.7342724853240127E-17   6.7906596707835674E+17
   2.7000000000000000E+09   1.6704620132363926E-17   7.0500580862791386E+17
   2.8000000000000000E+09   1.6117277045047502E-17   7.3069751120634470E+17
   2.9000000000000000E+09   1.5556269904197314E-17   7.5704872034020109E+17
   3.0000000000000000E+09   1.5034143783820323E-17   7.8334053429192000E+17
   3.1000000000000000E+09   1.4552405151648320E-17   8.0927201390523546E+17
   3.2000000000000000E+09   1.4093706283177643E-17   8.3561087393287757E+17
   3.3000000000000000E+09   1.3663234281443471E-17   8.6193751652446810E+17
   3.4000000000000000E+09   1.3263512751400850E-17   8.8791366548017421E+17
   3.5000000000000000E+09   1.2884397696444241E-17   9.1403994984487834E+17
   3.6000000000000000E+09   1.2531393487305119E-17   9.3978807992661440E+17
   3.7000000000000000E+09   1.2191502339582688E-17   9.6598875972839936E+17
   3.8000000000000000E+09   1.1868538740542100E-17   9.9227499540532723E+17
   3.9000000000000000E+09   3.8494859619046581E-17   3.0593316460394048E+17
   4.0000000000000000E+09   3.6594175925356158E-17   3.2182318433024634E+17
   4.1000000000000000E+09   3.4830863462563863E-17   3.3811548303696506E+17
   4.2000000000000000E+09   3.3191996304177920E-17   3.5481006072409664E+17
   4.3000000000000000E+09   3.1666133845629988E-17   3.7190691739164102E+17
   4.4000000000000000E+09   3.0243120599467905E-17   3.8940605303959802E+17
   4.5000000000000000E+09   2.8913916780528331E-17   4.0730746766796800E+17
   4.6000000000000000E+09   2.7670454385902584E-17   4.2561116127675072E+17
   4.7000000000000000E+09   2.6505514477396951E-17   4.4431713386594630E+17
   4.8000000000000000E+09   2.5412622170386229E-17   4.6342538543555462E+17
   4.9000000000000000E+09   2.4385956468375617E-17   4.8293591598557594E+17
   5.0000000000000000E+09   2.3420272592227948E-17   5.0284872551600979E+17
   5.1000000000000000E+09   2.2510834863733124E-17   5.2316381402685670E+17
   5.2000000000000000E+09   2.1653358535713707E-17   5.4388118151811629E+17
   5.3000000000000000E+09   2.0843959231245941E-17   5.6500082798978886E+17
   5.4000000000000000E+09   2.0079108875366895E-17   5.8652275344187392E+17
   5.5000000000000000E+09   1.9355597183659464E-17   6.0844695787437184E+17
   5.6000000000000000E+09   1.8670497921100083E-17   6.3077344128728282E+17
   5.7000000000000000E+09   1.8021139267642313E-17   6.5350220368060634E+17
   5.8000000000000000E+09   1.7405077729063576E-17   6.7663324505434278E+17
   5.9000000000000000E+09   1.6820075116509588E-17   7.0016656540849203E+17
   6.0000000000000000E+09   1.6264078189047189E-17   7.2410216474305395E+17
   6.1000000000000000E+09   1.5735200612891656E-17   7.4844004305802931E+17
   6.2000000000000000E+09   1.5231706940835028E-17   7.7318020035341696E+17
   6.3000000000000000E+09   1.4751998357412413E-17   7.9832263662921728E+17
   6.4000000000000000E+09   1.4294599970842251E-17   8.2386735188543066E+17
   6.5000000000000000E+09   1.3858149462856771E-17   8.4981434612205683E+17
   6.6000000000000000E+09   1.3441386933096845E-17   8.7616361933909568E+17
   6.7000000000000000E+09   1.3043145796518123E-17   9.0291517153654746E+17
   6.8000000000000000E+09   1.2662344610849882E-17   9.3006900271441190E+17
   6.9000000000000000E+09   1.2297979727067813E-17   9.5762511287268941E+17
   7.0000000000000000E+09   1.1949118669504054E-17   9.8558350201137933E+17
   7.1000000000000000E+09   1.1614894163969420E-17   1.0139441701304827E+18
   7.2000000000000000E+09   1.1294498742393877E-17   1.0427071172299982E+18
   7.3000000000000000E+09   1.0987179861244108E-17   1.0718723433099268E+18
   7.4000000000000000E+09   1.0692235478555486E-17   1.1014398483702684E+18
   7.5000000000000000E+09   1.0409010040990198E-17   1.1314096324110222E+18
   7.6000000000000000E+09   1.0136890838048795E-17   1.1617816954321897E+18
   7.7000000000000000E+09   9.8753046855405397E-18   1.1925560374337690E+18
   7.8000000000000000E+09   9.6237149047616467E-18   1.2237326584157617E+18
   7.9000000000000000E+09   9.3816185676285605E-18   1.2553115583781676E+18
   8.0000000000000000E+09   9.1485439813390396E-18   1.2872927373209853E+18
   8.1000000000000000E+09   8.9240483890519521E-18   1.3196761952442163E+18
   8.2000000000000000E+09   8.7077158656409674E-18   1.3524619321478602E+18
   8.3000000000000000E+09   8.4991553898345003E-18   1.3856499480319165E+18
   8.4000000000000000E+09   8.2979990760444801E-18   1.4192402428963866E+18
   8.5000000000000000E+09   8.1039005509439264E-18   1.4532328167412685E+18
   8.6000000000000000E+09   7.9165334614074970E-18   1.4876276695665641E+18
   8.7000000000000000E+09   7.7355901018060306E-18   1.5224248013722719E+18
   8.8000000000000000E+09   7.5607801498669747E-18   1.5576242121583926E+18
   8.9000000000000000E+09   7.3918295013975330E-18   1.5932259019249257E+18
   9.0000000000000000E+09   7.2284791951320796E-18   1.6292298706718725E+18
   9.1000000000000000E+09   7.0704844198248831E-18   1.6656361183992312E+18
   9.2000000000000000E+09   6.9176135964756438E-18   1.7024446451070036E+18
   9.3000000000000000E+09   6.7696475292600132E-18   1.7396554507951880E+18
   9.4000000000000000E+09   6.6263786193492378E-18   1.7772685354637852E+18
   9.5000000000000000E+09   6.4876101363512315E-18   1.8152838991127956E+18
   9.6000000000000000E+09   6.3531555425965548E-18   1.8537015417422193E+18
   9.7000000000000000E+09   6.2228378659336658E-18   1.8925214633520548E+18
   9.8000000000000000E+09   6.0964891170939043E-18   1.9317436639423037E+18
   9.9000000000000000E+09   5.9739497480430420E-18   1.9713681435129654E+18
   1.0000000000000000E+10   5.8550681480569853E-18   2.0113949020640399E+18
   1.1000000000000000E+10   4.8388992959148660E-18   2.4337878314974874E+18
   1.2000000000000000E+10   4.0660195472617973E-18   2.8964086589722158E+18
   1.3000000000000000E+10   3.4645373657141927E-18   3.3992573844882273E+18
   1.4000000000000000E+10   2.9872796673760136E-18   3.9423340080455173E+18
   1.5000000000000000E+10   2.6022525102475498E-18   4.5256385296440878E+18
   1.6000000000000000E+10   2.2871359953347599E-18   5.1491709492839414E+18
   1.7000000000000000E+10   2.0259751377359820E-18   5.8129312669650729E+18
   1.8000000000000000E+10   1.8071197987830203E-18   6.5169194826874890E+18
   1.9000000000000000E+10   1.6219025340878083E-18   7.2611355964511816E+18
   2.0000000000000000E+10   1.4637670370142467E-18   8.0455796082561567E+18
   2.1000000000000000E+10   1.3276798521671172E-18   8.8702515181024143E+18
   2.2000000000000000E+10   1.2097248239787165E-18   9.7351513259899494E+18
   2.3000000000000000E+10   1.1068181754361031E-18   1.0640279031918770E+19
   2.4000000000000000E+10   1.0165048868154493E-18   1.1585634635888863E+19
   2.5000000000000000E+10   9.3681090368911774E-19   1.2571218137900249E+19
   2.6000000000000000E+10   8.6613434142854818E-19   1.3597029537952909E+19
   2.7000000000000000E+10   8.0316435501467586E-19   1.4663068836046848E+19
   2.8000000000000000E+10   7.4681991684400339E-19   1.5769336032182069E+19
   2.9000000000000000E+10   6.9620310916254296E-19   1.6915831126358571E+19
   3.0000000000000000E+10   6.5056312756188744E-19   1.8102554118576351E+19
   3.1000000000000000E+10   6.0926827763340135E-19   1.9329505008835416E+19
   3.2000000000000000E+10   5.7178399883368997E-19   2.0596683797135766E+19
   3.3000000000000000E+10   5.3765547732387386E-19   2.1904090483477389E+19
   3.4000000000000000E+10   5.0649378443399550E-19   2.3251725067860292E+19
   3.5000000000000000E+10   4.7796474678016219E-19   2.4639587550284481E+19
   3.6000000000000000E+10   4.5177994969575507E-19   2.6067677930749956E+19
   3.7000000000000000E+10   4.2768941914221960E-19   2.7535996209256702E+19
   3.8000000000000000E+10   4.0547563352195206E-19   2.9044542385804726E+19
   3.9000000000000000E+10   3.8494859619046595E-19   3.0593316460394037E+19
   4.0000000000000000E+10   3.6594175925356168E-19   3.2182318433024627E+19
   4.1000000000000000E+10   3.4830863462563872E-19   3.3811548303696499E+19
   4.2000000000000000E+10   3.3191996304177930E-19   3.5481006072409657E+19
   4.3000000000000000E+10   3.1666133845629994E-19   3.7190691739164099E+19
   4.4000000000000000E+10   3.0243120599467912E-19   3.8940605303959798E+19
   4.5000000000000000E+10   2.8913916780528333E-19   4.0730746766796792E+19
   4.6000000000000000E+10   2.7670454385902578E-19   4.2561116127675081E+19
   4.7000000000000000E+10   2.6505514477396954E-19   4.4431713386594632E+19
   4.8000000000000000E+10   2.5412622170386233E-19   4.6342538543555453E+19
   4.9000000000000000E+10   2.4385956468375626E-19   4.8293591598557577E+19
   5.0000000000000000E+10   2.3420272592227943E-19   5.0284872551600996E+19
   5.1000000000000000E+10   2.2510834863733134E-19   5.2316381402685653E+19
   5.2000000000000000E+10   2.1653358535713704E-19   5.4388118151811637E+19
   5.3000000000000000E+10   2.0843959231245949E-19   5.6500082798978859E+19
   5.4000000000000000E+10   2.0079108875366897E-19   5.8652275344187392E+19
   5.5000000000000000E+10   1.9355597183659463E-19   6.0844695787437187E+19
   5.6000000000000000E+10   1.8670497921100085E-19   6.3077344128728277E+19
   5.7000000000000000E+10   1.8021139267642312E-19   6.5350220368060637E+19
   5.8000000000000000E+10   1.7405077729063574E-19   6.7663324505434284E+19
   5.9000000000000000E+10   1.6820075116509589E-19   7.0016656540849193E+19
   6.0000000000000000E+10   1.6264078189047186E-19   7.2410216474305405E+19
   6.1000000000000000E+10   1.5735200612891660E-19   7.4844004305802904E+19
   6.2000000000000000E+10   1.5231706940835034E-19   7.7318020035341664E+19
   6.3000000000000000E+10   1.4751998357412418E-19   7.9832263662921695E+19
   6.4000000000000000E+10   1.4294599970842249E-19   8.2386735188543062E+19
   6.5000000000000000E+10   1.3858149462856774E-19   8.4981434612205666E+19
   6.6000000000000000E+10   1.3441386933096847E-19   8.7616361933909557E+19
   6.7000000000000000E+10   1.3043145796518129E-19   9.0291517153654702E+19
   6.8000000000000000E+10   1.2662344610849887E-19   9.3006900271441166E+19
   6.9000000000000000E+10   1.2297979727067817E-19   9.5762511287268901E+19
   7.0000000000000000E+10   1.1949118669504055E-19   9.8558350201137922E+19
   7.1000000000000000E+10   1.1614894163969425E-19   1.0139441701304821E+20
   7.2000000000000000E+10   1.1294498742393877E-19   1.0427071172299982E+20
   7.3000000000000000E+10   1.0987179861244112E-19   1.0718723433099264E+20
   7.4000000000000000E+10   1.0692235478555490E-19   1.1014398483702681E+20
   7.5000000000000000E+10   1.0409010040990199E-19   1.1314096324110221E+20
   7.6000000000000000E+10   1.0136890838048802E-19   1.1617816954321891E+20
   7.7000000000000000E+10   9.8753046855405405E-20   1.1925560374337692E+20
   7.8000000000000000E+10   9.6237149047616487E-20   1.2237326584157615E+20
   7.9000000000000000E+10   9.3816185676285648E-20   1.2553115583781668E+20
   8.0000000000000000E+10   9.1485439813390420E-20   1.2872927373209851E+20
   8.1000000000000000E+10   8.9240483890519540E-20   1.3196761952442162E+20
   8.2000000000000000E+10   8.7077158656409679E-20   1.3524619321478599E+20
   8.3000000000000000E+10   8.4991553898345005E-20   1.3856499480319164E+20
   8.4000000000000000E+10   8.2979990760444825E-20   1.4192402428963863E+20
   8.5000000000000000E+10   8.1039005509439273E-20   1.4532328167412682E+20
   8.6000000000000000E+10   7.9165334614074986E-20   1.4876276695665639E+20
   8.7000000000000000E+10   7.7355901018060335E-20   1.5224248013722714E+20
   8.8000000000000000E+10   7.5607801498669781E-20   1.5576242121583919E+20
   8.9000000000000000E+10   7.3918295013975360E-20   1.5932259019249251E+20
   9.0000000000000000E+10   7.2284791951320832E-20   1.6292298706718717E+20
   9.1000000000000000E+10   7.0704844198248850E-20   1.6656361183992309E+20
   9.2000000000000000E+10   6.9176135964756446E-20   1.7024446451070032E+20
   9.3000000000000000E+10   6.7696475292600146E-20   1.7396554507951876E+20
   9.4000000000000000E+10   6.6263786193492386E-20   1.7772685354637853E+20
   9.5000000000000000E+10   6.4876101363512319E-20   1.8152838991127953E+20
   9.6000000000000000E+10   6.3531555425965582E-20   1.8537015417422181E+20
   9.7000000000000000E+10   6.2228378659336670E-20   1.8925214633520546E+20
   9.8000000000000000E+10   6.0964891170939066E-20   1.9317436639423031E+20
   9.9000000000000000E+10   5.9739497480430433E-20   1.9713681435129650E+20
   1.0000000000000000E+11   5.8550681480569859E-20   2.0113949020640399E+20
   1.1000000000000000E+11   4.8388992959148658E-20   2.4337878314974875E+20
