   1.0000000000000000E+00   1.5261637526004574E-05   7.7166386661801976E+05
   2.0000000000000000E+00   4.3264651680032532E-04   2.7220499338203626E+04
   3.0000000000000000E+00   2.2855368860647349E-03   5.1527736419589755E+03
   4.0000000000000000E+00   4.6385877052652269E-03   2.5388879056596343E+03
   5.0000000000000000E+00   7.8158419901071981E-03   1.5067927728254695E+03
   6.0000000000000000E+00   1.1989332032032793E-02   9.8227776099404525E+02
   7.0000000000000000E+00   1.7134123776663773E-02   6.8733332254078414E+02
   7.7290000000000001E+00   2.1269045120505613E-02   5.5370864829682569E+02
   7.7310000000000008E+00   2.1280519936360588E-02   5.5341007923951349E+02
   8.0000000000000000E+00   2.2818821211708480E-02   5.1610265556559875E+02
   9.0000000000000000E+00   2.8195514292948632E-02   4.1768538434443855E+02
   1.0000000000000000E+01   3.2577598307504008E-02   3.6150160957465823E+02
   1.0399000000000001E+01   3.4052005853509149E-02   3.4584906025516034E+02
   1.0401000000000000E+01   3.4059113546091126E-02   3.4577688606904326E+02
   1.0999000000000001E+01   3.6111892256157511E-02   3.2612121626584837E+02
   1.1000999999999999E+01   3.6118633434600686E-02   3.2606034903185036E+02
   1.2000000000000000E+01   3.9644937100823931E-02   2.9705821437649865E+02
   1.3000000000000000E+01   4.4065259585807905E-02   2.6725938607728818E+02
   1.4000000000000000E+01   5.0008801025065136E-02   2.3549563242551307E+02
   1.5000000000000000E+01   5.7772882947369888E-02   2.0384743885756703E+02
   1.6000000000000000E+01   6.7179306411993475E-02   1.7530479031764528E+02
   1.7000000000000000E+01   7.7277761052810978E-02   1.5239642121866282E+02
   1.8000000000000000E+01   8.6250968376519979E-02   1.3654170435314629E+02
   1.9000000000000000E+01   9.2172551266701083E-02   1.2776964576105804E+02
   2.0000000000000000E+01   9.4408051034983329E-02   1.2474417271759370E+02
   2.1000000000000000E+01   9.4096102208822613E-02   1.2515772649225785E+02
   2.2000000000000000E+01   9.3172507525993500E-02   1.2639838227981383E+02
   2.3000000000000000E+01   9.3306663324122824E-02   1.2621664739344139E+02
   2.4000000000000000E+01   9.5610883583385597E-02   1.2317482887780609E+02
   2.5000000000000000E+01   1.0075426901165287E-01   1.1688690057269227E+02
   2.6000000000000000E+01   1.0887110857653631E-01   1.0817244701756884E+02
   2.7000000000000000E+01   1.1886759321629069E-01   9.9075398984568267E+01
   2.8000000000000000E+01   1.2749951622955924E-01   9.2367834580920842E+01
   2.9000000000000000E+01   1.2540024299651431E-01   9.3914126024195298E+01
   3.0000000000000000E+01   1.2107579318489178E-01   9.7268445776400767E+01
   3.1000000000000000E+01   1.1340464626028000E-01   1.0384807512392202E+02
   3.2000000000000000E+01   1.0573447466620652E-01   1.1138140385543831E+02
   3.3000000000000000E+01   9.9654709450927609E-02   1.1817659485564570E+02
   3.4000000000000000E+01   9.5405709505944930E-02   1.2343972163956832E+02
   3.5000000000000000E+01   9.2738949653151964E-02   1.2698929919182120E+02
   3.6000000000000000E+01   9.1294804478255220E-02   1.2899807707068800E+02
   3.7000000000000000E+01   9.0730726519494750E-02   1.2980006527015894E+02
   3.8000000000000000E+01   9.0779176445558010E-02   1.2973078943167283E+02
   3.9000000000000000E+01   9.1294305754093738E-02   1.2899878176368378E+02
   4.0000000000000000E+01   9.2151732686596571E-02   1.2779851100892319E+02
   4.1000000000000000E+01   9.3166970098530338E-02   1.2640589483359332E+02
   4.2000000000000000E+01   9.4266751416293315E-02   1.2493115597281330E+02
   4.3000000000000000E+01   9.5448351923278565E-02   1.2338457382381627E+02
   4.4000000000000000E+01   9.6642598309142860E-02   1.2185986749411735E+02
   4.5000000000000000E+01   9.7705348135150638E-02   1.2053438679681138E+02
   4.6000000000000000E+01   9.8720392121597195E-02   1.1929505111500586E+02
   4.7000000000000000E+01   9.9690110634356649E-02   1.1813462889447982E+02
   4.8000000000000000E+01   1.0047590779598543E-01   1.1721072725366218E+02
   4.9000000000000000E+01   1.0113778637187651E-01   1.1644366212383468E+02
   5.0000000000000000E+01   1.0173713342144197E-01   1.1575767694824087E+02
   5.1000000000000000E+01   1.0221980796106275E-01   1.1521107757045839E+02
   5.2000000000000000E+01   1.0250982233990311E-01   1.1488512959460165E+02
   5.3000000000000000E+01   1.0274753765687276E-01   1.1461933290867148E+02
   5.4000000000000000E+01   1.0293973529501206E-01   1.1440532842335769E+02
   5.5000000000000000E+01   1.0296261811103787E-01   1.1437990253451848E+02
   5.6000000000000000E+01   1.0288705619456637E-01   1.1446390498303822E+02
   5.7000000000000000E+01   1.0278067508594355E-01   1.1458237858811243E+02
   5.8000000000000000E+01   1.0264835374443083E-01   1.1473008377280780E+02
   5.9000000000000000E+01   1.0234332145866815E-01   1.1507203456354013E+02
   6.0000000000000000E+01   1.0200485841520550E-01   1.1545385589676800E+02
   6.1000000000000000E+01   1.0165053361409619E-01   1.1585629514694674E+02
   6.2000000000000000E+01   1.0124046487191400E-01   1.1632556447798848E+02
   6.3000000000000000E+01   1.0073644960892894E-01   1.1690757684987440E+02
   6.4000000000000000E+01   1.0022299493063190E-01   1.1750650868486380E+02
   6.5000000000000000E+01   9.9701764966017084E-02   1.1812081990979247E+02
   6.6000000000000000E+01   9.9103307670859980E-02   1.1883411866889874E+02
   6.7000000000000000E+01   9.8467154305431556E-02   1.1960185411380102E+02
   6.8000000000000000E+01   9.7826650797389128E-02   1.2038492709548706E+02
   6.9000000000000000E+01   9.7182668326476637E-02   1.2118265969685100E+02
   7.0000000000000000E+01   9.6472973601639325E-02   1.2207412899771174E+02
   7.1000000000000000E+01   9.5746693594817231E-02   1.2300011396818449E+02
   7.2000000000000000E+01   9.5018351937776732E-02   1.2394294348476487E+02
   7.3000000000000000E+01   9.4288335712027535E-02   1.2490255698443819E+02
   7.4000000000000000E+01   9.3556918904407052E-02   1.2587903024331644E+02
   7.5000000000000000E+01   9.2783455355074554E-02   1.2692838587623535E+02
   7.6000000000000000E+01   9.2002960418263641E-02   1.2800516603704330E+02
   7.7000000000000000E+01   9.1221882942445362E-02   1.2910119638365427E+02
   7.8000000000000000E+01   9.0440163827523332E-02   1.3021708194490634E+02
   7.9000000000000000E+01   8.9657918861584723E-02   1.3135319639105887E+02
   7.9998999999999995E+01   8.8862507556383585E-02   1.3252894328653625E+02
   8.0001000000000005E+01   9.7685598964584869E-02   1.2055875532389337E+02
   8.1000000000000000E+01   9.6495007144260583E-02   1.2204625475215411E+02
   8.1998999999999995E+01   9.5276637666675157E-02   1.2360694617961462E+02
   8.2001000000000005E+01   9.9547109021850350E-02   1.1830433188827581E+02
   8.3000000000000000E+01   9.8181594686120477E-02   1.1994971421974880E+02
   8.4000000000000000E+01   9.6826093822052289E-02   1.2162893037782717E+02
   8.5000000000000000E+01   9.5468970646876206E-02   1.2335792608260101E+02
   8.6000000000000000E+01   9.4126128762470868E-02   1.2511780075390629E+02
   8.7000000000000000E+01   9.2792629603287088E-02   1.2691583668431976E+02
   8.8000000000000000E+01   9.1492500302406854E-02   1.2871933967607998E+02
   8.9000000000000000E+01   9.0217173783870119E-02   1.3053893987471525E+02
   9.0000000000000000E+01   8.8975614633092684E-02   1.3236047059414409E+02
   9.1000000000000000E+01   8.7791196163058735E-02   1.3414618707741096E+02
   9.2000000000000000E+01   8.6636340128194197E-02   1.3593434587395274E+02
   9.3000000000000000E+01   8.5520874322244811E-02   1.3770736463549093E+02
   9.4000000000000000E+01   8.4419798725253278E-02   1.3950346248239086E+02
   9.5000000000000000E+01   8.3362889396017756E-02   1.4127214531028409E+02
   9.6000000000000000E+01   8.2326362703583164E-02   1.4305082646055956E+02
   9.7000000000000000E+01   8.1337762061594265E-02   1.4478950398612093E+02
   9.8000000000000000E+01   8.0413423698466685E-02   1.4645383423046468E+02
   9.9000000000000000E+01   7.9526507459195997E-02   1.4808715484308058E+02
   1.0000000000000000E+02   7.8657610520865437E-02   1.4972301022436125E+02
   1.1000000000000000E+02   7.1144814163842593E-02   1.6553355803443259E+02
   1.2000000000000000E+02   6.5196105509982089E-02   1.8063738826295722E+02
   1.2699900000000000E+02   6.1553535784182607E-02   1.9132701434944462E+02
   1.2700100000000000E+02   6.4118678105228699E-02   1.8367275452734248E+02
   1.3000000000000000E+02   6.2649237140387878E-02   1.8798080809586131E+02
   1.4000000000000000E+02   5.7976064718296902E-02   2.0313303915094212E+02
   1.5000000000000000E+02   5.3647101104824763E-02   2.1952452195371663E+02
   1.6000000000000000E+02   4.9641334150819907E-02   2.3723887412975276E+02
   1.7000000000000000E+02   4.5960083608013957E-02   2.5624092255101675E+02
   1.8000000000000000E+02   4.2600924123493832E-02   2.7644598014118156E+02
   1.9000000000000000E+02   3.9524909685539497E-02   2.9796030700477513E+02
   2.0000000000000000E+02   3.6697468868290652E-02   3.2091734355050954E+02
   2.1000000000000000E+02   3.4126129746368188E-02   3.4509785644510976E+02
   2.2000000000000000E+02   3.1771237214114317E-02   3.7067660113051915E+02
   2.3000000000000000E+02   2.9608542410277442E-02   3.9775190757622323E+02
   2.4000000000000000E+02   2.7635771433471731E-02   4.2614530419713697E+02
   2.5000000000000000E+02   2.5810453308016179E-02   4.5628234745422776E+02
   2.6000000000000000E+02   2.4154950349215911E-02   4.8755447864630548E+02
   2.7000000000000000E+02   2.2615369799225807E-02   5.2074559597263431E+02
   2.8000000000000000E+02   2.1212604067216229E-02   5.5518191858586169E+02
   2.9000000000000000E+02   1.9913364489427772E-02   5.9140454293857897E+02
   3.0000000000000000E+02   1.8724148780306787E-02   6.2896606742549079E+02
   3.1000000000000000E+02   1.7621597532884083E-02   6.6831932815752316E+02
   3.2000000000000000E+02   1.6611288609554582E-02   7.0896692610984292E+02
   3.3000000000000000E+02   1.5670316804658850E-02   7.5153900020311346E+02
   3.4000000000000000E+02   1.4804573935661473E-02   7.9548754833606529E+02
   3.5000000000000000E+02   1.3998837817348644E-02   8.4127370985357095E+02
   3.6000000000000000E+02   1.3256074545455842E-02   8.8841188874246677E+02
   3.7000000000000000E+02   1.2561129260883458E-02   9.3756333364975353E+02
   3.8000000000000000E+02   1.1915255127433870E-02   9.8838456233506463E+02
   3.9000000000000000E+02   1.1318414091247245E-02   1.0405039194799062E+03
   4.0000000000000000E+02   1.0753075078366398E-02   1.0952080347632516E+03
   4.1000000000000000E+02   1.0225815476384683E-02   1.1516787342228713E+03
   4.2000000000000000E+02   9.7415924332204841E-03   1.2089249581083156E+03
   4.3000000000000000E+02   9.2856741752504243E-03   1.2682820872208506E+03
   4.4000000000000000E+02   8.8533132068779694E-03   1.3302199921143811E+03
   4.5000000000000000E+02   8.4533402313277384E-03   1.3931598518411470E+03
   4.6000000000000000E+02   8.0788463601044695E-03   1.4577395953952848E+03
   4.7000000000000000E+02   7.7270766227588543E-03   1.5241021668599146E+03
   4.8000000000000000E+02   7.3905936578380783E-03   1.5934923186785466E+03
   4.9000000000000000E+02   7.0784430837099082E-03   1.6637633565695000E+03
   5.0000000000000000E+02   6.7854620614183027E-03   1.7356009240994490E+03
   5.1000000000000000E+02   6.5090605262820549E-03   1.8093016921085912E+03
   5.2000000000000000E+02   6.2436575688691581E-03   1.8862107817953838E+03
   5.3000000000000000E+02   5.9957239373383776E-03   1.9642088840847034E+03
   5.4000000000000000E+02   5.7605487066324720E-03   2.0443979947049049E+03
   5.5000000000000000E+02   5.5380032007507352E-03   2.1265524408947399E+03
   5.6000000000000000E+02   5.3275319010496151E-03   2.2105647498645890E+03
   5.7000000000000000E+02   5.1279061541285682E-03   2.2966204665733999E+03
   5.8000000000000000E+02   4.9390146030929881E-03   2.3844542222783207E+03
   5.9000000000000000E+02   4.7570348596714324E-03   2.4756712052038201E+03
   6.0000000000000000E+02   4.5839380802591648E-03   2.5691564803103806E+03
   6.1000000000000000E+02   4.4220737407853249E-03   2.6631971592015752E+03
   6.2000000000000000E+02   4.2669683990097951E-03   2.7600050253412542E+03
   6.3000000000000000E+02   4.1199068704135186E-03   2.8585243780176288E+03
   6.4000000000000000E+02   3.9802152310771336E-03   2.9588485899674033E+03
   6.5000000000000000E+02   3.8454553926925939E-03   3.0625382488166601E+03
   6.6000000000000000E+02   3.7164987064467873E-03   3.1688035310790656E+03
   6.7000000000000000E+02   3.5944129597541312E-03   3.2764332746688438E+03
   6.8000000000000000E+02   3.4775490439969219E-03   3.3865386440973466E+03
   6.9000000000000000E+02   3.3666241353060072E-03   3.4981197041673645E+03
   7.0000000000000000E+02   3.2613509742112808E-03   3.6110355240399886E+03
   7.1000000000000000E+02   3.1588338294101749E-03   3.7282284729862990E+03
   7.2000000000000000E+02   3.0604929094865552E-03   3.8480253255071611E+03
   7.3000000000000000E+02   2.9670378892054546E-03   3.9692294685839324E+03
   7.4000000000000000E+02   2.8776701478523689E-03   4.0924962275570510E+03
   7.5000000000000000E+02   2.7904718965874415E-03   4.2203808748769898E+03
   7.6000000000000000E+02   2.7094676822766897E-03   4.3465564477017861E+03
   7.7000000000000000E+02   2.6307088657730685E-03   4.4766847359898093E+03
   7.8000000000000000E+02   2.5543431719516332E-03   4.6105215436817416E+03
   7.9000000000000000E+02   2.4808151365787959E-03   4.7471712223105833E+03
   8.0000000000000000E+02   2.4098709251510900E-03   4.8869232378082634E+03
   8.1000000000000000E+02   2.3425529715780445E-03   5.0273587693113996E+03
   8.2000000000000000E+02   2.2772227143784849E-03   5.1715864899290618E+03
   8.3000000000000000E+02   2.2151475530708363E-03   5.3165100482418102E+03
   8.4000000000000000E+02   2.1550792159181140E-03   5.4646966743735893E+03
   8.5000000000000000E+02   2.0975501084944215E-03   5.6145758695092845E+03
   8.6000000000000000E+02   2.0419308857248064E-03   5.7675087372308553E+03
   8.7000000000000000E+02   1.9879896109161119E-03   5.9240018959718363E+03
   8.8000000000000000E+02   1.9352426420016795E-03   6.0854664777633288E+03
   8.9000000000000000E+02   1.8851358329404688E-03   6.2472178494796372E+03
   9.0000000000000000E+02   1.8365237877623827E-03   6.4125791904869675E+03
   9.1000000000000000E+02   1.7904698555924760E-03   6.5775216418498912E+03
   9.2000000000000000E+02   1.7452191106310461E-03   6.7480662757474729E+03
   9.3000000000000000E+02   1.7020703930405571E-03   6.9191346447201486E+03
   9.3799900000000002E+02   1.6686738201738380E-03   7.0576131068038676E+03
   9.3800099999999998E+02   5.3016590143583715E-03   2.2213526355324539E+03
   9.4000000000000000E+02   6.0606344704269531E-03   1.9431718381474532E+03
   9.5000000000000000E+02   7.8151899417909527E-03   1.5069184897559303E+03
   9.5799900000000002E+02   8.3578402369528810E-03   1.4090786483534159E+03
   9.5800099999999998E+02   9.8497572503747684E-03   1.1956491845310470E+03
   9.6000000000000000E+02   1.0327070861262477E-02   1.1403866965235143E+03
   9.7000000000000000E+02   1.1421734148652603E-02   1.0310916075409309E+03
   9.8000000000000000E+02   1.1611592112323120E-02   1.0142325109526412E+03
   9.9000000000000000E+02   1.1446828324926685E-02   1.0288312089554106E+03
   1.0000000000000000E+03   1.1140962880532729E-02   1.0570768748200178E+03
   1.1000000000000000E+03   8.6401645723834571E-03   1.3630358687705668E+03
   1.1029990000000000E+03   8.5762830021781245E-03   1.3731886204371267E+03
   1.1030010000000000E+03   9.7117314707909092E-03   1.2126420772299493E+03
   1.2000000000000000E+03   7.9639510181308097E-03   1.4787702984897894E+03
   1.3000000000000000E+03   6.5884485127022186E-03   1.7875003806334889E+03
   1.4000000000000000E+03   5.5185362409541682E-03   2.1340539791767524E+03
   1.5000000000000000E+03   4.6658750409360530E-03   2.5240397826592298E+03
   1.6000000000000000E+03   3.9790339745365850E-03   2.9597269838870729E+03
   1.7000000000000000E+03   3.4189742038512193E-03   3.4445577889922688E+03
   1.8000000000000000E+03   2.9626975048369138E-03   3.9750444333288874E+03
   1.9000000000000000E+03   2.5838089687911197E-03   4.5579430857651087E+03
   2.0000000000000000E+03   2.2678800657557497E-03   5.1928911065739421E+03
   2.1000000000000000E+03   1.9996709037652938E-03   5.8893962011769299E+03
   2.2000000000000000E+03   1.7738417187490388E-03   6.6391798658026355E+03
   2.3000000000000000E+03   1.5808976664558830E-03   7.4494728369364748E+03
   2.4000000000000000E+03   1.4146473683538917E-03   8.3249398314317095E+03
   2.5000000000000000E+03   1.2721780894246772E-03   9.2572371133708639E+03
   2.6000000000000000E+03   1.1476220219306396E-03   1.0261962561878350E+04
   2.7000000000000000E+03   1.0386290599151669E-03   1.1338845290157074E+04
   2.8000000000000000E+03   9.4324422369425765E-04   1.2485477173785162E+04
   2.9000000000000000E+03   8.5990352671527423E-04   1.3695552882804766E+04
   3.0000000000000000E+03   7.8595673566198552E-04   1.4984099874556201E+04
   3.1000000000000000E+03   7.2009442497560441E-04   1.6354597141393420E+04
   3.2000000000000000E+03   6.6158486870990349E-04   1.7800972756835163E+04
   3.3000000000000000E+03   6.0956046698251666E-04   1.9320239520351213E+04
   3.4000000000000000E+03   5.6257474156106108E-04   2.0933848170218847E+04
   3.5000000000000000E+03   5.2014272513938888E-04   2.2641582117837705E+04
   3.6000000000000000E+03   4.8215976335886621E-04   2.4425211556846512E+04
   3.7000000000000000E+03   4.4781889622381565E-04   2.6298252091518261E+04
   3.8000000000000000E+03   4.1701714668844763E-04   2.8240695419264892E+04
   3.9000000000000000E+03   3.8871053024398653E-04   3.0297234851979036E+04
   4.0000000000000000E+03   3.6270420692147213E-04   3.2469582650275479E+04
   4.1000000000000000E+03   3.3912575942122276E-04   3.4727100189435958E+04
   4.2000000000000000E+03   3.1760297933054954E-04   3.7080427422509914E+04
   4.3000000000000000E+03   2.9795962297101683E-04   3.9525000423916230E+04
   4.4000000000000000E+03   2.7996303898625188E-04   4.2065746488834498E+04
   4.5000000000000000E+03   2.6329443131376543E-04   4.4728838986362745E+04
   4.6000000000000000E+03   2.4784505538125471E-04   4.7517002936061312E+04
   4.7000000000000000E+03   2.3368133857210383E-04   5.0397067631506812E+04
   4.8000000000000000E+03   2.2055545291950753E-04   5.3396341230055026E+04
   4.9000000000000000E+03   2.0844931733306335E-04   5.6497446837027201E+04
   5.0000000000000000E+03   1.9725379760596859E-04   5.9704068399051241E+04
   5.1000000000000000E+03   1.8678489045152369E-04   6.3050358065744120E+04
   5.2000000000000000E+03   1.7705677818945518E-04   6.6514562981812705E+04
   5.3000000000000000E+03   1.6792937836166349E-04   7.0129803010858348E+04
   5.4000000000000000E+03   1.5946268142149760E-04   7.3853356279080414E+04
   5.5000000000000000E+03   1.5161987851487586E-04   7.7673550062130525E+04
   5.6000000000000000E+03   1.4423463896308042E-04   8.1650665255617743E+04
   5.7000000000000000E+03   1.3741340046950602E-04   8.5703826439058321E+04
   5.8000000000000000E+03   1.3095927492211078E-04   8.9927607122471862E+04
   5.9000000000000000E+03   1.2489320448317497E-04   9.4295396398655794E+04
   6.0000000000000000E+03   1.1919226169461463E-04   9.8805526942790311E+04
   6.1000000000000000E+03   1.1381340631553719E-04   1.0347510548615965E+05
   6.2000000000000000E+03   1.0878113901352058E-04   1.0826191314999555E+05
   6.3000000000000000E+03   1.0406306860622467E-04   1.1317035315192417E+05
   6.4000000000000000E+03   9.9611937961498786E-05   1.1822733765897874E+05
   6.5000000000000000E+03   9.5397734957764104E-05   1.2345004029134844E+05
   6.6000000000000000E+03   9.1465211193158657E-05   1.2875774374334179E+05
   6.7000000000000000E+03   8.7695299531566101E-05   1.3429287871923234E+05
   6.8000000000000000E+03   8.4151634681002403E-05   1.3994801490051192E+05
   6.9000000000000000E+03   8.0785368145666234E-05   1.4577954516471599E+05
   7.0000000000000000E+03   7.7603452934905763E-05   1.5175683270328003E+05
   7.1000000000000000E+03   7.4569214402815391E-05   1.5793185322594360E+05
   7.2000000000000000E+03   7.1704370206638325E-05   1.6424179154353787E+05
   7.3000000000000000E+03   6.8982431103957150E-05   1.7072251638234573E+05
   7.4000000000000000E+03   6.6404870906954379E-05   1.7734925259836632E+05
   7.5000000000000000E+03   6.3971917811898315E-05   1.8409412484502612E+05
   7.6000000000000000E+03   6.1640835656777201E-05   1.9105604424012275E+05
   7.7000000000000000E+03   5.9442537259718293E-05   1.9812166113945539E+05
   7.8000000000000000E+03   5.7314107291497993E-05   2.0547915305288800E+05
   7.9000000000000000E+03   5.5301092528508115E-05   2.1295879856565775E+05
   8.0000000000000000E+03   5.3384963472343563E-05   2.2060245916137862E+05
   8.1000000000000000E+03   5.1550645421861321E-05   2.2845211981080440E+05
   8.2000000000000000E+03   4.9805073518874319E-05   2.3645892661470239E+05
   8.3000000000000000E+03   4.8123071423635533E-05   2.4472366114302471E+05
   8.4000000000000000E+03   4.6526204428332025E-05   2.5312303827362866E+05
   8.5000000000000000E+03   4.5003700631033356E-05   2.6168635154679598E+05
   8.6000000000000000E+03   4.3542447137884252E-05   2.7046835900026548E+05
   8.7000000000000000E+03   4.2156248286231629E-05   2.7936200926318485E+05
   8.8000000000000000E+03   4.0806976933118395E-05   2.8859903647215344E+05
   8.9000000000000000E+03   3.9545071878540543E-05   2.9780839090167807E+05
   8.9859989999999998E+03   3.8493502636311430E-05   3.0594394943758892E+05
   8.9860010000000002E+03   2.9344573023125039E-04   4.0132988866318112E+04
   9.0000000000000000E+03   2.9291068386860515E-04   4.0206297935934148E+04
   9.1000000000000000E+03   2.8702934458815630E-04   4.1030140110368724E+04
   9.2000000000000000E+03   2.7951943210157397E-04   4.2132506265109303E+04
   9.3000000000000000E+03   2.7215887238889554E-04   4.3271983459025643E+04
   9.4000000000000000E+03   2.6471972718317366E-04   4.4488011337705582E+04
   9.5000000000000000E+03   2.5771579886521573E-04   4.5697059614100741E+04
   9.6000000000000000E+03   2.5093374127342394E-04   4.6932127040687577E+04
   9.7000000000000000E+03   2.4445805301804571E-04   4.8175358016820996E+04
   9.8000000000000000E+03   2.3801082713770464E-04   4.9480329806280992E+04
   9.9000000000000000E+03   2.3192293472569785E-04   5.0779170409205952E+04
   1.0000000000000000E+04   2.2601242113952317E-04   5.2107110595347374E+04
   1.1000000000000000E+04   1.7664208448359568E-04   6.6670715864050217E+04
   1.2000000000000000E+04   1.4021699966009028E-04   8.3990202705723597E+04
   1.3000000000000000E+04   1.1336490847892442E-04   1.0388447697136177E+05
   1.4000000000000000E+04   9.3058495399719622E-05   1.2655324130971111E+05
   1.5000000000000000E+04   7.7093690980415194E-05   1.5276028523827117E+05
   1.6000000000000000E+04   6.4640976238482378E-05   1.8218868138362528E+05
   1.7000000000000000E+04   5.4769987056646071E-05   2.1502386356343489E+05
   1.8000000000000000E+04   4.6850871148404512E-05   2.5136894865700733E+05
   1.9000000000000000E+04   4.0272330428704834E-05   2.9243041311175755E+05
   2.0000000000000000E+04   3.4886465650895905E-05   3.3757659322926920E+05
   2.1000000000000000E+04   3.0442138115259766E-05   3.8686028490015824E+05
   2.2000000000000000E+04   2.6740774681957595E-05   4.4040811697895126E+05
   2.3000000000000000E+04   2.3577950324997262E-05   4.9948592061259790E+05
   2.4000000000000000E+04   2.0884052349031636E-05   5.6391614172454586E+05
   2.5000000000000000E+04   1.8599947844218199E-05   6.3316598104871565E+05
   2.6000000000000000E+04   1.6629223506016757E-05   7.0820229338900151E+05
   2.7000000000000000E+04   1.4944268729774989E-05   7.8805155589681899E+05
   2.8000000000000000E+04   1.3453703986208778E-05   8.7536147936000850E+05
   2.9000000000000000E+04   1.2159520085606658E-05   9.6852952594566101E+05
   3.0000000000000000E+04   1.1023820491510664E-05   1.0683096874907026E+06
   3.1000000000000000E+04   1.0028042916097299E-05   1.1743920845546860E+06
   3.2000000000000000E+04   9.1474106645525065E-06   1.2874522262213847E+06
   3.3000000000000000E+04   8.3732746689664188E-06   1.4064812979189027E+06
   3.4000000000000000E+04   7.6794394649635319E-06   1.5335564891122279E+06
   3.5000000000000000E+04   7.0514707027194316E-06   1.6701273706912748E+06
   3.6000000000000000E+04   6.4923157013974598E-06   1.8139681996216560E+06
   3.7000000000000000E+04   5.9910150736195833E-06   1.9657527279637028E+06
   3.8000000000000000E+04   5.5438321671562832E-06   2.1243165141271427E+06
   3.9000000000000000E+04   5.1352048749873728E-06   2.2933562556777871E+06
   4.0000000000000000E+04   4.7690169400162466E-06   2.4694511200874951E+06
   4.1000000000000000E+04   4.4369696794743950E-06   2.6542561872170488E+06
   4.2000000000000000E+04   4.1317152164802244E-06   2.8503547817780068E+06
   4.3000000000000000E+04   3.8526756487549217E-06   3.0567987803606861E+06
   4.4000000000000000E+04   3.5988924871026264E-06   3.2723551110360054E+06
   4.5000000000000000E+04   3.3671054657258079E-06   3.4976196451573758E+06
   4.6000000000000000E+04   3.1540230378436641E-06   3.7339150928621422E+06
   4.7000000000000000E+04   2.9597547864911335E-06   3.9789965972826849E+06
   4.8000000000000000E+04   2.7798920830940126E-06   4.2364429525378374E+06
   4.9000000000000000E+04   2.6160264399631623E-06   4.5018100904229376E+06
   5.0000000000000000E+04   2.4625998962269836E-06   4.7822848698576652E+06
   5.1000000000000000E+04   2.3233345223430716E-06   5.0689447046835329E+06
   5.2000000000000000E+04   2.1911668450181110E-06   5.3746953368774699E+06
   5.3000000000000000E+04   2.0697887157045873E-06   5.6898823222303353E+06
   5.4000000000000000E+04   1.9581722953575543E-06   6.0142073566049272E+06
   5.5000000000000000E+04   1.8524215109582223E-06   6.3575455988671919E+06
   5.6000000000000000E+04   1.7546775143720953E-06   6.7116915374923814E+06
   5.7000000000000000E+04   1.6640249420700887E-06   7.0773303491404746E+06
   5.8000000000000000E+04   1.5793246614715153E-06   7.4568925006631808E+06
   5.9000000000000000E+04   1.5002331777495422E-06   7.8500158501397027E+06
   6.0000000000000000E+04   1.4274628529846546E-06   8.2502001362875132E+06
   6.1000000000000000E+04   1.3580179363028842E-06   8.6720903379973620E+06
   6.2000000000000000E+04   1.2931115899401119E-06   9.1073765913619120E+06
   6.3000000000000000E+04   1.2328640337634841E-06   9.5524355498383064E+06
   6.4000000000000000E+04   1.1755398763016211E-06   1.0018251580959253E+07
   6.5000000000000000E+04   1.1224125544657149E-06   1.0492446986077519E+07
   6.6000000000000000E+04   1.0718623467253510E-06   1.0987282331746098E+07
   6.7000000000000000E+04   1.0240435543023260E-06   1.1500345053451218E+07
   6.8000000000000000E+04   9.7903902985261519E-07   1.2028993599991873E+07
   6.9000000000000000E+04   9.3666504186879999E-07   1.2573175786236890E+07
   7.0000000000000000E+04   8.9669109863873138E-07   1.3133680307653133E+07
   7.1000000000000000E+04   8.5934794034513439E-07   1.3704407343444027E+07
   7.2000000000000000E+04   8.2344549910658227E-07   1.4301923123044513E+07
   7.3000000000000000E+04   7.8992569430180809E-07   1.4908812701235870E+07
   7.4000000000000000E+04   7.5764935233482656E-07   1.5543937558907643E+07
   7.5000000000000000E+04   7.2756436442968122E-07   1.6186683680516608E+07
   7.6000000000000000E+04   6.9898516804652390E-07   1.6848503748874255E+07
   7.7000000000000000E+04   6.7180303264726410E-07   1.7530218906324729E+07
   7.8000000000000000E+04   6.4595365366919653E-07   1.8231732504868653E+07
   7.9000000000000000E+04   6.2162503618644030E-07   1.8945270120534845E+07
   8.0000000000000000E+04   5.9848404827066590E-07   1.9677808052309606E+07
   8.1000000000000000E+04   5.7627931543419886E-07   2.0436017585267771E+07
   8.2000000000000000E+04   5.5516706133825101E-07   2.1213171753833540E+07
   8.3000000000000000E+04   5.3550928847073752E-07   2.1991876663560238E+07
   8.4000000000000000E+04   5.1600019037362884E-07   2.2823352479214974E+07
   8.5000000000000000E+04   4.9822134056765063E-07   2.3637795624774624E+07
   8.6000000000000000E+04   4.8051345290816213E-07   2.4508895959027819E+07
   8.7000000000000000E+04   4.6408069088491790E-07   2.5376738260286219E+07
   8.8000000000000000E+04   4.4793900844886465E-07   2.6291200369042583E+07
   8.9000000000000000E+04   4.3297346282023548E-07   2.7199944651409142E+07
   9.0000000000000000E+04   4.1832194904631452E-07   2.8152608896301270E+07
   9.1000000000000000E+04   4.0454736072381741E-07   2.9111187879629653E+07
   9.2000000000000000E+04   3.9124266354557167E-07   3.0101150312988810E+07
   9.3000000000000000E+04   3.7855599717966988E-07   3.1109939644278944E+07
   9.4000000000000000E+04   3.6644039622627384E-07   3.2138526061868057E+07
   9.5000000000000000E+04   3.5468215332840010E-07   3.3203966181335244E+07
   9.6000000000000000E+04   3.4364778786603846E-07   3.4270129592192337E+07
   9.7000000000000000E+04   3.3283913108395090E-07   3.5383021779578321E+07
   9.8000000000000000E+04   3.2266928962198241E-07   3.6498218463976935E+07
   9.9000000000000000E+04   3.1280406281843395E-07   3.7649300709611289E+07
   1.0000000000000000E+05   3.0332660477733449E-07   3.8825655378579453E+07
   1.1000000000000000E+05   2.2678254415601006E-07   5.1930161856451042E+07
   1.2000000000000000E+05   1.7391754788413451E-07   6.7715157944184035E+07
   1.3000000000000000E+05   1.3625390324983874E-07   8.6433151222427815E+07
   1.4000000000000000E+05   1.0869261495508241E-07   1.0835008642589182E+08
   1.5000000000000000E+05   8.8083425635074032E-08   1.3370113774900600E+08
   1.6000000000000000E+05   7.2346040126583665E-08   1.6278505642649451E+08
   1.7000000000000000E+05   6.0127133965046553E-08   1.9586588363060090E+08
   1.8000000000000000E+05   5.0636143428392095E-08   2.3257802484294218E+08
   1.9000000000000000E+05   4.2996374488988220E-08   2.7390342474702197E+08
   2.0000000000000000E+05   3.6833372869504535E-08   3.1973325565277714E+08
   2.1000000000000000E+05   3.1808960470008363E-08   3.7023700398330754E+08
   2.2000000000000000E+05   2.7655566843343150E-08   4.2584027624348307E+08
   2.3000000000000000E+05   2.4227631825351903E-08   4.8609184377302641E+08
   2.4000000000000000E+05   2.1348277696550784E-08   5.5165359902275074E+08
   2.5000000000000000E+05   1.8908048818909781E-08   6.2284873161853838E+08
   2.6000000000000000E+05   1.6843303020474134E-08   6.9920099459849560E+08
   2.7000000000000000E+05   1.5086818650497027E-08   7.8060554031060600E+08
   2.8000000000000000E+05   1.3567737969315153E-08   8.6800425029389107E+08
   2.9000000000000000E+05   1.2240787914029280E-08   9.6209936051108265E+08
   3.0000000000000000E+05   1.1093709992697919E-08   1.0615794204095021E+09
   3.1000000000000000E+05   1.0097652427953673E-08   1.1662962563097434E+09
   3.2000000000000000E+05   9.2183795177581223E-09   1.2775406134616868E+09
   3.3000000000000000E+05   8.4365846223470780E-09   1.3959267584473076E+09
   3.4000000000000000E+05   7.7571675285202528E-09   1.5181900069761543E+09
   3.5000000000000000E+05   7.1445595188924940E-09   1.6483667317904763E+09
   3.6000000000000000E+05   6.6017717935198309E-09   1.7838929597353375E+09
   3.7000000000000000E+05   6.1103785187798897E-09   1.9273526489470153E+09
   3.8000000000000000E+05   5.6753998609540158E-09   2.0750703937642395E+09
   3.9000000000000000E+05   5.2816764081334577E-09   2.2297568639577627E+09
   4.0000000000000000E+05   4.9274667130874663E-09   2.3900423706485448E+09
   4.1000000000000000E+05   4.6029614152002296E-09   2.5585385498451033E+09
   4.2000000000000000E+05   4.3130069797357981E-09   2.7305437435115800E+09
   4.3000000000000000E+05   4.0463043851870412E-09   2.9105210837209349E+09
   4.4000000000000000E+05   3.8043379208797624E-09   3.0956383132011399E+09
   4.5000000000000000E+05   3.5811970041938577E-09   3.2885245381496062E+09
   4.6000000000000000E+05   3.3772780292818425E-09   3.4870846054518156E+09
   4.7000000000000000E+05   3.1904993907283380E-09   3.6912259749878531E+09
   4.8000000000000000E+05   3.0189129787744719E-09   3.9010247420315428E+09
   4.9000000000000000E+05   2.8609983308363939E-09   4.1163443184521093E+09
   5.0000000000000000E+05   2.7133669713789900E-09   4.3403101565189743E+09
   5.1000000000000000E+05   2.5773491181778272E-09   4.5693670838685360E+09
   5.2000000000000000E+05   2.4516270496668601E-09   4.8036891360941954E+09
   5.3000000000000000E+05   2.3351107766069547E-09   5.0433813856796036E+09
   5.4000000000000000E+05   2.2282663857479918E-09   5.2852092997337322E+09
   5.5000000000000000E+05   2.1260395623100863E-09   5.5393391698896742E+09
   5.6000000000000000E+05   2.0303660308231115E-09   5.8003601545013123E+09
   5.7000000000000000E+05   1.9427210793830121E-09   6.0620406857270346E+09
   5.8000000000000000E+05   1.8604199374291479E-09   6.3302128660873203E+09
   5.9000000000000000E+05   1.7835704445576975E-09   6.6029655627983150E+09
   6.0000000000000000E+05   1.7102785324076749E-09   6.8859276434115591E+09
   6.1000000000000000E+05   1.6426306723276881E-09   7.1695082909604874E+09
   6.2000000000000000E+05   1.5781179049528621E-09   7.4625946434535446E+09
   6.3000000000000000E+05   1.5181561499981842E-09   7.7573405240649624E+09
   6.4000000000000000E+05   1.4618685444659832E-09   8.0560282036449556E+09
   6.5000000000000000E+05   1.4090690899715221E-09   8.3578969321350842E+09
   6.6000000000000000E+05   1.3577612941022110E-09   8.6737295247663822E+09
   6.7000000000000000E+05   1.3102544969215505E-09   8.9882188932830505E+09
   6.8000000000000000E+05   1.2647786599258433E-09   9.3113954222866631E+09
   6.9000000000000000E+05   1.2222055639957201E-09   9.6357393315553589E+09
   7.0000000000000000E+05   1.1829897480884760E-09   9.9551616937246418E+09
   7.1000000000000000E+05   1.1438641720774655E-09   1.0295675405979757E+10
   7.2000000000000000E+05   1.1081193522699520E-09   1.0627784994562902E+10
   7.3000000000000000E+05   1.0728457079504851E-09   1.0977211482476189E+10
   7.4000000000000000E+05   1.0403822017759553E-09   1.1319738269393700E+10
   7.5000000000000000E+05   1.0091417535684287E-09   1.1670168420437660E+10
   7.6000000000000000E+05   9.7975867075663411E-10   1.2020158204003948E+10
   7.7000000000000000E+05   9.5178855639361710E-10   1.2373393381469677E+10
   7.8000000000000000E+05   9.2445674142562871E-10   1.2739216121760298E+10
   7.9000000000000000E+05   8.9870549178162468E-10   1.3104241970183712E+10
   8.0000000000000000E+05   8.7360196959967721E-10   1.3480800907117954E+10
   8.1000000000000000E+05   8.5029260728281706E-10   1.3850354717152378E+10
   8.2000000000000000E+05   8.2801663285339435E-10   1.4222968183206202E+10
   8.3000000000000000E+05   8.0625717808510750E-10   1.4606820930524736E+10
   8.4000000000000000E+05   7.8563450867554160E-10   1.4990245583908115E+10
   8.5000000000000000E+05   7.6588534980620399E-10   1.5376784824542366E+10
   8.6000000000000000E+05   7.4691076200369462E-10   1.5767418041542564E+10
   8.7000000000000000E+05   7.2810616194673880E-10   1.6174638864134264E+10
   8.8000000000000000E+05   7.1052918545932028E-10   1.6574764929080618E+10
   8.9000000000000000E+05   6.9349685277795711E-10   1.6981842350206104E+10
   9.0000000000000000E+05   6.7651688146833649E-10   1.7408071471444221E+10
   9.1000000000000000E+05   6.6101332819693685E-10   1.7816364242402477E+10
   9.2000000000000000E+05   6.4579351074836345E-10   1.8236253582963406E+10
   9.3000000000000000E+05   6.3163397487083548E-10   1.8645061369043106E+10
   9.4000000000000000E+05   6.1756162334812992E-10   1.9069925621982094E+10
   9.5000000000000000E+05   6.0371325465767523E-10   1.9507364023202065E+10
   9.6000000000000000E+05   5.9086388188968851E-10   1.9931585912096828E+10
   9.7000000000000000E+05   5.7809161256424155E-10   2.0371951379818081E+10
   9.8000000000000000E+05   5.6579705090206583E-10   2.0814626384961174E+10
   9.9000000000000000E+05   5.5465805577733951E-10   2.1232638923335190E+10
   1.0000000000000000E+06   5.4352852233748462E-10   2.1667407946858295E+10
   1.1000000000000000E+06   4.4878839144980998E-10   2.6241441286380550E+10
   1.2000000000000000E+06   3.7875424267671255E-10   3.1093656247942146E+10
   1.3000000000000000E+06   3.2606363033139151E-10   3.6118269959363670E+10
   1.4000000000000000E+06   2.8446205945392415E-10   4.1400439295304054E+10
   1.5000000000000000E+06   2.5142749493225638E-10   4.6839961665340012E+10
   1.6000000000000000E+06   2.2451138463226745E-10   5.2455487918926468E+10
   1.7000000000000000E+06   2.0230822284262182E-10   5.8212434762974144E+10
   1.8000000000000000E+06   1.8377994515170885E-10   6.4081280547328827E+10
   1.9000000000000000E+06   1.6808486129147424E-10   7.0064931093450684E+10
   2.0000000000000000E+06   1.5468121312721252E-10   7.6136293387832886E+10
   2.1000000000000000E+06   1.4311594963054833E-10   8.2288901094819489E+10
   2.2000000000000000E+06   1.3294630528470375E-10   8.8583539038706589E+10
   2.3000000000000000E+06   1.2412320963107984E-10   9.4880355247359741E+10
   2.4000000000000000E+06   1.1627573015126444E-10   1.0128385527159206E+11
   2.5000000000000000E+06   1.0928978447774350E-10   1.0775805150057439E+11
   2.6000000000000000E+06   1.0307241737084742E-10   1.1425805782615005E+11
   2.7000000000000000E+06   9.7473297177413385E-11   1.2082133841029341E+11
   2.8000000000000000E+06   9.2386550347093841E-11   1.2747368724120587E+11
   2.9000000000000000E+06   8.7841704063341826E-11   1.3406905466846567E+11
   3.0000000000000000E+06   8.3709370131159993E-11   1.4068740698665872E+11
   3.1000000000000000E+06   7.9847094577328321E-11   1.4749258299979852E+11
   3.2000000000000000E+06   7.6347728559611098E-11   1.5425284348890848E+11
   3.3000000000000000E+06   7.3126567171388514E-11   1.6104754646334839E+11
   3.4000000000000000E+06   7.0157461299737071E-11   1.6786317529256857E+11
   3.5000000000000000E+06   6.7429299445800522E-11   1.7465485065146735E+11
   3.6000000000000000E+06   6.4831253090789538E-11   1.8165396568452997E+11
   3.7000000000000000E+06   6.2467402103370982E-11   1.8852799744658878E+11
   3.8000000000000000E+06   6.0233884633789884E-11   1.9551875652450952E+11
   3.9000000000000000E+06   5.8168251928565610E-11   2.0246189001350943E+11
   4.0000000000000000E+06   5.6236949662996409E-11   2.0941488282726794E+11
   4.1000000000000000E+06   5.4446169074971685E-11   2.1630271558725797E+11
   4.2000000000000000E+06   5.2707392024286984E-11   2.2343837879158798E+11
   4.3000000000000000E+06   5.1104276496488864E-11   2.3044752869260345E+11
   4.4000000000000000E+06   4.9546225478412901E-11   2.3769427661791290E+11
   4.5000000000000000E+06   4.8140790711104172E-11   2.4463358516300620E+11
   4.6000000000000000E+06   4.6777128132701395E-11   2.5176522574942529E+11
   4.7000000000000000E+06   4.5506474480369379E-11   2.5879513538935364E+11
   4.8000000000000000E+06   4.4295781142131174E-11   2.6586853015304443E+11
   4.9000000000000000E+06   4.3152411785928518E-11   2.7291300154119427E+11
   5.0000000000000000E+06   4.2015739551200341E-11   2.8029624969204926E+11
   5.1000000000000000E+06   4.0989803661349183E-11   2.8731179884484772E+11
   5.2000000000000000E+06   3.9973077505053254E-11   2.9461965300896765E+11
   5.3000000000000000E+06   3.9020834109118262E-11   3.0180939216487384E+11
   5.4000000000000000E+06   3.8132302487351940E-11   3.0884193862003510E+11
   5.5000000000000000E+06   3.7249681068287563E-11   3.1615986731938916E+11
   5.6000000000000000E+06   3.6431682308674148E-11   3.2325858917130945E+11
   5.7000000000000000E+06   3.5630560090419608E-11   3.3052677797804071E+11
   5.8000000000000000E+06   3.4873667694974974E-11   3.3770047725540247E+11
   5.9000000000000000E+06   3.4137132421508871E-11   3.4498662860208746E+11
   6.0000000000000000E+06   3.3445289533418655E-11   3.5212295628273401E+11
   6.1000000000000000E+06   3.2754000042015940E-11   3.5955468672932562E+11
   6.2000000000000000E+06   3.2107669046875852E-11   3.6679256308035461E+11
   6.3000000000000000E+06   3.1476268966281716E-11   3.7415026021206848E+11
   6.4000000000000000E+06   3.0861285389967543E-11   3.8160608268338062E+11
   6.5000000000000000E+06   3.0302559049924336E-11   3.8864223331226428E+11
   6.6000000000000000E+06   2.9745907582141174E-11   3.9591510837981421E+11
   6.7000000000000000E+06   2.9199519921221439E-11   4.0332355655204639E+11
   6.8000000000000000E+06   2.8688553017336657E-11   4.1050708333468536E+11
   6.9000000000000000E+06   2.8181041868970391E-11   4.1789988741355334E+11
   7.0000000000000000E+06   2.7709577724504339E-11   4.2501023802411700E+11
   7.1000000000000000E+06   2.7248102545930130E-11   4.3220823190855139E+11
   7.2000000000000000E+06   2.6788300108311837E-11   4.3962678395503168E+11
   7.3000000000000000E+06   2.6334726699723101E-11   4.4719864984827002E+11
   7.4000000000000000E+06   2.5919755579772604E-11   4.5435822834031049E+11
   7.5000000000000000E+06   2.5508656319869936E-11   4.6168069680196344E+11
   7.6000000000000000E+06   2.5097828814382215E-11   4.6923796920196844E+11
   7.7000000000000000E+06   2.4700198657882808E-11   4.7679188282483313E+11
   7.8000000000000000E+06   2.4340745709330456E-11   4.8383292627411072E+11
   7.9000000000000000E+06   2.3981292765192386E-11   4.9108504447820496E+11
   8.0000000000000000E+06   2.3624441660858961E-11   4.9850296541616406E+11
   8.1000000000000000E+06   2.3273415618033718E-11   5.0602173817211029E+11
   8.2000000000000000E+06   2.2947010255101278E-11   5.1321954770213623E+11
   8.3000000000000000E+06   2.2622079446614700E-11   5.2059114424168097E+11
   8.4000000000000000E+06   2.2298757495048933E-11   5.2813948162153040E+11
   8.5000000000000000E+06   2.1995820718259514E-11   5.3541326668765643E+11
   8.6000000000000000E+06   2.1693309803419512E-11   5.4287954816295380E+11
   8.7000000000000000E+06   2.1403971240328412E-11   5.5021818577526086E+11
   8.8000000000000000E+06   2.1125338803192746E-11   5.5747528283236255E+11
   8.9000000000000000E+06   2.0847237215387568E-11   5.6491198822003796E+11
   9.0000000000000000E+06   2.0571028206787762E-11   5.7249711126998438E+11
   9.1000000000000000E+06   2.0309140393613927E-11   5.7987950233198999E+11
   9.2000000000000000E+06   2.0055629000972454E-11   5.8720941754897461E+11
   9.3000000000000000E+06   1.9802149946273730E-11   5.9472604016189014E+11
   9.4000000000000000E+06   1.9549515471926965E-11   6.0241156570611072E+11
   9.5000000000000000E+06   1.9312500162260180E-11   6.0980474435170642E+11
   9.6000000000000000E+06   1.9085063286065198E-11   6.1707179314611609E+11
   9.7000000000000000E+06   1.8857675551229059E-11   6.2451250644577966E+11
   9.8000000000000000E+06   1.8641242879854846E-11   6.3176335935016052E+11
   9.9000000000000000E+06   1.8433666795204777E-11   6.3887746019706287E+11
   1.0000000000000000E+07   1.8226108802986187E-11   6.4615296394531702E+11
   1.1000000000000000E+07   1.6337043518665732E-11   7.2086814305071948E+11
   1.2000000000000000E+07   1.4801413739694141E-11   7.9565738998677014E+11
   1.3000000000000000E+07   1.3534851091349744E-11   8.7011332040188184E+11
   1.4000000000000000E+07   1.2464763760882776E-11   9.4481166672390283E+11
   1.5000000000000000E+07   1.1549899278866487E-11   1.0196499501764614E+12
   1.6000000000000000E+07   1.0757590718694670E-11   1.0947483067722032E+12
   1.7000000000000000E+07   1.0074972056411351E-11   1.1689217754946519E+12
   1.8000000000000000E+07   9.4612132222315982E-12   1.2447509582139590E+12
   1.9000000000000000E+07   8.9244283228412133E-12   1.3196200135416672E+12
   2.0000000000000000E+07   8.4399932510720646E-12   1.3953629906923730E+12
   2.1000000000000000E+07   8.0077351510839762E-12   1.4706847819068008E+12
   2.2000000000000000E+07   7.6191105086350795E-12   1.5456993583295742E+12
   2.3000000000000000E+07   7.2668723735450009E-12   1.6206221354750796E+12
   2.4000000000000000E+07   6.9463116520535949E-12   1.6954111497081580E+12
   2.5000000000000000E+07   6.6502131462762126E-12   1.7708987614680908E+12
   2.6000000000000000E+07   6.3764586945870126E-12   1.8469270779150115E+12
   2.7000000000000000E+07   6.1276816641115277E-12   1.9219102541200503E+12
   2.8000000000000000E+07   5.8954614143654211E-12   1.9976136550640122E+12
   2.9000000000000000E+07   5.6781720038111884E-12   2.0740573227325161E+12
   3.0000000000000000E+07   5.4825393106866296E-12   2.1480656237673987E+12
   3.1000000000000000E+07   5.2971792122067364E-12   2.2232312241014922E+12
   3.2000000000000000E+07   5.1219432140105159E-12   2.2992941803854956E+12
   3.3000000000000000E+07   4.9613749170155821E-12   2.3737077768199575E+12
   3.4000000000000000E+07   4.8087852911413826E-12   2.4490289150431338E+12
   3.5000000000000000E+07   4.6647459007254749E-12   2.5246507473017529E+12
   3.6000000000000000E+07   4.5290653374588566E-12   2.6002835787851655E+12
   3.7000000000000000E+07   4.4039717662757488E-12   2.6741438976568516E+12
   3.8000000000000000E+07   4.2796210553642046E-12   2.7518450984060610E+12
   3.9000000000000000E+07   4.1668027663397376E-12   2.8263526940548120E+12
   4.0000000000000000E+07   4.0568632729120762E-12   2.9029458061537676E+12
   4.1000000000000000E+07   3.9528896428644201E-12   2.9793025579397119E+12
   4.2000000000000000E+07   3.8566309091669775E-12   3.0536638069892798E+12
   4.3000000000000000E+07   3.7610992861943529E-12   3.1312266250103975E+12
   4.4000000000000000E+07   3.6739173185596960E-12   3.2055305558308799E+12
   4.5000000000000000E+07   3.5875285503565574E-12   3.2827206972523975E+12
   4.6000000000000000E+07   3.5072522954709613E-12   3.3578577279562202E+12
   4.7000000000000000E+07   3.4302669382494340E-12   3.4332180078817524E+12
   4.8000000000000000E+07   3.3567891449757633E-12   3.5083687761163774E+12
   4.9000000000000000E+07   3.2880076817353534E-12   3.5817599483294819E+12
   5.0000000000000000E+07   3.2210256384462720E-12   3.6562435528827910E+12
   5.1000000000000000E+07   3.1542029370147266E-12   3.7337021299540986E+12
   5.2000000000000000E+07   3.0928996486487816E-12   3.8077065414600190E+12
   5.3000000000000000E+07   3.0330226355378224E-12   3.8828771293198945E+12
   5.4000000000000000E+07   2.9737885028545340E-12   3.9602191658669673E+12
   5.5000000000000000E+07   2.9195155296108937E-12   4.0338385272466597E+12
   5.6000000000000000E+07   2.8655404555489293E-12   4.1098195635082593E+12
   5.7000000000000000E+07   2.8138140249751167E-12   4.1853705041304233E+12
   5.8000000000000000E+07   2.7639536409356174E-12   4.2608725594445259E+12
   5.9000000000000000E+07   2.7153656563549486E-12   4.3371154071560176E+12
   6.0000000000000000E+07   2.6692329957071168E-12   4.4120742712156934E+12
   6.1000000000000000E+07   2.6239312801936102E-12   4.4882479633271455E+12
   6.2000000000000000E+07   2.5819712535556618E-12   4.5611871968060527E+12
   6.3000000000000000E+07   2.5401538926160075E-12   4.6362758801636328E+12
   6.4000000000000000E+07   2.4985462269007390E-12   4.7134826233924326E+12
   6.5000000000000000E+07   2.4583143932673011E-12   4.7906216782089277E+12
   6.6000000000000000E+07   2.4206489662706580E-12   4.8651640069824834E+12
   6.7000000000000000E+07   2.3832709398699079E-12   4.9414667997765312E+12
   6.8000000000000000E+07   2.3467821287584860E-12   5.0182989208587715E+12
   6.9000000000000000E+07   2.3120643845193228E-12   5.0936532317579736E+12
   7.0000000000000000E+07   2.2775969749550982E-12   5.1707366815727070E+12
   7.1000000000000000E+07   2.2457317091726520E-12   5.2441055964686270E+12
   7.2000000000000000E+07   2.2139577166371841E-12   5.3193672741534609E+12
   7.3000000000000000E+07   2.1823948707834092E-12   5.3962985259454209E+12
   7.4000000000000000E+07   2.1516236072867634E-12   5.4734732340523945E+12
   7.5000000000000000E+07   2.1229568124025569E-12   5.5473828555708848E+12
   7.6000000000000000E+07   2.0944498813361285E-12   5.6228866248766289E+12
   7.7000000000000000E+07   2.0659612158612211E-12   5.7004236738926553E+12
   7.8000000000000000E+07   2.0385285599392998E-12   5.7771347704787773E+12
   7.9000000000000000E+07   2.0128160421445687E-12   5.8509342024577812E+12
   8.0000000000000000E+07   1.9871134028534705E-12   5.9266140560110664E+12
   8.1000000000000000E+07   1.9616089720169710E-12   6.0036706562012363E+12
   8.2000000000000000E+07   1.9379810643883483E-12   6.0768675404763496E+12
   8.3000000000000000E+07   1.9143552041993940E-12   6.1518647105851914E+12
   8.4000000000000000E+07   1.8907297716897830E-12   6.2287347460098174E+12
   8.5000000000000000E+07   1.8682522413421921E-12   6.3036746128984258E+12
   8.6000000000000000E+07   1.8463859440437707E-12   6.3783274901058145E+12
   8.7000000000000000E+07   1.8246034214802993E-12   6.4544733861590635E+12
   8.8000000000000000E+07   1.8035445385986144E-12   6.5298383112790664E+12
   8.9000000000000000E+07   1.7831524941621191E-12   6.6045132218336465E+12
   9.0000000000000000E+07   1.7627605217531196E-12   6.6809155746958271E+12
   9.1000000000000000E+07   1.7430271785148809E-12   6.7565522611492744E+12
   9.2000000000000000E+07   1.7240455615437194E-12   6.8309414129950840E+12
   9.3000000000000000E+07   1.7050686156659885E-12   6.9069679167365342E+12
   9.4000000000000000E+07   1.6866839786881800E-12   6.9822529727227373E+12
   9.5000000000000000E+07   1.6693348933758734E-12   7.0548182218986543E+12
   9.6000000000000000E+07   1.6520563876213185E-12   7.1286030625117080E+12
   9.7000000000000000E+07   1.6347888898596019E-12   7.2038991072729717E+12
   9.8000000000000000E+07   1.6175234233791664E-12   7.2807936219163652E+12
   9.9000000000000000E+07   1.6003207681738619E-12   7.3590585452927773E+12
   1.0000000000000000E+08   1.5839332072584484E-12   7.4351962382450029E+12
   1.1000000000000000E+08   1.4376087440513131E-12   8.1919745361669863E+12
   1.2000000000000000E+08   1.3161138998118786E-12   8.9482029069996973E+12
   1.3000000000000000E+08   1.2132667481041841E-12   9.7067312218368594E+12
   1.4000000000000000E+08   1.1262490328178132E-12   1.0456705294364887E+13
   1.5000000000000000E+08   1.0499853805976560E-12   1.1216207808089600E+13
   1.6000000000000000E+08   9.8297962156061301E-13   1.1980771488977576E+13
   1.7000000000000000E+08   9.2499205093605306E-13   1.2731843708626121E+13
   1.8000000000000000E+08   8.7304734375969128E-13   1.3489364933548176E+13
   1.9000000000000000E+08   8.2736703183412607E-13   1.4234135239993984E+13
   2.0000000000000000E+08   7.8542642445123400E-13   1.4994216972605264E+13
   2.1000000000000000E+08   7.4755753643271657E-13   1.5753776331969770E+13
   2.2000000000000000E+08   7.1330124387898758E-13   1.6510351447301441E+13
   2.3000000000000000E+08   6.8205145854437762E-13   1.7266811875709961E+13
   2.4000000000000000E+08   6.5341018586354286E-13   1.8023677131196145E+13
   2.5000000000000000E+08   6.2737166022677119E-13   1.8771734477107988E+13
   2.6000000000000000E+08   6.0278887396955748E-13   1.9537278693757250E+13
   2.7000000000000000E+08   5.8021454149350693E-13   2.0297413080901129E+13
   2.8000000000000000E+08   5.5945385496901672E-13   2.1050626641747918E+13
   2.9000000000000000E+08   5.3997591600666767E-13   2.1809962028184121E+13
   3.0000000000000000E+08   5.2200185428723527E-13   2.2560943275421895E+13
   3.1000000000000000E+08   5.0501860903061893E-13   2.3319644095580918E+13
   3.2000000000000000E+08   4.8906146665627700E-13   2.4080519581225539E+13
   3.3000000000000000E+08   4.7428192019055944E-13   2.4830915375200461E+13
   3.4000000000000000E+08   4.6030391348306539E-13   2.5584953504143148E+13
   3.5000000000000000E+08   4.4712032504157663E-13   2.6339339915143109E+13
   3.6000000000000000E+08   4.3459147047977331E-13   2.7098677779474453E+13
   3.7000000000000000E+08   4.2276828611657127E-13   2.7856522381132648E+13
   3.8000000000000000E+08   4.1194858712895928E-13   2.8588165106517648E+13
   3.9000000000000000E+08   4.0119397894525969E-13   2.9354513881790422E+13
   4.0000000000000000E+08   3.9116719168490602E-13   3.0106958033755246E+13
   4.1000000000000000E+08   3.8158964051130032E-13   3.0862615160252504E+13
   4.2000000000000000E+08   3.7239343072123590E-13   3.1624763630847207E+13
   4.3000000000000000E+08   3.6377868112443888E-13   3.2373678929829355E+13
   4.4000000000000000E+08   3.5540440111175149E-13   3.3136489552182859E+13
   4.5000000000000000E+08   3.4750528888031580E-13   3.3889712188799008E+13
   4.6000000000000000E+08   3.3990188439409551E-13   3.4647805043012988E+13
   4.7000000000000000E+08   3.3261238696830038E-13   3.5407142625033242E+13
   4.8000000000000000E+08   3.2568989960780486E-13   3.6159715847562430E+13
   4.9000000000000000E+08   3.1902870403095973E-13   3.6914716686735781E+13
   5.0000000000000000E+08   3.1277195774052646E-13   3.7653165294343172E+13
   5.1000000000000000E+08   3.0656082631083593E-13   3.8416044104403188E+13
   5.2000000000000000E+08   3.0057500363724488E-13   3.9181083196300977E+13
   5.3000000000000000E+08   2.9492263212639844E-13   3.9932012471637016E+13
   5.4000000000000000E+08   2.8936551356938493E-13   4.0698886605281211E+13
   5.5000000000000000E+08   2.8411226388852240E-13   4.1451411012867305E+13
   5.6000000000000000E+08   2.7905424785449063E-13   4.2202741276241930E+13
   5.7000000000000000E+08   2.7420028784326900E-13   4.2949824439903320E+13
   5.8000000000000000E+08   2.6937463722806624E-13   4.3719239292259266E+13
   5.9000000000000000E+08   2.6484975474017863E-13   4.4466170020782617E+13
   6.0000000000000000E+08   2.6044655620537486E-13   4.5217930295660094E+13
   6.1000000000000000E+08   2.5605850966016347E-13   4.5992824998745016E+13
   6.2000000000000000E+08   2.5199150598183251E-13   4.6735123782658055E+13
   6.3000000000000000E+08   2.4797432359408470E-13   4.7492232476121938E+13
   6.4000000000000000E+08   2.4403318927511626E-13   4.8259231702137289E+13
   6.5000000000000000E+08   2.4034100150432542E-13   4.9000603935768367E+13
   6.6000000000000000E+08   2.3665109209810510E-13   4.9764630789690992E+13
   6.7000000000000000E+08   2.3310880204918398E-13   5.0520847435673156E+13
   6.8000000000000000E+08   2.2967981992641747E-13   5.1275093423585539E+13
   6.9000000000000000E+08   2.2628458896703541E-13   5.2044437838208164E+13
   7.0000000000000000E+08   2.2310250264653502E-13   5.2786741899070602E+13
   7.1000000000000000E+08   2.1992087170915487E-13   5.3550416259782008E+13
   7.2000000000000000E+08   2.1685578394898700E-13   5.4307309723450758E+13
   7.3000000000000000E+08   2.1389419856260590E-13   5.5059250336760891E+13
   7.4000000000000000E+08   2.1096499649041120E-13   5.5823735786304445E+13
   7.5000000000000000E+08   2.0824836528612301E-13   5.6551964804422555E+13
   7.6000000000000000E+08   2.0555328936707177E-13   5.7293435977122977E+13
   7.7000000000000000E+08   2.0286118219874906E-13   5.8053759209099109E+13
   7.8000000000000000E+08   2.0016984474822361E-13   5.8834307630364852E+13
   7.9000000000000000E+08   1.9759335935286226E-13   5.9601467695117477E+13
   8.0000000000000000E+08   1.9518879690027320E-13   6.0335707844218367E+13
   8.1000000000000000E+08   1.9278467840845823E-13   6.1088123399969641E+13
   8.2000000000000000E+08   1.9039387909752719E-13   6.1855214464151938E+13
   8.3000000000000000E+08   1.8800638744712616E-13   6.2640713351036617E+13
   8.4000000000000000E+08   1.8582700177855468E-13   6.3375365859228234E+13
   8.5000000000000000E+08   1.8366668090148145E-13   6.4120798429174250E+13
   8.6000000000000000E+08   1.8150839141806280E-13   6.4883249376135375E+13
   8.7000000000000000E+08   1.7935026553661160E-13   6.5663991012242445E+13
   8.8000000000000000E+08   1.7734451466111440E-13   6.6406644979934203E+13
   8.9000000000000000E+08   1.7536122366123602E-13   6.7157687306003094E+13
   9.0000000000000000E+08   1.7338845359666531E-13   6.7921790522652523E+13
   9.1000000000000000E+08   1.7144392518901281E-13   6.8692163990387297E+13
   9.2000000000000000E+08   1.6960617186689695E-13   6.9436472120139383E+13
   9.3000000000000000E+08   1.6777965016174420E-13   7.0192387532612844E+13
   9.4000000000000000E+08   1.6595994567461359E-13   7.0962027472155469E+13
   9.5000000000000000E+08   1.6423097147651188E-13   7.1709094322222109E+13
   9.6000000000000000E+08   1.6252194620566547E-13   7.2463162663190047E+13
   9.7000000000000000E+08   1.6081292844248382E-13   7.3233255176069109E+13
   9.8000000000000000E+08   1.5920254774312383E-13   7.3974031139511188E+13
   9.9000000000000000E+08   1.5763468659539870E-13   7.4709789314753031E+13
   1.0000000000000000E+09   1.5607408272514262E-13   7.5456821649108938E+13
   1.1000000000000000E+09   1.4186244871250589E-13   8.3016008331464609E+13
   1.2000000000000000E+09   1.2997943534807386E-13   9.0605519193878219E+13
   1.3000000000000000E+09   1.1995137922705279E-13   9.8180231858337078E+13
   1.4000000000000000E+09   1.1136917898293489E-13   1.0574608102340350E+14
   1.5000000000000000E+09   1.0398194787662461E-13   1.1325864214635303E+14
   1.6000000000000000E+09   9.7472202901842783E-14   1.2082269481586436E+14
   1.7000000000000000E+09   9.1728890300186328E-14   1.2838762341612495E+14
   1.8000000000000000E+09   8.6603723544717855E-14   1.3598554129324911E+14
   1.9000000000000000E+09   8.2039768325067151E-14   1.4355055437962466E+14
   2.0000000000000000E+09   7.7976158296160759E-14   1.5103147528132591E+14
   2.1000000000000000E+09   7.4238751136972202E-14   1.5863486445927400E+14
   2.2000000000000000E+09   7.0844214592416216E-14   1.6623593460657909E+14
   2.3000000000000000E+09   6.7774874605373440E-14   1.7376430857026841E+14
   2.4000000000000000E+09   6.4957309968750039E-14   1.8130144597898256E+14
   2.5000000000000000E+09   6.2356565156149708E-14   1.8886310037681584E+14
   2.6000000000000000E+09   5.9959292455150230E-14   1.9641416270961653E+14
   2.7000000000000000E+09   5.7730822946124884E-14   2.0399595265131875E+14
   2.8000000000000000E+09   5.5669402508538316E-14   2.1154985851398494E+14
   2.9000000000000000E+09   5.3746013316696783E-14   2.1912051699248084E+14
   3.0000000000000000E+09   5.1976885799681902E-14   2.2657868094728047E+14
   3.1000000000000000E+09   5.0290565190797766E-14   2.3417621535091247E+14
   3.2000000000000000E+09   4.8722917227585164E-14   2.4171077789184034E+14
   3.3000000000000000E+09   4.7224425282801275E-14   2.4938057273781981E+14
   3.4000000000000000E+09   4.5851965492631873E-14   2.5684513406806575E+14
   3.5000000000000000E+09   4.4527828094201649E-14   2.6448301496593597E+14
   3.6000000000000000E+09   4.3290026062771492E-14   2.7204544084040656E+14
   3.7000000000000000E+09   4.2121713440807764E-14   2.7959105321745706E+14
   3.8000000000000000E+09   4.1008713171917989E-14   2.8717931662152062E+14
   3.9000000000000000E+09   3.9985266103302631E-14   2.9452984491371525E+14
   4.0000000000000000E+09   3.9002762057451073E-14   3.0194923648976581E+14
   4.1000000000000000E+09   3.8028818340366768E-14   3.0968236033088844E+14
   4.2000000000000000E+09   3.7131721046865912E-14   3.1716424373045269E+14
   4.3000000000000000E+09   3.6256712215623921E-14   3.2481859232576581E+14
   4.4000000000000000E+09   3.5432405725539870E-14   3.3237523625866981E+14
   4.5000000000000000E+09   3.4656162107678552E-14   3.3981991969128150E+14
   4.6000000000000000E+09   3.3896022258087365E-14   3.4744059744147356E+14
   4.7000000000000000E+09   3.3177190229081053E-14   3.5496840277681219E+14
   4.8000000000000000E+09   3.2485796593567882E-14   3.6252317810089200E+14
   4.9000000000000000E+09   3.1815528097207518E-14   3.7016057656679369E+14
   5.0000000000000000E+09   3.1184182165857372E-14   3.7765474052205494E+14
   5.1000000000000000E+09   3.0563977528480111E-14   3.8531811552555475E+14
   5.2000000000000000E+09   2.9984401229439896E-14   3.9276602971402238E+14
   5.3000000000000000E+09   2.9408854283943291E-14   4.0045267015618869E+14
   5.4000000000000000E+09   2.8869195822909796E-14   4.0793842324120350E+14
   5.5000000000000000E+09   2.8336714536706282E-14   4.1560408172881438E+14
   5.6000000000000000E+09   2.7837676255313201E-14   4.2305450053474150E+14
   5.7000000000000000E+09   2.7339989167125562E-14   4.3075562876960494E+14
   5.8000000000000000E+09   2.6875267913778416E-14   4.3820416086723362E+14
   5.9000000000000000E+09   2.6415257908911630E-14   4.4583529204408181E+14
   6.0000000000000000E+09   2.5990068655907934E-14   4.5312901555426650E+14
   6.1000000000000000E+09   2.5567992671140802E-14   4.6060926157618050E+14
   6.2000000000000000E+09   2.5146332028303231E-14   4.6833288493065412E+14
   6.3000000000000000E+09   2.4738494627706865E-14   4.7605379395435806E+14
   6.4000000000000000E+09   2.4362024137337343E-14   4.8341033396277212E+14
   6.5000000000000000E+09   2.3986228777970268E-14   4.9098398640538300E+14
   6.6000000000000000E+09   2.3612336696393207E-14   4.9875852507381356E+14
   6.7000000000000000E+09   2.3263684949678266E-14   5.0623339551381912E+14
   6.8000000000000000E+09   2.2925723152701601E-14   5.1369608477765981E+14
   6.9000000000000000E+09   2.2588086141449332E-14   5.2137459324757625E+14
   7.0000000000000000E+09   2.2263329499192343E-14   5.2897991850978956E+14
   7.1000000000000000E+09   2.1952638592588840E-14   5.3646645593733769E+14
   7.2000000000000000E+09   2.1644169887811481E-14   5.4411207661381738E+14
   7.3000000000000000E+09   2.1346579031947247E-14   5.5169749713123325E+14
   7.4000000000000000E+09   2.1059772158509142E-14   5.5921090387869912E+14
   7.5000000000000000E+09   2.0774547172993601E-14   5.6688861259748562E+14
   7.6000000000000000E+09   2.0503004790815330E-14   5.7439650160521850E+14
   7.7000000000000000E+09   2.0236621696526484E-14   5.8195752239914612E+14
   7.8000000000000000E+09   1.9977516966393701E-14   5.8950540470321988E+14
   7.9000000000000000E+09   1.9732061138780310E-14   5.9683852292013112E+14
   8.0000000000000000E+09   1.9486870762710693E-14   6.0434814638249062E+14
   8.1000000000000000E+09   1.9243537872535731E-14   6.1199007699344200E+14
   8.2000000000000000E+09   1.9000475313532105E-14   6.1981892715346475E+14
   8.3000000000000000E+09   1.8774519134264176E-14   6.2727860777782450E+14
   8.4000000000000000E+09   1.8552476716647511E-14   6.3478609374411725E+14
   8.5000000000000000E+09   1.8331866908772200E-14   6.4242525231316600E+14
   8.6000000000000000E+09   1.8115482432199168E-14   6.5009884601840462E+14
   8.7000000000000000E+09   1.7909238455851700E-14   6.5758542739104388E+14
   8.8000000000000000E+09   1.7703781089040075E-14   6.6521689152212162E+14
   8.9000000000000000E+09   1.7506547227689995E-14   6.7271141882346650E+14
   9.0000000000000000E+09   1.7316105814915684E-14   6.8010985553663312E+14
   9.1000000000000000E+09   1.7125700464983982E-14   6.8767138887655275E+14
   9.2000000000000000E+09   1.6936458997250370E-14   6.9535516403702388E+14
   9.3000000000000000E+09   1.6750914430501661E-14   7.0305739266358750E+14
   9.4000000000000000E+09   1.6577445454115441E-14   7.1041429494287312E+14
   9.5000000000000000E+09   1.6404385607869895E-14   7.1790888764462425E+14
   9.6000000000000000E+09   1.6232108807545587E-14   7.2552829480571388E+14
   9.7000000000000000E+09   1.6059960757683135E-14   7.3330529270473312E+14
   9.8000000000000000E+09   1.5897303473006846E-14   7.4080829143358250E+14
   9.9000000000000000E+09   1.5739483848875896E-14   7.4823636767990038E+14
   1.0000000000000000E+10   1.5581878128201722E-14   7.5580453956473775E+14
   1.1000000000000000E+10   1.4159955512009967E-14   8.3170135769499088E+14
   1.2000000000000000E+10   1.2987056358795261E-14   9.0681474684320500E+14
   1.3000000000000000E+10   1.1986478768034720E-14   9.8251158260469425E+14
   1.4000000000000000E+10   1.1125781720815934E-14   1.0585192591191405E+15
   1.5000000000000000E+10   1.0381772938245851E-14   1.1343779424084790E+15
   1.6000000000000000E+10   9.7383950008705064E-15   1.2093218875581280E+15
   1.7000000000000000E+10   9.1613498072718181E-15   1.2854933467218428E+15
   1.8000000000000000E+10   8.6539660924588262E-15   1.3608620716115190E+15
   1.9000000000000000E+10   8.1983211316602635E-15   1.4364958428817240E+15
   2.0000000000000000E+10   7.7873428819000325E-15   1.5123071377288485E+15
   2.1000000000000000E+10   7.4157863727995786E-15   1.5880789483682775E+15
   2.2000000000000000E+10   7.0767390131770695E-15   1.6641639888528535E+15
   2.3000000000000000E+10   6.7697666483131450E-15   1.7396248402703590E+15
   2.4000000000000000E+10   6.4909927670869785E-15   1.8143379058985708E+15
   2.5000000000000000E+10   6.2278621589309678E-15   1.8909946822363350E+15
   2.6000000000000000E+10   5.9907349601512768E-15   1.9658446421976198E+15
   2.7000000000000000E+10   5.7680753666258278E-15   2.0417302957552218E+15
   2.8000000000000000E+10   5.5604606084038894E-15   2.1179637899853522E+15
   2.9000000000000000E+10   5.3674397651144980E-15   2.1941288099370288E+15
   3.0000000000000000E+10   5.1888357294761468E-15   2.2696525460111885E+15
   3.1000000000000000E+10   5.0213360854742454E-15   2.3453626731553625E+15
   3.2000000000000000E+10   4.8673396217882341E-15   2.4195669789552525E+15
   3.3000000000000000E+10   4.7172468630493857E-15   2.4965524523400515E+15
   3.4000000000000000E+10   4.5789350062754409E-15   2.5719636133946330E+15
   3.5000000000000000E+10   4.4476485840989898E-15   2.6478832582105020E+15
   3.6000000000000000E+10   4.3252861536061061E-15   2.7227919277481060E+15
   3.7000000000000000E+10   4.2069357095215177E-15   2.7993901113308950E+15
   3.8000000000000000E+10   4.0976440861937242E-15   2.8740549390122375E+15
   3.9000000000000000E+10   3.9908391714770846E-15   2.9509718929316125E+15
   4.0000000000000000E+10   3.8922848640724961E-15   3.0256917557460690E+15
   4.1000000000000000E+10   3.7968206520495315E-15   3.1017673215304990E+15
   4.2000000000000000E+10   3.7064731983905035E-15   3.1773747154986400E+15
   4.3000000000000000E+10   3.6203214577200699E-15   3.2529857808969095E+15
   4.4000000000000000E+10   3.5370858797255967E-15   3.3295358452402050E+15
   4.5000000000000000E+10   3.4592956210426604E-15   3.4044081554064225E+15
   4.6000000000000000E+10   3.3837424064012363E-15   3.4804228010856710E+15
   4.7000000000000000E+10   3.3113498716362901E-15   3.5565115982201770E+15
   4.8000000000000000E+10   3.2443183956586769E-15   3.6299933570016845E+15
   4.9000000000000000E+10   3.1785233212277098E-15   3.7051338102784565E+15
   5.0000000000000000E+10   3.1128116228217045E-15   3.7833494766907430E+15
   5.1000000000000000E+10   3.0529522077620324E-15   3.8575298343344805E+15
   5.2000000000000000E+10   2.9943333315430002E-15   3.9330471661852915E+15
   5.3000000000000000E+10   2.9360361813836243E-15   4.0111407001426825E+15
   5.4000000000000000E+10   2.8830684157221947E-15   4.0848334226190445E+15
   5.5000000000000000E+10   2.8303927398844004E-15   4.1608551556418815E+15
   5.6000000000000000E+10   2.7793195423778907E-15   4.2373156611432615E+15
   5.7000000000000000E+10   2.7309299988732830E-15   4.3123969596797470E+15
   5.8000000000000000E+10   2.6828442775374492E-15   4.3896898239092705E+15
   5.9000000000000000E+10   2.6380534434976354E-15   4.4642212436095075E+15
   6.0000000000000000E+10   2.5935546290249459E-15   4.5408159490617320E+15
   6.1000000000000000E+10   2.5513226303499471E-15   4.6159799956871820E+15
   6.2000000000000000E+10   2.5098449551044003E-15   4.6922636397472150E+15
   6.3000000000000000E+10   2.4711195566901091E-15   4.7657970219836820E+15
   6.4000000000000000E+10   2.4328766526438938E-15   4.8407115960609980E+15
   6.5000000000000000E+10   2.3949381290545681E-15   4.9173939323803830E+15
   6.6000000000000000E+10   2.3578582506213648E-15   4.9947252856001040E+15
   6.7000000000000000E+10   2.3231497921585667E-15   5.0693477725759710E+15
   6.8000000000000000E+10   2.2887410083327133E-15   5.1455600180898070E+15
   6.9000000000000000E+10   2.2553125285064188E-15   5.2218280506066200E+15
   7.0000000000000000E+10   2.2231734081960605E-15   5.2973169707869970E+15
   7.1000000000000000E+10   2.1916463443251558E-15   5.3735194342523580E+15
   7.2000000000000000E+10   2.1619796068969176E-15   5.4472550003108690E+15
   7.3000000000000000E+10   2.1323246299452012E-15   5.5230118617267080E+15
   7.4000000000000000E+10   2.1027520222809208E-15   5.6006861957334550E+15
   7.5000000000000000E+10   2.0751867522675344E-15   5.6750816336750980E+15
   7.6000000000000000E+10   2.0481783829476998E-15   5.7499162779417350E+15
   7.7000000000000000E+10   2.0212602989303413E-15   5.8264906456984860E+15
   7.8000000000000000E+10   1.9948586873935354E-15   5.9036032470184100E+15
   7.9000000000000000E+10   1.9705703692745583E-15   5.9763682677187860E+15
   8.0000000000000000E+10   1.9464720585528779E-15   6.0503587362024430E+15
   8.1000000000000000E+10   1.9224112183554974E-15   6.1260848416780050E+15
   8.2000000000000000E+10   1.8983507548549336E-15   6.2037293129948010E+15
   8.3000000000000000E+10   1.8745875972225276E-15   6.2823707153981340E+15
   8.4000000000000000E+10   1.8528072610868554E-15   6.3562219727760920E+15
   8.5000000000000000E+10   1.8312217674980486E-15   6.4311458247516210E+15
   8.6000000000000000E+10   1.8096464679987419E-15   6.5078204127147490E+15
   8.7000000000000000E+10   1.7882932524629629E-15   6.5855274061004530E+15
   8.8000000000000000E+10   1.7683002157507291E-15   6.6599857418665270E+15
   8.9000000000000000E+10   1.7484154047510301E-15   6.7357300743505830E+15
   9.0000000000000000E+10   1.7285767471873444E-15   6.8130351998556510E+15
   9.1000000000000000E+10   1.7102651735323171E-15   6.8859814293685760E+15
   9.2000000000000000E+10   1.6920481170094432E-15   6.9601178038919990E+15
   9.3000000000000000E+10   1.6738311095341301E-15   7.0358676912852680E+15
   9.4000000000000000E+10   1.6556142876708023E-15   7.1132837593517040E+15
   9.5000000000000000E+10   1.6376417283163484E-15   7.1913496222077140E+15
   9.6000000000000000E+10   1.6212086026512148E-15   7.2642436050365700E+15
   9.7000000000000000E+10   1.6048076917005011E-15   7.3384831622786280E+15
   9.8000000000000000E+10   1.5884068204390653E-15   7.4142556382275020E+15
   9.9000000000000000E+10   1.5720059872714274E-15   7.4916090139585020E+15
   1.0000000000000000E+11   1.5556051906814803E-15   7.5705932937136510E+15
   1.1000000000000000E+11   1.5555950289929589E-15   7.5706427474657780E+15
